-0.319932 0.117621 0.245928 0.180794 -0.291499 -0.188805 -0.025646 0.164646 -0.199815 0.036575 -0.140303 0.292825 -0.249432 0.178766 0.265492 0.268043 0.027889 -0.377542 -0.009531 0.219051 -0.355892 0.449293 0.124467 0.287845 -0.208601 0.035653 0.200894 0.100485 0.286351 -0.066018 0.194995 0.177653 
0.111450 0.034647 0.160514 0.091884 0.252957 -0.256788 -0.055256 0.058830 0.129825 0.090954 -0.276715 0.228937 -0.004349 -0.167460 0.380027 -0.180424 -0.127304 0.059313 0.089681 0.014432 0.416286 -0.126502 0.206519 -0.401019 0.327204 0.425498 0.344419 -0.070039 -0.041656 -0.012630 -0.117084 0.469039 
0.294263 0.085841 0.021036 0.133427 0.269944 0.220388 -0.086759 0.017814 -0.147213 0.036481 0.206895 0.410220 -0.089056 0.028196 -0.463721 0.186978 0.060234 -0.051438 -0.222399 0.351971 0.020639 -0.278893 0.127841 -0.107194 0.232779 0.062631 -0.062017 -0.287958 -0.304056 0.394069 -0.220290 -0.281353 
0.326187 -0.126298 0.252818 0.013558 0.094232 -0.047632 -0.205415 0.180416 0.017006 0.162238 0.284873 -0.001162 -0.213398 0.220408 0.253919 0.102132 -0.011717 -0.202239 0.119759 -0.100990 -0.324155 -0.087491 -0.011880 0.387542 0.063036 -0.015431 -0.152462 0.137164 -0.035230 -0.069332 0.222258 -0.214026 
-0.203603 0.265595 0.302272 -0.018856 -0.311540 -0.282778 -0.038121 0.260752 0.159269 -0.142710 0.274487 0.303054 -0.199001 0.163064 -0.007954 0.255595 0.313478 -0.261350 -0.244579 0.094385 0.064583 0.262994 0.436696 -0.139314 -0.170575 -0.202256 -0.238899 0.082866 0.131728 0.337423 0.355212 0.169803 
0.197182 0.176636 -0.289957 0.164374 0.122329 0.079540 -0.076837 0.098961 0.444736 -0.206847 -0.143561 -0.226656 0.142454 0.263576 0.311580 0.053367 0.175175 0.209648 -0.130090 -0.138969 0.319427 -0.200659 -0.134260 -0.171995 -0.127960 0.027375 0.239440 0.374518 -0.126379 0.118718 -0.167882 -0.201620 
-0.018069 0.091680 0.185753 0.015028 -0.053368 -0.240208 0.208836 -0.308317 -0.167149 -0.323530 -0.175179 -0.080585 0.246855 -0.274944 0.156096 0.066063 -0.303131 -0.091025 0.241225 0.277344 -0.023405 -0.058260 -0.351040 0.130265 0.225692 0.307397 0.114007 -0.031324 0.042934 -0.226216 -0.071273 -0.081347 
0.245937 -0.332463 0.118818 -0.187609 -0.144648 -0.014877 -0.130905 -0.089696 -0.074791 0.026349 0.066820 0.020773 0.266210 -0.071801 0.186461 0.143077 0.063914 0.251081 0.259027 0.432158 -0.245909 0.193129 0.029311 0.320346 0.058264 -0.034149 -0.162375 -0.071347 -0.154908 0.027987 -0.035550 0.078291 
0.039080 -0.001291 -0.008336 0.135946 -0.033821 0.037906 -0.007968 -0.013681 -0.042357 0.065234 -0.207781 0.126386 -0.061486 0.258032 0.250618 0.383536 
0.015743 -0.053055 0.150041 0.012613 -0.138680 -0.036725 -0.014318 0.046076 0.023989 0.096123 0.202566 -0.152089 -0.086970 -0.034308 0.010790 0.133602 
-0.129841 0.131888 0.019979 0.106690 0.069705 0.073464 -0.063441 0.182732 0.008723 0.147686 0.237476 0.073920 0.007653 0.133498 -0.027339 0.149960 
0.110626 0.100623 0.021247 -0.175638 0.020196 0.157631 -0.001444 -0.031159 0.010659 0.078945 0.111299 0.084974 0.054222 0.182303 0.105300 -0.081100 
-0.008386 -0.055388 0.162283 -0.099523 0.120394 -0.093278 -0.024664 -0.005804 0.106464 -0.092887 -0.162199 -0.107553 0.056928 0.126324 0.135202 0.198673 
-0.010556 -0.048418 0.095909 -0.009889 0.046108 -0.056420 0.044889 -0.108114 0.099684 -0.092713 -0.031710 -0.007526 0.097917 0.196494 0.039788 -0.007357 
0.151387 -0.042880 0.069210 0.145940 0.020677 0.096720 -0.032974 -0.019364 0.139561 0.023109 0.040664 0.064602 -0.087182 0.138485 0.001772 -0.125087 
0.083766 -0.052810 -0.024618 -0.054868 0.059161 -0.038760 0.056373 -0.057711 -0.001832 0.241172 0.248726 -0.034398 0.141478 0.055982 0.091316 0.114990 
0.322596 -0.035483 0.254721 -0.066853 -0.060263 -0.162176 0.301271 -0.129950 -0.005939 -0.070937 0.177345 0.101832 -0.097776 -0.081788 0.229881 0.203265 
0.031273 0.042385 -0.051243 -0.131741 -0.155639 -0.108626 0.020945 0.038904 -0.110836 0.019653 -0.113457 0.143327 0.170256 0.140812 0.041689 0.111302 
-0.169814 -0.147962 -0.198092 0.041299 -0.076363 0.055597 0.074609 0.072247 -0.106580 0.135849 0.050411 -0.017772 -0.080061 0.257270 0.008469 0.202053 
-0.214572 0.225724 0.261193 0.047825 -0.145451 -0.085829 -0.299525 0.141716 0.059707 0.118463 0.187161 0.052321 -0.160807 0.250229 0.179295 -0.136895 
-0.051351 0.056925 0.027085 0.089667 -0.000457 0.161400 0.059652 -0.007261 0.054960 -0.141488 -0.240787 0.064825 -0.138442 -0.079593 0.029176 -0.052576 
0.026067 0.138985 0.000433 -0.068182 -0.068950 -0.169673 0.102663 0.006666 -0.135074 0.216378 0.146331 -0.082676 0.129717 -0.020742 0.050209 0.281694 
0.316234 0.393039 0.060859 -0.110993 0.141745 0.078708 0.162300 0.080496 0.136054 0.012941 0.007087 -0.161118 -0.126843 0.081293 0.021932 0.000949 
0.031202 0.013473 -0.022593 0.144976 0.078812 0.013233 0.058812 -0.022950 -0.028544 0.030463 0.095857 -0.124112 0.086751 0.132268 0.098168 0.067135 
0.147473 -0.102546 0.035561 0.028373 0.201889 0.148373 -0.026966 0.155797 -0.005089 0.063332 0.272474 0.050177 -0.074189 -0.017791 -0.088112 0.127941 
0.236221 -0.015749 0.092513 0.055584 0.046525 -0.080314 0.026319 0.060049 0.050138 -0.169980 -0.203883 -0.086835 0.100120 -0.170080 0.148363 0.049215 
0.073173 0.377718 0.092973 0.005465 0.162232 0.015435 0.066742 0.002233 -0.114014 -0.066823 -0.139780 -0.051529 0.162809 -0.037734 -0.039082 0.151899 
-0.089797 0.337540 -0.065293 0.357793 0.211563 -0.109573 0.069326 0.043105 -0.074282 0.224599 0.210723 -0.123709 -0.094790 0.106310 0.217191 -0.130784 
0.100024 -0.108944 0.292896 0.011189 0.080325 -0.150906 0.257965 0.163219 -0.067007 -0.089814 -0.015332 -0.128790 -0.069487 -0.160498 0.194958 -0.013628 
0.225180 0.333499 -0.081247 0.034002 -0.077406 -0.066105 -0.069635 0.007646 -0.100025 0.072654 0.207223 -0.078852 0.120344 -0.008894 -0.120685 -0.086401 
-0.114717 0.031245 0.207858 -0.083516 0.047602 -0.015336 0.043928 0.253661 -0.017241 0.226434 0.273822 0.118150 -0.101721 0.116250 0.067555 -0.263829 
0.016871 0.129731 -0.158773 0.308271 0.029498 -0.133382 -0.098556 -0.154395 -0.012801 0.010677 0.076773 -0.096576 0.203722 0.167758 -0.183341 0.260111 
0.018923 0.227600 0.165175 0.009071 -0.018627 0.020499 -0.147696 -0.163400 0.040894 -0.115299 0.101419 0.060723 0.119902 0.134727 0.301046 0.185844 
0.090531 0.255742 0.260179 0.069485 0.018424 -0.136200 0.037972 0.040246 -0.122612 -0.015095 0.133554 0.014671 0.083558 0.117766 0.107330 0.011301 
0.177061 0.178465 0.144535 -0.077717 0.106308 0.154509 -0.016657 0.070689 0.134640 -0.060193 -0.013934 0.092615 0.060182 -0.069846 -0.026230 -0.013766 
0.291271 0.065238 -0.109330 -0.044049 -0.097942 0.016998 0.220245 -0.112774 0.057690 -0.127334 0.229768 0.030890 0.160982 -0.063176 -0.096425 0.170917 
0.162974 0.032949 -0.185834 -0.007177 -0.101908 -0.000182 -0.131968 -0.126937 0.077248 0.018841 0.234263 -0.000965 0.004004 -0.087773 -0.020487 -0.174120 
-0.099701 0.024102 0.104168 0.023190 0.006106 -0.149273 0.100290 -0.061457 -0.131861 0.184692 0.233321 -0.129621 -0.142709 -0.025709 0.285713 0.189570 
0.026698 -0.058100 -0.168064 0.028762 0.096190 -0.075641 -0.036039 -0.037073 0.030869 0.103639 0.259267 -0.125150 0.162367 0.044528 -0.145369 -0.181013 
0.220181 0.314839 0.226366 0.011851 0.046679 -0.017545 -0.019591 0.350659 -0.151677 -0.095067 0.043188 -0.112845 -0.066464 -0.172021 -0.063431 -0.025241 
-0.179216 0.168846 -0.290680 0.376001 -0.158393 0.528331 -0.091227 0.131698 
-0.037403 -0.171432 -0.099125 0.320299 0.220526 -0.150873 0.727108 -0.115723 
0.773183 0.026814 0.030139 0.069149 -0.214960 0.225615 0.200974 -0.162656 
-0.031791 0.150007 0.066040 -0.184618 0.308236 -0.161190 0.343317 -0.161748 
-0.027108 -0.216374 -0.198736 -0.024533 0.225233 -0.048289 0.171699 0.228894 
-0.006712 -0.110324 0.164458 -0.064349 0.014107 0.150559 0.068248 -0.021701 
0.077880 0.188769 -0.094921 0.085196 0.004211 0.572632 -0.006401 -0.128366 
0.385557 -0.210436 -0.030696 0.144780 -0.131245 -0.106187 0.119582 -0.114827 
-0.087242 0.136129 0.085443 -0.169619 -0.193366 0.189935 -0.200041 0.025229 
-0.088372 0.188846 0.421078 0.180735 0.152801 -0.160658 -0.190972 -0.131566 
0.126072 -0.168158 0.503171 0.726813 -0.143318 -0.048170 -0.272839 0.050169 
0.029322 0.057332 0.045777 0.083777 0.181283 -0.120485 -0.202036 -0.164826 
-0.311289 0.102660 -0.083611 -0.038521 0.089230 -0.060567 0.025371 0.132082 
-0.073492 0.008712 0.553745 -0.190692 -0.120067 -0.093057 0.092490 -0.016777 
0.460899 -0.204974 0.303501 -0.178567 0.109977 0.197985 0.296235 -0.216544 
-0.198873 -0.056698 0.419428 -0.104825 0.162605 0.591895 0.147485 0.067234 
0.111192 -0.031781 0.516085 -0.425605 0.179683 -0.004872 -0.199737 -0.437106 0.545027 0.081604 -0.300876 0.619947 -0.224629 0.010598 -0.248235 -0.292798 
0.019455 0.229086 -0.208677 -0.281278 -0.018915 -0.230150 -0.229366 0.151834 0.058465 0.332623 0.230469 -0.172597 0.278427 -0.257212 0.275401 0.051123 
0.098490 0.340433 0.821582 0.116211 -0.281793 -0.104229 0.153763 -0.273249 -0.082195 0.058256 -0.353306 -0.122035 -0.286578 -0.051977 0.688283 0.252935 
-0.128554 0.404799 0.250346 0.732415 -0.256472 0.300217 0.055632 0.011080 0.252682 -0.092020 0.070824 -0.039436 0.030792 0.392892 -0.413411 -0.312768 
0.042370 -0.134179 0.072050 0.031924 -0.217943 -0.324365 0.259052 0.354233 0.071470 0.225009 -0.091426 0.089802 -0.181153 -0.131115 0.051554 -0.011957 
-0.187826 -0.306454 -0.458628 -0.086870 0.270304 0.257344 -0.358597 -0.001255 -0.281941 -0.311447 -0.000272 0.296858 0.310109 0.556929 0.566310 0.114640 
-0.281264 -0.157246 -0.156906 0.020674 -0.154918 0.064566 0.541302 0.807999 0.528055 0.071932 0.053182 0.002683 0.109000 -0.345120 0.253761 0.017122 
-0.182338 0.182106 -0.215428 -0.208980 0.053860 -0.138962 0.294001 0.160989 -0.094382 -0.016913 -0.092058 -0.113992 -0.103140 -0.277991 0.254007 -0.049237 
-0.088449 -0.201174 0.086765 0.049772 -0.236983 0.071280 0.040609 0.089384 -0.219626 -0.075133 0.049029 0.070655 -0.005237 -0.212234 -0.012462 0.103511 0.150801 0.076880 0.180240 -0.048714 0.213555 0.150879 -0.170975 -0.085911 -0.098815 0.002084 0.077068 0.065876 0.037411 0.018835 -0.206743 0.187026 
-0.066630 0.083310 -0.182713 -0.013080 0.002910 -0.282995 0.214040 -0.011589 0.005478 0.106547 -0.264435 0.211242 0.235746 0.060815 -0.118791 0.284072 -0.233529 0.040051 -0.094461 -0.212685 -0.160659 -0.167671 0.052775 0.097059 0.139952 -0.296372 -0.132024 -0.084856 -0.010858 -0.103828 -0.098042 -0.087816 
-0.201735 -0.019071 -0.037679 0.054625 0.230560 -0.150343 0.178018 -0.009115 -0.159497 0.209141 -0.342032 -0.258630 0.033534 0.303251 0.316873 0.387377 -0.292235 -0.473140 0.572541 -0.399563 -0.001737 -0.228594 0.067036 -0.262793 -0.069764 0.153621 0.133676 -0.123309 0.187071 0.136478 0.037342 0.335884 
0.220820 0.027811 -0.096248 -0.054633 0.128244 -0.157272 0.556941 0.079455 -0.005867 -0.255177 0.148267 0.237378 0.261711 0.141269 0.042080 -0.092601 0.030141 0.244603 0.031626 0.024513 -0.270803 -0.162982 0.011447 0.033565 0.272813 -0.334803 0.133691 0.069710 -0.335442 -0.069191 0.082523 0.097156 
0.210880 -0.188322 -0.115003 0.086960 -0.030690 -0.179303 0.027749 0.123385 -0.142888 0.021446 0.063325 -0.179347 -0.044535 -0.106982 -0.047593 -0.079834 0.170190 -0.067036 0.067143 0.176049 0.061224 -0.165309 -0.016690 -0.019427 -0.112592 -0.081885 -0.155473 -0.108266 0.128028 0.164785 0.223289 0.103813 
0.352169 -0.101263 -0.143701 -0.037818 0.030895 0.102717 -0.090276 0.065483 0.011250 0.126265 0.123334 0.253309 -0.213215 -0.193841 -0.236732 0.219141 -0.165240 0.227598 0.135975 -0.155340 -0.398321 -0.029407 0.013064 -0.094658 0.109264 0.188765 -0.167493 -0.124257 -0.021285 -0.048485 -0.206357 0.033766 
0.212894 -0.028402 0.186672 -0.190459 -0.117488 -0.095960 0.173206 0.253843 0.141176 -0.053742 -0.000092 -0.011693 0.081168 -0.215850 0.127116 0.074905 0.334119 0.061815 0.168847 -0.194313 0.408759 -0.116194 -0.132881 -0.231230 -0.120484 0.327978 0.287557 0.086953 -0.020961 0.060297 -0.155494 -0.142394 
-0.027610 -0.196068 -0.033833 0.034618 -0.330740 0.386222 0.144420 0.230430 -0.060501 -0.071062 0.072872 0.146050 0.088218 -0.057275 0.024345 -0.262684 0.436529 0.104785 -0.096613 0.252290 0.572263 0.164590 -0.296361 -0.156168 0.156904 0.143676 0.377813 -0.196420 -0.141985 0.132891 -0.097199 -0.022952 
-0.325770 0.447848 -0.419900 -0.262931 -0.130203 0.110738 0.384117 0.129397 -0.138632 0.260768 0.144636 0.114384 -0.343566 -0.057799 -0.475678 -0.055584 0.287030 0.406019 0.042531 0.145017 0.067790 0.154048 -0.199123 0.024523 -0.123803 0.314446 -0.162716 0.086704 0.123550 0.007098 -0.027627 -0.061871 
-0.117306 0.113051 0.190121 0.187592 0.047884 0.203548 0.167954 0.207664 -0.005609 0.025889 0.086424 -0.003757 0.159625 -0.236889 -0.018292 0.102689 0.133997 -0.186867 0.042711 -0.073847 0.154770 0.036867 0.073228 -0.180004 -0.036352 -0.206868 0.221143 -0.126431 0.092539 -0.069970 -0.199729 0.232650 
-0.178636 -0.218414 0.173667 0.095088 0.187112 0.097839 0.077503 -0.060219 -0.123716 -0.094339 0.185883 -0.181637 -0.081457 -0.064394 0.164156 -0.188253 -0.019781 -0.000365 -0.002961 -0.119907 -0.205508 -0.169625 -0.062773 -0.003272 -0.131205 -0.090943 0.112716 0.177974 0.063590 0.125835 0.179389 0.117774 
0.079605 0.327905 -0.176050 0.072803 -0.017608 -0.313525 -0.360814 0.104066 -0.107122 0.462784 0.248002 0.111402 -0.193854 0.080776 -0.148172 -0.060925 -0.064109 -0.066460 -0.233885 -0.127586 -0.089889 0.131678 0.106278 0.164470 -0.073023 0.092025 -0.192796 -0.113580 -0.123695 -0.176093 -0.196459 0.059731 
-0.183866 0.012114 0.029493 0.022694 0.026234 0.067242 -0.121846 0.187155 0.056036 -0.207697 0.033810 0.216073 0.097908 -0.078187 0.129549 0.133482 0.040635 0.167531 0.184939 0.230169 -0.116847 -0.010220 0.025933 0.222559 0.140295 0.236075 -0.092072 0.158182 -0.085414 -0.047457 0.095001 -0.039503 
0.329557 -0.189402 0.121648 -0.025366 0.449252 -0.169722 -0.036917 0.035839 -0.086027 0.146745 0.018387 0.370294 -0.115683 -0.120582 -0.077878 0.245667 -0.356260 0.103581 0.006492 -0.006512 -0.314003 -0.002552 -0.076407 0.191578 -0.012084 -0.030252 -0.095226 0.058198 -0.321600 -0.081730 -0.173412 0.202325 
0.347991 -0.253475 0.322872 0.064840 -0.016890 0.111633 -0.171744 -0.141714 0.213405 0.095465 -0.073831 -0.153315 0.370887 -0.127321 0.333427 -0.194202 0.175363 0.044492 -0.355780 0.341100 -0.135365 0.100025 0.429949 0.128201 -0.400242 0.040806 -0.029266 -0.161045 0.638551 -0.121307 -0.187385 0.033990 
0.079634 -0.010089 -0.150706 0.232104 -0.083571 -0.128077 -0.031545 -0.160202 0.163716 0.171029 -0.176254 0.034711 -0.115189 -0.159216 0.202107 -0.260731 -0.238353 0.119730 -0.225482 -0.131753 -0.063080 0.171038 0.134474 -0.074128 -0.032995 -0.037582 0.100836 -0.065711 0.147008 0.094321 0.216644 -0.035575 
-0.065701 -0.225822 -0.122249 0.367545 0.034125 0.518902 0.014460 -0.124234 
0.090365 0.531862 0.066457 -0.084680 -0.099317 -0.165691 -0.170130 -0.250120 
-0.361342 -0.229558 -0.140501 0.427094 -0.117433 -0.173809 0.062852 -0.014208 
0.149142 0.097705 0.146579 0.030572 -0.090454 0.191870 0.130813 0.087901 
0.150162 -0.294783 -0.030519 -0.131292 0.212165 0.451438 -0.211794 0.155179 
0.121096 -0.042421 0.052709 -0.176039 -0.075991 0.069639 -0.319869 0.272164 
0.750073 -0.006415 -0.013295 0.158933 -0.077744 -0.254693 -0.130294 -0.117795 
0.177459 0.138181 -0.103747 -0.270231 0.139922 -0.073159 0.077157 0.257834 
0.004624 0.149510 -0.168886 0.020614 0.170010 -0.008867 -0.130106 0.082185 
-0.211174 0.479775 0.383624 -0.254725 0.291394 0.335119 -0.146195 -0.047813 
-0.128620 0.243195 -0.362292 -0.164214 -0.119749 -0.007404 0.000571 -0.072068 
0.302923 0.124791 -0.570429 -0.187850 0.113193 0.229231 -0.013624 -0.126827 
0.143380 -0.290212 0.055132 0.420143 0.101418 -0.113626 -0.094013 -0.097203 
-0.217803 -0.156560 -0.170106 -0.057262 -0.150070 -0.154626 -0.047426 -0.040018 
0.035057 0.044666 0.051738 0.691478 -0.044441 -0.061242 0.145003 0.172532 
-0.518426 0.016223 -0.113554 0.109797 0.785799 0.046317 0.161370 0.089504 
-0.288464 -0.287001 -0.041822 -0.172985 0.253295 -0.152569 0.547368 0.397177 
0.153579 0.431048 -0.318536 0.249329 -0.181078 0.080817 -0.024234 0.105277 
-0.336257 -0.052406 -0.304063 0.087449 0.428214 -0.281801 -0.058428 0.089812 
-0.406485 -0.157416 0.011140 0.170364 0.075600 -0.477236 -0.007814 0.018966 
-0.318161 -0.156130 0.252519 -0.054841 -0.018333 0.371879 0.316220 0.641480 
-0.273017 0.156943 -0.112634 -0.103695 -0.181129 -0.217523 0.086806 -0.089126 
-0.127253 -0.321432 0.346241 0.250123 0.032481 0.231192 -0.326526 -0.117874 
-0.218918 -0.048087 -0.166669 0.003346 -0.025562 0.161102 -0.431500 -0.056907 
-0.066580 0.197742 -0.350059 0.434865 0.070665 -0.115560 0.034744 0.046460 
-0.132972 0.428388 0.190389 0.186376 -0.158787 -0.037093 0.175080 0.216840 
0.379627 -0.181187 -0.101479 0.096235 -0.139763 0.086133 0.159799 0.347925 
-0.143370 0.140375 -0.010680 -0.144280 -0.093850 0.040643 -0.053412 0.156887 
-0.187503 0.074784 0.496889 0.550135 -0.180960 -0.189281 0.049764 -0.076069 
-0.135554 -0.091842 0.151677 0.018412 -0.151583 0.054529 -0.120634 -0.029854 
-0.115699 0.011224 0.053351 0.144771 0.116531 0.024138 0.107783 0.141338 
0.089133 0.065593 0.212137 0.082485 0.440234 0.045853 0.069893 -0.058581 









0.000000 
0.000000 
0.000000 
0.000000 
0.000000 
0.000000 
0.000000 
0.000000 
0.111026 
0.003898 
-0.233793 
0.317911 
-0.076375 
0.058060 
-0.245425 
-0.004990 
0.343032 
-0.201555 
-0.184890 
0.638241 
0.131523 
-0.009113 
-0.358941 
-0.345363 
-0.280706 
0.282974 
0.362401 
0.354479 
-0.053094 
0.265206 
0.357673 
0.043686 
-0.387859 
0.235784 
0.022654 
0.372874 
-0.214219 
-0.194212 
-0.241468 
0.402931 
0.116723 
0.077279 
0.447123 
-0.208981 
-0.188379 
-0.167503 
0.214050 
0.214235 
-0.113575 
0.128025 
0.321377 
-0.140905 
-0.033761 
0.182435 
-0.008867 
-0.053718 
0.477227 
-0.168285 
0.103404 
0.497378 
-0.256252 
0.118568 
0.228079 
-0.233489 
-0.166424 
0.113517 
-0.685418 
0.430649 
-0.106316 
-0.367058 
0.323370 
0.578625 
-0.002008 
-0.109780 
-0.414370 
-0.026570 
-0.069113 
-0.076191 
0.766597 
-0.213486 
0.206689 
0.168926 
0.460099 
-0.273522 
0.083214 
-0.299913 
0.291474 
-0.155874 
-0.082454 
-0.045057 
0.077800 
0.206809 
0.271233 
-0.164172 
-0.035741 
-0.997513 
0.449560 
-0.121173 
-0.542658 
0.526745 
0.410204 
0.226041 
0.539194 
0.296840 
-0.421518 
-0.200914 
0.103956 
-0.006589 
0.346147 
-0.190736 
-0.144587 
-0.524066 
-0.284579 
-0.888257 
0.123088 
-0.418591 
-0.473953 
-0.350874 
0.012520 
-0.341350 
3.582000 0.184654 0.114360 
