-0.262279 -0.051323 -0.054247 0.333656 0.121825 0.031113 0.282656 -0.001308 -0.142177 0.146588 -0.199506 -0.005684 -0.085209 0.010315 0.292844 -0.218104 -0.041081 -0.152784 -0.261267 -0.070274 0.301761 0.267702 0.073353 -0.274691 -0.253288 0.074547 0.127903 0.027090 0.009329 -0.194009 0.241453 0.156030 0.284363 -0.116890 -0.014637 0.053218 0.367886 -0.040076 -0.206209 -0.317187 -0.267613 -0.130479 -0.070041 0.109434 0.105870 -0.051137 0.043043 -0.075502 0.160310 0.256225 0.066786 0.045655 0.055546 -0.105852 0.096477 0.080609 0.198662 -0.116517 -0.215564 -0.107194 -0.074996 0.311050 0.137922 0.070504 
-0.217841 -0.098712 0.344140 -0.246429 0.100541 0.356971 -0.185225 0.201168 -0.208720 0.282081 -0.016822 -0.167225 0.016582 -0.318270 -0.107679 -0.356846 0.149955 0.375685 0.166351 -0.078604 -0.088998 -0.101166 -0.260549 -0.179316 0.085050 -0.263459 -0.105347 -0.247985 -0.213894 -0.342279 0.089275 -0.059771 -0.072509 -0.080604 0.045348 -0.219727 -0.005045 -0.007313 -0.242090 0.029658 -0.124149 0.063915 0.091378 0.205909 0.082667 0.285549 0.380699 -0.064085 0.284002 0.223529 0.149099 -0.331324 0.344754 0.155577 -0.166780 -0.025529 0.373086 -0.003609 0.073351 -0.170077 -0.038504 -0.295887 -0.024566 0.201968 
-0.045997 0.299319 0.239738 0.094553 -0.093860 0.255512 -0.181370 0.191566 0.057948 -0.408734 -0.014966 -0.442187 0.208613 0.045710 -0.183659 0.080851 -0.314588 0.229259 0.227429 0.345021 0.152763 -0.337765 -0.039585 0.090953 -0.026360 -0.195577 0.174245 0.366753 -0.185274 -0.194419 0.136418 0.180109 -0.272181 0.065820 -0.101852 0.079047 0.188138 0.128492 -0.062720 -0.335462 0.155762 0.337386 -0.350094 0.093098 -0.065711 -0.040770 0.024930 -0.097173 -0.159344 -0.126730 -0.022823 0.311461 -0.214830 0.283949 0.016836 0.176252 -0.261519 -0.195360 0.150219 -0.229408 0.039346 -0.015255 0.187104 0.136642 
-0.213421 -0.194040 -0.154121 0.156521 0.131005 0.229330 0.195413 -0.021481 0.056330 0.309621 -0.301577 0.244702 -0.117422 0.011987 -0.082678 0.194152 0.225747 0.241672 0.180372 -0.204908 0.181409 -0.117153 0.296375 0.314978 0.156892 0.178108 -0.081944 -0.178108 -0.114911 0.287303 0.206420 0.001503 0.266842 0.266215 0.073588 0.211790 0.068872 -0.143549 -0.084509 -0.215924 -0.231987 -0.091218 0.457204 0.119322 0.221398 0.034209 -0.134282 0.065331 -0.127910 -0.297781 0.243979 -0.191866 -0.097613 0.221898 -0.271942 -0.384303 0.057072 0.080733 -0.003201 0.172829 -0.236957 -0.422393 -0.035083 0.029060 
0.218246 0.049746 0.300681 0.002489 0.193366 -0.186619 -0.058744 0.436714 -0.011883 0.000638 0.169373 0.015137 0.239190 0.285936 -0.197436 -0.215810 0.423444 -0.318603 0.028085 -0.064735 0.339943 0.206632 -0.010516 0.020800 0.444534 0.123513 -0.184926 -0.167871 0.352393 -0.005216 -0.122531 0.197843 -0.280063 -0.129109 -0.222117 0.351528 0.107534 0.217493 0.305270 -0.243511 -0.214717 0.065676 0.001726 -0.237676 -0.013755 0.182345 -0.108375 -0.057573 0.123830 0.258106 0.366251 -0.022396 0.051165 -0.074128 0.331567 -0.051233 -0.182291 -0.188136 0.031830 0.330253 0.110435 -0.308165 0.097891 0.439467 
-0.114581 0.315553 0.105759 0.411239 -0.113657 0.233337 -0.316825 -0.045449 -0.095516 -0.044051 0.146580 0.281657 -0.178541 -0.243769 -0.041533 0.194192 0.235361 -0.211485 -0.025896 0.024366 0.031928 -0.007849 0.269773 0.062693 0.093522 0.041729 0.032379 0.078225 0.161355 -0.339793 0.018122 -0.202745 0.165087 -0.131052 -0.257275 -0.111331 -0.057010 -0.152164 0.413177 0.034409 0.221764 0.124596 -0.019415 -0.179722 0.320870 0.122804 -0.210504 0.177959 0.226071 -0.019233 -0.148978 -0.065772 0.329016 0.010326 -0.285283 0.174214 -0.224011 -0.034625 -0.262469 0.164112 0.006470 0.122786 0.319195 -0.069710 
0.371033 -0.235658 0.178452 -0.093380 -0.153376 0.145910 0.196575 -0.252359 -0.067158 -0.124247 -0.151747 -0.115887 0.407204 -0.090496 -0.250153 0.244528 0.214329 0.079828 -0.145639 0.218143 -0.175903 -0.094352 0.088717 -0.370264 0.249993 0.167226 0.349954 0.034682 -0.133466 0.213774 0.321488 -0.120866 0.359988 0.076668 0.048683 -0.100242 -0.158417 -0.228764 -0.033161 -0.001982 -0.041090 0.154461 0.258020 -0.036919 -0.176544 -0.206827 -0.115253 0.391233 0.313053 0.295559 0.082879 0.272936 -0.188527 -0.117470 0.216898 -0.129026 -0.270184 0.235845 0.180655 -0.126451 0.127386 0.056844 0.140112 0.036263 
-0.196710 -0.213961 0.271842 0.028678 -0.091961 -0.096271 -0.274420 0.263155 -0.297144 0.378970 -0.048776 -0.182229 -0.188355 0.265656 -0.260370 0.299429 0.061292 0.379616 0.135617 0.214562 -0.027889 0.077965 -0.203867 -0.076764 -0.077976 0.250701 0.159096 -0.280752 -0.062116 -0.075343 0.074510 0.016308 0.076007 0.060154 0.330760 0.323293 0.158572 0.235974 0.224632 0.216911 0.208688 -0.142764 -0.266792 -0.298255 -0.154809 -0.192173 -0.327400 0.297492 -0.190316 0.218826 0.023059 0.030817 -0.069535 0.217876 0.237693 0.260737 0.097021 0.178682 0.368028 0.265264 -0.292653 -0.000581 -0.011947 -0.037532 
-0.128383 -0.031115 0.017283 0.077254 -0.059189 -0.003549 0.048981 -0.073356 0.015532 0.028207 -0.047928 0.072855 0.101064 -0.044950 0.039480 -0.084101 -0.118933 -0.054294 0.037663 -0.007372 -0.069697 -0.010051 -0.040711 0.047808 -0.103992 -0.067483 0.028733 -0.079114 0.088582 -0.078563 0.035005 0.036908 
-0.000169 -0.111401 0.092432 0.038370 -0.011228 -0.005852 0.079737 -0.137050 -0.054919 -0.123997 0.133018 -0.063904 -0.017517 -0.026657 -0.005426 -0.030231 0.069030 0.147705 0.081329 0.045962 -0.042294 -0.109991 -0.021279 -0.053244 0.012302 -0.112784 -0.029016 -0.076762 -0.088686 -0.033528 -0.119854 0.051196 
-0.005460 0.028327 0.003519 0.116280 -0.109322 -0.033934 -0.116128 -0.089591 -0.076856 0.022568 0.028434 0.050610 -0.036272 -0.028814 0.096541 0.074621 0.011628 0.157263 0.039521 0.038666 0.037784 0.081361 -0.069295 -0.064356 0.044404 0.108275 -0.034468 -0.090766 -0.080350 -0.012572 0.067738 0.157773 
-0.107101 0.060991 0.021910 -0.107107 -0.089966 0.115235 -0.056182 -0.071640 0.073743 -0.001112 0.081946 0.056102 0.165686 0.062999 0.056081 -0.036432 -0.027245 0.138015 0.128623 -0.095119 0.117007 -0.075390 -0.050068 0.059692 -0.036751 0.064762 0.047466 -0.055987 -0.097419 0.087048 -0.080475 -0.045402 
0.043140 0.112689 -0.013244 0.062370 -0.008252 0.024221 -0.094165 0.106285 0.131283 0.114498 0.057538 0.120327 0.042774 -0.090887 -0.038956 0.124178 -0.024719 -0.086457 -0.133214 0.104804 0.009901 -0.088449 0.066708 -0.074179 0.107758 0.055500 0.026375 0.113812 0.028863 0.041783 -0.103816 -0.095603 
0.138304 -0.097213 0.076011 -0.091723 0.005478 0.129260 -0.107800 -0.069191 0.118983 0.054407 -0.059012 0.026635 0.126822 0.006328 0.009505 0.108048 0.288381 0.005211 0.101540 0.111921 0.009588 0.026105 -0.026968 -0.056413 -0.021127 -0.068505 -0.004056 0.034168 0.051738 0.067846 0.120457 0.249336 
0.084465 0.013764 -0.042456 -0.061435 -0.010511 0.048248 0.035044 -0.039157 -0.044386 -0.094259 -0.008347 -0.109282 0.089854 0.158956 0.060657 -0.060733 -0.084100 0.050783 -0.017922 0.078507 -0.035752 0.050492 -0.022413 0.059880 0.117492 0.146075 -0.059826 0.022465 0.031899 -0.086085 -0.094696 0.006191 
0.051515 0.088627 0.149283 -0.070491 -0.081283 0.023184 -0.004115 -0.071467 -0.036413 -0.059974 0.057075 0.140504 -0.073278 -0.038827 0.151864 -0.005590 0.054078 -0.046210 -0.050397 -0.032275 0.055134 -0.005995 -0.107811 -0.109368 0.031489 0.015225 0.033302 -0.072200 0.032225 0.070289 0.017063 0.016906 
0.002465 -0.116249 -0.026390 0.031054 -0.050453 0.069535 -0.112974 0.028698 -0.052711 -0.022261 -0.058578 -0.083666 0.099246 -0.076951 0.005886 0.073530 -0.144134 0.123503 -0.058195 0.057933 -0.020524 -0.090214 0.110312 -0.059754 0.007683 0.064545 -0.025351 -0.064379 0.020534 0.071321 -0.014983 -0.065770 
0.174963 0.147390 0.062575 -0.080132 0.053673 0.088778 0.048491 0.103034 -0.022407 0.194149 -0.025458 -0.124240 0.089366 0.147551 0.043506 0.023228 0.145387 0.142206 -0.026534 -0.059330 -0.058130 -0.025712 -0.012976 0.075134 0.189862 0.096652 0.110876 0.010264 0.069972 -0.048679 0.039302 0.093568 
-0.049464 0.018167 0.129604 -0.094869 -0.026169 -0.012101 -0.109746 0.023068 -0.000489 -0.100874 0.121967 0.081689 -0.109344 -0.001323 0.141407 0.066965 0.027367 -0.062035 -0.111447 0.055233 -0.111939 -0.053711 0.008642 0.058526 -0.075025 -0.024548 -0.046637 0.115081 0.073343 -0.098148 0.019023 -0.043217 
0.066569 -0.070219 -0.121825 -0.101111 0.078048 0.033566 0.053136 0.004867 0.049070 -0.022347 0.127122 -0.000051 0.064599 0.205239 -0.134150 0.103404 0.062197 0.067313 0.095352 0.101752 0.003420 0.066998 0.081933 -0.081165 0.091896 -0.016365 -0.155834 -0.018905 0.022035 0.018044 -0.004874 -0.014902 
-0.067427 0.020261 -0.029146 0.118503 0.113746 0.030860 -0.041618 0.007746 0.021681 -0.106862 -0.094899 0.049674 -0.050881 0.033900 0.019735 -0.091641 0.063452 -0.021805 -0.077547 0.040871 0.071573 0.092858 0.071278 0.116138 -0.106411 -0.121885 -0.088823 0.045614 0.095984 0.082540 0.117399 0.055012 
-0.090480 -0.063664 0.098954 -0.072946 -0.068237 0.028067 0.055941 0.072747 -0.022565 0.090708 -0.046262 0.056119 -0.015460 0.021699 0.098768 -0.100839 -0.157126 0.070455 0.075170 0.003690 0.159988 0.070695 -0.035932 -0.015795 0.089290 -0.001261 0.115824 -0.008561 -0.017074 0.106702 -0.039029 -0.095372 
-0.110739 -0.006043 -0.041987 -0.047521 -0.008513 0.054046 -0.110769 -0.099296 -0.037191 -0.034152 0.032187 -0.031665 0.088660 0.130807 0.015564 0.112546 -0.014790 -0.047076 -0.030958 0.006498 -0.159116 -0.051947 0.060796 -0.004732 0.042363 0.101337 -0.109966 -0.028723 0.091813 -0.030360 0.033374 0.009552 
0.110932 -0.059913 -0.118239 -0.078982 0.040060 0.000464 -0.074047 0.169897 0.015764 -0.116245 -0.022992 -0.090828 0.114032 -0.069876 -0.075878 -0.067247 -0.010607 0.000654 0.119893 -0.029002 -0.003815 0.071698 -0.129189 0.104513 -0.028414 -0.042462 0.087561 0.099368 0.033168 0.101950 0.060576 -0.006819 
0.053425 0.092123 0.101822 0.002277 0.055628 0.106246 -0.005905 -0.100462 0.066795 0.090228 0.091189 0.055577 0.071310 0.036189 0.061021 -0.012661 0.178308 0.075628 0.068630 -0.080712 -0.061088 0.019469 0.042285 0.006353 0.058571 0.022364 -0.011328 0.011324 -0.082182 -0.065393 0.096590 -0.108980 
0.191163 0.040186 -0.012445 0.074367 -0.043622 -0.056347 0.087933 -0.016714 0.129064 0.012835 -0.011047 0.128205 0.037593 -0.096710 -0.081692 0.013500 -0.057730 0.073960 -0.008836 -0.039517 0.051206 0.084245 0.076120 0.012570 0.094183 0.001974 0.223298 -0.096218 0.038016 0.079865 -0.025524 0.203571 
0.116882 -0.019777 0.002029 0.077285 0.077886 -0.073383 0.084879 0.089148 0.139268 0.010311 0.026861 -0.056583 -0.015489 0.011346 0.100820 -0.062772 -0.011250 0.065974 -0.032809 -0.101024 0.129603 -0.057401 -0.019380 0.067123 -0.015112 -0.049321 -0.046132 0.000238 -0.099975 -0.090640 -0.034177 0.217022 
-0.064304 0.004175 -0.042966 0.075462 0.061852 -0.011291 0.037987 -0.013835 0.063399 -0.044769 -0.006807 0.092813 -0.085644 -0.073123 0.133296 0.028561 0.054408 -0.004494 0.042825 0.071001 0.130194 -0.010825 0.059010 0.097598 0.011559 0.071606 -0.026203 0.082480 -0.073243 0.001464 0.021357 -0.059701 
0.087811 0.138063 -0.058103 0.000269 -0.059839 0.161179 0.085482 -0.097216 -0.045275 0.031082 0.085403 -0.011597 0.094388 0.077848 0.217523 0.043880 0.044678 -0.049189 -0.092357 -0.055699 0.182127 -0.089957 0.105438 -0.112684 0.218455 -0.075946 -0.104988 -0.084896 0.119617 0.054000 -0.040538 -0.035286 
0.034464 0.074541 0.067532 -0.105652 -0.107722 0.148217 -0.072757 -0.077545 -0.075501 -0.052605 -0.004207 0.073943 -0.092735 0.058305 -0.087591 0.053275 0.019700 -0.011038 0.114119 -0.044449 0.000876 -0.018690 0.040354 0.050544 0.209101 0.180955 0.049526 -0.021253 0.098687 -0.099061 0.023005 -0.032614 
0.013473 -0.070688 0.037936 0.003639 -0.063843 0.120287 0.034986 -0.038861 -0.016808 0.065627 -0.073279 -0.066361 -0.017186 -0.011629 0.070224 0.053971 0.048037 0.083191 0.161049 -0.011276 -0.028941 -0.003692 -0.104851 -0.036892 -0.009764 0.086122 0.013763 -0.039935 0.068466 0.002558 0.123137 0.031270 
0.183428 -0.026400 0.100532 -0.086944 0.006136 -0.006815 -0.017313 0.057701 0.162399 0.037456 0.037466 -0.038283 0.238391 -0.031127 -0.044126 0.073961 -0.186942 -0.060264 -0.081371 -0.019316 0.058064 -0.101409 0.044049 -0.065702 -0.093743 0.005012 -0.000201 0.120894 0.065852 -0.034539 -0.042357 0.137302 
-0.055777 -0.067051 0.219155 0.026822 0.021232 0.053859 -0.071685 -0.119544 0.151018 0.141429 0.071095 0.135830 -0.016740 0.014856 0.073748 0.007562 0.154155 0.079935 0.076899 -0.043923 0.156377 0.003182 -0.002538 0.087914 -0.098624 -0.105651 0.085363 -0.109170 0.008517 -0.096958 0.101070 0.082796 
-0.061226 0.068419 -0.059438 0.048671 -0.070495 0.025113 0.064982 -0.068754 -0.034669 -0.014496 -0.095700 0.080404 0.152808 0.074131 -0.096716 0.038643 -0.032459 -0.049484 0.160063 -0.093591 0.050636 0.039764 -0.107069 0.137784 0.068351 0.123961 0.086067 -0.112843 0.119200 0.070305 0.031923 -0.031708 
0.055773 0.099947 0.057723 0.048369 -0.053795 0.080636 -0.110320 0.045450 -0.138701 -0.095752 -0.015324 0.111540 0.024985 0.045224 0.069645 0.058195 0.127767 -0.009428 0.121606 0.048636 0.178109 0.228999 0.032449 0.106786 0.118393 0.029279 0.013800 0.065670 -0.017077 -0.013574 0.099614 -0.097162 
0.097653 0.049138 0.040683 -0.061396 0.018975 0.099718 0.096374 0.050455 0.125447 -0.037967 -0.018964 0.026388 -0.085853 -0.053403 0.066642 -0.095138 -0.047663 -0.075365 0.083976 0.050199 -0.004317 0.000713 -0.077287 -0.010072 -0.070269 0.039892 0.103882 0.003499 0.049627 0.196863 0.028382 -0.002634 
-0.012188 0.054276 0.127613 -0.027637 -0.041673 0.184305 -0.102313 -0.038283 -0.084485 -0.007820 0.163802 0.064670 0.044181 0.032171 0.027082 0.062217 -0.036953 0.025129 0.009147 0.058691 0.073713 -0.081566 0.099034 -0.094018 -0.004966 0.131019 -0.017852 -0.104605 0.147111 -0.077932 0.035267 -0.018676 
0.044650 0.002781 -0.122460 -0.107122 0.010066 -0.043133 -0.051744 0.134423 0.120168 -0.098671 -0.103940 0.058959 0.045919 0.100050 -0.033443 0.084444 -0.100647 0.101699 0.080005 -0.033873 -0.019334 0.064968 -0.022135 0.092907 0.013397 -0.070840 0.031251 0.002100 -0.014599 -0.028805 -0.058586 -0.089432 
-0.011452 -0.006674 -0.127009 -0.011106 0.038002 0.087747 -0.020360 0.038220 0.014328 0.104420 -0.050561 -0.082182 0.132381 0.072472 0.188643 -0.102774 0.201680 -0.038548 0.024757 -0.062452 0.106896 0.271464 0.082746 0.119032 -0.054974 -0.002216 -0.060220 -0.048622 0.164066 0.051939 0.001430 0.151207 
0.058716 0.048923 0.006237 -0.033318 -0.114320 -0.010771 -0.098319 0.040807 0.069270 0.099304 -0.055705 -0.001820 0.053521 0.001845 0.098822 -0.017574 -0.121207 -0.229004 -0.000058 -0.037920 0.196736 0.055055 -0.106393 0.095610 0.023017 -0.067900 -0.059083 -0.099627 0.144779 0.037040 -0.120157 -0.091416 
0.043447 0.014391 0.040079 -0.048378 0.017405 0.143402 0.102293 -0.031300 0.022476 0.014628 0.081855 -0.094228 0.040814 0.042067 0.003490 -0.028680 0.049822 -0.054103 0.099891 -0.033385 0.069443 0.078881 -0.048942 0.048070 0.131638 0.013554 0.041746 0.001347 -0.017985 0.104383 0.088949 0.104201 
0.041597 -0.016711 -0.121491 -0.090446 -0.003774 -0.105629 -0.002521 0.147103 0.094876 -0.036226 0.077258 0.063994 0.157624 -0.042427 -0.077397 -0.038847 -0.043126 0.041920 0.042004 -0.070662 0.051493 0.135947 0.098026 -0.014897 -0.017900 0.068416 0.123765 0.104314 0.067552 0.072452 0.055125 -0.065625 
0.015886 0.065689 -0.107765 0.056159 0.032357 0.076721 0.054224 -0.035496 -0.066425 0.128517 -0.132913 -0.170485 0.011484 -0.067408 -0.103800 0.044465 0.024349 -0.120958 0.143828 -0.079247 -0.120994 0.214534 0.000506 0.100943 0.151367 0.007662 0.037057 -0.034727 -0.074058 -0.104154 -0.045694 0.015858 
0.108714 0.027008 -0.038441 -0.021404 -0.007708 0.200713 0.066947 0.053277 0.061123 0.125830 0.006015 0.088902 0.229560 0.094698 0.067290 0.064482 0.060122 -0.081890 0.106882 -0.116753 0.098392 0.071601 0.010768 0.140940 0.110307 -0.102143 -0.056762 0.093239 0.078819 0.064480 -0.043106 -0.092365 
0.016856 0.055865 0.003099 0.065371 -0.030676 0.173654 0.022137 -0.106026 -0.029053 0.046377 0.003923 -0.035114 0.003049 -0.016681 0.039432 -0.068796 0.112469 -0.248227 -0.083867 -0.080450 0.175600 0.176048 -0.084856 -0.017224 0.285226 0.002505 -0.058433 -0.065646 0.113784 0.049214 -0.035986 -0.045623 
0.095826 -0.044904 0.083825 -0.029597 0.049264 -0.024311 -0.011941 -0.081881 -0.024639 -0.011624 0.007684 0.094058 0.020303 -0.002575 0.156810 0.024326 0.083394 -0.091015 0.033535 -0.048584 0.155898 0.120296 0.034389 0.114348 -0.019717 0.086733 -0.042390 0.031202 0.013500 0.031914 -0.033228 -0.016733 
0.018585 -0.125015 0.186245 -0.010767 -0.040197 0.027247 0.035108 0.070441 -0.002850 -0.110480 0.165148 0.038588 0.065707 0.051554 -0.037111 0.035984 0.047130 0.123530 0.129983 0.055636 0.078541 -0.007764 0.037877 -0.032063 0.004547 0.083025 0.009015 0.109102 -0.004591 -0.047486 -0.040969 -0.081403 
-0.056853 -0.044263 0.048376 0.009181 -0.011161 -0.085112 -0.030885 -0.065887 0.071223 0.086430 0.020963 0.015442 -0.004251 0.071219 -0.163218 -0.030386 -0.130651 0.076526 -0.025928 -0.111862 -0.069558 0.085292 -0.077382 0.072397 0.020172 0.183684 0.036360 -0.058584 -0.209405 0.034625 -0.021698 0.094350 
0.110231 -0.037945 0.047279 -0.005216 -0.095946 -0.108731 0.008956 0.107258 -0.093329 -0.115951 0.057364 0.045603 -0.019279 0.103768 0.098896 0.083001 -0.150158 -0.036043 0.107091 -0.110465 0.012753 -0.093234 -0.029815 0.069384 -0.118754 0.054211 0.082123 -0.091111 -0.096320 -0.008415 -0.027559 0.019027 
0.142188 -0.123480 0.092034 0.105053 -0.046114 0.043322 0.068739 -0.034484 0.026131 -0.055432 -0.071874 0.141560 -0.032620 -0.040831 0.164445 -0.009699 -0.014752 0.083487 0.010411 -0.117191 0.078003 0.011095 -0.010061 0.056267 0.002248 -0.064966 -0.131086 -0.125812 -0.027666 0.032678 0.004626 0.052791 
0.138864 -0.044663 -0.100967 0.081779 -0.018181 -0.034880 -0.048833 0.090523 0.032407 0.103206 0.018915 0.004070 0.198217 0.138094 -0.163774 0.114277 0.185625 0.056305 0.199498 -0.064635 0.023048 0.093550 -0.088128 -0.086656 0.182208 -0.019087 -0.121981 0.129365 0.054775 -0.043279 -0.032566 0.043148 
0.072943 0.053043 -0.130611 -0.097402 0.055148 -0.040141 0.104358 -0.061772 0.067862 0.122001 0.029996 -0.024638 -0.005026 -0.108248 -0.098843 0.086811 0.073753 0.034699 -0.112982 -0.068241 0.133294 -0.022082 -0.049952 -0.036113 -0.007867 -0.017133 0.011387 0.101663 0.108081 0.029517 -0.087012 0.067517 
0.022619 -0.096646 0.026206 -0.083701 0.013795 0.033688 -0.030696 -0.039500 0.052050 -0.107791 0.124734 0.013296 0.094972 0.122376 -0.036104 -0.044715 0.013738 0.084841 0.009641 0.013842 -0.011370 -0.036234 -0.112396 0.046085 -0.101035 -0.010867 0.031784 0.091234 -0.059591 -0.127015 -0.032483 0.062962 
-0.035306 0.173776 0.139170 0.069593 -0.006883 -0.100584 -0.072346 0.038181 0.004191 0.077740 0.064661 0.114502 0.102077 0.120787 0.106441 0.008538 0.148005 0.010796 0.098529 -0.094315 0.027083 0.013990 -0.090749 -0.029488 -0.025106 -0.108096 -0.043116 0.014176 -0.084597 -0.147479 -0.064167 0.068339 
-0.068366 0.171505 -0.103369 0.008850 -0.106675 -0.097181 -0.050483 -0.011324 -0.076558 0.083278 -0.080575 0.132910 0.059689 -0.063635 -0.026086 -0.055547 0.037521 -0.044347 -0.070479 -0.072506 -0.098599 -0.103098 -0.115098 -0.048560 -0.055739 0.055323 -0.097754 -0.009174 0.073489 -0.067997 0.057671 0.191149 
-0.013072 0.055063 -0.056736 -0.073666 -0.108639 0.071190 0.043947 -0.027772 -0.020310 0.126458 -0.083011 -0.120631 -0.026366 -0.004335 -0.070236 0.003742 0.071317 0.029410 0.087204 0.071110 0.109766 0.132810 -0.050332 -0.020498 0.020790 -0.012921 0.065170 -0.067589 0.042663 0.006033 -0.116073 0.098614 
-0.072144 0.063501 -0.114015 -0.063409 0.088105 0.056182 -0.001497 -0.051481 0.056484 -0.028270 0.043046 0.164151 -0.060487 0.099631 0.017117 0.110915 0.282386 0.004269 0.105522 0.066644 0.081891 0.076384 -0.107602 -0.003131 -0.046196 0.098593 -0.013849 -0.115303 -0.112178 0.120240 0.070088 0.025837 
-0.146811 0.235563 0.013016 0.077874 0.004301 -0.045812 -0.062506 -0.043683 0.042355 0.064232 -0.020052 0.147823 -0.123626 0.109554 0.109025 -0.075291 0.215226 -0.009064 0.135909 0.084629 -0.019613 0.139136 -0.044250 0.176121 0.104502 0.204309 0.092320 0.071964 0.034472 0.090998 -0.124549 0.051398 
0.056826 0.110663 0.043153 0.085529 0.057098 0.137261 -0.040732 0.001101 0.008318 0.136169 -0.046690 0.022456 0.051788 -0.103403 0.057955 -0.027355 0.166232 -0.010795 -0.051670 0.090296 0.123728 0.118171 0.023369 -0.063280 0.078521 -0.030214 -0.094254 -0.104062 0.167525 -0.089455 0.053976 0.013372 
0.061080 -0.065142 -0.071282 0.014981 -0.092080 0.122562 -0.083671 0.022639 -0.096438 -0.045215 -0.122907 0.011099 0.052754 0.058732 0.149788 -0.074899 -0.145702 0.025248 -0.068178 0.050765 0.075626 0.088068 0.090574 0.176119 -0.109045 0.086697 0.083112 -0.130878 -0.052912 0.150752 -0.037252 0.009083 
0.118215 0.126676 0.022870 -0.103706 -0.071401 -0.005852 0.008596 -0.018283 -0.024772 -0.049520 0.202262 -0.063736 -0.038964 0.123067 -0.057702 0.032575 0.207414 0.111252 -0.062168 -0.084911 -0.115662 -0.180563 -0.112448 -0.061403 -0.105537 0.133773 -0.066247 -0.090615 0.002821 0.082025 -0.102922 0.130110 
0.112652 -0.008139 0.047760 0.068866 -0.036676 -0.112984 -0.073141 0.077207 0.125575 -0.075453 0.054612 0.107463 0.170277 -0.137932 -0.040098 0.064312 0.003299 0.015360 0.086684 0.104585 0.059328 0.133205 -0.023127 0.022678 0.009818 -0.106695 0.098927 -0.029662 0.051135 0.046892 0.139254 0.081060 
-0.064462 0.005142 -0.067277 -0.009940 0.003320 0.006785 -0.064681 -0.060340 -0.020850 0.121283 0.130343 -0.010903 -0.110265 -0.059255 -0.052768 0.024178 -0.000463 -0.093056 0.030758 0.110751 0.148904 -0.043274 -0.019577 0.152993 -0.055133 0.128937 -0.024853 0.093372 0.056404 -0.063638 -0.074363 0.015251 
-0.049961 0.025842 -0.056468 -0.097093 0.054155 0.021898 -0.053430 -0.065348 -0.047508 -0.070915 0.061699 0.053788 -0.118251 0.091378 -0.007139 -0.137316 -0.133863 0.055011 -0.155686 0.110064 0.045021 -0.016990 0.068916 0.133820 0.017529 -0.078644 0.053466 -0.115969 -0.083688 0.172074 0.052901 0.026176 
-0.009585 0.046102 0.043771 -0.088347 0.055855 -0.064199 -0.020935 -0.033545 -0.033115 0.002164 0.091486 0.040255 0.003536 0.004761 0.036531 -0.047600 0.162112 0.063988 -0.051955 0.029974 -0.089379 0.057663 -0.014070 0.008361 0.208302 -0.013602 0.038178 -0.095291 -0.047050 -0.011594 0.060866 0.066075 
0.088097 0.042913 0.017149 0.007426 0.058259 -0.102681 0.086760 -0.067552 -0.050457 0.098936 0.073800 -0.057714 0.120191 0.071149 -0.049340 0.049078 0.034793 0.085299 0.030427 0.093470 -0.009975 0.208964 0.024198 0.101902 0.177819 0.001036 0.054268 -0.080046 0.055061 -0.014516 0.021818 0.084266 
-0.042986 0.010344 -0.140151 0.105846 0.004928 -0.093385 -0.111819 0.101246 0.057236 0.188068 -0.086402 0.023001 0.038352 0.024444 -0.032032 -0.040605 -0.018170 0.068308 -0.083954 -0.117745 0.026887 0.213726 -0.000435 0.114917 -0.014198 -0.067198 0.161119 -0.087720 0.019873 -0.014186 0.055061 0.165390 
0.094239 0.092759 0.095584 -0.015823 0.084309 0.106706 -0.043092 0.034598 0.034057 0.053286 0.048310 0.031151 -0.013331 0.113820 0.080158 0.090039 0.077706 -0.049682 0.104370 -0.004570 -0.034278 -0.004436 -0.073610 0.016309 0.029181 -0.089712 0.010769 -0.078572 0.059864 -0.049238 0.081921 0.014857 
-0.126826 0.035717 -0.051606 -0.109687 -0.086230 0.036841 0.051355 0.068262 -0.149021 -0.141454 -0.024843 0.038498 0.048282 -0.064148 -0.027309 0.062373 -0.060419 0.091279 -0.058601 -0.046681 -0.055696 -0.086441 0.050049 0.050884 -0.019869 -0.048413 0.041529 -0.088800 0.043915 0.067848 0.032264 0.005052 
-0.168479 0.121637 0.015977 -0.068092 -0.060176 0.034207 -0.111741 -0.044034 0.021884 -0.103063 0.031499 0.058143 -0.190408 0.106008 0.013878 -0.044159 -0.034016 -0.013084 0.040305 0.073231 0.109156 -0.068226 0.004146 0.099902 0.083083 0.015042 0.033183 -0.044660 0.088717 0.048266 -0.114729 -0.183096 
-0.114016 0.010356 -0.030733 -0.038576 -0.040262 -0.028371 0.031805 0.082888 0.032826 -0.131395 0.097215 0.056204 -0.060548 0.162011 -0.093759 0.033998 -0.060487 -0.017003 0.080405 -0.014748 -0.057960 -0.132378 0.100444 -0.056295 -0.060770 0.038383 -0.018257 -0.053127 0.035866 0.043889 -0.041602 0.078297 
0.038421 0.159739 0.037598 0.064622 -0.120198 0.155617 0.060075 -0.014971 -0.091800 0.049293 -0.038000 0.050543 -0.090092 -0.021788 0.229284 0.063341 0.286529 -0.065352 -0.142692 -0.059186 0.066298 -0.079678 0.010728 -0.027675 0.053784 -0.085932 0.096356 -0.021960 0.150929 -0.068912 -0.023379 0.091883 
0.117925 -0.028792 -0.161922 0.107425 0.105954 0.289277 0.333588 0.040057 
-0.043138 0.202109 0.308296 -0.039096 0.072848 0.212608 -0.194462 0.033627 
-0.217463 -0.153051 0.010842 0.001431 0.207661 -0.063415 0.044919 0.297068 
-0.015175 -0.047476 -0.075464 -0.134135 0.026225 0.087012 -0.078530 0.033394 
-0.090511 0.012702 0.004164 0.094778 -0.035811 -0.141675 0.015121 0.020816 
-0.174053 0.019863 0.397647 0.020394 -0.016225 -0.167774 0.261571 0.208205 
-0.082357 0.009144 -0.111295 0.001580 0.059792 -0.024518 -0.047400 0.164567 
0.112631 -0.075191 -0.105668 -0.120156 -0.127673 0.021588 0.166720 -0.058358 
-0.083825 -0.167215 -0.192121 -0.066741 0.041527 0.167723 0.241132 -0.109963 
0.020888 0.324011 0.100825 0.020697 -0.153704 0.379165 0.038095 -0.039925 
-0.195451 -0.096265 0.156248 -0.127039 0.377260 -0.101386 0.068100 0.004539 
0.110773 -0.175223 0.076388 0.084097 0.197123 0.033159 -0.170669 0.196910 
-0.056219 -0.031333 -0.111734 0.038596 -0.042525 0.032831 0.515583 -0.065846 
-0.082237 0.143248 0.199746 -0.146469 0.263955 -0.173911 0.046923 -0.158050 
-0.014090 -0.203537 0.056149 -0.088857 -0.092407 -0.016446 0.025649 0.473046 
-0.068558 -0.052649 0.059104 -0.151182 0.120107 0.155800 0.138664 -0.158261 
-0.057412 0.462918 0.279247 -0.073617 0.509998 0.416469 0.108874 0.370391 
0.115059 -0.012170 -0.216896 -0.052248 0.284661 -0.056049 0.038862 -0.165381 
0.198306 0.103174 0.074103 0.029598 0.273824 -0.181189 0.250597 -0.131603 
0.054815 -0.103900 -0.100949 -0.063325 -0.138508 0.144870 -0.025848 -0.056908 
0.258347 -0.089055 0.179658 0.025425 -0.117591 0.064291 0.236773 0.359626 
0.528321 0.398485 0.052157 -0.012400 -0.135493 0.144837 0.213798 0.123811 
-0.076858 -0.042263 -0.094301 -0.150030 0.079517 0.078030 -0.084094 -0.027545 
0.459987 0.081383 0.118642 -0.185501 -0.093768 -0.125943 -0.114385 -0.052682 
0.049264 0.470405 0.257806 -0.000736 -0.209311 0.151914 0.062151 -0.079300 
0.050007 0.182756 0.097773 0.000965 0.050304 -0.153979 -0.167183 -0.159008 
0.256139 -0.028823 0.039430 0.065092 -0.120951 0.155936 -0.124516 -0.152600 
-0.125207 0.139080 -0.174671 -0.024614 -0.160163 -0.036051 0.028336 -0.031657 
-0.086075 -0.042426 0.284574 0.003121 -0.226414 0.070394 0.197177 0.085920 
0.254291 -0.149469 0.239996 -0.130537 0.089068 -0.131442 0.013717 0.241587 
0.060792 -0.069713 0.061396 0.019478 0.146950 0.127940 0.006464 0.126758 
0.061152 0.078339 -0.275918 0.042766 0.332318 0.350995 -0.100966 -0.071330 
-0.037667 -0.157582 0.204622 0.113539 0.059240 -0.078071 0.273392 0.033013 0.289981 0.506299 -0.006891 0.229661 -0.444864 -0.393492 0.321579 0.199420 -0.303190 -0.058735 -0.295179 -0.246492 -0.052639 0.149296 -0.238087 -0.327698 -0.212748 -0.033144 0.114991 -0.185541 -0.097162 -0.280658 -0.063299 0.528913 
-0.188816 -0.152871 -0.216865 0.206859 0.312293 -0.376539 -0.201337 0.236089 -0.353332 0.233840 0.109628 -0.322447 0.331759 -0.024998 0.020622 -0.434343 -0.270669 -0.030947 -0.247296 0.171692 -0.181868 -0.322204 0.293504 -0.099919 0.043269 0.244078 0.095821 -0.271491 0.088795 -0.214020 0.482287 0.338400 
-0.141391 -0.157777 0.145243 -0.028487 -0.069047 0.248658 -0.167198 -0.122534 0.017017 0.140379 -0.131027 -0.009933 0.125238 0.418788 -0.042778 -0.089002 0.126840 0.263118 -0.062656 0.467165 -0.259158 -0.422237 -0.153327 0.239885 -0.064828 0.629816 0.404992 -0.015778 -0.311204 0.115763 -0.132489 -0.238234 
0.273192 -0.181496 -0.295903 -0.228480 -0.229986 -0.150342 -0.027279 0.202212 -0.151809 0.207545 -0.110405 0.225689 0.143390 0.302607 0.082241 -0.180654 0.213923 -0.328285 0.282615 0.282510 -0.246873 -0.235351 0.143955 0.255011 0.321515 0.044119 -0.121210 -0.297752 -0.079113 0.206510 0.101784 -0.130073 
-0.237047 0.468911 -0.060882 -0.315841 0.364275 0.471765 0.326589 -0.264869 0.026480 -0.291483 -0.274183 -0.076586 -0.193207 0.167648 -0.011527 -0.292555 0.179960 0.076451 0.428482 0.392288 0.066628 0.125494 0.130545 0.051656 -0.199330 -0.162526 -0.142575 0.138873 0.211129 -0.163917 0.341090 0.428667 
0.484192 0.018584 -0.273161 0.313595 -0.106737 -0.205624 -0.199260 0.274415 -0.146339 -0.159096 -0.098397 0.134038 0.559504 0.293131 0.304132 0.126824 -0.071701 0.161706 -0.071960 -0.340016 -0.013630 -0.134323 0.168526 0.225180 -0.102869 -0.203264 -0.087834 -0.186665 0.004733 -0.001265 -0.108850 0.251229 
0.439287 -0.216860 0.028372 -0.214078 -0.099904 0.123910 -0.277388 0.061514 0.386517 -0.066737 -0.095520 0.258552 -0.082335 -0.313424 0.129462 0.239396 0.121584 -0.171077 0.366764 -0.175132 -0.050790 0.236897 -0.206774 0.220444 0.154656 0.371245 0.078941 -0.041142 -0.210385 -0.266887 0.599284 -0.291202 
-0.065792 0.133086 -0.187802 0.074106 -0.233451 -0.033993 -0.139966 -0.325347 0.099078 -0.084819 -0.270654 -0.257083 0.207939 0.192622 0.466300 0.133994 0.417704 0.381339 0.274649 -0.184598 0.028647 -0.157951 -0.283667 0.044167 0.124408 -0.111750 0.413975 -0.311749 -0.247837 0.218032 -0.470241 0.029287 
-0.079315 -0.072075 -0.208171 -0.020085 0.026024 -0.052224 0.036167 -0.079173 0.152298 0.060736 0.103255 0.064271 -0.059660 -0.058871 0.127516 -0.036490 -0.060879 -0.046217 0.056510 0.098270 0.039073 0.110571 -0.093203 -0.058666 0.213829 -0.184832 -0.070298 0.422567 0.014274 -0.069955 0.046642 -0.095260 0.077391 -0.003169 0.192373 0.046622 0.135434 -0.008145 -0.019431 0.102358 -0.155348 0.211479 0.060090 -0.080182 -0.092594 0.103109 0.102525 0.041827 -0.075750 -0.065275 -0.071480 0.055060 -0.009323 0.082579 -0.115917 -0.084759 -0.084433 0.036734 -0.102281 -0.015157 -0.161036 0.033415 0.134113 0.106357 
0.209121 -0.014107 -0.141864 0.119011 0.157861 0.039193 0.035379 0.120826 0.005361 -0.120636 -0.091295 0.046719 -0.122612 -0.140835 -0.113629 -0.046177 0.001970 -0.012135 -0.126627 0.115981 0.192607 -0.068326 0.144585 0.080927 0.162801 -0.256844 -0.220556 0.130069 -0.074521 0.105890 0.136530 -0.042319 -0.075936 0.039347 -0.064361 -0.006368 -0.124073 0.231022 0.101654 0.128702 -0.099475 -0.059514 0.012512 -0.093606 -0.102422 0.005486 -0.015981 0.091066 -0.120693 0.082757 0.089003 -0.176391 0.183845 -0.005900 0.079235 0.054472 -0.029993 0.120223 -0.008431 -0.178098 0.039756 -0.192787 0.030536 0.194069 
0.055314 0.141419 0.158450 0.144360 0.116188 0.096949 0.072652 0.130829 0.136580 -0.086472 -0.144925 -0.119566 0.157250 -0.007216 0.129578 -0.110789 -0.147355 -0.006714 -0.049031 0.125392 -0.151042 -0.123955 0.005197 0.061786 0.153884 0.152587 0.101738 0.007178 0.159835 -0.028151 -0.052983 0.078791 -0.059116 -0.040544 0.059697 -0.140319 -0.116306 -0.059710 -0.144964 -0.143634 0.016999 -0.134043 -0.109297 0.002074 0.024305 -0.149610 0.062787 0.030961 0.010038 -0.136965 -0.007626 0.021471 -0.120742 -0.162146 -0.095049 -0.133692 0.143096 0.138660 0.021650 0.159233 -0.043158 0.156435 0.040924 0.071008 
0.022721 -0.094484 0.165287 -0.013903 -0.015165 0.131724 0.014816 -0.122800 -0.158712 0.070736 0.065992 0.094475 0.164981 -0.061828 -0.174239 -0.033458 -0.111330 0.066777 0.110134 -0.001899 0.043721 -0.151568 0.008934 0.079755 -0.159180 -0.142301 0.077924 -0.032256 -0.135959 -0.044098 -0.059459 -0.018310 0.004276 0.176781 0.195272 -0.146458 0.104326 -0.071460 -0.089726 0.140025 -0.108992 0.114381 -0.022119 0.109829 -0.117416 0.038308 -0.123077 -0.066196 -0.068296 0.167867 0.121441 -0.160809 -0.123447 0.053694 0.110799 -0.146931 0.039279 0.025513 -0.040311 0.018835 0.107462 -0.000927 -0.183321 -0.006305 
0.020796 0.118911 -0.006412 -0.057825 -0.072659 0.045141 -0.106223 -0.038358 -0.008126 0.047816 -0.095487 0.044115 -0.080257 -0.053769 -0.155394 0.124110 -0.075322 -0.125695 0.114559 -0.064062 0.069638 0.060642 -0.053980 -0.056950 -0.099022 0.034382 0.125582 -0.211980 -0.109097 0.167881 -0.036780 0.040161 0.092910 0.139317 -0.219511 -0.059931 0.027301 -0.095397 -0.010796 0.163065 0.114267 0.044815 0.028587 -0.095081 0.149222 0.064733 0.125999 -0.073417 0.100390 0.050872 0.009100 -0.017110 -0.047082 0.127377 0.078495 0.083752 0.013446 0.040519 0.065810 0.100426 0.022489 -0.185495 0.057938 -0.052234 
0.069030 0.047204 -0.071091 -0.043139 0.222214 0.092962 -0.048836 0.041018 -0.037906 0.136085 0.067526 -0.072354 0.006325 0.061713 0.113280 -0.035841 0.042525 -0.127893 0.156491 0.109378 0.222585 0.069748 -0.018087 0.071545 -0.027254 -0.168441 0.058346 0.013215 -0.088982 -0.097742 -0.167979 -0.157455 0.093949 0.068579 -0.024599 -0.017976 -0.044405 -0.032529 -0.093281 0.059174 0.117999 -0.207349 -0.116874 0.103718 0.077985 0.135112 0.109333 -0.149164 0.202521 0.166102 0.166100 0.097960 -0.013342 -0.011251 -0.006199 0.193536 -0.092907 -0.324715 0.158186 0.111898 -0.103723 -0.089123 0.065405 0.136072 
0.095453 -0.156720 0.022025 -0.083377 0.085201 0.101578 -0.134581 -0.021729 0.116808 -0.078312 0.088788 0.029439 0.164650 0.033525 0.078511 0.115541 -0.028439 0.073347 0.064260 0.146861 -0.114292 -0.106642 0.112037 0.056586 -0.098364 0.054500 -0.062123 -0.037547 0.091061 0.149617 -0.047102 0.021261 0.157595 0.139619 0.102684 0.077988 0.076448 0.133076 -0.108842 0.028686 -0.110089 0.144784 -0.107161 -0.110110 0.013607 0.135933 -0.159624 0.149926 0.044803 0.069378 0.132544 0.095399 0.127700 0.079546 -0.012942 -0.135740 -0.030714 0.089262 -0.008331 -0.104288 0.074520 0.109048 0.081744 0.067826 
0.171793 0.019042 0.031075 -0.005050 -0.018226 0.030258 -0.140377 0.042955 0.016124 -0.081658 0.112507 -0.099325 -0.089692 0.100736 -0.260871 0.134030 -0.056269 0.147285 0.029482 -0.030963 0.027395 -0.128607 -0.001919 -0.132217 0.168885 0.142550 -0.080735 0.020312 0.078696 -0.096154 -0.149444 0.019841 0.027959 0.109078 -0.082040 -0.180991 -0.068450 -0.127221 0.089584 0.117579 -0.086614 -0.001338 0.149739 -0.020632 -0.071987 0.143220 -0.056674 0.071939 0.100590 0.138567 -0.114856 0.037577 0.136005 0.117749 0.073831 0.135921 0.040780 -0.199630 -0.043824 -0.030370 -0.153994 0.022869 -0.173964 0.026461 
-0.043716 -0.138206 -0.001852 0.009684 0.000680 -0.053639 -0.019432 0.011628 0.101096 -0.055516 -0.084865 -0.136132 -0.045298 -0.031548 0.385775 -0.002107 0.029351 -0.129810 0.136243 -0.069047 0.100169 0.055104 -0.142259 0.080219 0.139921 -0.025737 0.050288 0.114133 -0.183376 0.128322 -0.168374 -0.010116 -0.158148 0.157190 0.168434 0.017852 -0.115531 0.002858 0.056270 -0.166806 0.020667 0.165618 -0.065849 -0.120463 -0.080114 -0.130954 -0.034199 0.031791 -0.028834 -0.044107 0.188479 -0.159598 -0.172506 0.105256 0.022813 -0.008816 -0.006157 -0.082815 0.007208 0.007666 -0.002914 0.044067 0.075293 -0.047838 
0.268835 -0.011094 0.175904 -0.170308 -0.094466 -0.008574 -0.100979 -0.022147 -0.041749 -0.036254 0.072359 0.137688 0.182577 -0.145313 0.040022 0.338160 0.039923 -0.144883 -0.163846 -0.030849 -0.149409 -0.058006 -0.139770 0.038776 -0.161627 -0.094236 0.079986 0.003170 -0.204260 -0.010116 -0.168864 0.200014 -0.188420 0.136605 0.104516 0.343376 -0.069023 0.000326 -0.078913 0.091519 -0.001830 -0.100865 -0.100873 -0.276889 -0.088247 0.071271 -0.146586 -0.084590 0.113015 -0.080837 -0.193114 0.004825 0.040049 -0.153526 -0.103646 0.065061 0.118852 0.162499 -0.065812 -0.068470 -0.021412 0.090100 -0.062346 -0.076764 
-0.068472 -0.038299 -0.047989 0.063366 -0.023087 0.112158 -0.007072 0.144443 -0.164260 0.133369 -0.137773 -0.087689 0.018321 -0.119648 0.120583 -0.069038 -0.100292 0.134214 -0.143815 0.107756 -0.156488 -0.082759 0.016288 0.029929 -0.091545 0.116489 -0.066847 0.051499 -0.075183 0.106731 -0.128229 0.020418 -0.096261 -0.012289 -0.080965 0.045908 -0.064834 0.076460 0.025872 -0.064235 0.045209 0.053072 0.011691 -0.103034 0.098126 -0.032557 -0.008167 0.161299 -0.062311 0.012775 0.104939 -0.054591 0.094664 -0.042846 0.139519 -0.161212 -0.090378 -0.093583 0.054866 -0.001545 -0.150997 0.091209 -0.146192 -0.082283 
-0.064529 -0.062438 0.113308 0.008677 -0.088957 -0.013141 0.114427 0.055068 -0.124293 -0.030188 0.198647 0.177989 0.084382 -0.051889 0.146322 -0.080907 0.098853 0.079346 -0.026144 0.055496 -0.113964 0.009075 0.058616 -0.035331 0.153845 -0.063419 0.097837 0.082167 -0.196347 0.104644 0.006897 -0.004751 -0.100118 0.086577 0.203084 -0.057665 -0.099852 0.115234 0.128658 -0.058104 -0.141933 0.096271 -0.046206 0.057280 -0.122746 -0.141082 -0.160607 -0.118307 0.137099 -0.070736 -0.002389 -0.178927 0.086798 -0.049378 -0.039806 -0.033457 0.023497 -0.110489 0.186996 0.096914 -0.133443 0.087924 -0.081911 -0.122805 
-0.083755 -0.146714 -0.007491 0.107320 0.031765 -0.021692 -0.118290 0.174659 -0.088318 -0.054823 0.197092 -0.091518 0.105676 0.130791 -0.009964 -0.111112 -0.122033 -0.164023 0.027677 -0.120509 -0.047043 0.123834 -0.005618 -0.182397 -0.104441 0.008744 0.173055 0.036294 0.024673 -0.152946 0.326594 0.090052 -0.112351 -0.137465 0.017047 -0.238756 0.076362 0.088605 0.168376 0.129492 0.016328 0.120207 -0.125335 0.121241 0.099670 -0.001118 -0.042738 -0.099724 0.011588 0.106883 -0.159644 0.165584 0.263870 0.176020 -0.151741 -0.063110 -0.156779 0.364071 -0.073069 0.073028 -0.144491 0.285203 -0.080144 -0.075036 
-0.211552 -0.152298 -0.117932 0.036225 0.146434 -0.076241 -0.060580 -0.128678 -0.112054 -0.065090 0.076998 0.089944 0.180395 -0.068557 -0.087974 -0.129543 -0.139536 -0.068384 -0.026253 -0.108874 -0.120566 -0.058287 -0.082076 -0.047346 -0.058091 0.015499 0.035734 -0.025646 0.080727 -0.070783 0.317948 -0.042917 -0.069204 -0.154088 -0.289272 -0.197293 -0.045871 0.108742 -0.062238 0.013125 0.223703 -0.105943 -0.051794 0.215085 0.001571 -0.040956 -0.069957 0.155021 0.063204 0.084217 0.079119 0.199003 -0.071934 -0.148748 -0.073021 0.059468 0.001595 0.113664 -0.165154 0.036349 -0.035029 0.133874 0.047738 0.029554 
0.127424 -0.167106 0.173348 -0.137446 -0.047127 -0.119505 0.004807 -0.062459 -0.042991 0.106324 -0.068816 0.222479 0.022177 -0.033215 0.209372 -0.113296 -0.160525 0.002122 -0.124023 -0.071240 0.030869 -0.031493 0.117411 0.094618 0.165354 0.171826 0.167570 0.184087 0.156815 0.102904 0.075299 0.129147 0.081416 0.089431 0.163979 -0.223718 0.007327 -0.199109 0.008922 -0.123364 -0.138795 0.125248 0.165204 -0.033139 -0.136433 -0.022522 0.032818 -0.202236 -0.158948 0.083656 -0.078480 0.108101 -0.017371 -0.026569 -0.050833 0.059141 -0.047355 -0.116132 0.059415 -0.032006 0.160288 -0.062811 -0.001248 0.227163 
0.134647 -0.112219 -0.182439 0.018481 -0.060167 0.024777 0.061368 -0.059072 -0.082558 0.043919 0.136669 -0.066351 -0.088533 -0.055010 0.243229 -0.002163 -0.080392 -0.155323 -0.096935 -0.093497 -0.082358 0.017618 0.134411 0.076941 0.123602 -0.013956 -0.021718 0.218354 0.025131 -0.132566 -0.008331 0.096922 -0.030724 0.006124 -0.047335 0.188838 -0.113637 0.266032 -0.170954 -0.041907 0.007515 0.183205 0.113650 0.069724 -0.118308 -0.057041 -0.066790 -0.017521 -0.050700 -0.015451 0.024285 0.048693 -0.139560 -0.063381 -0.033892 0.090142 0.124137 -0.086225 0.051149 0.052264 -0.045090 -0.042571 -0.013363 0.088534 
-0.018870 0.094514 -0.042205 0.138791 0.225880 0.037370 -0.057766 -0.030732 -0.026783 -0.154914 -0.050479 -0.021259 -0.041577 0.040483 0.146193 0.010754 -0.075191 -0.104893 -0.022086 -0.089780 0.016471 0.137408 -0.141436 0.001167 0.197295 0.084210 -0.117375 0.036470 0.210685 0.053090 -0.124423 0.051711 -0.007580 0.050082 0.039049 -0.252933 -0.143763 0.121177 0.055090 0.018639 0.149927 0.139533 -0.075087 0.126414 0.034770 -0.143286 -0.138426 0.123804 -0.011240 0.050369 0.254868 0.073801 0.000952 -0.125080 -0.101335 -0.030489 0.059589 -0.143130 0.068913 0.128446 -0.133417 0.059545 -0.062625 0.065117 
-0.052597 0.109434 0.121648 0.062103 0.066319 -0.012610 -0.050232 0.059631 -0.014681 -0.007692 -0.183678 -0.125223 0.132374 -0.127346 0.153069 0.068726 0.010257 0.080711 0.024621 -0.156964 0.082178 0.040685 -0.053776 0.067601 -0.132895 0.181385 -0.048930 -0.081183 0.187736 0.049956 0.253515 -0.111207 -0.018218 0.068521 0.024207 -0.223823 -0.134074 -0.116430 0.130280 0.044172 0.150161 0.124703 0.028510 0.036059 -0.147799 -0.045239 -0.112308 0.026055 -0.088649 0.085558 0.032522 -0.108693 0.038023 -0.152991 0.072761 0.068836 -0.133128 -0.040967 0.117301 0.185630 0.048361 0.105687 0.062827 -0.098029 
-0.068925 0.067499 -0.103167 0.011703 0.312931 -0.090999 -0.127541 0.017673 -0.118678 0.047611 0.095778 -0.192520 -0.119091 -0.159123 0.230272 -0.106479 0.154897 0.026700 -0.005179 -0.081402 0.064010 -0.082706 0.129215 0.130587 -0.036976 0.084335 -0.125068 0.209524 0.064204 -0.062577 -0.048807 -0.236920 -0.149015 -0.049601 0.032814 -0.013645 -0.001008 0.182037 -0.047323 0.039994 -0.025386 -0.029017 0.167963 0.250872 -0.081028 0.134781 -0.139528 0.352911 0.041162 0.085334 0.120294 -0.159634 0.183493 -0.062978 0.118979 -0.087021 -0.161605 -0.035551 -0.158211 0.139097 0.076717 -0.182683 0.028020 0.134367 
-0.035506 -0.061392 -0.016972 -0.170658 0.209059 -0.162562 0.087393 -0.013993 -0.086434 0.029613 -0.199610 -0.123875 0.004231 -0.115118 0.015435 -0.167255 0.185218 0.060290 -0.113462 0.026707 0.149628 -0.191842 0.058134 0.118735 -0.119373 0.003850 -0.012197 -0.250099 0.024151 -0.022995 0.220083 -0.216013 0.025594 -0.023384 -0.255501 0.119234 0.053798 0.278689 -0.141704 0.056105 0.106550 -0.177172 -0.084977 -0.021089 -0.077928 0.179274 -0.079115 0.374652 0.108826 -0.040812 0.066506 -0.087461 -0.072999 -0.088889 -0.054650 0.158688 0.163021 0.327146 0.114260 0.009503 -0.080311 0.201567 0.038549 -0.068420 
-0.057889 -0.134171 -0.017337 0.116190 -0.145812 -0.011350 0.039212 0.077993 0.019108 0.122296 0.156995 0.099211 0.035783 -0.086823 0.095650 -0.137286 0.050839 -0.045906 -0.009648 -0.134553 0.037785 0.100405 0.132017 0.022987 0.081283 0.103756 -0.071948 -0.163731 0.038700 -0.107087 0.119394 0.145514 -0.076556 -0.062645 0.097001 -0.057665 0.090707 -0.028489 -0.144375 -0.054887 -0.070895 -0.152082 -0.120379 0.129591 -0.074203 0.139974 0.157007 0.141339 -0.070635 -0.017343 -0.157917 0.131852 -0.081640 0.138803 -0.009863 0.164345 0.077856 0.082892 -0.164087 -0.048146 0.140507 0.120010 -0.067335 -0.100751 
0.020917 -0.132705 -0.037182 0.138339 0.010166 0.026789 -0.071518 0.096603 0.036316 -0.036401 0.107783 0.090956 -0.067112 0.052178 0.117462 0.163286 -0.116638 0.112797 0.005499 -0.046805 0.067358 0.113722 -0.047840 0.006773 -0.010880 -0.063458 -0.008129 0.241252 -0.167388 -0.143821 0.051614 -0.050943 -0.086338 -0.048691 -0.068995 0.305756 0.205240 0.164320 0.002789 0.021942 -0.201979 -0.056940 -0.004849 -0.086453 0.122807 -0.124224 -0.158995 0.155687 -0.149039 -0.042540 0.002578 0.141757 -0.014562 0.053163 -0.027672 -0.114525 -0.139447 -0.065741 0.148056 -0.077273 -0.025779 0.053479 0.079181 -0.039107 
-0.078209 -0.161099 -0.030349 -0.100611 0.067684 0.144413 0.095721 0.080325 -0.114026 -0.074438 -0.117801 -0.163396 0.041902 -0.131055 -0.175332 0.084107 0.024105 -0.052372 0.047760 -0.101617 -0.148973 -0.144617 -0.004871 -0.127096 -0.055069 -0.027939 -0.066695 0.066665 -0.094533 -0.158797 0.019166 -0.005042 -0.147218 0.106401 0.048247 0.171665 0.101132 0.020386 -0.041768 0.159635 0.114685 0.004672 0.146742 -0.065544 0.030255 0.113311 -0.130778 -0.081760 -0.086238 0.074087 -0.026719 -0.064059 0.115442 0.126163 -0.029018 -0.117189 -0.076514 0.090063 0.134939 0.008823 0.101503 -0.061502 -0.101050 0.100719 
-0.199937 0.138093 -0.051215 0.127582 0.030322 0.151415 0.103072 -0.095255 -0.019306 0.082368 0.042729 -0.166837 0.006908 0.066242 -0.084804 0.097881 -0.001596 0.055595 -0.062882 -0.079710 0.051730 0.096450 -0.034235 0.113729 0.047017 -0.031247 0.066943 -0.122394 0.110902 0.096784 -0.108074 0.061293 0.070652 0.091372 0.002401 -0.192797 0.096462 -0.048365 -0.024618 -0.137892 -0.099939 0.069599 -0.095526 0.224820 0.058387 -0.020882 0.132563 -0.129541 -0.105728 -0.157182 -0.066761 0.162703 0.147827 0.156622 0.046230 0.049313 -0.270611 -0.233408 0.127952 0.225494 -0.147708 0.224484 0.007090 0.077875 
-0.004420 -0.148121 0.123872 -0.050291 0.065532 -0.071220 0.004764 0.064717 -0.080683 0.068976 0.060546 0.135103 -0.135869 0.004841 -0.122740 -0.149762 0.079677 -0.025211 0.123961 0.061927 -0.099789 0.051089 -0.117036 -0.096502 0.156868 0.141165 0.151350 0.082050 0.126733 -0.068826 0.024348 0.003631 -0.029078 0.014609 0.139602 0.099899 0.076066 -0.021043 0.037567 -0.150256 -0.116363 -0.123312 0.168145 -0.094583 0.080324 -0.141012 -0.032431 0.051693 -0.001426 -0.084133 -0.110866 0.026489 0.100735 -0.047410 0.135451 0.039419 -0.116405 0.094261 -0.006205 -0.113441 -0.091554 -0.075426 0.050240 0.029593 
-0.091292 0.021855 0.053835 -0.107705 0.041513 -0.118158 -0.046202 -0.156482 -0.040418 -0.059606 -0.004288 -0.162376 -0.055965 0.057354 0.091651 0.108012 0.261883 0.092421 -0.031495 0.092033 -0.166268 -0.077388 -0.042567 -0.086352 -0.134630 0.153851 0.036337 -0.121781 0.103959 -0.099060 -0.207303 -0.062267 0.019469 -0.023275 0.018776 -0.108510 0.109216 -0.080341 0.066224 -0.204092 -0.144537 0.011350 -0.079032 0.005726 0.028915 0.296199 -0.011379 0.047751 0.193970 0.050594 -0.059835 0.071578 -0.186570 0.135848 -0.122078 0.030441 0.129977 0.071974 0.098361 -0.049570 0.023931 0.354010 0.026795 -0.361351 
-0.036185 -0.087778 0.095235 -0.098333 -0.188150 -0.084049 -0.030113 -0.003868 -0.106763 0.033921 -0.039941 0.131371 0.120878 0.082365 0.215910 -0.035224 0.116502 0.017699 -0.124051 0.121466 -0.131356 -0.097369 -0.073301 0.147422 0.142285 -0.056418 -0.083683 -0.106612 0.287670 0.141726 -0.056472 0.143432 0.122997 -0.055769 0.100534 -0.324577 -0.047492 -0.163499 0.098120 -0.029104 0.033101 -0.191395 -0.059454 0.029030 0.121164 0.114276 0.099273 -0.088443 0.012732 0.117393 -0.100003 0.048535 -0.120217 0.046593 -0.054995 -0.166908 0.220313 -0.054784 -0.044359 0.223635 -0.152641 0.233134 -0.127060 0.085234 
-0.131540 0.157956 -0.110570 0.030254 -0.126803 0.156621 -0.078161 0.151130 -0.138659 0.059690 -0.023389 0.145129 -0.038998 -0.088819 -0.017004 0.058518 -0.109830 0.107030 -0.081094 -0.043799 -0.004662 0.028613 -0.042356 -0.078387 0.152337 0.083132 -0.153029 0.164399 0.050403 -0.069832 0.152453 0.083566 -0.076578 -0.122820 -0.050883 -0.038679 -0.130901 0.035659 -0.052252 -0.104858 -0.069354 0.089062 -0.124431 0.056351 -0.164459 0.023267 -0.049833 -0.109587 -0.034405 0.033775 0.011316 0.125635 -0.102314 0.133662 -0.117454 -0.114679 0.052091 -0.105781 -0.114983 -0.062208 -0.010910 -0.127232 -0.143344 0.077214 
-0.084010 -0.029533 -0.126122 -0.051732 -0.158475 -0.013717 0.008296 -0.062951 -0.089358 0.048567 0.157825 -0.088233 -0.091570 -0.056702 -0.035193 0.037487 0.140373 0.142025 -0.001639 -0.125241 0.111047 0.045610 -0.075219 -0.001525 0.104531 -0.025507 0.101020 -0.071477 0.011961 0.122085 -0.156126 0.091190 -0.072008 -0.120036 -0.124981 -0.065190 0.030951 0.049121 0.035767 0.107230 -0.067428 0.028830 -0.147436 0.003670 0.136740 -0.018668 -0.123503 0.112695 -0.040337 0.039650 0.152947 -0.093108 -0.078632 -0.086598 0.069839 -0.139869 0.052364 0.006723 -0.046082 -0.100011 -0.036485 -0.041136 0.155584 0.056500 
0.001910 -0.133771 0.151741 -0.129372 0.090087 0.025944 0.141958 -0.153761 -0.110019 0.159096 0.013928 -0.139745 -0.029398 0.055911 0.144367 0.100142 -0.069962 0.129104 -0.155120 0.015938 -0.122432 0.079453 0.040936 0.095163 -0.079738 0.157829 0.155143 0.044406 -0.041827 0.150956 -0.062289 0.125059 -0.147769 -0.069225 0.157177 0.094436 0.121421 0.139245 0.107234 -0.152133 0.135193 -0.043504 -0.126580 -0.046733 -0.151904 -0.147096 -0.117304 -0.048511 0.140474 -0.102429 0.129476 -0.144351 0.135769 0.000441 0.115832 -0.105895 -0.010030 0.109997 0.105616 0.115308 0.096682 -0.114096 0.073720 0.113837 
-0.034442 0.070453 -0.024824 -0.095761 -0.037600 -0.022569 -0.054614 -0.007371 0.099380 -0.021901 0.334968 0.048283 -0.066426 -0.164651 -0.059685 0.082861 0.103342 -0.144538 -0.011081 -0.134727 0.238161 -0.093669 -0.078172 -0.145199 -0.090898 -0.210723 0.159462 0.258387 -0.236610 0.026787 0.108772 0.018125 -0.059823 -0.055913 0.175777 0.371431 0.248407 0.027596 -0.027227 0.032549 0.069010 -0.057785 0.000753 -0.200108 -0.034583 0.233226 0.053056 0.035730 0.313160 -0.174236 0.036896 -0.094524 0.044410 0.199771 0.006483 0.222425 0.095428 -0.013984 0.123822 -0.180833 -0.142858 0.092661 0.224685 -0.234962 
0.379344 0.080690 0.034174 0.115455 -0.298676 0.108883 0.020861 0.122269 -0.080228 -0.131204 -0.103996 0.220909 0.279830 0.080806 -0.129737 0.259534 0.155499 0.084905 -0.058205 -0.031355 0.187581 0.007703 -0.143192 0.216615 -0.111910 -0.037935 0.212322 -0.067863 -0.180333 0.100255 0.288073 -0.058768 0.008131 -0.038456 0.157005 0.240707 -0.144231 0.067836 0.007698 0.011515 0.184967 0.149562 0.075981 -0.103775 -0.004100 -0.139648 -0.004623 -0.152912 0.088757 0.169752 -0.024522 -0.035429 0.186186 0.090808 -0.051678 0.198196 -0.021803 0.023511 -0.060000 -0.000954 -0.147238 -0.168814 0.087169 0.171018 
-0.336211 0.094057 0.178966 -0.310632 -0.015556 -0.061238 0.131947 0.333877 
0.017842 -0.033854 -0.043165 -0.073106 0.032506 0.094517 0.039227 0.001282 
0.148637 -0.023258 -0.017369 -0.142608 -0.026373 -0.007761 0.142402 0.289986 
0.007130 0.092973 0.088138 0.140863 -0.031251 -0.004807 -0.004801 0.070144 
-0.073486 0.083469 -0.064815 -0.168252 0.331098 0.442132 -0.177653 0.106100 
0.098755 0.041029 0.095181 -0.002625 0.026966 0.006210 0.107960 -0.026542 
0.098908 -0.094545 0.065810 -0.069115 0.013460 -0.089969 -0.101342 -0.050612 
0.013421 0.054466 -0.101474 -0.062851 -0.096927 -0.010139 -0.111349 -0.056043 
-0.025532 -0.095187 0.046323 -0.043283 0.018541 0.098252 0.111341 0.004383 
0.057423 0.151823 -0.070870 -0.019491 0.083831 0.079675 0.038282 -0.033922 
-0.114362 0.039670 -0.039849 0.403168 -0.027313 -0.036367 -0.059789 -0.081225 
-0.213297 0.121682 0.130369 -0.087999 -0.018290 -0.009291 0.201899 0.238218 
0.140450 0.240260 -0.061624 -0.304496 -0.035690 -0.167821 0.217568 0.219782 
-0.104173 0.077270 -0.079696 -0.013165 0.072598 0.059819 0.059745 0.091339 
0.093206 -0.430117 0.646366 0.235735 0.116411 -0.017576 0.112753 -0.214262 
-0.229814 -0.175187 -0.113760 -0.161984 -0.054221 -0.103789 0.261707 0.306749 
0.141065 -0.217039 -0.185958 0.103407 -0.050808 0.171960 0.142202 -0.042445 
0.039757 -0.102147 0.043584 -0.003261 0.071776 -0.013449 -0.028485 0.104982 
0.050156 0.093872 0.019779 0.016382 -0.033190 -0.015677 0.044794 0.066802 
0.070167 -0.068314 0.048810 0.071378 -0.015995 0.005322 0.007180 -0.100976 
-0.203945 0.142144 -0.079018 0.059952 0.130314 0.278780 0.129913 -0.119051 
0.123251 0.096730 0.012408 0.108583 -0.083070 0.077431 0.047291 0.028717 
0.078026 -0.037839 -0.025997 -0.071204 0.060595 -0.098385 0.111086 0.014868 
-0.086109 0.014957 0.244354 -0.208685 0.033292 0.116600 0.133979 0.005288 
0.141873 0.226291 0.281007 0.370753 0.006641 -0.048688 0.086979 -0.016784 
-0.198686 -0.050774 -0.036675 -0.153093 0.059879 -0.180455 -0.010332 -0.043017 
-0.038791 0.146894 -0.135143 0.073058 -0.042843 -0.035795 0.271482 0.202649 
-0.439492 -0.056874 0.304970 0.650140 -0.110372 -0.021346 -0.152741 -0.060745 
-0.232738 0.046080 -0.068227 0.076572 0.448006 -0.180257 -0.094609 -0.034835 
-0.007387 -0.006776 0.017439 -0.015093 0.064077 0.039230 0.001850 0.327399 
0.088526 0.662080 -0.019393 -0.042787 -0.073522 -0.080262 -0.030650 -0.193110 
0.007577 -0.091864 0.045235 0.178603 -0.018121 0.168268 0.118474 0.197311 
-0.031923 -0.102077 -0.023261 -0.040985 0.001298 0.101808 -0.028992 -0.013970 
-0.047783 0.029001 0.106354 0.075431 0.100871 -0.001737 -0.139716 0.177727 
0.054249 0.095552 0.279671 0.424374 -0.071274 0.083309 0.130402 0.390163 
-0.502480 -0.472570 -0.420814 -0.154423 0.150618 -0.341090 0.139142 -0.079611 
-0.143140 -0.017586 -0.098469 0.274427 -0.109127 -0.053021 -0.140835 -0.107150 
-0.196348 0.023414 0.043390 -0.259774 -0.081573 0.275286 -0.456257 0.133355 
-0.029849 -0.019465 -0.091412 0.008497 0.051538 -0.038912 -0.144995 0.065396 
-0.052474 0.216056 -0.065532 -0.036493 0.005394 0.012281 -0.070599 -0.022141 
0.158436 0.225055 -0.144068 -0.179168 0.188938 0.077530 0.060941 -0.116116 
-0.039031 0.098044 0.279646 0.092298 -0.161455 -0.087494 -0.119532 -0.070473 
0.077262 0.089334 -0.029812 0.020606 -0.124496 -0.075528 -0.128648 -0.047289 
-0.220779 0.092824 -0.026342 0.036269 0.392246 0.111765 -0.051297 0.025749 
0.109484 0.052428 0.099153 0.087033 -0.110514 0.027571 -0.048858 -0.094276 
0.299306 -0.233469 -0.256241 0.149594 0.077885 0.142675 -0.061059 0.039394 
-0.006969 0.010857 -0.049007 -0.005307 0.087396 -0.042667 0.077063 0.088158 
0.039700 -0.213425 -0.114484 -0.034143 -0.040579 0.454873 -0.396672 -0.013226 
0.179981 -0.125396 -0.362919 0.083954 0.017917 0.098395 0.184069 0.098679 
0.122007 0.186076 0.070986 -0.241405 0.235891 0.029094 -0.004528 0.115430 
-0.142972 -0.062386 0.178859 -0.173236 0.095696 0.311704 -0.088443 -0.013282 
-0.224847 0.028631 -0.200895 0.052032 0.061338 -0.096500 0.007878 0.079573 
-0.187408 0.298580 0.014807 0.155660 0.071287 -0.002274 -0.049431 -0.089515 
-0.027155 0.116400 -0.149683 0.167494 0.034807 -0.114917 -0.139500 0.104821 
-0.019359 0.095498 0.074070 0.094767 0.013194 0.077792 -0.051035 0.021891 
-0.008858 0.071467 -0.240274 0.110155 0.081105 0.173388 0.057260 0.166896 
0.167522 -0.223855 0.044353 -0.091512 -0.230925 -0.001400 0.131121 0.097246 
0.409627 0.301004 -0.067807 -0.094372 -0.252674 -0.010805 -0.147631 -0.224115 
-0.008651 0.130068 -0.113180 0.089428 0.042076 -0.027938 0.074861 -0.156635 
-0.265729 0.155078 -0.198432 0.113603 0.234185 -0.007438 0.022762 0.122332 
0.006827 -0.004830 0.049278 0.013332 0.057132 -0.090629 -0.006456 0.049812 
0.457659 -0.251165 -0.221278 0.092114 0.162736 -0.227184 -0.170953 -0.050791 
-0.097486 -0.024366 -0.029646 0.162624 0.008815 0.150044 0.025075 -0.195365 
-0.159361 0.262796 0.400676 -0.009267 0.041165 -0.036556 0.083500 -0.049157 









0.000000 
0.000000 
0.000000 
0.000000 
0.000000 
0.000000 
0.000000 
0.000000 
-0.311270 
-0.225306 
0.012345 
0.097546 
-0.060096 
0.402730 
0.215250 
-0.149525 
-0.300401 
0.075804 
-0.286191 
0.295973 
0.195212 
-0.100129 
0.011815 
0.201740 
-0.334516 
-0.213674 
-0.021280 
-0.166044 
0.444368 
0.031888 
-0.046713 
-0.149721 
-0.081755 
-0.008337 
0.148830 
0.140439 
0.168622 
-0.237511 
0.293237 
0.416242 
-0.022085 
-0.372744 
0.286668 
0.248417 
0.479119 
-0.215113 
0.190032 
0.373645 
0.139547 
0.311687 
0.402568 
0.077844 
-0.243446 
-0.102520 
-0.079611 
-0.106785 
0.139633 
0.321429 
0.263193 
0.144493 
-0.066028 
-0.456512 
-0.326652 
0.214109 
-0.149592 
0.164852 
0.187268 
-0.144361 
0.120599 
0.042455 
-0.180078 
0.466492 
0.058551 
-0.041322 
-0.100267 
-0.089785 
-0.053493 
0.072388 
-0.094222 
-0.072792 
-0.037703 
0.254108 
-0.089627 
0.022191 
0.076154 
-0.020485 
0.148044 
-0.084342 
0.242527 
-0.035890 
0.139597 
-0.035494 
0.058210 
0.251439 
-0.065177 
0.208996 
0.250081 
0.186065 
-0.076610 
0.130936 
0.034714 
0.053605 
0.068711 
0.123847 
0.351309 
0.448643 
0.039942 
-0.185310 
0.251469 
-0.002933 
0.031547 
0.038732 
0.403825 
0.563814 
-0.360447 
-0.190098 
-0.390429 
-0.457018 
-0.103725 
-0.387562 
-0.032782 
0.312846 
-0.078124 
-0.353708 
0.257707 
0.156910 
-0.360600 
0.357612 
0.113069 
-0.042022 
0.450137 
0.482513 
-0.199236 
0.368722 
0.149125 
-0.566122 
-0.270444 
0.102995 
-0.359947 
-0.070028 
-0.083573 
-0.067963 
0.268513 
0.053049 
0.180314 
0.082839 
0.000593 
-0.005418 
0.048237 
-0.135591 
0.038771 
-0.043551 
-0.148171 
-0.186351 
0.034220 
0.016955 
0.156785 
0.050956 
0.312520 
0.091034 
-0.069398 
0.054527 
-0.011406 
-0.052542 
0.071648 
-0.277259 
-0.038089 
0.220956 
-0.175220 
-0.050542 
-0.244240 
0.412083 
-0.282619 
-0.278714 
0.254254 
-0.027611 
0.132105 
-0.188876 
-0.196104 
0.409444 
-0.060593 
0.497312 
-0.188796 
-0.014973 
0.197959 
0.170254 
-0.172220 
-0.057407 
-0.047036 
0.066591 
-0.108393 
0.176375 
-0.043610 
0.105280 
0.326702 
-0.233332 
0.147080 
-0.128846 
-0.136390 
-0.198712 
0.134080 
0.277608 
-0.171623 
-0.380335 
0.058500 
0.061981 
0.021592 
0.035651 
-0.157297 
-0.140135 
0.388923 
-0.347468 
-0.157196 
-0.249986 
-0.269251 
-0.551218 
3.745000 0.055333 0.041162 
