-0.256915 -0.032257 0.238054 0.096912 -0.072895 0.168485 0.096456 -0.039758 0.071167 0.315361 -0.294119 0.228161 -0.195696 0.243269 0.314272 0.162132 -0.231164 -0.203928 -0.093067 0.169151 -0.254372 0.175503 -0.111154 -0.306682 -0.211965 0.128433 -0.174140 -0.219240 -0.298646 -0.305659 -0.143045 -0.185151 -0.003082 -0.258002 0.252890 0.327480 0.097327 -0.003473 -0.147909 -0.075680 -0.010400 -0.059485 -0.141676 0.040654 -0.261436 -0.262473 -0.135023 -0.016029 -0.231545 0.138297 -0.194898 -0.090939 -0.128112 -0.082885 -0.094900 0.035069 -0.148725 0.139433 0.174177 -0.136545 0.011337 0.325757 -0.058533 -0.197347 
-0.299046 -0.039063 -0.309983 0.221419 0.167425 -0.036722 -0.118176 -0.164334 0.126803 0.004951 0.118043 0.292047 0.025016 0.296174 -0.101887 0.247433 0.068313 0.113715 -0.063641 0.244286 -0.207056 0.214843 -0.062333 -0.066690 -0.054814 -0.244272 0.097637 -0.220379 -0.200222 -0.321688 -0.090665 -0.144446 -0.084423 -0.030268 -0.308638 -0.202680 0.034302 -0.066116 -0.103640 0.031704 0.220808 -0.306436 0.028046 -0.044636 -0.324907 0.263744 0.009853 -0.002950 0.102507 0.150358 0.027785 0.218521 -0.012104 0.337744 -0.178211 -0.311325 -0.158690 0.155104 -0.157766 -0.089663 0.092201 0.069750 -0.110210 -0.185918 
-0.253266 0.047358 0.012137 0.244571 0.200269 0.104786 -0.107423 -0.023805 0.130080 0.314449 -0.277037 0.200638 0.235218 -0.023129 0.002033 0.059907 -0.179811 0.205111 -0.098499 0.177865 0.229960 0.060708 0.177741 -0.359408 -0.112775 -0.240480 -0.237534 -0.163540 0.037514 0.012919 -0.089670 0.069226 -0.193465 0.145431 0.092258 0.323206 0.016368 0.268575 0.164737 -0.242874 0.181183 0.173830 0.255675 0.253415 -0.181204 -0.088298 -0.109123 -0.010897 -0.113169 0.137619 -0.158238 -0.212836 -0.064324 -0.249401 -0.219628 0.146772 -0.277830 -0.041160 0.328281 0.140713 -0.203884 0.026949 0.042848 -0.280252 
-0.251852 -0.262867 -0.138857 -0.013351 -0.251559 0.112731 0.035606 0.192862 -0.035270 0.092662 0.199478 0.067951 -0.241003 -0.247897 -0.196569 -0.048448 0.281718 -0.070139 0.016253 -0.091844 0.029650 0.089742 -0.237370 0.206872 -0.207902 -0.200912 0.093977 -0.118716 -0.061653 -0.273356 -0.085574 0.029776 -0.074160 -0.022014 -0.209151 -0.086968 -0.049524 0.198120 -0.014316 0.202628 -0.096395 -0.248666 -0.105906 0.011727 -0.171062 0.084039 0.191621 -0.077716 -0.228290 -0.050039 0.110387 0.036180 -0.164981 0.279552 -0.010788 -0.071610 0.256668 -0.201805 0.095188 -0.067723 0.021800 0.290617 -0.109514 0.033388 
0.036822 -0.152709 0.245356 0.140442 -0.201360 -0.157502 0.043029 0.162348 -0.164188 -0.267474 -0.199561 0.001237 0.038034 -0.291457 0.183554 0.014539 0.021525 -0.009872 -0.136418 0.113817 -0.165332 0.150693 -0.141330 -0.142948 0.260622 0.129495 0.130628 -0.149982 0.062140 0.262373 0.214220 -0.102642 -0.217462 0.095052 0.267781 -0.103316 0.167180 0.006913 0.271048 -0.194892 0.058172 -0.219268 0.067849 -0.247091 -0.219871 -0.067532 0.183090 0.096138 0.165215 -0.223939 -0.056717 -0.382316 0.206808 -0.062191 -0.076538 0.239521 -0.126810 0.306149 -0.295740 0.167821 0.162268 0.202076 -0.291964 -0.315220 
0.052973 0.387630 -0.165793 -0.098469 0.126964 -0.085008 0.078551 -0.286507 -0.171542 -0.101137 -0.158437 -0.049570 0.068027 -0.217391 -0.308208 -0.091416 -0.204422 -0.067270 -0.011523 -0.310336 0.210415 0.120409 0.369172 0.346557 0.117117 0.279965 0.130233 0.100311 0.161305 0.151482 0.058637 -0.076973 0.215587 0.247421 0.172500 -0.025032 -0.399793 -0.070518 -0.035545 -0.048888 0.027189 0.268101 0.109032 -0.182392 0.191375 0.170300 0.146507 -0.308552 -0.299334 -0.201977 -0.220275 0.273339 0.195972 -0.361531 0.302636 -0.029614 0.412104 0.093290 -0.190730 0.110426 -0.140142 0.147361 -0.266129 -0.147496 
0.084394 0.200036 0.066391 0.241659 -0.235471 -0.376752 -0.257226 0.224202 0.153423 0.224962 -0.334424 0.015061 0.120329 0.121368 0.019636 0.184198 0.311459 0.110172 0.131463 0.229392 0.171275 0.046516 -0.141779 0.132172 -0.253067 0.111205 -0.033676 0.084275 -0.084039 -0.004957 0.252551 -0.409397 -0.159165 0.019662 0.221785 -0.065228 0.075128 0.329905 -0.176562 -0.161633 0.279965 -0.202539 0.345051 -0.007736 -0.329038 0.024686 -0.169953 0.320666 -0.117904 0.279354 0.131500 -0.254645 0.032040 -0.172775 0.198911 0.164299 0.107763 -0.163998 -0.085345 -0.157369 0.268196 -0.026623 -0.174040 0.307354 
0.194818 -0.229530 -0.077097 -0.025871 -0.241595 0.059228 0.145504 -0.291667 0.216526 0.080862 0.041447 0.187374 -0.156992 0.171509 0.197084 -0.036440 0.131211 0.023167 0.042069 -0.209443 0.209547 -0.124682 0.206603 0.055573 0.019044 -0.115278 0.189896 -0.167013 0.057121 -0.192756 -0.242104 -0.087943 -0.152531 0.088895 0.181495 -0.068246 -0.121372 0.005209 -0.014255 -0.308818 -0.169818 0.266693 -0.287662 -0.056644 0.149800 0.187189 0.259802 -0.063559 0.031871 0.000021 0.006625 -0.127307 0.282671 -0.015313 0.293284 -0.006967 0.050773 0.167387 0.192076 -0.055570 0.332410 -0.213147 0.236292 -0.244920 
0.039126 0.057248 -0.005506 0.049627 -0.049206 0.118352 -0.122807 0.014682 0.036698 -0.111919 0.091950 -0.025007 0.114412 0.120101 0.055014 -0.110398 -0.019522 -0.022996 -0.001399 -0.054449 0.105436 -0.000377 0.033260 -0.015809 -0.058001 0.039127 0.157904 -0.028625 0.092952 0.091055 -0.028548 0.002920 
0.013018 0.125708 -0.118502 0.053102 -0.003194 -0.114509 -0.033715 0.026220 -0.056348 -0.084997 0.116093 -0.047941 -0.158919 0.044202 0.003012 0.029803 -0.142829 0.134316 0.062515 0.113478 0.045953 -0.001029 0.025433 0.092456 -0.051867 -0.013297 0.100634 0.063747 -0.068177 -0.136336 -0.118688 0.090309 
0.069403 -0.005104 0.043009 0.035926 -0.001753 0.101940 0.146163 -0.006045 -0.047603 0.076783 0.088056 0.015877 0.087742 -0.142039 -0.132567 0.016739 -0.098451 -0.117532 0.049479 0.064776 0.119337 -0.024885 -0.044728 -0.072287 0.128029 -0.080337 -0.122790 -0.122297 -0.020979 -0.066482 -0.154699 -0.055934 
0.013194 0.056170 0.096703 -0.108004 0.044117 0.040340 0.060026 0.082374 0.042671 0.000936 -0.055456 -0.104520 0.028500 0.017379 0.083595 0.110552 0.015066 -0.040535 -0.005108 0.009692 0.075485 0.096442 0.053762 0.034321 -0.128785 0.074905 0.112749 -0.070458 0.108461 0.074885 0.035449 -0.003824 
0.036677 -0.065792 -0.019147 -0.044773 -0.109619 -0.000667 -0.102342 0.057357 0.076588 -0.055140 0.082713 0.011187 -0.161981 -0.033257 0.028553 0.037485 -0.126305 0.076663 -0.082181 0.125445 -0.001431 0.114591 0.019980 0.083072 0.009178 0.055493 0.072605 0.018985 0.036661 -0.060737 -0.084543 -0.084147 
0.104466 0.020346 -0.042757 0.055069 -0.120244 -0.033183 -0.038026 0.083336 0.090292 -0.077595 -0.006896 0.117874 0.006841 0.085115 0.003472 0.078851 0.036556 0.085534 0.115897 -0.147218 0.005574 0.010386 0.037667 -0.085434 -0.111572 -0.095788 0.055397 0.031563 0.039698 -0.093399 0.052010 -0.023106 
0.070734 0.116987 -0.007897 0.093760 -0.071039 0.059348 0.125786 -0.123429 0.113392 -0.012424 0.139922 0.038608 -0.065248 0.031121 -0.085837 0.081949 -0.021791 -0.095591 0.111392 0.084130 -0.019983 -0.031763 -0.073176 -0.015127 0.069455 0.063209 -0.102052 0.002873 0.101056 0.131404 -0.137054 0.026004 
0.081368 -0.029058 0.059730 -0.108240 -0.038550 0.044103 -0.096890 -0.137701 -0.096977 0.020658 0.013761 -0.035486 0.094521 -0.094422 -0.091602 -0.112334 -0.069151 -0.111759 0.104608 -0.007354 -0.027868 0.073296 0.005308 -0.165982 0.133182 -0.028175 0.016195 0.118228 -0.041818 0.084416 0.054033 -0.102808 
-0.043522 -0.007344 0.013148 0.018300 -0.062632 0.069955 0.074671 -0.041036 -0.137261 -0.000439 0.017216 0.070267 0.067948 0.089033 0.088957 0.062239 0.112268 0.028722 -0.006751 -0.038244 0.052487 0.040082 -0.049185 0.033743 -0.136489 0.094858 0.009419 -0.007795 0.009121 -0.104259 0.115553 0.129018 
0.091270 -0.100431 0.019454 0.046659 0.086361 -0.052924 0.131690 0.100556 0.008939 0.049384 0.005679 -0.053264 0.002316 0.032281 -0.117603 -0.009117 -0.060425 0.013655 0.095080 -0.133910 -0.023206 -0.177025 0.029020 -0.036276 -0.170560 -0.113930 0.107257 0.059334 -0.106852 -0.027293 0.098618 0.132927 
0.015329 0.079625 -0.032389 -0.043444 -0.131926 0.045106 -0.132501 0.090390 -0.091387 0.149919 -0.136687 0.033932 -0.055108 -0.096701 -0.040771 0.053428 0.015156 0.171390 0.007793 0.011554 -0.096346 -0.078007 -0.100556 -0.104846 -0.018473 0.161672 0.114255 0.136119 0.018895 0.058932 0.050029 -0.097709 
0.020284 -0.014159 0.047074 0.017482 0.131094 0.041466 -0.045523 -0.048093 0.052914 -0.043708 0.095650 0.102698 -0.033395 -0.074811 0.025483 -0.056223 -0.107833 -0.111717 0.111213 -0.069114 -0.033643 0.148790 -0.020554 0.111786 0.054468 -0.048481 0.043792 -0.048988 0.056272 -0.082895 0.056377 -0.035773 
0.021551 -0.082933 0.066325 0.051915 0.082046 -0.069052 0.065336 -0.031974 0.011338 0.112688 -0.075891 0.092114 -0.135562 0.063185 0.124758 -0.051675 -0.144399 0.050325 -0.049070 0.014836 0.080777 0.095668 0.022638 0.050747 0.000765 0.007961 0.137901 -0.060902 0.082672 -0.011594 0.038865 -0.044952 
0.082731 0.088420 -0.085335 -0.025246 0.061898 0.112735 0.099899 0.005490 0.122432 -0.079563 -0.070647 -0.083162 -0.103052 -0.064387 -0.047088 -0.053591 -0.119365 0.045157 0.085532 0.043150 0.011997 0.039484 -0.100258 -0.140269 0.004684 -0.089935 -0.003171 -0.052031 0.074700 -0.083480 0.061645 0.034130 
0.097479 0.119639 -0.092691 0.103904 0.016770 0.129108 -0.018013 0.004642 -0.085825 0.061443 0.019941 -0.052796 -0.063210 0.069614 -0.045547 -0.095620 0.045927 -0.033556 0.085675 0.025708 0.123150 -0.102931 0.012391 -0.002022 0.000022 -0.057757 0.076660 -0.061150 -0.010858 -0.072596 0.119453 0.005535 
0.102034 -0.048282 -0.063841 0.083703 -0.095334 0.001653 -0.068598 -0.030867 -0.075116 0.067857 0.019960 -0.103047 0.096694 -0.152184 -0.037209 0.059895 -0.046432 -0.115612 -0.090284 -0.007987 -0.001618 -0.127593 0.046095 0.157445 -0.056411 0.075995 -0.046376 0.017414 -0.140983 -0.132656 -0.068113 0.147245 
-0.061877 -0.070778 0.044994 -0.100192 -0.098626 0.042183 -0.059559 -0.077700 -0.006629 -0.075413 -0.084423 -0.103565 -0.053217 0.098592 0.079320 0.050270 0.128098 -0.126805 -0.106684 -0.083458 -0.160109 0.138784 -0.075720 -0.074973 0.002124 -0.017494 -0.039047 0.100755 0.045003 0.036241 0.101910 0.114672 
0.130152 -0.134235 -0.078402 0.055746 0.091851 0.041344 -0.134187 -0.051644 0.022927 0.036364 -0.055885 0.035602 -0.105104 0.029544 -0.018072 -0.075537 -0.001084 -0.031821 -0.015537 -0.011336 -0.052153 0.034698 -0.091781 0.063261 0.096895 -0.028591 0.059087 0.070346 0.093695 -0.076748 0.060056 0.047101 
-0.018914 -0.027227 0.062048 -0.082817 -0.025295 0.107847 0.001716 0.105638 -0.058974 -0.114631 0.026973 -0.000040 0.056971 -0.104926 0.069219 -0.149935 0.011108 -0.101263 0.052702 0.088006 0.002959 0.097600 0.036896 0.039953 0.093885 -0.045179 -0.053090 0.103582 0.026901 0.058730 0.043433 0.127499 
-0.034868 -0.037827 -0.133463 0.084020 0.134618 0.019155 -0.010306 -0.044094 0.032002 -0.053259 0.059525 -0.122118 -0.054784 -0.046744 -0.059726 0.062144 -0.029259 0.061794 -0.041081 -0.074136 0.061514 -0.092767 0.064271 0.052535 -0.003014 -0.060439 -0.023745 0.055671 0.070069 0.022480 0.065353 -0.047196 
0.119909 0.011537 0.135766 0.033749 -0.038869 -0.016559 -0.114388 0.093069 0.015132 -0.075113 -0.154736 0.044756 -0.007103 0.012336 -0.050956 -0.040909 -0.034949 0.046757 0.027262 0.042499 0.109615 -0.055205 0.014200 -0.040436 0.007243 0.062173 -0.017567 0.013975 0.023644 -0.106604 0.110076 -0.008403 
0.048555 0.072516 -0.028029 -0.077741 -0.129861 -0.036857 -0.094692 0.040402 0.065644 -0.124881 0.018795 -0.037921 -0.038937 0.073112 0.009003 0.093433 0.023625 -0.091548 0.003542 0.010087 0.018982 0.090583 0.112679 -0.048983 0.041195 -0.117434 0.026605 -0.116504 -0.138803 0.004654 -0.005613 -0.177922 
-0.063141 -0.162888 -0.074528 -0.119157 0.021883 -0.075124 0.074909 -0.054378 -0.062191 -0.133207 -0.037339 0.070598 0.036160 0.139323 0.004525 -0.032282 -0.107212 0.086910 0.105644 0.077807 0.063303 0.051670 -0.104891 0.038437 0.048949 0.070656 0.054668 -0.104922 -0.039870 -0.109103 -0.060913 -0.019809 
-0.045739 -0.120606 -0.016149 0.032858 -0.057932 -0.098388 0.087146 0.057780 -0.031447 -0.057072 -0.046261 -0.060656 -0.099774 0.112758 0.056702 -0.057104 0.037637 0.024702 -0.124119 -0.064876 -0.112623 -0.099885 0.043884 -0.114616 0.078492 -0.082613 -0.047520 0.000503 0.000559 0.005402 0.015680 0.086776 
-0.040420 0.144595 -0.015701 0.082883 -0.119184 0.016058 -0.028806 -0.017630 0.104315 0.058514 0.048888 -0.090494 -0.081740 -0.056350 -0.033082 0.073908 0.060476 0.006351 -0.156313 -0.117768 0.043181 0.014456 -0.068567 -0.004725 0.148306 0.025387 0.050730 -0.034349 0.111258 -0.067968 -0.139317 -0.067237 
-0.116018 0.164795 -0.098428 -0.054128 0.002616 0.031671 0.082168 -0.008491 -0.083396 -0.070041 0.045430 0.017050 0.050720 0.095557 -0.033496 -0.057389 -0.038127 -0.012325 -0.006740 -0.088989 -0.072435 0.024299 -0.023683 0.106540 -0.046530 -0.063651 -0.038415 -0.133557 -0.030334 -0.016845 -0.091962 0.013456 
-0.075801 -0.023664 0.030608 0.074816 0.126928 -0.068006 -0.062116 -0.056025 0.049905 0.062317 0.090225 -0.084400 0.084895 -0.042998 0.051773 -0.057687 0.040068 -0.066965 -0.068638 0.058008 -0.144204 0.138159 -0.003217 -0.052688 -0.096976 0.110483 -0.025009 -0.010729 -0.005719 0.048329 0.052653 0.043560 
-0.094279 -0.004483 -0.038582 -0.145329 0.033992 0.093076 -0.071304 -0.012473 -0.021988 -0.084814 0.013604 -0.019656 -0.079683 -0.031135 0.032834 0.034334 0.030049 0.146598 -0.046593 0.028588 0.085588 -0.189334 -0.113891 0.024900 0.089661 -0.003870 -0.092150 -0.025124 -0.081405 0.101657 0.096909 -0.061872 
-0.057554 -0.074603 -0.074040 -0.204319 -0.067078 0.011816 -0.060010 0.039408 -0.012958 -0.099551 -0.122518 0.060819 -0.072959 0.149496 0.021607 -0.143317 0.044910 -0.064175 0.099453 -0.055319 -0.049926 0.097276 -0.067703 -0.173970 -0.008002 -0.060778 -0.023159 0.031957 0.174601 -0.097488 0.021074 -0.073890 
-0.058886 0.041696 -0.109091 0.019182 -0.093418 0.032388 -0.032645 0.010298 0.014883 0.039655 -0.009348 -0.121525 -0.056872 -0.076880 -0.118525 -0.126716 -0.069635 0.129421 -0.039940 -0.042700 0.132752 -0.071612 0.024837 -0.058896 0.074563 0.060415 0.069438 -0.003488 0.079863 -0.032419 -0.015351 -0.117112 
0.066782 0.130544 0.030319 -0.092999 0.002514 -0.092995 0.046409 -0.091677 0.049986 -0.066769 -0.095405 -0.093517 -0.032753 -0.070414 -0.074987 0.001163 -0.102128 0.059438 0.069225 0.107802 -0.053509 -0.079340 -0.062148 0.053489 0.156413 0.140754 -0.048100 0.041759 -0.058477 0.123449 0.022666 -0.087170 
0.093947 -0.119964 -0.080331 -0.101729 0.018979 0.155752 -0.054992 -0.074590 -0.131682 0.043504 -0.023320 -0.031021 0.024228 0.117484 0.137242 0.044266 0.041626 0.150534 0.106302 0.026092 -0.042884 -0.121870 0.040276 -0.086942 0.114727 0.071531 0.104278 -0.036120 0.077782 0.063853 -0.040685 -0.032555 
-0.117186 0.018536 0.006311 0.041468 -0.081139 -0.109995 0.117460 0.018624 0.042143 -0.031959 0.153016 0.021514 -0.090364 0.049460 -0.043359 0.063767 0.058219 0.151147 -0.013471 -0.082513 -0.092698 -0.125901 -0.036925 0.155807 0.108003 -0.078032 -0.126986 -0.003936 0.073701 -0.036156 0.059989 0.105470 
0.056108 0.023821 0.006626 -0.152829 0.089643 -0.003096 -0.001875 -0.003577 0.084487 -0.020647 0.070873 -0.090064 -0.104601 -0.018804 0.099789 -0.105147 -0.082406 0.044866 -0.056191 -0.108389 0.081632 -0.013403 -0.058329 -0.010089 0.088349 -0.038182 -0.052847 0.097586 0.038843 -0.070441 0.048750 -0.077836 
0.083844 -0.007076 0.009278 0.056295 0.020928 0.063129 -0.025412 -0.043355 -0.023694 -0.152512 0.047978 0.053559 -0.061373 0.013067 -0.048987 -0.094802 -0.057190 0.029943 -0.026640 0.156745 -0.015842 -0.009978 0.019688 -0.047348 0.030788 0.003137 -0.132840 -0.162595 0.074700 0.019837 -0.059608 0.048716 
0.184728 0.057481 -0.005269 -0.044134 -0.014082 0.036549 0.165129 0.073059 -0.042942 0.020163 -0.063684 0.086682 -0.142809 0.148185 0.054578 -0.044163 0.065389 -0.043277 0.023486 -0.137850 0.047593 -0.019621 0.000812 -0.150765 -0.021649 -0.097106 -0.100067 -0.012318 -0.166403 -0.039059 -0.042381 0.097431 
-0.124821 0.101306 -0.055350 0.104301 0.123272 0.009869 0.007311 -0.018348 -0.164732 0.156310 -0.132880 -0.128772 0.130572 -0.003114 -0.023372 0.031721 0.035828 0.094730 0.019573 -0.056519 0.179809 -0.176613 -0.069838 -0.009531 0.033446 0.072514 0.111443 -0.028487 0.118584 -0.118456 -0.014157 -0.083660 
0.058656 -0.185459 0.112860 -0.023788 -0.003268 -0.081135 -0.151317 -0.037670 -0.081396 -0.075613 -0.030221 0.096409 0.078701 -0.032422 -0.015138 0.098132 -0.079580 -0.092317 -0.053491 0.062382 -0.065641 0.008866 0.004874 0.068732 -0.137474 -0.086780 -0.005305 0.117161 -0.045934 0.099696 -0.044918 0.109484 
0.071051 0.059039 -0.004054 -0.047764 -0.117801 0.007575 0.044693 -0.149740 0.038529 0.008411 -0.142139 -0.007210 0.002648 0.009251 -0.078110 0.036114 0.053941 -0.015230 0.011438 -0.118487 0.133004 0.103927 0.139483 -0.149488 -0.017915 0.006618 0.126353 0.022266 -0.003315 -0.072348 -0.020558 -0.103809 
0.106495 -0.131069 -0.025314 0.098388 -0.000508 -0.025400 -0.124092 -0.030392 0.064844 -0.067204 0.088254 0.001501 0.010890 -0.107053 -0.061042 -0.025490 0.014533 0.100783 -0.015238 -0.046004 -0.012176 -0.042255 -0.011488 0.034685 0.032066 -0.040911 -0.072013 0.162959 -0.025247 0.160836 -0.103202 -0.053537 
-0.110777 0.026539 -0.027603 0.022412 -0.099027 -0.042782 0.071748 0.090760 0.057827 0.049626 -0.086308 -0.079540 0.024098 -0.004574 0.046729 -0.011470 -0.144101 -0.163354 0.059336 0.018539 -0.076154 -0.019328 -0.000353 -0.125379 0.017622 0.043456 0.143584 -0.115937 0.019347 -0.131011 -0.002943 0.011191 
0.102141 0.042195 -0.025645 0.070949 -0.060077 -0.020915 0.081300 0.054714 -0.120368 -0.138814 0.109861 0.113366 -0.032461 -0.004696 -0.079693 -0.048476 0.009511 0.097433 -0.072027 0.117763 -0.084141 0.008445 0.097813 0.083827 -0.079241 0.087490 0.052988 0.079992 0.151746 -0.136557 0.023782 0.091602 
0.119612 0.054176 0.018697 -0.148326 -0.084685 -0.039420 0.048844 -0.080075 -0.033177 0.078926 -0.154641 0.074973 -0.115023 -0.008558 -0.027048 0.083690 -0.122617 0.010377 0.056468 -0.121268 -0.083611 0.013731 0.112685 -0.088046 0.015603 0.014424 -0.030449 0.032233 0.043329 0.046131 -0.046666 0.000646 
0.041967 0.020421 0.078311 0.000160 -0.107234 0.001260 0.054157 -0.048332 0.018333 0.116256 -0.082540 0.104851 -0.088865 0.036863 0.016185 -0.032026 -0.072344 -0.071882 0.040989 -0.076080 0.078243 -0.000241 0.056497 -0.029609 0.041221 0.005092 -0.129981 -0.046689 -0.034414 -0.026935 0.108954 0.094323 
-0.076498 0.000132 -0.035549 -0.080423 -0.118423 0.005323 0.067900 0.019960 -0.048367 -0.088304 -0.039631 0.059400 0.016985 0.093162 -0.105557 0.041852 -0.091893 0.065194 -0.124217 -0.110079 0.129393 0.000101 0.024827 0.012730 -0.003341 0.054320 0.082958 0.120110 0.159546 0.033872 0.050703 -0.079705 
-0.105105 -0.047782 -0.032294 -0.068671 0.085087 -0.102564 0.042872 -0.023154 0.004091 -0.091557 0.087780 -0.133992 -0.147534 0.126020 0.148336 -0.036162 -0.023391 -0.144463 -0.077791 -0.057320 -0.001733 0.176310 0.036327 -0.082041 0.004089 0.046546 0.141187 0.033436 -0.061123 0.070741 0.050765 -0.046973 
-0.123534 -0.110748 0.018951 -0.113583 -0.036682 0.003239 -0.039551 0.030332 0.017884 -0.036620 0.048730 -0.006720 -0.071729 0.082328 0.060810 0.041911 0.063218 -0.061064 0.079700 -0.022813 -0.096739 -0.019935 0.015927 0.027504 -0.096188 0.062712 -0.073089 -0.049529 -0.022057 0.073196 -0.010130 -0.016198 
0.067957 -0.099089 0.030885 -0.089279 0.057783 0.111411 0.030505 -0.061658 -0.103529 -0.055992 0.074692 -0.076849 0.164265 0.013162 0.105913 -0.011679 0.067946 0.030531 0.079550 0.096514 -0.062269 0.017395 -0.068164 -0.010348 0.094786 0.031915 0.027415 -0.052440 -0.019160 -0.129758 0.117571 -0.045514 
-0.129960 -0.039634 -0.140805 0.066079 -0.074279 0.075943 -0.166998 -0.065059 -0.086887 0.119291 0.020333 -0.163431 0.067649 -0.019155 0.004883 -0.028367 -0.054416 -0.024351 -0.082727 0.052383 0.093623 0.163868 -0.141811 0.048305 0.000521 0.109249 -0.082919 0.028787 0.141470 0.121159 -0.006170 0.111460 
-0.026415 0.055727 0.081772 0.011606 0.063796 0.102008 0.085220 0.080597 -0.029578 0.018028 0.016322 -0.111793 -0.025191 -0.078409 0.059199 0.022942 0.024168 0.084399 -0.020392 0.029511 0.067643 -0.040417 -0.036525 0.127662 -0.156389 0.027051 0.018450 0.086884 -0.027314 -0.159567 0.140157 0.118949 
0.080152 -0.078574 -0.083234 -0.057213 -0.053874 0.169140 0.073808 0.085441 -0.061158 0.054659 0.059447 -0.002722 0.127745 0.035258 -0.014078 -0.030937 -0.004104 0.087425 -0.099914 -0.112591 -0.063530 0.010580 -0.134986 -0.043879 -0.114116 0.047423 -0.026147 0.120921 0.047182 0.126867 0.044033 0.015114 
-0.052653 0.036944 -0.051877 0.016944 -0.067845 -0.036623 -0.088876 0.164029 -0.077331 -0.127056 0.110383 0.135743 -0.056849 -0.142264 0.022354 -0.075184 0.047716 0.036703 -0.133657 -0.107019 -0.091934 -0.108831 -0.020265 -0.007231 0.071801 0.022117 0.071099 -0.064425 -0.027371 -0.054690 -0.049093 0.075506 
0.046546 -0.040600 -0.023097 -0.075740 0.068245 0.007749 -0.063450 0.103913 0.030891 0.036305 0.060718 -0.085373 0.079683 -0.087006 -0.087399 0.023114 0.016147 -0.045875 0.023915 0.055118 0.023310 -0.094894 0.080792 -0.016141 0.057145 0.111036 0.066170 -0.059442 -0.051302 -0.065130 -0.073193 0.117310 
-0.057187 0.055565 -0.163534 -0.012533 -0.067995 -0.087443 -0.161713 0.084661 0.121321 0.108198 -0.115096 0.021390 0.134442 -0.136058 -0.002053 0.009169 0.014829 -0.117162 -0.154283 -0.078568 -0.118791 0.158063 -0.016782 0.092022 0.096169 -0.012787 -0.110656 0.132628 0.009771 0.025409 0.063873 -0.113361 
-0.094283 0.122350 -0.042891 -0.037837 -0.087135 -0.062151 -0.057330 -0.057312 -0.128832 -0.126637 0.116950 0.092285 -0.007942 -0.028989 -0.077728 0.086403 -0.006355 -0.056257 -0.109458 0.035444 -0.060632 0.013081 -0.045704 -0.075098 -0.139352 -0.009570 0.120254 0.037795 0.093834 0.041396 0.073433 -0.055900 
0.056315 0.049785 0.038483 -0.003959 -0.044231 0.024111 0.077326 -0.106290 0.051125 0.022904 -0.105124 -0.087222 0.132296 0.039289 -0.149812 -0.067794 0.082530 -0.081220 0.156905 0.093390 0.098564 -0.006682 0.143283 -0.172730 0.098883 0.058963 0.062995 0.106331 0.065773 -0.002889 0.126086 -0.073465 
-0.044977 -0.106843 0.129480 0.003596 0.064885 0.012089 0.086039 0.012075 0.019022 -0.109505 0.053090 0.001270 -0.006345 0.094856 0.077285 -0.081005 0.161192 0.059468 -0.118041 0.106042 -0.185363 0.132487 0.128244 0.115823 0.046681 -0.032506 0.055795 0.012321 0.093178 0.098461 0.025671 -0.064822 
-0.151302 0.037469 0.102244 0.150783 -0.049929 0.096365 0.032237 0.085136 0.119097 -0.185346 -0.024381 -0.003322 0.065625 0.067077 0.052765 -0.006540 0.035857 0.046460 -0.060639 0.099488 0.010203 -0.020314 -0.019850 0.021160 0.078438 0.004757 0.019408 0.028873 -0.069844 -0.088328 -0.135643 -0.076954 
0.098469 -0.178897 -0.065166 0.091229 0.104311 -0.024287 0.021329 0.043023 0.005551 0.081561 -0.056993 -0.087884 0.038754 -0.083557 -0.007500 -0.051415 0.096865 0.064235 0.182145 -0.019373 -0.103757 0.069619 0.097128 0.098950 -0.136589 -0.070945 0.036379 -0.094480 0.002925 0.047840 0.002913 -0.052340 
0.043667 -0.114140 -0.051042 -0.004663 0.044760 0.094782 -0.017730 -0.146667 0.071743 0.109238 -0.088795 -0.037188 -0.139297 0.094301 0.028140 0.078182 0.041268 0.029030 -0.040803 0.042635 -0.083621 0.186444 0.069750 -0.086593 0.018724 -0.039587 -0.013812 -0.093656 -0.064357 0.097909 -0.066809 0.031786 
-0.140744 0.137324 -0.017385 0.096580 0.019491 -0.129088 0.125154 -0.039041 -0.115337 -0.104490 0.003673 -0.110544 0.130757 -0.121343 0.077634 -0.016829 0.021354 -0.094753 -0.151292 0.130799 -0.038273 -0.001837 -0.119271 0.017744 0.092972 0.067591 0.051000 0.057629 -0.041764 0.082501 0.024852 0.013157 
0.035189 -0.089186 -0.070010 -0.059727 -0.065286 -0.093538 0.008815 -0.043880 -0.091424 0.079289 0.000923 0.110316 -0.115568 -0.013940 -0.004291 0.100230 0.008579 0.005600 0.104431 0.079238 0.106135 -0.154019 0.000636 0.084262 0.026733 -0.118691 0.047124 -0.137422 -0.171492 -0.040869 -0.056599 -0.015193 
0.027559 0.008959 0.057819 0.042427 0.043758 -0.051240 0.082340 0.052149 -0.152045 -0.012115 -0.006462 -0.118853 0.049046 0.074890 0.109340 -0.122769 -0.072720 0.056580 0.095414 -0.053565 0.119887 -0.045781 -0.115262 -0.005988 -0.029923 0.132982 0.009492 -0.001480 -0.009333 0.052758 -0.060193 0.126274 
-0.024174 0.043315 -0.035520 -0.121693 0.127215 -0.002597 0.014938 0.104794 -0.020473 0.033415 -0.134062 -0.123152 0.037463 -0.110423 -0.035985 0.014005 0.086741 -0.044559 -0.136895 0.021080 0.059679 -0.079502 -0.101756 -0.131528 -0.059424 0.052825 0.016898 0.052415 0.016464 0.013863 -0.028060 0.135126 
-0.117049 0.091487 0.139199 0.019465 -0.065178 0.201083 -0.245855 0.152699 -0.068853 -0.111249 0.163105 -0.036536 0.013530 -0.052007 -0.236763 -0.042858 
-0.131996 -0.212227 -0.283144 -0.122584 -0.037241 -0.103116 -0.194986 0.092011 0.072279 0.093519 -0.131464 -0.095000 -0.134594 -0.007721 0.201074 -0.028760 
-0.070840 0.184155 0.129206 -0.080193 0.069927 0.083020 0.082361 0.018854 -0.090338 0.009965 -0.172358 0.087640 0.140006 -0.056231 -0.189947 -0.049329 
-0.027271 -0.149831 -0.075337 -0.123937 -0.084869 0.052079 0.212998 0.187284 -0.137586 -0.052337 -0.121154 -0.059556 -0.070791 -0.202206 0.181011 0.005684 
0.142323 0.025187 0.168617 -0.088863 -0.046420 0.066103 0.179586 0.037514 -0.006599 0.225453 -0.090207 0.002610 -0.044205 -0.107916 -0.159289 0.129600 
-0.021745 -0.097750 -0.036686 0.042712 -0.131005 0.068188 0.053331 0.050666 -0.203960 0.168922 0.097582 0.145478 0.191181 0.082167 -0.053756 0.139630 
-0.184297 0.021792 -0.070937 -0.105066 -0.113106 -0.132069 0.059122 0.111515 -0.189856 0.020952 -0.016270 -0.083641 0.133389 -0.081321 -0.193197 -0.077849 
0.152645 -0.059151 0.050790 -0.185901 -0.165422 -0.003039 -0.007042 -0.057959 -0.128943 -0.056136 0.211153 -0.185397 0.110327 -0.018015 0.116653 -0.172597 
0.019964 0.207871 -0.048469 0.211290 0.260170 0.090331 0.084982 -0.145432 0.122449 0.018572 -0.076606 -0.099501 -0.191366 -0.036968 -0.007271 -0.164156 
0.040922 -0.232279 -0.041103 0.296118 0.012186 0.280104 -0.032210 0.135994 0.170855 -0.132588 0.113751 0.078771 -0.072625 0.004345 0.113274 0.181096 
-0.025421 -0.001382 -0.002602 -0.162163 0.047457 -0.211443 0.123622 -0.005086 -0.187148 0.201343 0.028462 0.024378 -0.075480 -0.198310 0.147121 -0.165588 
-0.124718 0.262669 -0.153323 0.022183 0.040235 0.014643 -0.102096 0.080211 -0.101687 -0.185856 0.088278 -0.014044 0.028448 -0.019748 -0.021540 -0.179529 
0.063714 -0.191576 0.127512 -0.054887 0.040261 -0.147978 0.187171 0.153061 -0.215734 0.092697 -0.125667 0.092169 0.073963 -0.137925 0.069823 0.156020 
0.094028 0.155330 0.021953 -0.064968 0.080719 -0.010947 -0.204164 -0.107067 -0.084941 0.029332 0.094704 0.132559 0.155151 -0.022705 -0.203116 0.007375 
0.221308 0.163869 0.225269 -0.021064 -0.080497 0.068962 0.023675 -0.150887 0.008836 0.033522 0.031721 -0.139068 0.046385 -0.062509 0.103090 0.035524 
0.117627 -0.047656 0.043893 0.107949 -0.063316 0.222758 -0.096040 0.015311 -0.001501 0.058317 -0.035110 -0.111626 -0.177161 -0.052664 0.140904 -0.207262 
-0.038967 0.002626 0.024469 -0.089126 0.053944 -0.063708 0.085935 0.198757 -0.215856 -0.120341 -0.169219 0.219638 -0.029568 0.189169 0.006471 -0.070045 
-0.038297 -0.079556 -0.168882 -0.028026 -0.308714 -0.116839 -0.199465 -0.053825 -0.042258 0.013140 0.299913 -0.064126 0.138873 0.140848 0.074213 -0.115878 
-0.113725 0.145744 0.010468 0.170566 0.023569 0.248634 -0.000617 0.189363 -0.094905 0.138029 0.040790 0.033123 0.127665 0.049351 -0.228829 -0.068549 
-0.201684 0.044021 0.107563 -0.095021 0.188298 -0.207900 0.214109 -0.099903 0.012888 0.226165 -0.082314 0.027964 0.058506 -0.213354 0.054089 -0.031073 
-0.282150 -0.167988 -0.177472 0.113892 -0.190370 -0.042565 -0.133657 -0.039587 0.170138 0.182896 0.115028 0.017736 0.050403 -0.182112 0.095447 0.135729 
0.171509 0.260094 0.310603 0.195885 0.298272 0.183819 0.200219 -0.093803 0.170357 -0.045507 -0.129121 -0.019714 0.100294 0.040508 -0.024185 0.207095 
0.006252 0.201174 -0.062688 0.098091 0.178336 0.051024 -0.071692 0.122684 -0.036699 -0.122272 -0.061364 0.077189 -0.121043 -0.140781 -0.062232 0.092608 
-0.040039 -0.039016 -0.035943 -0.130082 -0.155621 0.082246 0.269201 -0.134712 -0.117736 0.181473 0.032436 -0.230955 -0.065925 -0.164112 0.250533 -0.094468 
-0.167880 -0.088130 -0.120968 0.218781 0.141803 -0.042224 0.072669 -0.141177 0.040236 -0.139667 -0.203695 0.086130 -0.035388 -0.010617 0.114091 0.091660 
0.101094 -0.081120 -0.103057 0.118048 -0.207149 -0.229266 0.097633 -0.118240 0.177346 0.072315 -0.074584 0.049765 0.185159 -0.050219 0.114647 0.234047 
0.082836 -0.000347 0.077136 -0.036637 -0.059611 0.031176 -0.044035 -0.212585 0.193464 0.015781 0.118074 -0.137605 0.173365 -0.028514 -0.088888 0.101537 
0.245951 -0.070289 0.120264 0.117166 -0.059603 -0.005836 -0.123065 -0.061162 -0.125773 -0.041370 0.224408 0.126349 0.151837 0.270642 0.074384 -0.021462 
-0.089792 0.018987 0.098501 0.076334 -0.107361 -0.158721 0.043526 -0.166551 0.119209 0.083953 0.002066 0.167252 -0.010654 0.156040 -0.024845 0.211254 
0.004088 -0.137891 0.229980 0.096305 0.192817 -0.201141 -0.100758 0.107027 -0.038060 -0.273334 0.011073 0.189554 0.114587 0.124496 0.152405 -0.161766 
0.288589 0.045824 0.221036 -0.121801 -0.176719 0.053834 -0.140487 0.111459 -0.057592 0.030480 0.115838 0.036041 0.086882 0.035697 -0.072845 0.056948 
0.011812 0.022266 0.051964 -0.216496 -0.075989 -0.006784 0.089459 -0.098722 -0.069625 0.087084 0.080562 -0.031044 0.213850 0.008174 -0.056000 0.123229 
-0.161390 0.052801 -0.170477 -0.039537 -0.244836 0.021660 -0.180147 0.081590 -0.260839 0.289188 -0.300298 0.105935 -0.210507 0.081181 -0.264813 -0.051163 0.339513 0.143271 0.190134 -0.080924 -0.090464 -0.079021 -0.110858 0.140856 -0.220615 0.255339 -0.179596 -0.204479 0.098431 0.272215 0.226189 0.200187 -0.110146 -0.231746 -0.064045 0.069638 -0.092377 -0.083306 -0.116711 0.077194 -0.203225 -0.129629 -0.134096 -0.240618 0.177447 0.049759 -0.049099 
0.288721 -0.257594 -0.178608 -0.158550 -0.039181 0.205322 0.166153 -0.115605 0.283009 0.138362 -0.085776 0.292362 -0.315142 -0.204378 0.198685 0.202834 -0.010671 0.346647 0.266898 -0.337128 0.029680 0.279618 0.044240 0.150327 0.298447 0.204866 0.182339 -0.248851 0.023115 -0.117737 0.111396 0.096021 -0.110276 0.102654 0.022682 0.027090 -0.026270 0.092491 -0.068983 0.002385 -0.141031 0.046076 -0.085948 -0.205204 -0.211990 -0.080628 0.045729 
0.100147 0.217530 0.011644 0.144872 -0.240584 0.080427 -0.160491 0.142092 0.111336 0.323382 -0.213178 0.230255 -0.171371 -0.113073 -0.018118 -0.301329 -0.062235 0.101635 0.355466 0.006061 0.381716 -0.125690 -0.144405 -0.038900 -0.078022 0.359704 0.040032 -0.002499 0.221177 0.237735 -0.126283 0.150582 0.084681 0.097575 -0.013551 0.108166 -0.061395 0.145555 -0.145682 -0.009688 -0.054091 -0.025244 0.105898 -0.053247 0.071817 0.105594 0.054256 
0.034371 0.195510 0.148209 -0.233372 0.063673 -0.315302 -0.057580 0.284775 -0.027459 -0.134473 -0.029896 0.290569 -0.112501 -0.137644 -0.021587 0.145279 0.219664 -0.143932 -0.167744 -0.061855 0.239859 0.158005 0.131160 -0.257131 -0.215972 -0.042501 -0.179633 -0.203188 -0.299643 0.015910 -0.315277 0.027750 -0.071121 -0.066116 0.117835 -0.061898 0.069766 -0.008034 0.015120 -0.049331 0.039005 -0.034574 0.005511 0.043029 -0.047046 0.063391 0.027247 
-0.099039 0.090501 0.053056 0.201651 0.239790 -0.128622 0.182593 0.321912 0.353835 0.225681 0.103697 0.410539 -0.184698 -0.263674 -0.258663 0.219779 -0.126190 0.327279 -0.031634 -0.269284 0.383310 0.141646 0.200681 0.001257 0.204680 0.382700 0.111124 -0.135635 -0.118349 -0.208500 0.125107 0.131220 -0.134110 -0.007284 0.073847 0.013914 0.006670 0.018859 -0.087230 -0.009573 0.080979 -0.180597 0.075320 -0.206522 -0.074420 0.082149 0.021756 
0.209385 0.047766 -0.077120 0.246358 -0.043928 0.198996 0.101055 0.221374 0.123201 0.085823 -0.116363 -0.223476 0.244658 0.097839 0.319056 0.010267 0.160167 -0.097997 -0.016258 -0.252536 0.388106 -0.177109 0.072744 -0.017817 -0.240904 0.205341 -0.214382 -0.076286 -0.350758 0.216289 -0.242876 0.346449 -0.043600 -0.118280 0.071213 -0.066671 -0.068015 0.146925 0.001790 -0.066481 -0.019666 0.109658 -0.046800 -0.207105 -0.092957 -0.009828 -0.000003 
-0.315880 -0.123173 0.131506 0.065161 -0.041584 -0.264551 -0.243828 0.251659 0.054877 0.260016 -0.283620 -0.268600 -0.426677 0.166002 -0.103378 0.128593 -0.356079 0.233169 0.227413 0.088364 -0.061368 -0.104926 -0.303955 0.273188 0.095164 0.287764 -0.365517 0.061432 0.077793 -0.201705 -0.203573 0.099123 0.102753 0.049530 0.008918 0.039188 0.119827 0.028818 -0.073573 -0.184623 -0.112068 -0.080886 -0.098411 -0.058216 -0.126984 -0.054740 -0.022047 
-0.172493 -0.165228 -0.191711 0.341695 0.225668 -0.050635 -0.276824 -0.050538 0.396288 -0.322023 0.060555 -0.060366 0.118376 0.189081 0.175767 -0.280839 0.084086 0.323879 -0.031699 0.244910 -0.011270 0.184348 -0.109952 -0.142831 -0.405462 0.000870 0.070018 -0.005769 -0.031589 0.279870 0.137357 0.196837 -0.130199 0.003306 0.073843 0.181185 -0.022985 0.148105 -0.131124 -0.041538 0.055389 0.093244 0.051702 -0.091383 0.059607 0.019338 -0.018155 
0.112726 0.206044 0.225968 -0.047363 -0.338159 -0.031743 0.178756 0.123980 -0.156811 -0.199444 -0.148289 0.186959 0.270316 -0.197112 -0.026739 0.157092 0.103503 -0.373505 -0.244605 -0.096896 -0.020429 -0.269956 0.050448 0.182884 0.210953 -0.041883 0.175296 -0.301036 -0.197575 -0.044525 -0.127779 0.115854 -0.108347 -0.144271 -0.060803 -0.114620 -0.081112 -0.095124 -0.013554 -0.128517 -0.014806 0.150044 0.114520 0.005651 -0.071177 -0.127990 0.109978 
-0.050696 0.035909 -0.216191 0.176046 -0.224706 -0.173943 -0.134232 -0.282570 -0.277969 0.135016 0.240528 -0.333103 -0.202100 -0.114168 0.053263 0.174529 -0.171802 0.016440 -0.108507 0.021545 -0.234463 -0.014543 -0.237974 -0.061802 0.190109 -0.273668 -0.131485 0.211612 -0.149828 -0.002470 0.007339 0.050186 -0.145345 0.140494 -0.034525 0.076406 0.140830 0.193568 -0.169650 0.123172 0.115180 -0.089590 0.094349 0.158135 0.035672 -0.055526 0.150383 
0.349297 -0.035351 -0.067244 -0.208504 -0.077939 0.345241 -0.037911 -0.381017 -0.176082 0.013149 -0.090695 -0.158606 0.124870 0.295586 0.251994 -0.116535 0.418340 -0.033863 0.188912 -0.099952 -0.074700 -0.050932 0.176005 -0.265119 -0.170557 -0.329192 -0.069526 -0.075250 0.066731 0.275726 -0.087435 0.050177 -0.111463 -0.000576 0.044625 0.038421 -0.144870 -0.014701 -0.017177 0.087709 0.159346 0.172672 -0.182583 0.031405 0.115650 0.108795 0.080349 
0.164721 0.058269 -0.008964 -0.151709 0.255548 -0.274491 0.177458 -0.181116 0.143649 0.239801 -0.154972 0.315679 0.091224 -0.311598 -0.166499 -0.200526 -0.266824 0.264731 -0.202296 0.188258 -0.082707 0.079516 0.035339 -0.293469 -0.136879 0.061689 -0.110045 0.235457 -0.126557 -0.139764 0.123725 -0.217062 0.036326 -0.133862 -0.038787 0.075551 0.016276 -0.129512 -0.003685 0.064086 -0.070302 0.037439 0.053753 0.050986 0.109160 -0.075473 -0.050792 
0.222828 0.282306 -0.164027 0.075851 -0.225315 0.070016 -0.217519 -0.269877 -0.298981 0.118055 -0.005086 0.188782 -0.297519 0.064578 -0.002403 -0.227945 -0.123867 0.155798 -0.023072 0.250411 -0.217403 0.043701 -0.089969 -0.280433 0.130969 -0.212455 0.218668 0.135494 -0.223559 0.252462 0.040125 0.142938 0.021584 -0.004981 -0.061523 0.265695 0.083935 0.055550 -0.188839 -0.059667 0.179039 -0.011574 -0.155017 0.055977 -0.068072 0.002259 -0.148144 
0.074712 0.276356 0.046795 -0.148597 -0.221738 -0.072779 0.073512 -0.207793 0.181534 0.172433 -0.253280 0.103654 0.262836 0.251580 -0.240846 0.155612 0.241624 0.297803 0.029513 0.102148 0.101032 -0.075467 0.213542 -0.348161 -0.332456 -0.071046 0.071063 0.228274 0.052823 0.152360 0.291503 -0.207149 0.013635 -0.174342 -0.111297 -0.010910 0.014166 0.063877 0.061146 -0.093899 0.181650 0.036667 -0.147593 -0.042158 -0.070106 0.047645 -0.027093 
-0.143570 -0.180305 0.186593 0.210531 0.066200 -0.111334 0.115788 0.133587 -0.076225 -0.153777 -0.090533 -0.060006 0.190322 0.296991 -0.192953 0.226143 0.048493 0.012246 -0.135356 0.229927 -0.114901 -0.168619 -0.062489 0.231955 -0.256950 -0.181434 -0.362645 0.052921 0.243171 -0.298525 -0.224349 -0.216433 0.040195 0.272140 0.093008 -0.041078 -0.074709 0.225900 0.120288 0.077425 0.011239 -0.085337 0.226401 0.162922 0.156110 0.056168 0.113924 
0.082027 0.320823 0.191173 0.014879 -0.187152 -0.280567 -0.258432 -0.057455 -0.188575 -0.096452 -0.182640 0.174940 -0.332847 -0.052936 0.232612 -0.292598 0.205723 0.015572 -0.209810 -0.217738 0.154581 0.128556 -0.291573 -0.054206 0.215761 0.030605 -0.160992 0.045606 0.017767 -0.033519 -0.302812 -0.045510 -0.036303 -0.154168 0.092850 0.094385 -0.035807 0.107548 0.118079 0.024206 -0.045847 -0.042750 -0.106575 -0.041153 0.057251 -0.068506 -0.052845 
0.043987 0.184183 0.019898 0.219021 0.146649 0.002215 0.174996 -0.047394 -0.108328 -0.080316 -0.050603 0.183819 -0.228120 0.187748 -0.146079 -0.117852 -0.164402 -0.163472 -0.073849 0.121646 -0.037168 -0.071780 0.161127 -0.134298 -0.015943 -0.111640 -0.041248 0.057234 0.205059 0.086152 -0.137562 0.010284 0.040881 0.102143 -0.036607 0.003365 -0.092709 -0.087744 0.153338 -0.048129 0.110899 -0.110872 -0.167181 0.134875 -0.233972 -0.162341 -0.107513 -0.058579 -0.025129 -0.073999 -0.201056 0.169380 0.128952 -0.202813 0.098855 -0.079914 -0.049815 -0.039672 -0.102875 -0.099314 -0.239396 -0.091367 0.170657 0.065366 
0.182029 -0.031145 -0.112041 0.248135 0.036395 0.126007 0.041604 -0.056274 -0.226294 -0.040551 -0.180327 -0.169326 0.036111 -0.041114 -0.060944 -0.239483 0.047567 0.022876 0.070536 -0.069190 0.158434 0.055321 0.127714 -0.107640 -0.153778 0.227379 -0.038359 -0.119277 -0.004475 -0.113242 -0.106988 -0.167348 0.091008 -0.092963 -0.203166 0.043746 -0.039942 -0.015335 0.213655 -0.098846 0.116176 0.126364 -0.125440 0.018936 -0.191424 0.054797 -0.050204 0.269298 -0.155204 -0.064997 -0.021372 -0.145208 0.002637 -0.125487 -0.162446 0.061335 -0.177515 0.031779 0.211844 -0.022794 -0.196602 0.195426 0.030857 0.034402 
-0.085835 0.074282 -0.130875 -0.082863 -0.231655 -0.151795 0.097813 0.061416 -0.131128 0.107460 -0.072815 -0.108705 -0.020088 0.080094 -0.044332 0.020824 -0.093753 0.090788 -0.072582 0.013747 0.185709 0.037147 -0.176801 -0.204319 -0.057189 -0.075667 -0.006633 -0.039831 -0.091710 -0.197710 -0.041499 -0.103345 0.061383 0.078079 0.078233 0.144464 0.166554 -0.044994 0.022326 0.161744 -0.172503 0.132800 -0.109301 -0.057115 -0.046802 0.030552 0.156383 0.116571 -0.120794 0.042076 -0.013441 -0.185742 -0.024754 -0.058762 -0.065850 0.166704 -0.103691 0.046185 0.010394 0.014253 0.119674 0.140088 0.063309 -0.014799 
-0.022478 -0.017307 -0.090237 -0.164798 0.003490 0.059302 0.165007 -0.002478 0.058865 -0.065522 -0.168363 -0.153077 0.043888 -0.225534 0.174713 0.122797 0.100348 -0.099921 0.128328 -0.167777 0.052890 -0.216747 0.148382 0.123950 0.052494 -0.086921 0.028083 -0.004583 -0.221584 -0.053062 0.234317 -0.003268 0.004272 -0.218659 0.032430 0.012926 0.129374 -0.044136 -0.194338 0.008126 -0.032457 -0.159771 0.167752 -0.127792 -0.058174 0.111264 -0.174157 0.170669 0.080424 0.162988 0.163029 -0.077501 0.149562 0.120256 -0.058285 0.051926 0.226612 0.106373 -0.188105 0.252065 -0.097850 0.179334 -0.148047 0.051714 
-0.135660 0.136777 -0.151861 -0.247110 -0.013504 -0.095022 -0.044121 0.186564 -0.046566 -0.048906 -0.077849 0.077459 -0.133436 -0.145753 -0.016185 0.299636 -0.048335 -0.057242 -0.046532 0.232839 0.131258 0.157746 0.005829 0.123399 0.080722 0.017848 0.219650 0.089553 -0.085958 -0.076087 -0.127700 0.105359 -0.188124 -0.079684 0.106388 -0.167648 -0.009096 0.076012 -0.191360 0.176655 -0.209662 0.031218 0.087335 -0.097808 0.135445 0.113682 -0.139495 -0.035678 -0.154856 0.118746 0.084450 -0.178917 -0.148365 -0.070228 0.267283 0.013344 0.027100 0.283743 -0.184794 -0.091054 -0.030330 -0.028796 0.109390 0.032783 
0.065871 0.062340 0.049102 0.016194 -0.111426 0.204110 -0.095086 -0.101164 0.039997 0.060345 -0.060943 0.209797 -0.017000 0.056751 0.110061 0.005322 -0.241583 -0.189651 0.150947 -0.076443 -0.172751 0.065254 0.154808 0.190317 0.037004 -0.209479 -0.123315 0.099642 -0.007650 0.234838 -0.179208 -0.029290 -0.007292 0.085416 0.130394 0.165151 0.092376 -0.004274 0.211584 -0.132863 -0.011952 -0.041423 -0.206238 -0.124894 0.198489 0.008011 0.191082 -0.182951 0.213909 -0.012301 -0.193461 -0.110388 -0.051744 -0.134026 -0.155591 0.114923 0.060080 -0.065527 0.115711 -0.183342 -0.155487 0.105181 -0.091318 0.151160 
0.050985 0.201054 -0.036828 -0.059712 0.108758 0.073549 0.022974 -0.043293 0.194039 -0.024428 0.037714 0.173815 -0.049601 -0.004426 0.229378 -0.037876 0.142556 -0.056701 -0.034359 -0.062188 0.012103 0.104834 -0.188159 -0.141619 -0.104253 0.169687 -0.091255 -0.028999 0.113646 -0.035094 -0.163259 0.007461 -0.005915 0.153922 0.188145 -0.098130 0.054945 0.072453 0.021014 0.043657 -0.116760 -0.062129 -0.066755 0.031165 -0.023861 -0.066932 0.138044 -0.126661 0.076823 0.017836 0.020717 -0.087370 -0.109594 0.031885 0.089562 -0.055702 -0.093038 0.153875 0.128462 -0.083125 -0.053969 0.213506 0.128102 0.215394 
0.128025 0.105489 -0.200488 -0.170531 -0.134981 0.010308 0.133806 -0.025560 0.150117 -0.126985 -0.126203 -0.093390 0.005155 -0.241033 0.089228 -0.123001 0.037453 -0.106156 -0.149509 0.046282 0.127137 -0.242365 -0.188876 -0.190526 0.043595 0.212918 0.043681 -0.213339 0.140114 -0.068107 0.163118 0.056272 -0.116448 -0.179170 0.273920 0.173531 0.106399 0.061992 -0.115031 0.068694 0.023533 -0.008855 0.171127 -0.150036 -0.014238 -0.030556 -0.098132 0.207629 -0.022639 0.125384 0.135033 -0.180624 0.146141 0.048858 0.048276 -0.005421 -0.053731 -0.180560 0.089039 -0.078310 0.063253 0.158453 -0.262255 0.159584 
0.124889 0.270233 -0.003932 -0.010119 0.094809 0.218400 -0.171391 0.026243 0.036369 -0.001068 -0.016882 0.307725 -0.194181 0.074800 0.215681 0.063199 0.012865 -0.087280 0.002020 -0.107455 -0.198839 -0.121886 0.074667 0.052021 -0.096428 0.027857 -0.063268 0.078429 -0.175886 -0.173585 -0.020006 0.228537 -0.320395 -0.176917 0.097513 0.044806 -0.024694 0.037897 -0.200240 0.214427 -0.149142 0.078950 0.144189 0.100619 0.098974 -0.042203 -0.183656 0.155312 -0.198368 0.192108 -0.206250 -0.173399 0.183855 0.100081 0.167375 -0.307370 -0.128766 0.311122 0.057872 0.007698 0.117690 -0.025646 -0.028978 0.288422 
0.154999 -0.251428 0.119588 -0.099240 0.049807 0.100362 0.121231 -0.135145 -0.057811 0.018316 0.014217 0.082489 0.195334 0.091326 -0.074180 -0.176013 -0.039652 -0.056344 -0.040556 -0.136019 -0.069217 -0.151664 0.006759 0.089729 -0.208900 -0.123311 -0.142356 0.141561 0.026172 0.083261 0.131573 -0.016470 0.113835 -0.034233 -0.054359 0.000392 -0.220432 -0.193822 0.014555 -0.002629 -0.026249 -0.209345 -0.166294 -0.036975 0.220549 0.041855 0.007688 0.070824 -0.130012 0.085668 0.168468 0.019092 0.224059 -0.090866 -0.214237 -0.291909 0.059963 -0.174465 0.184149 -0.214487 0.090098 0.064816 0.006130 0.006302 
-0.042401 0.136855 0.169890 0.021397 0.124145 0.032601 -0.130923 -0.038843 0.002236 -0.103929 0.174192 -0.007559 0.072484 0.070157 0.203111 -0.059138 -0.020230 0.075603 0.038569 -0.002035 -0.187028 0.068361 -0.071760 -0.076009 0.193356 -0.040886 0.063093 0.185119 -0.119499 0.157611 0.020657 0.100850 -0.033816 -0.071149 -0.074892 -0.103951 0.175727 0.054581 0.029522 0.037527 0.042699 0.127289 0.197773 0.041069 -0.113205 0.157716 0.121703 -0.050745 0.031451 -0.004740 0.178029 0.071841 -0.213900 -0.076470 -0.037350 0.179570 -0.007299 0.145427 0.105119 0.211308 0.046822 -0.106055 -0.071315 0.253557 
0.051770 0.138719 -0.082056 0.018558 -0.051020 0.218691 0.238744 -0.081437 -0.027141 0.044255 0.078970 0.197228 0.090140 0.138023 -0.077885 -0.008664 -0.194574 -0.175227 -0.201783 -0.215992 -0.038035 0.002979 0.156286 0.146963 -0.135257 0.200977 0.067026 0.006889 0.219487 -0.230152 -0.007553 -0.078865 0.154496 0.183762 0.059196 -0.132745 0.239346 0.158635 -0.019891 0.127056 0.039531 -0.127028 -0.094426 0.080708 0.031736 0.010244 -0.233380 0.157495 0.070023 -0.064668 0.126561 -0.055335 0.191932 0.057162 -0.097027 -0.252411 -0.151466 0.179081 0.133577 -0.109122 -0.251181 -0.018148 0.170469 0.210161 
-0.099441 0.231654 -0.338892 -0.110200 -0.072404 -0.065310 0.089965 0.135595 0.094946 -0.285072 -0.008516 -0.083879 0.063488 -0.012585 0.328066 -0.022028 0.073150 0.047399 0.020546 0.095598 -0.080026 0.176108 -0.003554 0.190434 0.197890 -0.047204 -0.051334 0.150401 0.112808 -0.283353 0.048841 -0.116657 -0.041971 -0.200481 0.060287 0.185846 0.212386 -0.098004 0.154574 0.235330 -0.129035 -0.015766 -0.093107 0.271558 0.075815 -0.154102 0.046203 -0.059446 0.131258 0.011424 -0.327173 -0.186382 -0.100662 0.040546 -0.077147 -0.040417 -0.304163 0.150311 -0.158554 0.100935 -0.017645 0.272400 -0.232609 -0.006419 
-0.170882 -0.055177 -0.149899 0.022151 0.025681 -0.186715 -0.074772 0.084186 0.078296 0.094865 0.091053 -0.137730 0.178897 -0.194418 0.057256 0.029123 0.011080 0.117538 0.273596 0.140935 -0.049699 -0.044026 0.169063 0.109765 0.126826 -0.284384 -0.061811 -0.056245 -0.216123 -0.010273 -0.023790 -0.131743 0.097992 0.102386 0.094353 -0.063919 0.078051 -0.167366 -0.159565 -0.143927 0.207656 0.047360 0.017204 0.127541 0.227342 -0.078861 0.024300 -0.048095 0.233521 -0.018525 -0.194439 -0.072875 0.021084 -0.071023 0.071880 0.035383 0.009458 -0.087245 0.013116 -0.094162 0.071584 -0.104144 0.025206 -0.066989 
-0.241992 -0.127414 0.192056 0.185518 0.008767 0.128788 -0.136868 -0.012546 0.033698 0.209754 -0.174029 0.099420 -0.193848 -0.016629 -0.123324 -0.169918 0.147761 0.005379 0.052583 0.078048 0.070212 0.010183 -0.089947 -0.178553 0.057447 0.079777 -0.018702 -0.062134 -0.121317 0.269004 0.164385 -0.134998 -0.182472 0.149049 -0.095983 -0.041080 0.035500 -0.097104 0.123549 -0.131905 0.033667 0.155585 0.185643 0.046476 -0.098644 -0.222266 0.094365 -0.108853 0.043209 -0.164483 -0.281139 -0.041522 0.018725 -0.175162 -0.079810 -0.054234 -0.043276 0.098467 -0.006824 -0.079235 0.054815 -0.009396 -0.059638 0.076897 
-0.102627 0.054654 -0.129444 0.056260 -0.198226 -0.141271 -0.095029 -0.064930 0.198555 -0.151100 0.193323 -0.081819 -0.091373 0.038245 0.149186 0.112597 0.104663 0.139538 0.115070 -0.033775 -0.164549 -0.113915 -0.041245 -0.190762 -0.175271 -0.072557 -0.043236 0.048640 0.089098 0.102427 -0.022836 0.165307 -0.017977 0.113241 0.167596 0.040899 0.154669 0.201006 0.106948 0.148538 -0.175470 0.176119 -0.116910 -0.140702 -0.022187 0.186112 0.189811 -0.133145 0.121552 0.182345 0.078436 0.067647 -0.120269 -0.148807 0.227945 -0.076966 -0.126704 -0.070338 0.183949 -0.167411 -0.070892 0.011455 0.125517 0.100951 
-0.134245 0.152600 -0.204967 -0.080107 0.107396 -0.166045 0.137584 0.134489 0.200550 0.130650 -0.174786 0.025654 0.148472 -0.146407 0.067052 -0.078031 -0.258329 -0.155647 -0.039970 -0.119061 -0.148750 -0.011914 -0.016544 0.074128 0.084892 -0.077677 -0.038285 -0.247949 0.147992 -0.040692 -0.024159 0.102789 -0.121525 0.172979 0.234918 -0.103858 0.230459 0.031327 0.241856 0.090249 0.193083 -0.183639 -0.181586 0.233527 -0.184442 -0.004263 -0.003561 -0.119107 0.168911 0.125802 -0.279293 -0.191145 0.063706 0.001138 -0.061952 -0.035741 -0.162063 -0.139211 -0.026872 -0.298117 -0.088101 -0.110371 0.170975 0.106716 
0.234365 0.111317 0.192904 0.113201 0.144694 0.152284 -0.032919 0.049690 0.154567 0.066344 -0.085586 0.212935 0.013480 0.050421 -0.194922 -0.012112 0.116180 -0.050859 0.025371 -0.116872 -0.109747 0.167949 0.097813 0.059683 0.187169 -0.188760 0.021666 0.077250 -0.202642 -0.020417 -0.063884 -0.036281 -0.024518 -0.173200 0.135977 -0.141303 -0.251539 0.011631 0.056687 -0.159526 -0.154837 -0.207246 -0.129119 0.075368 0.288974 -0.119101 -0.208501 0.064276 -0.009286 0.011119 0.170635 0.124089 -0.059747 0.061238 -0.101313 -0.223527 0.076917 0.125314 0.033169 0.070127 -0.095937 -0.208295 0.199713 0.062846 
0.004766 0.038845 0.176719 0.094449 -0.012257 0.089474 0.042640 0.110807 0.160890 0.112111 0.000173 0.063496 0.145579 0.027011 -0.137054 -0.032780 -0.229360 0.112190 0.024123 -0.122474 -0.087347 0.036538 0.004036 0.206780 -0.065296 -0.173474 0.057089 0.019681 -0.102413 0.097383 -0.145045 0.152610 0.016857 -0.165625 0.028664 0.197878 -0.041408 -0.241811 0.079400 -0.026500 0.092152 -0.128010 -0.188371 0.020911 0.233326 -0.114867 -0.080337 0.150658 -0.034583 -0.043840 -0.133233 0.073991 -0.121509 0.032806 0.000990 -0.112247 0.246402 -0.119257 -0.160471 -0.157570 0.113201 -0.151976 -0.142526 -0.034813 
-0.002480 0.002172 -0.062667 -0.142233 0.073528 -0.175917 -0.042348 -0.011784 -0.068295 0.035844 -0.092598 -0.135689 0.186290 -0.102561 -0.169028 -0.052800 0.154278 -0.015056 0.228559 0.157930 -0.144631 0.080110 -0.048709 0.233955 0.221789 -0.118919 -0.118745 0.226451 -0.036044 -0.141146 -0.047903 0.193231 0.030978 0.022868 -0.238048 -0.220632 0.019638 0.127153 -0.023328 -0.198754 -0.039431 0.030997 -0.052773 -0.061750 -0.081780 0.051979 -0.037659 0.093873 0.091624 0.000883 0.072569 0.117886 0.082692 0.252587 0.053281 0.140815 -0.058684 0.180469 0.009601 0.161326 0.201150 -0.218295 0.195243 -0.030138 
0.064180 0.190500 0.012632 -0.035183 0.036458 -0.132510 0.055423 0.205260 0.111142 0.108466 -0.144311 0.268729 -0.078460 0.083706 0.078335 -0.163383 -0.131564 -0.092723 -0.317386 -0.214780 -0.092278 0.072145 0.165802 -0.079236 -0.021997 0.155870 -0.044483 -0.075073 0.106876 -0.160304 -0.192636 -0.115649 -0.221937 0.089980 0.174879 0.125837 0.174660 -0.129887 0.117634 0.129121 -0.162031 -0.149991 0.034304 0.092908 0.093496 -0.232044 -0.008508 -0.090858 -0.072298 0.084348 -0.173304 -0.007685 0.139178 -0.223955 -0.132567 -0.222653 0.010099 0.010326 0.107811 -0.131617 -0.017948 0.216710 0.025316 0.169481 
0.107607 0.019733 0.078276 0.061991 0.070795 0.017630 -0.090376 0.091468 -0.061369 0.007090 -0.199796 -0.000371 -0.032060 0.091114 -0.056080 0.173282 -0.078073 -0.059351 -0.012548 0.080590 0.023690 0.001583 -0.134004 -0.054644 0.145068 0.173648 0.142289 0.055752 0.121758 0.015266 0.004355 0.054365 0.052259 -0.212226 -0.147548 -0.030722 0.002385 -0.059920 -0.125028 0.187721 0.074819 -0.107892 -0.099871 0.023345 0.142461 -0.023160 -0.064035 -0.070681 -0.236595 0.177413 0.170723 0.048245 0.048034 -0.171076 0.157647 -0.073330 0.150200 0.143661 -0.124456 0.162080 -0.142953 -0.012565 -0.040825 0.209792 
-0.005968 0.075296 -0.116461 0.172194 0.159729 0.046483 0.107705 0.118255 0.077643 -0.270264 -0.085859 0.057598 -0.011076 0.122316 0.085166 -0.001544 0.032561 0.003138 -0.165043 -0.074059 -0.045225 -0.089912 0.017014 0.036728 0.166185 0.096984 -0.043074 -0.157128 -0.068287 0.033233 -0.275455 0.107110 -0.102931 0.018130 0.125386 -0.177984 0.234936 0.095507 0.117755 0.078478 0.098207 0.233504 -0.205782 -0.005963 0.062399 -0.023269 0.095291 -0.127361 -0.094188 0.182185 -0.082243 0.068143 -0.122401 -0.172320 -0.029960 -0.184783 0.027949 0.155574 -0.119001 -0.165440 -0.063964 -0.115595 -0.120772 0.168143 
-0.039666 0.049479 0.100367 -0.166607 -0.051605 -0.035657 0.128724 -0.149253 0.093509 0.248010 0.071189 -0.173623 0.121707 -0.139394 0.038946 0.134922 -0.043991 -0.088248 0.011273 0.005999 -0.077107 0.126950 -0.074134 -0.227072 0.021730 -0.000559 -0.119771 -0.193088 0.044645 -0.045615 0.068729 -0.111758 -0.017024 0.048575 0.134564 0.173755 -0.216832 -0.016263 -0.206551 0.028535 -0.001594 0.070594 0.179641 -0.259535 0.157253 0.043499 0.194617 -0.157480 0.107814 -0.041376 0.155856 0.072848 -0.136595 -0.106609 0.208477 0.142161 0.089557 -0.249927 0.082174 -0.106200 0.063630 0.050606 -0.080051 0.080988 
-0.168677 -0.202806 0.149570 -0.121011 -0.030428 0.157777 0.243733 -0.166690 -0.093771 0.184593 -0.094462 -0.068899 -0.109627 0.277000 0.056405 0.170648 -0.077870 -0.073362 -0.007233 -0.000922 0.024700 -0.089424 -0.094586 -0.298340 -0.027828 -0.031353 -0.049592 -0.168976 0.138493 0.160779 0.190609 0.070974 0.210917 -0.007958 0.138690 0.010619 -0.098867 0.174728 0.013832 0.114431 0.044473 0.150612 -0.139377 -0.309998 -0.055627 0.166465 0.169564 -0.150682 -0.111409 -0.077551 0.226924 0.135803 0.094182 0.157909 0.190427 -0.021929 -0.130670 -0.218336 0.063049 0.182982 0.203998 -0.099575 -0.069266 0.140296 
0.108303 -0.052087 -0.056648 0.104910 -0.131658 0.159672 0.050477 -0.202568 0.066876 0.015029 -0.244242 0.026939 -0.037979 0.132531 -0.041094 0.036977 -0.082857 0.083097 -0.130679 -0.227729 0.141575 -0.234162 0.041368 -0.214409 -0.191938 0.227930 0.109078 -0.177617 -0.146229 -0.111734 -0.167516 0.077497 -0.053446 -0.166309 0.015354 0.247367 -0.171006 -0.006760 0.142631 0.165242 -0.248064 0.085861 0.197284 0.013367 0.229914 -0.060176 -0.158550 0.077451 -0.106441 0.056049 0.061473 -0.133787 0.239496 -0.189012 -0.116810 -0.342805 -0.161942 -0.199237 -0.039373 -0.174796 -0.160942 -0.069435 0.036786 0.127308 
0.082636 0.205081 0.052032 0.198999 0.069228 0.111483 0.066230 0.126728 -0.030923 -0.062435 -0.051823 -0.021904 0.078304 0.165722 0.050038 -0.063738 -0.175804 -0.267433 0.032139 0.142282 -0.216123 0.105063 0.140099 -0.105402 0.140433 -0.081291 -0.049226 0.223133 0.041789 0.161922 0.059318 -0.013776 0.160771 -0.087901 -0.140890 0.000389 0.188509 0.121743 -0.025189 0.028097 -0.108517 0.106968 -0.002861 -0.078278 -0.067890 -0.127124 0.051955 -0.038548 -0.096692 -0.144468 -0.049432 -0.017839 0.126295 -0.079505 0.026941 0.011952 -0.020028 0.169718 0.128921 -0.078335 0.043526 -0.051118 0.018241 0.160018 
0.108312 0.041503 -0.073883 0.050484 0.034633 -0.010113 -0.233104 0.139837 -0.143015 0.074458 -0.076867 -0.065660 0.174465 0.082585 0.094849 -0.017848 0.193479 -0.038528 0.175048 0.149171 0.059977 0.003304 0.026050 -0.061839 -0.044721 -0.169215 -0.037939 0.254584 -0.033179 0.129723 0.084602 -0.022766 0.042589 0.102789 -0.246833 0.085196 -0.109960 -0.098117 0.083866 -0.034868 0.118291 -0.175591 -0.148863 0.066236 0.156603 0.191813 -0.167246 0.035566 -0.110311 0.112048 0.047610 0.155080 -0.207809 0.254918 -0.163653 -0.048003 -0.075936 -0.013289 -0.140691 0.125079 -0.051112 0.081937 -0.103985 0.041554 
0.073610 -0.196580 0.079116 -0.190250 -0.087525 0.013317 -0.015705 -0.159653 0.092895 0.080081 0.142841 -0.033449 0.125611 0.090558 -0.166861 0.160949 0.031486 0.042745 0.167304 0.090565 -0.004085 0.149406 0.145056 0.121423 -0.084405 -0.178395 -0.040039 -0.021749 -0.213036 0.032422 -0.223409 0.104413 0.125900 0.105620 0.148869 0.124613 -0.193923 -0.064595 0.105645 0.091098 -0.121870 0.068387 -0.114838 0.058080 0.117219 -0.047676 0.105615 -0.136943 0.249979 -0.026559 0.182150 0.035062 -0.126217 0.192967 -0.038409 -0.099319 -0.059901 0.055575 0.052825 -0.183830 -0.057767 0.064323 0.181910 -0.147245 
0.069040 0.072364 0.157008 0.284356 -0.095757 0.128503 0.089147 -0.083619 0.064456 0.198298 -0.228154 -0.073654 -0.076789 0.069425 -0.031879 -0.184802 -0.173856 -0.048468 0.205645 -0.095908 -0.044660 -0.115804 0.166168 0.144744 -0.196734 -0.099804 0.074438 -0.036726 -0.092916 0.095493 0.019794 0.136964 -0.122913 -0.056430 0.062691 0.048048 -0.061011 -0.109184 0.197317 0.076903 0.019669 0.018809 -0.155841 0.194427 0.095326 0.021497 -0.167841 0.186220 -0.161510 -0.198539 -0.288961 0.002837 0.018305 0.101171 -0.321147 -0.008603 0.042604 0.105169 0.130682 0.054927 -0.099860 -0.085056 0.060578 -0.027852 
0.206187 -0.012548 -0.138502 -0.033143 0.132528 0.252004 -0.124517 -0.086784 0.158997 -0.162976 -0.143401 0.001470 -0.186540 -0.001998 -0.076052 -0.105372 -0.121293 -0.137516 0.142754 0.039821 -0.143341 0.079584 -0.142523 0.211473 0.054791 -0.224027 0.061552 0.229489 -0.075401 -0.130305 -0.015996 0.058088 0.027136 -0.038745 0.011561 -0.056344 0.076005 0.081103 0.047484 0.071701 -0.256023 0.044292 -0.229392 -0.163821 0.284825 -0.090554 -0.103307 -0.076063 0.031877 0.150656 0.105676 -0.176224 0.012710 0.199522 0.081358 -0.226005 0.150297 0.035910 0.186974 -0.005278 -0.009697 -0.047760 0.156611 -0.055794 
-0.063323 -0.033678 0.013946 -0.098411 -0.153256 -0.161078 0.081813 -0.099266 0.082854 0.077796 -0.113424 0.081621 0.076916 0.014958 0.150475 -0.034834 -0.047446 0.043787 0.039297 -0.223935 0.072859 -0.036277 -0.114829 0.034016 -0.231996 -0.164954 -0.122323 -0.013553 0.017810 0.186599 0.146006 0.109899 -0.132925 -0.150689 0.166596 0.076077 -0.063123 -0.105805 0.130107 0.171960 -0.192371 -0.170313 0.074328 0.156048 0.054868 -0.023067 -0.021014 -0.034959 -0.118491 -0.154113 -0.176571 0.146648 0.149598 -0.140306 -0.030919 0.081852 -0.036720 0.047351 -0.021073 0.118695 0.004877 -0.105523 -0.040938 0.102976 
-0.151534 -0.204203 -0.041560 0.390784 0.078695 -0.034326 0.166958 0.281783 
-0.026888 -0.213481 0.192492 0.424316 0.303008 0.109688 -0.373578 -0.307635 
0.077044 -0.148563 0.188712 -0.308942 -0.272501 -0.055390 0.306902 0.341729 
-0.202213 -0.213042 0.343688 0.171613 -0.079934 -0.050042 0.099300 0.265856 
0.044026 -0.382013 -0.023387 -0.030338 -0.207099 -0.085586 -0.062301 -0.041785 
-0.057343 -0.307113 0.154777 0.200151 -0.083943 0.231772 0.141584 0.307254 
-0.365734 0.186844 0.233552 0.049847 0.196944 0.083330 0.000556 0.089953 
0.039812 -0.238068 -0.015757 -0.047130 -0.119876 -0.118086 -0.253730 -0.228002 
0.098780 0.213710 -0.009279 0.345996 -0.181315 0.107595 -0.139896 -0.092472 
0.030451 0.160374 0.198584 -0.254214 -0.276636 -0.248325 0.242528 0.127844 
-0.000343 0.087631 -0.310494 -0.238542 -0.026356 0.150421 -0.099143 -0.075432 
-0.000230 -0.371587 0.346838 0.329632 -0.214273 -0.016447 -0.014790 -0.218610 
-0.123483 0.197684 -0.264441 0.036339 -0.123907 -0.105111 0.076646 0.047046 
-0.213041 -0.290049 0.217240 0.017873 0.088519 0.367503 0.138178 0.144365 
0.162474 0.153679 -0.001146 0.134520 0.198284 0.264132 -0.325524 -0.289667 
0.254943 -0.005796 -0.320857 -0.200158 0.058358 0.154800 -0.087250 -0.057575 
0.250452 0.034398 -0.392725 -0.287288 0.183296 -0.194466 -0.038127 -0.090527 
0.041511 0.152623 -0.144958 -0.189068 0.005732 -0.230481 -0.096095 0.002404 
0.336982 0.040765 -0.295254 -0.070976 -0.274194 -0.004202 0.132665 0.265665 
0.263697 -0.041894 -0.361160 -0.324921 -0.083155 0.061385 -0.086586 -0.119534 
-0.081880 0.119904 0.027391 -0.219984 0.236789 -0.279686 0.076805 -0.008045 
0.085968 -0.234848 -0.200832 -0.194503 -0.293768 0.000321 0.006503 -0.332803 
0.004976 -0.139533 0.146590 0.102300 -0.114560 -0.185364 0.148098 -0.008746 
0.032529 -0.272592 -0.235357 0.371614 -0.389871 -0.257640 0.131992 0.018940 
0.219984 -0.184783 -0.255206 -0.054131 -0.002697 0.143433 -0.040168 -0.268837 
-0.308890 -0.058476 0.254390 -0.080845 0.492946 0.071105 -0.217649 -0.153609 
0.135320 -0.129167 0.006403 0.046989 0.126250 -0.013682 0.009155 0.043289 
0.234715 -0.410514 -0.272992 0.102860 -0.007719 0.165776 0.141147 0.123937 
-0.390208 0.013475 0.218895 -0.173880 0.116955 0.107658 -0.095435 -0.171496 
0.214375 -0.022442 0.262389 -0.280711 -0.457091 -0.002080 0.185221 0.289963 
0.146206 0.115140 0.042679 -0.230566 0.345032 -0.041486 0.181119 0.240419 
0.172386 -0.062689 -0.067377 0.228049 0.083179 0.170160 0.017019 0.123094 
-0.272115 -0.003957 -0.216807 -0.270448 -0.075786 0.196560 0.239114 0.135158 
-0.282142 0.002674 0.047442 -0.433141 -0.455345 -0.153285 -0.188918 -0.161449 
0.031921 0.361751 0.259261 0.364130 0.043990 0.214624 -0.161401 -0.283265 
-0.049840 0.441886 0.150291 0.199780 0.100750 0.094328 -0.003914 0.176523 
-0.154352 -0.044286 0.220048 0.187050 0.333869 0.215330 -0.301926 -0.455660 
-0.140017 -0.211950 -0.186351 -0.139848 0.208624 0.097276 -0.212075 -0.030093 
-0.322092 -0.057038 0.371752 0.169939 -0.161771 -0.037322 0.006030 0.113741 
-0.090052 -0.077011 0.130919 0.254641 0.247145 0.246778 -0.170354 -0.154382 
-0.227036 0.008826 0.111802 -0.423491 -0.378605 -0.315937 0.001129 -0.092755 
0.015742 -0.010878 -0.038520 -0.206991 0.072959 0.221259 -0.234696 -0.039590 
0.362064 0.212314 -0.043527 -0.162058 0.409462 -0.134785 -0.081283 -0.162084 
-0.119849 -0.225578 0.226399 0.222895 -0.165789 -0.390546 -0.030245 -0.329123 
0.228816 -0.104301 -0.233631 0.440651 -0.326294 -0.084830 0.077228 0.224523 
0.001297 0.110947 -0.276932 -0.171307 0.269223 0.012606 -0.060707 0.214773 
0.009198 0.319378 -0.033249 -0.320522 -0.090233 0.353767 -0.122888 -0.211521 
-0.112247 0.029943 -0.002816 0.290338 0.343882 -0.224320 0.214349 0.211139 
0.046642 0.277884 -0.195647 -0.117310 -0.438220 0.008942 -0.076458 -0.263873 
0.147688 -0.060700 -0.196464 0.192740 0.162676 0.036171 -0.157125 -0.154015 
0.074879 0.012204 -0.627388 -0.388465 0.330146 0.202467 0.114015 0.410193 
0.040019 -0.094732 -0.067510 -0.422154 -0.183949 -0.071831 0.263300 0.036451 
-0.162374 -0.001864 0.337826 0.256505 0.058105 -0.147975 0.096598 0.127529 
0.127298 -0.074595 -0.432829 -0.018548 0.104893 -0.014800 0.220242 0.056878 
0.184490 0.017744 -0.234326 -0.286430 0.084379 0.264793 -0.207552 -0.213291 
0.155312 0.383930 -0.183798 -0.558896 0.266448 0.012388 -0.073018 0.034244 
0.281616 0.005165 -0.025641 -0.121474 -0.291786 -0.091598 0.188942 0.192971 
0.257653 -0.576900 -0.067608 0.228730 0.177889 -0.010080 -0.294006 -0.184069 
-0.215418 0.050561 0.083175 0.082849 0.090698 0.221118 -0.003520 0.233157 
0.310437 -0.076797 -0.147189 -0.287363 0.407764 0.043624 0.153661 0.233446 
0.195671 0.126271 -0.186294 -0.208816 0.086107 -0.023210 -0.080792 0.128642 
-0.078430 0.209968 0.058799 0.010054 0.286085 0.095649 -0.096937 -0.233886 
-0.224841 -0.286111 -0.170907 -0.017645 -0.304200 -0.183153 -0.058112 0.010104 
-0.019204 -0.236498 0.302307 0.283125 0.170508 0.327357 -0.136585 -0.151680 









0.000000 
0.000000 
0.000000 
0.000000 
0.000000 
0.000000 
0.000000 
0.000000 
0.082895 
0.242989 
-0.276565 
0.049694 
-0.224560 
-0.239715 
-0.108268 
0.079464 
0.067549 
0.331675 
0.265366 
-0.140468 
0.067173 
-0.064695 
0.022274 
0.153131 
-0.000326 
0.063118 
-0.206054 
0.083967 
0.295400 
-0.021621 
0.019198 
0.160432 
0.155499 
0.226236 
-0.127959 
0.264845 
0.228866 
0.297664 
0.184813 
0.017583 
0.129631 
0.250712 
-0.291287 
0.265277 
0.420595 
-0.068910 
-0.017090 
0.023957 
-0.042410 
-0.104727 
0.328969 
-0.257730 
0.133096 
-0.107426 
0.081944 
-0.184624 
-0.318357 
0.348525 
0.228876 
0.298382 
0.025905 
-0.148191 
0.107629 
-0.189385 
-0.291570 
-0.276506 
-0.339116 
-0.330640 
0.279146 
0.243862 
0.104816 
0.112945 
0.096993 
0.108303 
-0.043742 
0.065407 
-0.112081 
0.191181 
0.003274 
0.114486 
-0.190976 
-0.007039 
-0.009694 
0.063719 
-0.006013 
0.009494 
-0.109582 
0.060583 
-0.109760 
0.231402 
0.011993 
-0.027559 
0.066581 
-0.301712 
0.075867 
-0.017451 
-0.103542 
0.170544 
0.079252 
0.013018 
0.039593 
-0.111506 
0.158037 
0.033202 
0.160175 
-0.194807 
-0.216651 
-0.021664 
-0.309988 
0.054017 
-0.274022 
0.110675 
0.163577 
0.125964 
0.112711 
0.007269 
-0.032819 
0.018062 
-0.118882 
-0.060015 
0.068741 
0.276283 
0.285300 
0.304165 
-0.254190 
0.242087 
-0.068096 
0.092428 
0.034622 
0.005596 
0.058852 
-0.076761 
0.442206 
-0.027052 
-0.216903 
0.091422 
-0.014581 
-0.122736 
0.000670 
0.030932 
-0.369916 
0.118223 
-0.076820 
-0.275102 
0.023315 
0.063530 
0.112853 
0.031635 
-0.231631 
0.454353 
0.196144 
0.194093 
0.165865 
0.223884 
-0.152380 
0.236726 
-0.137607 
0.080192 
0.157554 
-0.219750 
0.040815 
-0.163946 
0.049212 
-0.131808 
0.062638 
0.233361 
-0.008274 
-0.166505 
-0.088849 
-0.123677 
0.041178 
-0.049983 
-0.092576 
-0.375405 
-0.004756 
0.087948 
-0.029354 
-0.056781 
0.050775 
0.105189 
-0.093628 
-0.121235 
0.139152 
0.212955 
-0.026024 
-0.362201 
0.169736 
0.182379 
0.248787 
-0.158063 
0.116010 
-0.043919 
-0.293068 
-0.037823 
-0.030839 
-0.183478 
0.000282 
0.073032 
-0.078541 
0.299448 
-0.289377 
-0.090770 
-0.047468 
-0.212783 
-0.027518 
0.110948 
-0.222849 
0.208899 
-0.190135 
0.029604 
0.244879 
0.075299 
0.053578 
0.024823 
-0.271046 
0.003063 
-0.063352 
0.304488 
0.409169 
0.613138 
0.730080 
0.480041 
-0.010032 
0.404050 
3.939000 0.100609 0.078228 
