0.262100 -0.140162 -0.036973 0.237656 -0.154827 -0.274914 0.190868 0.322549 0.141079 -0.272997 0.126214 -0.227452 0.296058 0.279215 0.307905 0.107909 -0.258280 -0.239570 0.150684 -0.285992 0.111655 -0.117506 0.132734 -0.170174 0.074428 -0.246373 0.145784 -0.283998 -0.237500 0.097468 -0.011489 -0.264698 0.317674 0.321906 0.305724 -0.199641 -0.307128 0.122720 -0.224754 0.177511 0.193733 0.217941 0.268070 0.153425 0.172980 0.229808 -0.095401 0.245961 -0.339137 -0.252013 0.326263 0.127571 -0.028871 0.074645 0.329088 -0.321754 0.182177 0.100798 -0.264294 0.292569 -0.136813 0.060064 -0.302521 -0.197946 
0.039232 0.371440 -0.027102 0.089573 0.158621 0.076822 -0.131793 -0.002301 -0.072035 -0.177442 -0.188916 -0.204544 -0.304653 0.062452 -0.357296 -0.324050 0.189304 0.318318 0.215392 -0.223566 0.074639 0.177279 -0.203348 -0.109834 -0.091523 -0.094051 -0.190621 0.190211 0.307268 -0.136654 -0.342453 0.041603 -0.100417 -0.078009 -0.250641 -0.335878 -0.318646 -0.016358 -0.003638 -0.008448 0.147051 0.162764 0.052120 0.201423 -0.101269 0.068510 0.244480 -0.268486 0.041275 0.113714 -0.149859 -0.271771 -0.046405 0.002537 -0.012362 0.235675 0.239940 0.127224 0.093886 0.222408 -0.324996 0.067158 -0.082861 -0.138230 
-0.277414 -0.009789 -0.116304 -0.295574 0.309309 0.237453 0.007289 0.104686 0.080822 -0.249064 -0.091446 0.307367 0.203784 -0.141426 -0.268039 -0.090676 0.269713 -0.092797 0.027550 -0.121753 0.259080 0.318958 -0.238136 0.140947 0.118930 0.244747 0.003822 0.105841 -0.004464 0.266557 -0.325217 0.004877 -0.100359 -0.118762 0.074418 -0.146399 -0.235296 -0.231178 0.309396 0.210636 -0.117966 -0.061652 0.201565 -0.287428 0.080514 0.276869 -0.011802 0.039370 -0.205047 0.308003 0.232322 -0.298866 0.276852 -0.293053 0.160649 0.073002 0.272175 -0.156254 -0.146794 -0.061957 -0.265062 -0.105015 0.264822 0.004490 
0.113348 -0.034493 0.198359 0.222313 0.059241 0.201328 0.140159 0.286651 -0.210146 -0.014046 0.337875 0.196174 -0.087290 -0.012928 -0.095591 0.045004 -0.106889 -0.198681 0.062180 -0.098749 -0.177888 -0.129987 0.294538 -0.239183 0.045090 -0.199823 0.004583 0.103317 0.043786 -0.056878 -0.264236 -0.214400 0.258793 0.324104 -0.310543 -0.009592 0.163118 0.180768 -0.057161 0.275276 -0.183260 -0.055520 0.133219 0.029566 0.206773 -0.288095 -0.212175 -0.239842 -0.187333 0.110434 -0.012910 0.014513 0.306667 -0.059661 0.101729 0.017719 0.079005 -0.169117 -0.182548 -0.224156 0.080435 -0.110083 -0.134872 0.033590 
-0.176568 -0.094107 -0.353711 0.314625 -0.296511 -0.047574 0.269590 -0.136228 0.184770 0.084241 0.302224 0.094172 0.106172 0.355981 0.143662 0.274468 0.131867 -0.134083 -0.087928 0.144885 0.132437 -0.331888 -0.204386 -0.109214 -0.142558 -0.083841 0.008377 0.268467 0.151101 0.214863 -0.082957 0.294188 -0.235589 -0.105253 0.288319 -0.187542 0.232836 0.248519 0.093908 0.055402 -0.045683 -0.034093 -0.246004 -0.314570 -0.065245 0.326974 0.342542 -0.253813 -0.232534 -0.096775 0.222072 0.256777 -0.060606 -0.367596 -0.189823 0.115180 -0.148600 0.156974 0.080429 -0.317017 0.011333 0.320165 0.338295 0.127880 
-0.067222 0.272566 0.288730 -0.255429 0.142946 -0.021670 0.170826 -0.260141 0.268705 0.304226 -0.179335 -0.101543 0.241989 -0.236910 -0.066971 -0.277242 0.039117 -0.109351 0.302588 0.317128 -0.168322 -0.224612 0.088543 0.125469 0.292433 -0.201129 0.192760 -0.082408 -0.204554 0.137419 -0.288863 0.006592 0.061043 0.305590 0.125570 -0.144131 -0.050349 0.003181 -0.005929 -0.123920 -0.050784 0.082041 0.137814 -0.128175 0.222830 -0.224044 -0.095745 -0.055016 -0.021601 -0.063281 -0.138612 0.162002 0.027686 0.287991 -0.047546 -0.030082 -0.282834 -0.221450 0.248639 -0.127097 0.238104 0.259937 0.231798 -0.025425 
0.242324 0.067083 0.134768 -0.090023 -0.302011 -0.232977 0.129755 0.015384 0.210406 -0.075977 0.257877 0.144788 0.061413 -0.154422 -0.300093 0.334085 0.052408 -0.137353 0.191665 -0.280876 -0.113331 -0.275624 0.027807 -0.056226 -0.142340 -0.094632 0.179683 -0.232036 -0.111299 0.078367 0.026015 -0.171839 -0.229051 -0.142860 0.073352 -0.214083 0.022576 -0.143709 0.183309 -0.110001 0.077171 0.128979 0.331727 -0.265239 0.232791 -0.340112 -0.157550 -0.076407 -0.125445 0.247269 0.053907 0.095911 -0.306239 -0.255099 -0.332690 -0.085205 -0.009126 0.170812 0.054570 0.207920 -0.088926 -0.216958 -0.268701 -0.001435 
-0.074610 0.105941 0.170799 0.311037 0.270382 0.036241 -0.193237 -0.003250 -0.270083 -0.187558 0.135209 -0.302293 -0.171956 0.246215 -0.024985 0.041802 0.153406 0.333292 -0.218967 0.168737 -0.255196 -0.240192 -0.262870 0.070622 0.350968 0.073662 -0.005134 -0.091008 0.210716 0.004389 0.248271 -0.201243 -0.257207 0.095450 -0.248240 -0.382427 -0.151541 -0.053861 -0.006629 -0.035249 0.045499 -0.199275 -0.032985 0.197143 0.313886 0.265176 -0.008696 0.132744 0.262720 0.028585 -0.006778 0.325841 0.211210 0.113261 0.026165 0.224706 -0.199687 0.315863 -0.208398 -0.373899 -0.018614 -0.268156 -0.156967 0.039217 
0.054427 -0.061571 0.028674 0.144769 0.059720 -0.098434 -0.053307 -0.038491 -0.014746 0.068489 -0.102702 -0.070508 0.067442 0.027715 0.105966 0.033414 -0.130034 -0.037680 0.007497 0.079176 0.128964 -0.074128 0.031884 -0.074803 -0.099480 0.052355 -0.074626 0.046238 0.045016 0.000037 -0.094247 -0.004111 
0.095374 0.100615 0.055524 0.045397 0.118556 0.137007 0.095514 -0.105733 0.072174 -0.104795 0.008243 -0.013678 0.018394 -0.057657 -0.078581 0.055166 0.059739 0.086549 0.023473 0.018110 0.097585 -0.087803 0.104310 0.079670 0.119719 -0.087681 0.010573 0.072336 0.077819 0.007377 -0.038137 -0.025493 
-0.025174 0.091034 -0.132899 -0.063633 0.089526 0.082030 -0.027121 0.062563 0.104224 0.073597 -0.063927 -0.014239 -0.080812 0.010468 -0.068697 0.093471 -0.043768 0.019552 0.032834 -0.104311 0.073126 -0.020608 0.097064 0.070742 0.007504 -0.054188 -0.016065 -0.060220 0.097157 0.058988 0.057227 -0.039567 
0.065573 0.049219 0.041693 0.044099 0.038603 -0.107418 -0.021745 0.019590 0.081441 0.066416 -0.075741 -0.062159 -0.055307 -0.063639 -0.113117 -0.029389 0.077605 0.039282 0.013268 0.010421 -0.130297 -0.021310 -0.051238 0.051468 0.111391 0.058441 0.129712 0.020937 -0.040437 0.018227 -0.110606 -0.129629 
-0.066642 0.038918 0.034120 0.078096 0.021148 -0.118408 -0.028394 -0.006270 0.078414 -0.029480 0.000624 -0.158085 0.003971 0.007773 0.004671 -0.046714 -0.061729 -0.125989 0.074821 -0.074150 0.016541 0.076456 0.075569 -0.064395 -0.057995 0.045103 0.096000 0.083772 -0.009966 0.104203 0.083081 0.044462 
0.015159 0.004210 -0.036672 -0.097335 0.006650 0.078762 0.078199 -0.034414 -0.060078 -0.027756 -0.066968 0.059134 0.115976 0.062551 -0.126888 -0.075816 0.091755 0.054155 -0.005976 -0.057143 0.026657 -0.031381 -0.031131 -0.131741 -0.089438 -0.023988 0.038388 0.025266 -0.008864 0.004678 -0.079099 -0.083445 
-0.108384 0.032537 -0.058322 -0.005653 -0.004277 0.131203 0.128841 0.053685 -0.098944 -0.042798 0.028194 0.008457 -0.103745 -0.007843 -0.005685 0.070537 -0.053384 -0.105717 -0.089767 0.105643 -0.075143 0.020093 0.108012 0.050388 -0.062917 0.077891 -0.020547 -0.044025 -0.086301 -0.001631 0.016938 -0.103401 
-0.108221 0.057039 0.014879 -0.018874 0.064673 -0.002341 -0.101542 -0.097131 0.080096 -0.009974 -0.037073 0.087267 0.116502 0.116613 0.061636 -0.106699 0.102739 0.083761 0.095037 -0.021699 -0.003115 0.052791 -0.120215 0.071413 -0.063472 -0.043305 -0.070353 -0.043044 0.036526 0.104420 -0.018311 0.077058 
0.053081 -0.106371 -0.033110 0.004569 0.037700 -0.011218 0.016659 -0.048725 0.083844 0.122643 -0.058996 0.099981 0.087094 0.084085 -0.146554 0.076585 0.055458 0.127040 -0.101880 -0.044695 0.022833 -0.075621 -0.088595 0.073572 0.012062 -0.017394 -0.044420 -0.073869 -0.041054 0.032140 -0.137050 0.095166 
0.031369 -0.045356 -0.032359 -0.083640 0.043216 0.112544 0.048456 0.044269 0.063680 0.063712 -0.000115 0.093737 0.015567 -0.002363 -0.015076 -0.050100 -0.013661 0.023996 0.033498 -0.088047 0.050984 0.041496 0.127423 -0.049997 -0.103856 -0.055377 0.005051 -0.063509 0.077540 0.016143 -0.046694 0.006763 
0.112995 0.045777 0.057651 -0.007810 0.049588 -0.055436 -0.081030 0.035633 -0.148899 0.040547 -0.034452 0.064876 -0.101813 0.089411 0.134417 -0.036378 0.011853 0.024692 0.031976 -0.045792 -0.073569 -0.008465 -0.002045 0.017974 0.079076 0.134896 0.100644 -0.032326 -0.034528 -0.093739 -0.094781 -0.050206 
0.099692 0.052624 0.044881 -0.025024 -0.099782 0.099728 -0.075228 -0.082126 0.021886 -0.009497 0.028711 0.067291 -0.093103 0.025018 -0.068802 -0.007458 -0.055028 0.075304 0.018523 0.048082 -0.048055 -0.115419 -0.139336 -0.075506 0.099589 0.086376 0.035701 -0.041982 0.102276 0.075020 0.029389 0.121673 
0.023716 -0.022247 -0.026157 0.021796 -0.028119 0.010630 0.088291 0.128680 0.066283 0.008895 0.078552 -0.045332 -0.091086 0.120603 0.045727 -0.036091 0.100222 -0.012317 -0.137965 -0.020633 -0.031159 -0.130698 0.035937 0.009032 0.100445 -0.014136 0.124929 0.053721 -0.084216 0.016482 0.044690 0.041663 
0.140384 -0.097851 0.000602 -0.000119 0.062138 -0.092746 -0.041982 0.003010 0.005354 -0.102151 0.122449 0.076595 -0.112907 0.017956 -0.077788 0.104562 0.104550 -0.054294 -0.070954 -0.002891 -0.088155 0.070117 0.169913 -0.093442 -0.074703 0.117752 0.157189 -0.108124 -0.013496 0.051423 0.075209 -0.076517 
0.046888 -0.094804 0.041896 -0.014037 -0.073772 -0.114594 -0.103325 0.106810 -0.100375 0.064921 0.047471 -0.045887 -0.038056 0.116559 -0.104865 -0.046485 -0.127201 -0.067246 0.052807 -0.039501 -0.115972 0.051721 0.016640 -0.085233 0.008022 -0.020720 -0.075100 0.110523 -0.112237 -0.100753 -0.041238 0.091975 
-0.045427 -0.127956 -0.020002 -0.001386 -0.085664 -0.023852 -0.030427 -0.039005 -0.065781 -0.089433 0.007899 0.048002 -0.129746 0.039835 0.127753 -0.130400 0.122933 0.029738 -0.024263 0.128623 -0.058412 0.075115 0.131650 0.117243 -0.044394 -0.078359 0.097707 -0.042323 -0.095729 -0.090554 -0.020988 -0.022793 
-0.048078 0.105348 0.135852 -0.026311 -0.051209 -0.010183 0.064159 0.007354 -0.008025 -0.043585 -0.059818 -0.000467 0.075911 -0.121432 0.050473 0.042514 0.100529 -0.078657 0.047061 -0.107247 0.122985 -0.003284 0.113448 -0.084158 0.058965 0.094016 0.060469 0.089392 0.171878 -0.139912 -0.030741 -0.051141 
0.069827 -0.033341 0.046570 -0.083070 0.035180 -0.041883 -0.005499 -0.097824 0.031295 0.064458 0.071184 -0.096775 0.106464 -0.018388 -0.100108 0.062755 0.012330 0.044408 0.090231 -0.031199 -0.027798 0.075842 0.041759 0.094414 0.021025 -0.057995 0.085640 0.045240 -0.010065 -0.090937 0.076473 -0.096257 
-0.003365 -0.023581 -0.049501 -0.082684 0.067305 0.100358 -0.032062 -0.083508 0.008502 -0.080497 0.049053 0.004135 0.034528 0.009837 -0.115096 -0.074692 -0.086271 0.119571 0.033498 -0.037067 -0.003184 -0.014107 -0.033400 -0.101081 0.099477 -0.053008 0.082071 -0.094242 -0.017645 0.004528 -0.063560 0.049661 
0.085407 0.016944 0.094363 -0.005996 -0.055137 -0.087910 0.067243 0.104469 -0.089094 -0.066180 -0.028775 0.115174 0.054949 0.002280 -0.103037 0.111318 -0.001868 0.059016 -0.028465 -0.101267 -0.077958 0.012011 -0.056142 0.126071 0.054017 0.115895 -0.081373 -0.118123 0.003756 -0.020952 0.107670 -0.034660 
0.107931 0.080439 0.087370 -0.042016 0.125976 0.023834 -0.048491 -0.051740 0.074228 0.046953 -0.061314 0.010124 -0.071754 -0.074520 -0.032089 0.036621 0.090976 0.081923 0.016220 -0.109826 -0.017457 0.093573 -0.115827 -0.086249 0.076971 -0.084850 -0.048633 -0.065043 0.032499 -0.054824 0.000566 0.007744 
-0.153509 -0.020119 0.063578 -0.128015 0.108551 -0.077656 -0.048495 0.064628 0.152731 -0.009655 -0.124450 0.083395 0.074265 0.035459 -0.015117 0.087733 -0.036814 -0.102587 0.071760 -0.163032 -0.085865 0.124915 -0.126396 0.038370 -0.154214 -0.017554 -0.178772 0.085779 0.070889 0.036777 -0.101304 0.122010 
-0.142265 -0.152159 0.045782 0.090229 -0.101137 -0.093377 0.053747 0.141101 0.071268 0.083726 0.062454 0.025756 0.041024 0.016643 -0.080882 -0.080184 0.021228 -0.146957 -0.088200 0.062738 0.090768 0.005005 -0.014971 0.133078 -0.110021 0.005331 -0.028152 -0.108874 -0.139511 0.063206 0.095701 -0.060977 
0.049483 0.077004 -0.088035 0.080804 0.093178 0.079252 0.076572 0.031939 0.055018 0.057696 -0.105753 -0.032151 -0.078106 -0.067707 0.052249 0.094887 -0.031992 0.096254 0.022602 -0.062925 -0.006991 -0.122114 -0.086761 0.027878 0.009640 0.044928 0.018901 0.067995 -0.002898 -0.008802 0.129110 -0.081838 
-0.046254 -0.090172 -0.116236 -0.066224 -0.129378 0.064225 0.088874 0.057705 -0.010701 -0.133913 -0.064194 0.065398 -0.059167 0.103958 0.078604 0.037972 0.111637 -0.046250 0.122939 -0.051147 -0.021299 -0.115592 0.096816 0.142962 0.066085 -0.032767 0.087442 -0.058603 0.122727 0.041860 -0.010406 -0.084847 
0.088261 -0.016728 -0.043521 0.093800 -0.075306 -0.066879 0.041717 0.097122 -0.023486 0.107272 0.002373 -0.008586 0.088584 -0.033009 -0.050778 0.060827 0.056061 -0.105632 -0.109423 -0.122595 -0.016185 0.083844 -0.159297 -0.101581 -0.093611 0.020397 -0.061774 -0.049887 -0.006486 0.057884 -0.019500 0.003990 
-0.069012 0.047721 -0.049836 -0.017224 -0.122788 -0.126987 -0.038678 -0.039268 -0.149396 -0.110148 0.117604 0.119232 -0.002919 -0.067359 0.051209 -0.077138 -0.025771 0.038206 -0.052079 0.044543 -0.012764 -0.051744 0.067686 0.092099 -0.099269 -0.100012 0.130413 0.013099 0.077079 -0.046306 -0.115773 -0.124786 
-0.106734 -0.019934 0.001018 -0.103767 -0.011809 0.103004 0.019778 -0.022431 0.103745 -0.002962 -0.042012 -0.001623 0.019665 0.102567 0.023218 0.110839 0.033102 0.128031 -0.003354 -0.086068 -0.057009 -0.071801 0.105434 -0.035568 -0.050961 0.114601 -0.116422 -0.108648 -0.054129 -0.105992 -0.099418 -0.035004 
-0.012470 0.059343 -0.002950 0.098537 0.012753 0.097029 -0.077864 -0.034154 -0.050950 0.013487 0.097881 0.051116 0.001961 0.001805 0.065013 -0.082948 0.016112 -0.042397 -0.032264 0.070978 0.022664 -0.065788 -0.057190 0.051830 -0.085544 -0.041225 0.106251 -0.034238 0.006092 -0.126248 0.034035 0.086938 
0.050951 0.127629 0.045628 -0.093224 0.083448 0.081699 0.025780 -0.111601 -0.073513 -0.011595 0.104682 0.091568 0.105648 0.026565 0.113934 -0.007803 0.125010 -0.056123 -0.026763 -0.014298 -0.010535 0.022719 -0.063748 0.018843 -0.127061 -0.098833 0.124373 -0.032476 -0.075275 -0.014080 -0.045861 0.073893 
-0.026333 0.084916 0.080522 -0.045031 0.032272 -0.035089 -0.068289 -0.082273 0.121214 -0.091216 0.066894 0.067864 0.090824 0.122567 -0.018183 0.066786 -0.089831 0.020649 -0.065949 0.020553 0.010234 -0.023817 -0.103380 -0.018082 -0.036470 -0.162698 0.061322 0.042502 -0.045849 -0.099313 -0.025145 0.121983 
-0.130997 -0.056782 -0.047812 0.078807 0.044160 0.050592 0.128132 0.005434 0.097927 0.111706 -0.034465 0.078931 0.073896 0.026140 -0.007343 0.125239 -0.057797 0.068556 -0.002607 0.038221 -0.088829 0.048076 -0.113091 -0.007821 0.047834 0.090768 -0.102297 -0.074488 0.124848 -0.018676 -0.087382 0.121858 
-0.011044 -0.038113 0.017954 -0.075793 -0.114832 0.032629 0.082613 -0.093629 0.052952 -0.122757 0.040648 0.001177 0.079499 0.001047 -0.055245 -0.077711 -0.116743 0.055600 0.064836 -0.045324 0.012045 0.102570 0.079816 -0.046703 0.023090 0.094410 -0.060702 0.070408 -0.085140 0.051353 0.033174 0.119948 
-0.100237 -0.032209 -0.075930 -0.067240 -0.094804 -0.127963 -0.034247 0.060806 -0.110713 -0.095623 -0.085359 0.147339 0.024663 0.007641 -0.083049 0.064855 -0.037124 0.118360 -0.096321 0.099357 0.077855 0.096150 -0.086258 0.051277 0.094770 0.007504 -0.048744 -0.070142 -0.100968 0.098437 -0.058717 -0.078905 
-0.055715 -0.004157 0.002650 -0.006473 0.001402 0.073368 -0.062710 0.044414 0.080656 -0.033920 0.070631 0.030723 0.076941 0.079785 -0.059435 -0.086087 0.059320 -0.017236 0.101507 0.033775 -0.049019 0.118040 -0.044889 -0.062467 -0.006173 -0.006024 0.027634 -0.001666 -0.032671 0.073565 0.056198 0.010420 
-0.097936 -0.098242 -0.163766 0.033978 -0.149237 -0.083935 -0.008821 0.139419 0.076430 -0.117767 -0.067296 -0.000489 0.103709 0.089355 0.012331 0.065809 -0.100624 -0.044000 -0.060323 0.030006 0.010318 0.024138 0.052853 0.124577 0.075697 -0.074128 -0.074356 -0.013910 -0.147809 -0.048361 0.108540 -0.002964 
-0.004679 -0.120724 -0.111237 -0.038304 -0.053780 0.027753 0.039446 0.160840 0.042971 -0.098979 -0.020119 0.122586 0.086826 -0.107652 0.004278 -0.131319 0.039646 0.076296 0.048739 -0.073360 -0.046745 -0.003813 0.123482 0.008289 0.116653 0.025239 0.063273 -0.136626 0.035023 0.062322 0.024168 -0.032150 
0.045361 0.052504 0.059639 -0.110980 -0.039170 -0.042741 -0.075280 -0.075428 -0.059950 0.018144 0.121338 -0.021775 0.032536 -0.006785 -0.044399 -0.102005 -0.054989 -0.092968 -0.092514 0.072567 0.030583 -0.101479 -0.056590 0.064652 0.037868 0.145306 0.105208 -0.074287 0.026907 -0.005955 0.007195 -0.041218 
-0.080305 -0.033598 -0.010058 -0.028551 0.014964 0.006039 0.023932 0.096996 -0.120893 0.002363 -0.098140 0.018926 0.082598 -0.022650 0.085591 -0.106732 0.059482 0.107702 0.112375 -0.037271 -0.112562 -0.138296 -0.132733 0.039009 0.106047 0.106735 0.119681 0.007613 -0.018006 -0.011803 0.133354 0.008195 
0.065993 -0.026877 0.071009 -0.070361 0.106782 -0.006831 -0.037504 -0.097230 0.106143 -0.026404 0.042671 0.108705 0.092996 -0.009270 0.103924 -0.039243 -0.022749 0.069725 0.060617 0.004992 0.057966 0.066737 -0.109478 0.096385 0.062777 -0.086413 -0.026888 -0.130697 0.002018 -0.008899 0.005179 -0.025251 
0.083085 -0.032856 0.069363 0.107373 0.104127 0.108489 0.038665 0.049588 -0.036314 -0.022867 0.034694 -0.112029 0.102897 0.015774 0.019734 -0.027176 -0.059472 -0.008227 0.054727 -0.088722 -0.040034 0.106381 -0.086829 -0.143814 0.102759 -0.007329 -0.091043 -0.004807 0.105490 0.016486 0.029231 0.024770 
0.119315 -0.041453 0.019003 0.111053 -0.040093 -0.043484 0.025337 -0.006195 0.062555 -0.072363 0.065646 0.019319 0.066450 -0.056739 0.060322 -0.076853 0.002153 0.027028 -0.063294 0.078813 -0.051637 0.006066 0.116546 -0.108253 0.134870 0.122885 0.012671 0.109466 0.019912 -0.067201 0.001675 -0.017118 
0.026063 -0.102461 -0.025320 0.077291 -0.027743 -0.126538 -0.066210 -0.114592 -0.067072 0.102389 0.034290 0.082551 -0.071039 0.001721 0.137676 0.090597 -0.104702 -0.047354 0.070427 -0.031777 0.054354 0.038314 0.009353 0.043630 0.026376 -0.109676 0.005300 -0.058763 -0.043708 -0.096758 0.068811 0.087046 
-0.070536 -0.096065 0.033736 0.061843 -0.087962 0.103460 0.033145 -0.045522 0.139362 -0.052715 -0.056656 -0.114734 0.111569 -0.037658 0.133874 0.132759 -0.009225 0.058190 -0.032107 -0.067895 -0.006264 0.124710 0.110327 -0.107655 -0.117783 -0.024126 -0.090769 -0.005921 0.013358 0.132278 -0.074271 0.069336 
-0.054726 0.079042 0.025454 -0.052902 0.082359 -0.051613 0.047774 0.063920 0.012475 -0.117382 0.110048 0.037526 -0.056526 0.101623 0.032216 0.063931 0.078274 0.104623 -0.065668 -0.090453 0.047749 -0.109900 -0.095359 0.096638 0.042872 -0.028884 -0.053098 -0.089695 -0.046318 -0.051151 -0.070811 -0.007035 
-0.065820 0.069584 0.104479 -0.085636 -0.093617 -0.006595 0.047091 0.025476 -0.015240 0.031978 -0.014317 0.040070 -0.009275 0.081521 0.030166 -0.074013 0.044228 0.115276 -0.088859 -0.014918 -0.100014 -0.067416 -0.020033 0.019288 -0.001114 -0.023787 0.131116 0.066020 0.103062 -0.106683 -0.093407 0.083439 
0.075978 0.141135 0.145679 0.116505 -0.012650 0.070753 0.045680 0.082084 -0.059100 0.131814 0.076051 0.061599 0.089890 -0.051103 0.074834 0.040039 -0.085521 0.133668 -0.094623 -0.082045 -0.089259 -0.017041 0.124498 -0.000323 0.104659 0.099871 -0.033074 0.024692 0.153293 -0.003240 0.020324 0.057002 
-0.044027 -0.010047 0.027656 0.080163 -0.082944 -0.070482 0.014145 0.021589 -0.030067 -0.068559 -0.067921 -0.121045 0.045230 -0.053480 0.053821 0.115842 -0.090483 0.039216 -0.083507 -0.048242 -0.052305 -0.090817 0.091363 0.132984 0.079115 -0.120150 0.001876 0.136674 0.010294 -0.075440 0.055507 -0.119611 
0.068199 -0.017906 0.097648 -0.094236 0.038034 0.006062 0.018202 -0.138853 0.114820 -0.121029 -0.110594 -0.005389 -0.049668 0.059760 0.038446 0.020957 0.003683 0.051384 0.114786 0.020703 0.109368 0.081163 0.015026 0.065917 -0.129111 -0.096275 0.022515 0.067212 -0.013858 -0.053859 0.079938 -0.078858 
0.088017 0.033709 -0.043910 -0.020724 -0.047874 0.126226 -0.019733 -0.079979 -0.103065 0.031839 0.066514 -0.051327 -0.050474 -0.054495 0.094101 0.063364 -0.090346 0.072122 -0.012880 0.094515 0.000655 -0.102626 -0.009344 -0.001175 -0.041377 -0.067453 -0.058302 0.054546 0.008482 -0.125718 0.108033 -0.040285 
0.053471 -0.068900 0.043627 0.086134 -0.073864 -0.089450 -0.106763 -0.054732 0.026581 0.084275 0.039325 -0.095588 -0.089176 0.002562 0.087823 -0.093926 -0.049736 -0.042097 -0.113707 0.098756 -0.035318 0.023888 -0.007010 0.072796 0.091478 0.071339 0.016553 -0.060932 0.060577 -0.000752 0.030817 -0.018256 
0.077101 -0.060627 -0.018833 0.111779 -0.025459 -0.051946 -0.088884 -0.111281 -0.158470 0.072111 -0.047835 -0.020861 -0.072781 0.138501 0.028702 -0.024497 -0.004243 0.037825 -0.032765 0.098528 -0.090767 0.031164 0.068084 -0.076374 0.003800 -0.079500 0.044128 -0.142015 0.016107 -0.125614 0.024552 -0.097128 
-0.043569 0.080147 -0.111825 0.022206 -0.077071 -0.064210 0.087560 -0.031556 -0.117729 0.103495 0.016325 -0.040520 0.080665 -0.098476 0.072575 -0.095210 0.067625 -0.105846 0.096661 0.122752 0.065399 -0.033211 0.107324 -0.060926 -0.027113 -0.027834 -0.049312 0.111841 -0.013906 0.095914 -0.076450 0.086175 
0.044122 -0.058242 -0.024157 0.131373 0.028323 -0.071788 -0.060573 0.048283 -0.068633 0.095089 -0.134889 -0.124186 -0.092201 0.092325 -0.084325 0.118293 0.073981 -0.095124 0.053805 0.049068 0.046166 0.088810 0.128052 -0.109259 -0.096467 -0.066356 -0.127821 0.062010 -0.079296 -0.062206 -0.062253 -0.140236 
0.004696 0.043857 0.094254 -0.076951 -0.128354 -0.054701 0.113205 -0.075173 -0.033557 0.101357 -0.095816 -0.018132 0.085218 -0.019656 -0.088375 0.072037 -0.025626 0.099385 -0.010775 -0.101059 0.039971 0.018147 -0.096820 0.094134 0.082865 -0.079260 -0.043185 -0.068870 -0.038870 0.082815 -0.089930 -0.120790 
0.030098 -0.039559 -0.032099 0.019856 0.009343 -0.051914 0.069228 0.058017 -0.091642 0.125873 -0.063223 -0.137397 -0.044204 -0.058412 0.078017 0.070553 -0.018583 -0.027002 0.130406 -0.128405 0.087297 -0.122588 0.087194 0.053773 -0.039160 -0.018945 0.121778 0.035607 -0.048905 -0.110665 0.079824 0.049649 
-0.069043 -0.113093 -0.083559 0.065993 -0.046277 0.134853 0.004711 0.003460 0.152419 0.037363 -0.023620 -0.098335 0.139898 -0.067911 0.090642 -0.046688 -0.015303 0.088067 -0.067934 -0.044077 0.114004 -0.062285 -0.123790 -0.092888 -0.002373 -0.115542 -0.163782 0.052675 -0.100661 0.079191 -0.080262 -0.008688 
0.087452 0.008005 -0.045512 -0.082775 -0.019449 0.075637 -0.014297 -0.061054 -0.034152 0.129484 0.011408 -0.052576 -0.052717 -0.020506 0.038606 0.062463 -0.042116 0.116593 -0.048076 -0.072526 -0.098764 -0.022406 0.012320 0.002592 0.027325 0.026422 -0.055831 0.017001 -0.045907 -0.027101 -0.104546 -0.121270 
0.083057 -0.046660 -0.064995 -0.060250 0.105389 0.057619 0.013801 -0.079571 0.003765 0.118754 0.046697 0.095715 -0.057206 -0.103677 0.027057 0.018952 -0.116664 0.113996 0.063878 -0.103429 -0.071558 -0.059013 0.059086 0.044817 0.087625 0.099929 -0.016308 -0.133032 -0.043068 -0.026899 -0.101088 -0.130981 
-0.016588 -0.052176 -0.071234 0.015201 0.101684 0.083707 0.030208 0.027176 0.109436 -0.086908 -0.032254 0.074557 -0.001785 -0.087702 -0.031439 0.013177 -0.176890 -0.091273 0.009917 -0.100203 0.019296 -0.038234 -0.154093 -0.088920 0.121075 -0.064553 -0.090025 -0.022031 0.035515 0.002942 -0.082688 -0.059400 
0.044117 -0.023396 0.053037 0.011173 -0.092837 -0.011152 -0.038894 0.111322 0.025459 0.050222 0.056269 -0.044576 0.073724 -0.062701 0.024681 0.064006 -0.009362 -0.112255 -0.100007 0.117375 -0.066375 -0.114822 -0.091293 -0.017966 -0.013599 -0.018516 0.000443 -0.091746 0.054188 0.049285 0.032991 0.017908 
-0.138343 -0.011937 -0.092769 -0.031042 0.085466 -0.009861 -0.048493 0.044170 -0.074194 0.115627 0.071306 0.130124 -0.061873 -0.033420 0.055130 0.046027 -0.047078 0.106160 -0.017756 0.041775 -0.077661 -0.001673 -0.110969 0.014906 0.065678 -0.002002 0.072909 0.045636 -0.070912 0.001105 -0.102868 -0.058988 
0.090679 -0.045393 0.049734 0.055923 0.073064 0.086313 -0.002085 0.074998 0.047640 -0.059624 0.107332 -0.107381 0.001520 0.030417 0.013613 -0.095689 0.035467 -0.111103 0.060439 0.070895 -0.021621 0.081602 -0.025849 -0.054758 -0.041354 -0.080178 0.104650 -0.004254 0.046510 -0.135220 0.081381 -0.026585 
-0.053834 0.026392 -0.107088 -0.142654 -0.040051 -0.001960 0.120295 -0.035126 0.028574 0.078066 -0.035514 -0.039000 -0.001598 0.121352 -0.013790 -0.111122 -0.085659 -0.096836 0.123141 0.016156 -0.122930 -0.102261 0.065869 -0.000272 -0.043248 0.059149 0.119781 0.080588 0.055700 0.083877 -0.008493 0.143999 
-0.083094 -0.006015 -0.107762 0.111171 0.154192 0.217678 -0.123786 0.086610 0.102759 -0.113451 -0.076576 -0.175948 0.085342 -0.121227 0.008726 0.008887 
0.041722 -0.110141 -0.161434 -0.048131 0.035880 0.071499 0.145798 0.090749 0.016255 0.110035 0.063249 -0.165700 0.000947 -0.053240 -0.126444 -0.190576 
0.037372 -0.108348 0.109280 0.067705 -0.118228 0.158744 -0.059805 0.127787 -0.001119 -0.068586 -0.083602 -0.113058 0.073700 -0.029909 -0.007663 -0.057785 
0.127095 0.053160 0.106896 0.045240 -0.038684 0.075229 -0.062832 0.105148 0.000829 -0.075399 0.175984 -0.053431 0.036476 -0.151841 -0.090885 -0.031535 
-0.107613 -0.206711 0.128576 -0.061762 -0.116171 -0.004247 -0.124043 0.059655 0.056166 -0.143952 0.089128 -0.055925 0.150461 -0.198921 0.017818 0.013382 
-0.012364 -0.095633 -0.124568 -0.223146 -0.143942 0.048995 0.159006 0.063243 -0.144891 0.083568 0.069075 0.008279 0.138706 -0.139847 0.108585 -0.154880 
-0.081322 0.002934 -0.013905 -0.119649 -0.102435 0.029585 0.110276 0.052913 0.117795 -0.022484 -0.140786 0.103991 -0.032532 0.108701 0.000297 -0.151489 
-0.101859 0.150147 -0.094449 -0.049629 -0.031296 -0.156274 -0.052198 -0.018425 0.096505 0.135392 -0.170147 0.111176 0.146422 0.161246 0.171241 -0.082912 
-0.012567 -0.051540 -0.101548 0.048338 -0.181643 -0.164843 0.000702 0.194622 -0.058915 0.082251 0.097942 0.202540 0.024050 -0.062168 -0.114840 0.075379 
-0.176352 -0.084748 -0.102317 -0.002665 -0.059934 -0.084414 -0.133693 -0.038201 -0.125630 -0.139224 -0.130389 -0.126938 0.175321 0.083977 -0.105040 0.042024 
-0.088641 0.029649 -0.043107 -0.054506 -0.027888 0.126234 0.030765 0.103653 0.025965 -0.132166 0.047725 -0.154790 0.005711 0.111340 0.148737 0.055295 
-0.118008 0.146674 -0.124169 -0.022317 -0.109170 -0.130481 0.130453 -0.089537 -0.096685 0.080193 -0.117642 -0.066176 0.023569 -0.008505 0.130945 0.138946 
0.061804 -0.083925 -0.090785 -0.113642 -0.112023 -0.019810 -0.101067 0.122023 0.051494 0.189803 0.076057 0.109382 0.017320 0.072985 0.061269 0.090611 
0.077996 0.203542 -0.034573 0.104687 -0.089223 -0.123381 -0.111637 -0.095915 0.087418 -0.077672 -0.026577 -0.050185 0.027342 -0.001236 0.003347 0.010606 
0.104013 -0.002855 0.025871 0.125474 0.004380 0.070370 0.071736 -0.082961 0.036158 0.070549 0.008755 -0.129738 -0.063356 0.005832 -0.149447 -0.183036 
0.037865 -0.074490 0.111523 0.030200 0.029906 0.102088 0.030491 -0.062726 -0.128589 -0.045721 0.096648 0.111991 0.050157 -0.143114 -0.164752 -0.060020 
0.081507 0.048757 -0.033165 -0.095001 0.011969 -0.045080 0.071720 -0.140257 0.162642 -0.131633 -0.069806 -0.136009 0.059684 -0.005949 0.002346 -0.143245 
0.074585 -0.104829 0.027916 -0.033459 -0.141799 0.010254 0.059006 -0.082865 0.092214 -0.062108 0.124057 -0.041496 0.045433 -0.173462 0.151577 -0.035952 
0.110025 -0.132906 0.016016 -0.110024 0.042398 -0.079721 -0.036786 0.006087 -0.001618 0.113707 0.100789 -0.079774 -0.132981 -0.002732 -0.125976 -0.187457 
0.018944 0.216234 0.052070 0.099310 -0.038794 -0.052257 0.070940 -0.123811 0.042464 -0.021290 0.046855 -0.131007 0.053187 0.001372 0.065978 0.045261 
0.144431 -0.093227 0.027165 -0.002288 -0.014143 -0.170262 -0.121087 -0.140728 0.071051 -0.032972 -0.106920 0.173869 -0.038160 0.041394 -0.158931 -0.127383 
-0.085437 0.058567 0.061514 0.086995 0.025127 -0.021565 0.052122 -0.019383 -0.159399 -0.065807 0.033308 0.126398 0.125704 -0.178471 -0.132719 0.147457 
-0.020441 0.050892 -0.019385 0.133088 0.124492 0.059969 0.128459 -0.032234 0.060894 -0.166943 -0.003740 -0.157526 0.030014 -0.020889 -0.093429 0.120048 
0.215404 0.107804 0.022502 0.039253 -0.019702 -0.062179 0.139312 -0.109037 0.064056 0.007138 0.081172 -0.028333 -0.094996 0.211927 -0.056413 0.022297 
-0.009633 0.096240 -0.034674 -0.042375 -0.106867 -0.018078 0.199329 0.110728 0.022679 -0.072106 0.129799 -0.128222 0.153025 -0.092932 -0.025924 0.124319 
-0.191273 0.069602 -0.048398 -0.093461 -0.141707 -0.025201 0.144798 0.082130 0.089285 0.025801 -0.085401 -0.148392 0.063499 0.057821 0.123012 -0.058083 
0.014626 -0.078735 0.050546 -0.041344 0.113210 0.082750 0.041383 -0.152722 -0.048974 -0.078442 -0.089880 -0.326265 -0.035561 0.071114 0.111512 -0.034437 
-0.028328 -0.160831 0.135246 -0.025553 0.072417 0.039638 -0.180449 0.014409 -0.073553 0.015246 0.076508 0.175951 -0.112519 -0.068569 -0.149788 -0.065887 
0.080653 -0.211380 -0.125525 -0.025429 0.099192 -0.014373 0.046521 0.118037 0.076708 -0.116691 0.109109 -0.062017 0.045984 0.037227 0.063603 -0.180332 
-0.127551 0.128727 -0.042928 0.076235 -0.048939 -0.032693 -0.051992 0.055174 -0.143644 0.167200 0.018392 0.037246 -0.107285 0.186861 0.081081 -0.100742 
0.226274 0.035657 -0.029023 0.054690 -0.050479 -0.125056 0.052971 0.068381 -0.056449 0.069646 -0.145027 -0.133359 -0.137034 -0.066606 -0.178614 -0.102149 
0.070021 -0.040421 -0.125859 -0.074833 -0.137623 -0.104348 0.135134 -0.062086 -0.141693 0.076045 -0.031872 0.026109 0.012279 -0.114061 -0.059668 0.016447 
0.237657 0.125678 -0.074491 -0.218790 0.226637 0.306148 -0.318436 -0.081245 -0.022405 -0.120630 -0.029017 0.069599 -0.118964 -0.096946 -0.262123 -0.076438 0.225680 -0.263561 -0.061202 0.183114 -0.140871 -0.069515 -0.269551 -0.014898 -0.262610 -0.043624 0.151150 0.138010 0.024918 -0.211811 -0.092419 -0.013770 0.108210 0.011120 0.032295 0.095585 0.020319 0.016866 -0.092623 -0.132115 0.127697 -0.014492 0.044816 -0.060488 0.098320 0.108754 -0.036998 
0.023768 0.239050 0.151476 -0.065032 -0.182436 -0.211598 0.017054 0.196296 -0.117452 -0.306285 -0.047257 0.230152 0.104239 -0.032757 -0.229395 -0.211079 -0.079335 0.093715 0.202910 -0.196216 -0.213042 -0.043321 -0.035376 -0.087086 -0.126945 0.220546 -0.292471 0.032180 0.147784 0.234146 0.237901 -0.129946 0.092365 0.041932 0.088517 0.120026 0.086404 0.004555 -0.043632 -0.104114 0.002604 0.048050 -0.108072 -0.164664 -0.025687 -0.077483 -0.081760 
0.057120 0.254078 0.307914 0.201588 -0.147034 -0.003427 -0.142571 -0.032593 0.193483 -0.131173 -0.042357 -0.103174 0.264180 -0.149637 -0.161688 -0.102649 0.252588 -0.234563 -0.202375 0.134270 0.205048 -0.051947 -0.162822 -0.222766 0.135312 -0.235833 -0.162324 0.211170 -0.157394 -0.110586 0.240767 0.243931 -0.036791 0.125366 0.056672 -0.043603 -0.060016 -0.121343 0.066730 -0.081939 0.001384 -0.099834 -0.015533 -0.046769 -0.023492 0.063473 -0.037473 
-0.152223 0.269575 0.105204 -0.230968 0.140132 0.248234 -0.114798 0.245864 0.216877 -0.081794 -0.211900 0.034388 0.180719 -0.071411 -0.012775 0.083295 0.132659 0.024722 0.045735 -0.270889 0.206352 0.045531 0.123637 -0.188920 -0.279839 -0.261977 0.069394 -0.031620 -0.094661 -0.012282 0.168200 0.099860 -0.020698 0.009206 0.042129 -0.115875 -0.016573 -0.131747 0.099437 -0.065262 -0.002933 0.125297 0.060015 -0.080825 -0.039161 -0.026030 0.088783 
0.210432 0.326901 -0.042088 -0.217447 0.231698 0.262629 0.175677 -0.176425 0.309627 0.199906 0.195025 -0.123718 -0.053571 -0.131901 -0.210067 0.271649 0.139506 0.033016 0.124136 0.049227 -0.228746 0.093945 -0.004689 -0.097037 -0.179472 -0.006405 -0.174632 0.034127 0.149541 0.007609 -0.137914 0.193885 0.025104 0.047304 0.131532 0.010196 0.044887 0.081807 0.018793 0.036804 0.075502 -0.017721 0.047553 -0.083888 0.063271 -0.117719 -0.114741 
-0.133867 0.169376 0.153385 -0.195229 0.167651 0.021449 0.128431 -0.293806 0.199653 -0.138475 -0.156139 -0.126671 -0.181659 0.155711 0.004001 0.214957 -0.026238 -0.209730 0.205823 0.195619 0.140062 0.127751 -0.008505 -0.206127 0.050581 0.200066 -0.200609 0.111337 0.047864 -0.211699 0.047193 0.268882 0.136760 0.012014 0.121301 0.017111 -0.078244 0.053843 0.041651 0.135818 0.070849 0.136993 -0.156913 0.104224 0.088418 -0.006983 0.077471 
-0.161666 0.070928 0.089706 -0.193790 -0.103431 0.047135 0.055344 -0.006154 -0.223601 0.012594 0.121132 0.135197 -0.218732 0.144598 0.030954 -0.182060 0.090830 -0.235295 -0.237897 -0.153636 -0.130241 0.077559 0.243464 -0.144239 0.014618 0.238815 -0.083855 0.022597 0.179017 0.200507 -0.078170 -0.246392 0.050730 -0.119369 -0.049111 0.158576 0.086558 0.103787 -0.011412 0.074647 -0.080005 -0.102316 -0.013228 -0.057372 -0.140933 -0.122141 0.002055 
0.103587 -0.188714 0.039292 0.232676 0.008769 -0.107403 0.243238 0.041748 0.149407 0.224808 0.171976 -0.048053 0.098246 0.191780 0.172839 0.093987 -0.097271 0.247090 0.184266 -0.024755 0.074730 0.118601 0.221556 -0.104872 0.282733 -0.210063 0.150870 -0.094012 -0.227805 0.172068 0.221461 0.115406 -0.111503 -0.026826 0.002535 -0.010233 0.086932 -0.007311 -0.058255 0.032151 0.008293 -0.110282 -0.095188 -0.102884 0.136640 0.058524 0.107398 
-0.073413 0.128285 0.154781 0.125405 -0.099225 0.017310 0.087404 -0.028285 0.001546 0.074804 -0.052094 0.204528 0.079182 -0.114701 0.178548 -0.036399 -0.045178 -0.129003 -0.238017 0.231116 -0.178546 0.058494 -0.157367 0.099737 -0.192715 -0.090462 0.144665 -0.104947 -0.080450 0.034951 -0.168538 0.099357 -0.062162 -0.116526 -0.016657 0.029864 0.058526 -0.116003 -0.070777 -0.112226 0.005245 0.035296 -0.184817 -0.038637 0.125259 0.115855 0.077339 
-0.027903 -0.287423 0.125809 -0.136519 -0.173689 -0.018064 -0.081730 0.279430 -0.070254 0.144840 0.163107 0.123963 -0.264875 -0.088452 -0.223186 0.175992 0.055153 -0.177248 -0.195126 -0.130359 0.100820 -0.155092 -0.039383 0.290744 0.150935 -0.225163 0.253816 -0.164639 0.250455 0.171911 0.298005 -0.153645 0.072681 0.062953 0.035845 -0.112344 -0.145542 -0.142085 -0.135786 0.070877 0.077075 0.087115 0.016849 0.135803 -0.105620 0.034288 0.074577 
0.130814 0.079148 0.201880 0.215794 0.016869 -0.215353 -0.118749 -0.018482 0.180838 -0.065716 -0.034805 -0.240408 -0.058075 -0.144297 0.220672 0.118867 -0.180330 0.113765 -0.115493 -0.130795 0.157096 -0.074980 -0.102617 0.003069 -0.185603 -0.196003 0.230784 -0.221631 -0.173884 -0.031293 0.109032 0.218378 -0.096276 -0.012224 0.065853 0.016846 -0.014871 -0.106806 -0.121133 -0.024647 0.025279 0.020505 0.002431 0.137229 0.061733 -0.033492 0.035590 
0.238715 -0.260160 0.300029 -0.240556 0.259369 -0.055823 -0.216971 0.105111 -0.083540 -0.013448 0.007108 -0.112465 0.095625 0.231307 -0.269430 0.087382 -0.222073 0.086739 -0.011055 0.134528 -0.240421 0.098366 0.141529 0.063014 -0.087100 -0.126422 0.248057 -0.074604 -0.349040 -0.085989 0.365681 0.138060 -0.021740 0.095619 0.092595 0.011103 -0.164838 -0.138153 0.059546 0.065672 -0.008679 0.043202 0.172464 -0.036808 -0.079496 -0.147021 0.103030 
-0.073747 0.016901 -0.112916 -0.175401 0.099641 -0.314098 0.322382 -0.224169 -0.079675 -0.121932 -0.282174 0.134804 -0.130984 0.066222 0.104295 -0.330355 -0.260610 0.051834 0.176497 0.152744 0.144718 0.299185 0.143143 -0.214890 0.095596 -0.185543 -0.202089 0.053573 -0.026480 -0.163765 0.026110 0.130894 0.079288 0.146427 0.073827 -0.052295 -0.106141 0.034406 0.056808 -0.041855 0.118541 0.061751 -0.142296 -0.034145 -0.051898 -0.023107 -0.105024 
-0.017019 -0.207720 -0.256421 -0.224614 0.081578 -0.251829 0.121172 0.283006 0.017463 0.149761 -0.199012 -0.049763 -0.179191 -0.172571 -0.235563 0.180257 0.166263 -0.248109 0.079211 -0.174212 -0.265887 -0.077841 0.138062 0.029152 -0.127590 0.027571 -0.013391 -0.008728 0.214699 -0.144929 0.130989 -0.125281 -0.099006 0.099324 -0.000767 0.141295 0.073579 -0.075416 0.119168 -0.049481 -0.130479 0.105063 0.054694 -0.082041 -0.136986 0.126374 -0.083547 
0.133594 0.185467 0.065474 -0.212780 0.180332 -0.273990 0.297448 -0.099351 -0.030966 -0.060026 0.119356 0.288306 -0.138401 0.247578 0.117790 -0.055581 -0.221861 -0.060995 -0.227585 -0.193578 -0.160025 -0.101332 0.268381 -0.048936 -0.070333 0.194910 -0.170627 -0.055704 0.241628 0.311236 0.007764 0.088492 0.102747 -0.011511 0.066214 0.062687 0.037667 0.038351 -0.039444 0.118571 -0.137494 -0.169622 0.096332 -0.075434 0.126594 0.021718 0.093268 
-0.186031 0.272091 0.207115 -0.100338 -0.217760 -0.269079 -0.094139 0.039732 0.010952 -0.256515 0.021255 0.265895 0.226449 0.114646 0.049557 -0.107652 -0.054363 0.314387 -0.071325 -0.116455 0.045329 0.196870 -0.032834 -0.054825 0.222631 -0.030848 -0.093007 -0.223528 -0.049428 0.228571 0.212598 0.101510 0.121045 0.105631 0.096466 0.118295 0.128178 -0.134009 -0.038293 -0.053552 -0.129628 -0.136845 -0.052291 0.156593 0.055677 0.083399 -0.059038 
-0.069018 0.126640 0.019517 -0.008485 -0.093194 -0.020932 0.105740 0.144009 -0.073066 -0.048922 -0.090805 0.034012 0.079620 -0.105065 -0.015729 -0.042205 -0.127241 -0.108663 -0.087192 0.185265 -0.146043 -0.054291 -0.079216 -0.015997 -0.051683 -0.076129 0.083445 -0.094296 -0.195686 0.000556 0.031266 -0.074516 -0.020796 -0.056255 0.118641 0.043673 0.110406 0.060339 0.044904 -0.133816 0.192910 0.109976 0.011860 0.048339 -0.153303 -0.187577 0.176048 -0.144429 -0.090215 -0.136943 0.179922 -0.027976 -0.040033 -0.047604 0.105708 0.120054 0.029402 0.020337 0.204535 0.059207 -0.174813 0.065075 0.088965 0.012325 
0.206350 0.025461 -0.078065 0.075244 -0.038189 0.120150 0.165639 -0.205904 0.023049 -0.016413 0.159837 0.064434 -0.080227 0.064623 0.091997 0.069691 0.148059 0.130115 -0.170434 -0.130021 0.217129 0.194563 0.185100 -0.025400 0.042299 0.195768 -0.157268 0.089343 0.097649 0.227935 -0.095556 -0.066916 -0.056021 -0.032139 -0.184916 0.160823 -0.169646 0.105151 0.095738 0.048241 -0.065610 0.002592 -0.118148 0.171501 -0.130408 0.190557 -0.068119 -0.079764 0.054571 0.012158 -0.091405 -0.031997 0.003762 -0.129894 0.188390 -0.183323 -0.060119 0.260175 0.045601 0.176821 0.157823 0.217038 -0.016663 -0.078392 
-0.066010 -0.004446 -0.169794 -0.035640 -0.003281 0.136444 -0.152986 0.106755 -0.043567 -0.061015 0.049205 0.103025 -0.170462 0.152440 0.188204 0.033947 0.031826 -0.039595 -0.169992 -0.125738 0.079480 0.140405 -0.075629 0.175492 0.114591 -0.177457 0.092199 0.096773 0.156745 -0.115427 0.182943 -0.130509 0.074223 0.204385 0.010917 -0.115315 0.113569 0.052297 0.184587 -0.076725 0.145025 0.039684 -0.177800 0.207244 -0.024301 0.168895 0.051953 -0.160999 -0.087055 0.017164 -0.132347 0.188989 -0.005961 -0.042551 0.151181 -0.079044 -0.020395 0.071753 0.176964 -0.032591 0.094543 0.192436 0.002590 0.020078 
0.138443 -0.111192 0.054135 0.113420 0.067999 0.021481 -0.159977 0.025382 -0.163455 -0.170430 0.029740 0.010735 -0.150559 -0.122132 0.075040 -0.051575 0.086638 0.110098 -0.034828 -0.058076 -0.069310 -0.102671 0.020973 0.086861 0.140939 -0.014656 0.165309 0.059419 -0.001539 -0.018241 -0.167164 0.042082 0.023890 0.035257 -0.033148 -0.078886 -0.143868 -0.023823 0.113225 -0.092624 -0.011736 0.015413 0.159975 0.015830 0.047846 0.017930 0.199321 -0.070858 -0.042232 -0.079160 0.066800 0.063195 0.014456 -0.082604 -0.104125 -0.029878 0.148064 -0.132794 -0.164137 -0.037819 0.072854 -0.180041 0.178589 -0.046497 
0.062568 -0.038436 0.025539 0.090782 0.054611 -0.023858 -0.184042 -0.116534 0.121238 0.145501 0.101126 0.035881 -0.009022 0.080143 0.170526 0.158674 -0.134044 0.057897 0.044351 0.060720 0.181492 0.150143 -0.178489 0.138100 -0.135235 -0.172665 -0.039674 0.087718 -0.158185 -0.061606 -0.169745 0.083861 0.030901 0.058593 0.007309 -0.063011 -0.147976 -0.033752 0.001325 0.164019 -0.026351 -0.082094 -0.002857 0.125471 -0.165352 -0.006517 0.094545 -0.148689 -0.119148 -0.062431 0.051166 -0.147807 -0.118199 0.064528 0.145698 -0.062899 0.097592 -0.062226 -0.164087 0.123292 0.026598 -0.133661 -0.007025 -0.091898 
0.161159 0.248477 0.009129 0.088353 -0.082229 -0.191099 0.032106 0.059590 -0.128086 -0.066782 0.062167 0.037018 0.086369 -0.061672 -0.001897 0.186755 0.133674 -0.142051 0.226327 0.183474 0.133931 0.251916 -0.177178 0.006917 -0.043997 -0.167192 -0.017625 0.082584 -0.130969 0.136892 -0.173481 0.178618 0.041276 0.110537 0.120916 -0.139248 0.084070 -0.084245 0.118051 -0.173015 0.131650 -0.045013 -0.081736 0.005908 0.119962 0.095511 -0.050112 -0.003532 0.166737 -0.080026 -0.140423 0.019254 -0.100318 -0.082569 -0.186614 0.066995 -0.012036 0.019575 -0.050966 0.077716 -0.149629 0.036898 -0.038293 0.166608 
-0.216265 -0.181386 -0.125643 0.104400 0.044606 0.157636 0.159677 -0.160636 -0.018363 -0.154197 0.002573 -0.231261 0.169554 0.137984 -0.033483 0.056022 -0.200825 0.080769 -0.087174 -0.131346 0.176762 -0.040925 0.093060 -0.085144 -0.172428 -0.120177 0.109446 -0.069386 0.049486 -0.081175 -0.057149 0.011933 -0.113948 -0.133476 -0.100783 0.143742 -0.148374 -0.149413 0.101134 -0.020178 -0.134942 -0.033732 0.057966 -0.094239 -0.095969 0.221542 -0.197889 -0.050201 0.091585 0.009113 0.087906 0.032874 -0.178525 -0.044132 0.196516 -0.219923 0.027768 0.100213 -0.112505 -0.196575 -0.077925 -0.004445 0.128261 -0.098066 
0.144347 -0.168512 -0.165821 -0.167681 -0.132557 -0.179460 -0.022744 0.085953 0.005013 -0.118305 0.089936 0.126221 -0.114137 0.150331 -0.134707 0.118562 -0.030486 0.107734 -0.025550 -0.019715 -0.102057 -0.052670 -0.009263 -0.186876 -0.143114 0.106976 -0.136798 -0.116582 -0.088549 0.101143 0.035621 -0.094206 0.225544 0.121705 -0.047830 -0.183272 0.175307 0.188567 0.133868 -0.027676 0.194076 0.027495 -0.151600 -0.189920 0.029605 -0.128368 0.121007 0.144022 -0.128617 -0.103233 -0.059895 0.067149 0.028227 0.146480 0.068021 0.094632 -0.043085 0.123312 0.194544 0.120445 0.055249 0.010082 -0.214791 0.097182 
0.005275 0.013708 0.188911 -0.070827 -0.083728 0.063505 0.044712 -0.140482 -0.133583 0.083827 -0.037676 0.119512 -0.187179 -0.189355 0.080522 -0.056713 -0.059814 0.151002 -0.146341 0.122149 0.074115 0.125322 -0.028291 -0.123944 0.090104 -0.090131 0.127669 0.020903 0.145462 0.195768 -0.098590 -0.055754 -0.080883 -0.070624 0.037429 0.033887 0.094131 -0.108348 0.058003 -0.139276 0.177492 0.186859 0.111454 0.217512 -0.189581 -0.017668 -0.035638 -0.096159 -0.057144 -0.093963 -0.232430 0.145006 -0.148525 -0.061193 0.114586 0.086920 0.118985 0.110214 -0.108149 0.119566 0.023300 -0.007826 -0.165649 0.198678 
-0.003050 0.091987 -0.043711 -0.071261 0.074902 -0.151641 -0.081732 0.099590 -0.144405 -0.096231 0.047087 -0.116906 0.138571 -0.139567 -0.048013 -0.121712 -0.045459 -0.067386 0.189021 0.001048 0.099547 0.133413 -0.146308 0.019069 0.016255 -0.060485 -0.032480 -0.186804 0.063869 -0.082564 -0.203854 -0.024364 0.150897 -0.042974 0.090025 0.082697 0.033173 0.144472 0.013578 0.056096 -0.066575 -0.101474 0.124092 -0.205125 -0.025390 -0.099140 -0.128718 0.042989 0.073528 -0.124856 -0.136372 -0.046764 0.133401 -0.068462 -0.200829 0.013748 0.043630 -0.078646 0.014245 -0.071478 0.067951 -0.001069 0.042353 0.050485 
0.130925 -0.120030 0.009324 -0.004371 -0.128840 -0.144606 -0.123092 -0.004932 -0.040524 -0.176398 -0.040344 0.024983 -0.057457 0.037708 -0.103938 0.143303 0.025125 -0.079185 -0.038418 -0.014931 0.004362 -0.017888 0.115295 -0.127200 0.128602 -0.037980 0.029101 0.035602 0.137491 -0.152731 -0.034262 0.134412 -0.066360 0.145120 -0.044571 -0.009485 -0.139220 -0.010986 0.160442 -0.029988 0.000686 -0.038545 -0.148795 0.074058 0.185563 -0.061946 0.064777 0.025666 0.052901 -0.113107 -0.132419 -0.121550 0.033168 0.162425 -0.046775 0.007754 -0.073240 0.124611 -0.121781 -0.141609 -0.135277 0.012657 -0.165159 -0.059171 
0.004208 -0.091685 0.143080 0.055550 0.161374 0.130083 -0.109528 -0.038265 -0.030326 -0.126727 -0.132739 -0.119926 0.008808 0.159584 0.081975 -0.158864 -0.202437 0.138138 -0.119872 -0.012479 0.075619 0.025066 -0.135858 -0.192396 0.022770 -0.049469 -0.112588 0.055899 0.146859 -0.080110 -0.112883 -0.058307 0.031725 -0.200216 -0.186337 -0.002371 0.144548 -0.100358 0.118857 -0.115483 -0.085795 -0.195140 -0.023755 0.106791 0.149199 -0.092351 0.112057 0.175628 -0.129915 -0.080553 0.040340 0.132888 0.142139 0.057616 0.210912 -0.032002 0.118565 -0.076564 -0.125082 0.056766 0.044059 -0.077918 -0.099837 -0.174540 
-0.016941 -0.103352 0.052051 -0.051690 0.007372 0.012377 0.019760 0.125561 -0.027137 0.163225 0.125000 -0.018118 -0.203470 0.017272 -0.000878 -0.130759 0.147677 0.188308 -0.149425 0.107247 0.063155 -0.146415 -0.047716 0.045692 -0.048905 -0.008687 -0.089861 0.206847 0.122044 0.024352 -0.131684 -0.146628 0.120288 0.114357 -0.030816 -0.076419 -0.123255 0.206840 -0.109460 0.069444 0.147250 0.163905 -0.170279 0.204480 -0.045098 -0.015156 -0.116150 -0.047121 -0.062471 -0.142078 -0.159928 -0.130429 -0.085724 -0.040164 0.042834 0.016758 0.152341 0.148598 0.024736 0.118652 -0.075645 0.074411 0.140166 -0.095783 
-0.126564 -0.070775 -0.076371 -0.000945 0.009997 -0.001169 -0.095417 -0.063350 -0.040343 -0.116636 -0.095318 0.039877 0.057801 -0.036681 -0.118304 -0.194183 -0.015004 -0.054959 -0.171507 0.097452 0.075465 -0.016741 0.021299 0.041439 -0.049514 -0.134737 -0.082148 0.081785 0.100102 -0.114989 0.080350 -0.179797 0.069226 0.103684 -0.028194 -0.106671 -0.077248 0.055410 -0.016842 0.039509 0.083090 0.115448 0.011837 0.002992 -0.139111 0.076325 0.042111 0.076653 0.151839 0.100464 0.084028 0.079124 -0.040486 -0.121016 -0.045128 0.068201 -0.072412 -0.001209 -0.023548 -0.220446 0.165185 -0.159622 -0.127167 0.000866 
-0.220808 0.005545 0.111776 -0.013968 -0.040282 -0.082247 -0.099764 -0.174818 0.182848 -0.045874 0.065192 -0.224088 -0.144151 -0.043821 0.137746 -0.206828 -0.182484 0.047311 0.043062 -0.026141 0.146758 -0.235168 -0.036708 -0.128959 0.032236 0.140572 -0.148103 0.001847 -0.116891 -0.125840 0.179000 -0.132014 0.026563 -0.024259 -0.013993 0.216228 0.036291 0.004158 -0.203523 0.043322 -0.213600 0.108127 0.162199 -0.105151 -0.164477 0.127909 -0.092195 -0.111055 -0.064977 -0.157568 0.138808 -0.161008 -0.168721 -0.136269 -0.112153 -0.007736 -0.086891 -0.131583 -0.206982 -0.137319 0.016416 0.129606 0.035207 -0.187380 
0.046303 0.222653 0.183442 -0.064238 0.014539 -0.177298 0.156800 0.058689 0.065600 0.103311 0.170431 0.183338 -0.009727 -0.112776 -0.067183 0.101197 -0.046957 -0.124429 0.125092 -0.011530 0.008617 0.168450 -0.185653 0.096554 -0.131993 -0.189646 0.183894 -0.031922 -0.191664 -0.006027 -0.030442 0.037069 -0.039373 0.011483 0.148465 0.162003 -0.014340 0.133884 0.050354 -0.077852 0.079262 0.038772 -0.116236 -0.109368 0.109923 -0.029568 0.168271 -0.157294 0.041947 0.042625 -0.059475 -0.140626 0.016011 -0.023987 0.076486 0.059173 0.007444 0.108495 0.187584 0.028680 -0.135485 -0.005059 -0.164411 0.060399 
0.193821 0.232148 0.017314 -0.072698 0.080406 -0.145911 -0.011261 -0.041646 0.045542 0.107132 0.049593 0.094148 -0.079083 -0.017079 0.065062 0.180870 -0.070496 -0.150547 0.201357 0.104164 0.018294 0.161376 -0.098080 0.165783 0.045366 -0.099034 0.014120 0.045597 0.048583 0.062830 -0.096194 0.035688 -0.026964 0.167053 0.151559 -0.092186 -0.160307 -0.055443 0.051411 0.098177 -0.064588 -0.125433 -0.100216 -0.002446 0.082707 0.135182 -0.060634 0.124609 -0.142118 -0.093159 -0.061806 -0.017499 0.183538 0.079624 -0.042283 0.056307 0.178824 0.210814 -0.081219 0.115400 -0.039908 0.050033 -0.122317 -0.171446 
-0.102675 -0.237050 -0.083198 -0.048091 -0.008056 0.172930 -0.098511 0.030905 -0.123117 -0.024791 0.184980 0.042072 -0.089023 -0.113969 0.030280 -0.093989 -0.043081 -0.159964 0.108415 -0.035789 0.074004 -0.086083 0.199689 0.098011 -0.050812 -0.101225 -0.074733 0.221342 0.091088 0.032001 0.198012 -0.218348 0.071999 -0.109849 -0.105641 -0.166841 -0.157335 0.035500 0.050517 -0.097709 0.102430 0.076210 0.174891 -0.084475 0.072255 0.013089 0.043168 -0.083686 -0.038592 -0.025379 0.104090 -0.045103 0.131132 0.086454 0.209446 -0.125024 0.158172 -0.059066 -0.083987 0.048266 0.189408 -0.103497 0.081833 0.056378 
-0.027987 -0.185027 0.015314 0.022335 0.032821 -0.093638 0.118491 -0.028047 0.118752 0.087494 0.067685 0.032480 -0.115131 -0.077339 0.167884 0.069148 0.096500 0.100704 0.146584 0.068421 -0.002172 0.125382 -0.132579 -0.020342 -0.108093 -0.030449 -0.139729 -0.110188 0.058259 0.121864 0.056447 -0.186476 0.159936 -0.122286 0.008376 0.009883 -0.056126 -0.041116 0.164046 -0.126293 -0.162520 0.042248 0.098465 -0.059627 0.116304 0.104389 -0.174449 0.080937 -0.016290 -0.171069 -0.003553 0.183515 0.139905 0.012657 0.012035 -0.148885 0.144201 0.040069 -0.087537 0.005652 -0.000166 0.150965 0.037281 -0.048945 
-0.138451 -0.055790 0.153257 0.000477 0.015651 0.096726 0.030839 0.023797 -0.073288 -0.067323 0.183137 -0.074809 -0.151635 -0.182598 -0.136802 0.026743 -0.161116 0.012310 0.054985 0.197042 -0.095536 -0.147076 -0.148926 0.209416 0.054845 -0.058115 0.035968 0.185751 -0.048067 -0.140625 -0.064268 0.040500 -0.121338 -0.098794 0.192071 0.152356 0.141547 -0.022326 -0.024670 -0.059819 0.156867 0.010330 0.081866 -0.148408 -0.002406 0.117547 0.074766 -0.022153 -0.064727 -0.105138 -0.023354 -0.070010 -0.103480 0.009971 -0.105427 0.132050 -0.107429 0.082847 0.108465 -0.008382 0.128113 -0.099914 0.195760 -0.116589 
-0.055983 0.130817 0.200413 -0.040966 -0.001689 0.019847 0.114461 -0.079097 0.146519 -0.033988 0.006824 -0.037594 -0.159028 -0.163489 0.192967 -0.052624 -0.071794 0.019146 0.077701 0.022047 -0.071011 -0.174628 -0.028394 -0.050667 0.116960 -0.116246 0.079252 0.098192 -0.024351 0.067175 0.111483 0.079193 -0.011084 0.094225 -0.156091 0.202283 -0.127115 0.100095 -0.078192 -0.118085 -0.099672 0.124667 0.066124 -0.000152 0.096822 0.075198 0.125733 -0.128354 -0.142372 0.001930 0.081175 -0.078389 0.020944 -0.162680 -0.003002 -0.061102 -0.011656 -0.108104 -0.177305 0.107395 0.132141 0.123390 0.038399 -0.034932 
-0.007944 0.033922 -0.038971 0.122545 0.015029 0.070024 0.217063 0.034492 -0.036811 0.030122 -0.104243 -0.118898 -0.126820 0.136581 0.028223 -0.105427 -0.008057 -0.042624 0.005633 -0.136185 0.035770 -0.200298 0.026241 0.171687 -0.104748 0.016551 0.045034 0.214410 -0.010538 -0.078080 -0.047994 0.142602 0.094949 0.018170 0.051106 -0.049899 -0.150743 0.089856 0.130817 0.028763 -0.069352 -0.114256 0.158844 0.072321 -0.207795 -0.004301 -0.174245 0.000675 0.063925 -0.006192 0.053562 -0.089602 0.014485 -0.124267 -0.138832 0.038175 0.151143 0.072991 0.050696 -0.085130 0.176691 0.166972 -0.050977 0.102268 
-0.023605 -0.237453 0.135285 0.070288 0.114044 0.162445 -0.053794 -0.107926 0.206652 -0.099862 0.089915 -0.201247 0.041651 0.123934 0.020696 -0.100682 -0.067298 -0.048834 -0.052950 0.126308 0.017021 -0.059646 0.105813 -0.028879 -0.151349 0.021508 0.083650 -0.179735 -0.001912 -0.183532 0.076090 0.127225 -0.147391 0.001580 0.020290 0.115260 0.005036 0.158484 0.180705 -0.006544 -0.145376 0.101704 0.004209 0.070172 0.032210 -0.131513 -0.198905 -0.156068 -0.026687 0.008873 0.205073 -0.157902 0.150845 0.090603 0.052199 -0.181007 -0.125447 -0.061749 -0.167229 0.009132 -0.009692 0.062963 0.024983 -0.048159 
-0.071252 -0.104699 -0.111691 0.115420 -0.159211 -0.103556 -0.098857 -0.011425 -0.131777 0.110601 -0.195594 0.069367 0.191948 -0.108959 0.042976 -0.038578 0.020356 0.026678 -0.028514 0.018804 -0.072255 0.148814 0.013027 0.025637 -0.107787 0.059735 -0.075973 0.005595 -0.057117 0.047518 -0.177512 0.140519 -0.159503 -0.075974 0.095489 -0.159854 0.074994 0.181177 0.027498 0.076861 0.115267 0.022520 -0.021204 0.031447 0.126465 -0.144851 -0.145571 -0.074399 0.120235 0.008312 0.158664 -0.083116 -0.040377 0.023387 0.137023 0.081966 -0.157066 -0.155799 -0.057294 -0.023176 -0.194948 -0.079040 -0.085914 -0.200982 
0.004728 0.098481 -0.095294 -0.042168 0.169973 0.101567 -0.120080 0.093680 -0.043262 -0.026504 -0.021454 -0.255260 0.042829 0.015129 -0.081326 -0.045395 -0.235909 -0.131258 0.106528 -0.083593 0.018162 0.059805 0.176500 0.077443 -0.172586 -0.091775 -0.127851 -0.113352 0.051366 -0.046905 -0.118080 -0.067790 -0.028820 -0.113427 0.039920 -0.052007 -0.194818 0.103229 -0.158819 -0.072371 -0.136991 0.063176 -0.025884 0.115166 -0.140284 0.066763 -0.025929 -0.150465 0.070185 -0.064651 0.036270 -0.043483 -0.120054 -0.013102 0.193520 -0.129132 0.091082 -0.170754 -0.067391 -0.100309 0.085664 -0.062527 0.098922 0.184519 
0.103592 -0.040754 -0.070038 0.087262 -0.088249 -0.024615 -0.138407 -0.052139 -0.125365 -0.028915 -0.072047 -0.091362 -0.128102 0.145105 -0.067244 0.118239 -0.123863 0.155013 -0.172283 -0.094870 -0.039825 -0.156527 0.039902 -0.197149 -0.110878 0.217914 0.007668 0.037174 0.012226 -0.088169 0.094058 -0.124849 -0.010128 -0.182202 0.144175 0.132931 0.011388 -0.219285 -0.114576 0.008193 -0.023175 -0.046238 0.088179 0.010969 -0.048784 -0.103606 -0.121864 0.034211 0.230489 0.009109 0.134239 -0.086218 -0.017345 -0.029841 0.026675 0.046119 -0.035758 -0.130782 -0.074579 0.105357 -0.056392 -0.106189 -0.141341 0.048171 
-0.080664 0.225097 0.058982 0.090960 -0.231154 0.103586 -0.131454 0.046246 -0.073432 -0.161266 -0.177005 0.108010 -0.090059 -0.058951 -0.087836 -0.093314 0.100361 -0.200475 0.077063 -0.048773 -0.007783 -0.111399 0.074565 0.198029 -0.106833 -0.167497 0.127277 -0.032185 -0.116221 0.079199 -0.059960 0.110705 0.135798 -0.102725 0.051565 0.047702 -0.147593 0.125021 -0.034259 -0.009542 0.160631 -0.004082 -0.099205 -0.198522 0.132259 -0.064669 -0.044380 -0.050923 -0.011325 0.069094 0.041087 -0.137187 0.119756 0.006809 -0.217756 0.231868 0.029767 0.081027 0.032176 0.152807 0.016406 0.118936 -0.015669 0.052029 
0.173415 0.167497 -0.036883 0.175694 0.084083 0.084645 0.000312 -0.007396 -0.129507 0.059121 0.022753 0.121718 -0.123699 0.085593 -0.083766 0.080387 -0.010465 0.139212 0.111956 -0.093941 -0.074374 0.158238 -0.100957 0.103611 0.121891 0.070177 0.100499 0.016534 0.025166 -0.057896 -0.148746 -0.005676 -0.114495 -0.028234 -0.013411 0.186984 -0.124886 0.117523 -0.023329 -0.084089 0.023692 -0.183047 -0.133300 0.092682 0.088640 -0.018510 -0.030931 -0.084642 -0.068332 -0.053639 -0.005587 -0.023320 -0.088048 0.062602 -0.071188 -0.147600 -0.021077 -0.147514 0.032718 0.154139 -0.045955 0.083814 -0.010882 0.000579 
-0.094470 0.168755 -0.019662 -0.078929 0.133027 0.137898 0.024216 -0.025664 0.206839 0.081140 -0.148593 0.131703 -0.078049 0.081351 -0.208628 -0.018930 0.170858 0.001081 0.100003 -0.125663 -0.116883 -0.130639 -0.081817 -0.007522 -0.131350 0.193637 0.029424 -0.090095 0.072322 -0.164793 -0.176969 0.129390 0.134346 -0.014034 -0.103705 0.098001 0.016895 0.080308 -0.113908 -0.005119 0.021876 -0.113746 -0.088996 0.047884 0.213352 -0.087333 -0.199776 0.207639 0.152464 0.164089 -0.103666 -0.191106 0.175149 0.002037 0.079815 -0.124095 -0.054857 -0.031024 -0.006597 -0.150295 -0.049815 0.007648 0.152627 -0.131046 
-0.177218 -0.180047 -0.134934 0.018263 0.183623 -0.039901 -0.138006 0.007291 0.117732 -0.060410 -0.129453 0.047439 0.042835 -0.085938 0.035414 -0.055625 -0.179523 0.117407 -0.050335 -0.216961 -0.106695 -0.131106 -0.131422 0.032800 0.027526 0.073205 0.082157 -0.156081 -0.104823 0.087800 0.005127 -0.144099 0.148361 0.011009 0.048805 0.123442 0.171432 0.119455 -0.044333 0.068641 -0.157522 -0.007284 -0.038725 0.068565 0.071342 -0.161976 -0.172781 0.119152 0.119539 0.039167 0.129448 -0.134123 0.105316 0.145106 0.156763 -0.057809 -0.032404 0.059789 -0.013174 0.012074 0.001997 0.152739 0.112154 -0.093193 
0.030162 -0.073741 -0.134524 0.036202 -0.041705 0.047293 -0.058646 0.043385 -0.142022 0.092271 -0.080417 0.098517 0.006670 -0.081459 0.041869 -0.029653 0.137632 -0.027074 0.016365 0.063906 -0.111294 -0.050280 -0.073814 0.107596 -0.180258 0.074051 -0.086014 0.074412 0.043389 -0.129069 0.150412 -0.172678 0.159782 -0.129739 0.047271 -0.158433 0.060586 -0.084047 0.099090 0.090457 0.069221 0.172298 -0.032632 -0.045197 -0.137089 -0.177166 0.108986 -0.121735 -0.075864 -0.063647 0.139059 0.138423 0.123389 0.211986 0.057069 0.117515 0.035475 0.140413 0.022218 -0.061011 0.185449 -0.045111 -0.048639 0.149870 
-0.004297 -0.078098 0.159043 -0.125296 -0.034835 0.031344 0.133369 -0.214006 -0.068934 -0.091823 -0.005179 0.040504 -0.132036 -0.163093 0.150664 0.066523 0.027187 0.093876 0.004992 -0.021351 0.114696 -0.176129 -0.025613 -0.026476 0.130744 0.112826 0.006112 0.178152 -0.062826 0.211991 0.025757 0.058137 -0.089418 -0.021625 0.081748 0.080216 0.086566 0.018648 0.015990 -0.092615 0.099621 0.199260 0.138861 -0.096257 -0.196237 0.093748 0.143614 0.035403 -0.064549 -0.077060 -0.189519 0.193142 -0.049333 -0.065211 -0.086799 -0.135130 -0.020324 0.099121 -0.183027 0.071052 0.085035 0.031063 -0.032661 0.214727 
0.080488 -0.194642 -0.012830 0.164132 -0.013007 -0.182144 0.231737 0.153331 
-0.222755 0.044602 0.097968 0.025349 -0.044537 -0.161572 0.343112 0.367208 
0.081944 0.191687 0.081068 -0.079635 -0.047266 0.016680 0.147200 0.214102 
-0.036686 0.040615 0.026918 -0.059957 -0.026505 0.096628 -0.090393 0.098135 
0.114751 0.067088 0.024058 0.035069 0.207208 0.113139 -0.168950 0.049541 
0.167474 0.187034 -0.196238 -0.035740 0.057231 0.169875 -0.029269 -0.156537 
0.193188 0.049347 -0.078616 -0.076192 0.017010 -0.006676 0.042868 0.176295 
-0.083921 -0.121644 0.081287 0.071482 -0.307397 -0.052137 0.060908 -0.128653 
0.027792 -0.112771 0.019818 0.018997 0.194807 0.148044 -0.080156 -0.053751 
0.104774 -0.101702 -0.146978 0.082102 -0.138388 0.029606 0.188211 -0.002149 
0.122480 0.043793 -0.145893 -0.125747 -0.011872 -0.058045 0.070680 0.196467 
0.113414 -0.236875 -0.014404 0.190350 -0.070192 -0.266267 0.235100 0.099059 
-0.242424 -0.046896 0.181605 0.180428 -0.070274 0.118140 -0.183065 -0.009290 
-0.032066 -0.150455 0.052462 0.059960 0.089437 0.219575 -0.126265 0.013678 
0.135141 0.168298 -0.274008 -0.090661 -0.023205 0.035899 0.008926 0.141698 
0.021109 -0.178766 0.095127 0.103135 -0.117733 0.005412 0.265105 0.173732 
0.077477 -0.081694 -0.113605 0.163476 -0.151960 -0.141733 0.181842 0.081093 
0.131213 0.072151 -0.172012 0.060671 0.161456 0.093612 -0.064482 0.064122 
-0.187430 0.044257 0.077945 -0.011972 -0.192075 -0.224671 0.057523 0.129457 
-0.115718 -0.031871 -0.059464 -0.068755 -0.204410 -0.185588 0.121154 0.106351 
0.156924 0.198009 -0.013162 -0.102749 0.087819 0.098935 0.120329 0.156764 
-0.074790 -0.239763 0.071626 0.017661 -0.063137 -0.143225 0.219987 0.220551 
0.126418 0.050782 -0.082095 -0.009038 0.029685 0.117043 -0.101540 -0.166056 
0.093149 0.157689 0.061173 -0.150027 -0.234576 -0.184363 0.227721 -0.037981 
0.005063 0.136916 -0.074751 -0.003072 0.016024 -0.047528 0.097189 0.205095 
0.039413 -0.110414 -0.125271 0.151518 0.154960 0.220226 -0.055667 -0.068027 
-0.106609 0.108483 0.012738 -0.028771 -0.138071 -0.005160 0.177689 0.042780 
0.270999 0.147561 -0.162153 -0.219678 -0.045595 -0.034783 0.051920 0.124040 
0.062475 0.020795 -0.202574 0.033520 0.211998 0.107697 -0.028146 -0.078262 
0.159183 -0.019486 -0.116840 0.018277 -0.080872 -0.055363 0.187059 0.247154 
0.201953 0.130496 -0.137647 0.012099 0.095748 0.039852 -0.202817 -0.127147 
-0.291755 0.047808 0.224007 0.025217 -0.048670 -0.140070 0.144958 0.168276 
0.090653 -0.066414 -0.036946 0.093489 -0.154774 -0.107021 -0.133015 -0.186476 
0.066871 -0.028456 -0.017372 0.039220 -0.155862 -0.172225 0.051886 0.137427 
-0.152701 0.121703 0.098365 0.071166 -0.186663 -0.212140 0.164765 0.056300 
0.054267 0.126615 0.025669 -0.018327 0.356147 0.277713 0.115199 0.109741 
-0.052016 -0.173737 0.026527 0.146790 -0.105572 0.004761 0.055814 -0.074362 
0.097791 -0.072010 0.079502 -0.099601 -0.176638 -0.106075 -0.095957 -0.120372 
-0.003893 -0.150890 -0.166119 -0.031393 -0.140688 0.069148 0.091252 -0.063157 
-0.021909 -0.092328 0.018367 0.025436 -0.040098 0.004486 -0.163694 0.014623 
0.011768 -0.079796 -0.019491 0.121185 -0.352200 -0.308938 0.078242 0.232619 
0.163702 0.241556 -0.213994 -0.211305 -0.170286 -0.089344 -0.011783 -0.096103 
0.032956 0.253653 0.037986 -0.140683 0.170285 0.094389 -0.008909 -0.099414 
0.241327 -0.121987 -0.079430 -0.089634 0.077861 0.123997 0.079830 0.129238 
-0.253329 -0.208266 0.248058 0.112684 -0.089991 -0.130389 -0.070498 0.028003 
0.048545 0.190918 -0.216127 -0.200388 0.213244 -0.000551 0.157142 0.137403 
0.065681 0.026133 0.052148 -0.155268 -0.286889 -0.125631 0.031369 0.106254 
-0.120034 -0.239067 0.006117 0.282392 0.183446 -0.024329 0.046939 -0.125269 
-0.174543 0.018222 0.033957 0.175076 0.224346 0.118700 -0.036086 0.062473 
-0.117580 -0.018429 -0.026589 0.151923 0.010877 0.159685 -0.105513 0.048534 
-0.009368 -0.050203 0.146511 -0.044315 0.107008 0.127272 -0.186387 -0.309011 
0.142144 0.029284 -0.156780 -0.068053 -0.072587 -0.205544 0.021605 -0.100532 
0.051437 -0.103230 0.121847 0.199084 -0.065809 0.037442 -0.017831 -0.095495 
-0.087255 -0.242786 -0.030643 0.067771 -0.184979 0.063906 -0.153833 -0.128622 
0.179728 -0.151771 -0.176031 -0.033426 0.148448 0.152503 -0.158298 -0.164146 
-0.163389 -0.050342 0.118256 0.146685 -0.203193 -0.215306 0.209618 0.002055 
0.031967 0.109414 -0.175887 -0.054729 -0.099994 0.014443 0.103560 0.019162 
0.219597 -0.102395 -0.223952 0.077580 -0.034313 -0.182021 0.062556 0.170600 
-0.004808 -0.183871 0.091637 0.052414 -0.265751 -0.150395 0.074546 0.017841 
0.141285 -0.177345 -0.091640 0.024782 -0.139422 -0.201807 0.224236 0.188950 
0.139963 0.225742 -0.264667 -0.170942 0.052648 0.081946 -0.150995 -0.032339 
0.108179 -0.076350 -0.151483 -0.109691 -0.006110 0.038222 0.081719 0.153328 
-0.072730 0.132069 -0.057965 -0.181792 0.112946 0.029450 -0.030599 0.033465 
0.127068 0.071623 -0.115082 -0.089860 -0.214744 -0.195114 0.086729 -0.074865 









0.000000 
0.000000 
0.000000 
0.000000 
0.000000 
0.000000 
0.000000 
0.000000 
0.319492 
0.127441 
0.143943 
0.066752 
0.122940 
0.191553 
-0.270442 
-0.345558 
0.259097 
-0.027851 
-0.161754 
-0.187612 
-0.258845 
-0.298324 
-0.201146 
-0.192911 
0.223568 
-0.033200 
-0.061935 
0.180141 
-0.228765 
0.309993 
0.070490 
-0.327026 
0.124005 
0.225625 
-0.188460 
0.157559 
0.238670 
0.286529 
0.302996 
0.189572 
0.071222 
0.056503 
-0.096696 
-0.143532 
-0.121269 
-0.049716 
-0.170425 
-0.225524 
0.312659 
0.027477 
-0.051780 
-0.296465 
0.117513 
0.094630 
-0.167859 
-0.012008 
-0.258990 
0.152100 
-0.182354 
-0.178661 
0.089669 
0.263294 
-0.140885 
-0.102992 
0.153101 
0.041020 
-0.332792 
0.036264 
-0.038221 
0.346505 
-0.179858 
-0.311504 
-0.001174 
0.020066 
-0.043734 
0.112378 
-0.103508 
0.022626 
-0.110145 
0.124657 
-0.055643 
-0.011415 
-0.147584 
0.070611 
-0.092461 
-0.027222 
-0.054438 
-0.043197 
-0.108645 
0.012506 
0.018331 
0.042418 
0.026926 
0.093423 
-0.113579 
-0.110731 
-0.053527 
-0.131804 
0.020135 
0.124751 
-0.116200 
0.077916 
0.102033 
0.039495 
-0.005956 
-0.042576 
0.040263 
0.007223 
0.077687 
-0.000072 
0.000208 
-0.150627 
-0.128794 
0.032312 
0.105983 
-0.030957 
0.107498 
-0.108197 
-0.082153 
-0.118427 
0.062507 
0.212767 
0.134167 
-0.195199 
0.103555 
0.109029 
-0.141018 
-0.157534 
-0.215476 
0.101270 
0.216383 
-0.167180 
0.090393 
0.161649 
0.075442 
-0.230464 
-0.199676 
-0.113405 
0.102770 
0.198658 
0.125759 
-0.130197 
0.242657 
0.162432 
0.111494 
0.205050 
-0.238640 
0.116846 
-0.200267 
0.009953 
0.109067 
0.099156 
-0.039757 
-0.033861 
0.076598 
-0.146201 
0.012044 
-0.135665 
-0.073542 
-0.007602 
0.163361 
-0.067119 
0.009734 
0.021377 
-0.147550 
-0.030284 
0.024448 
-0.112411 
0.019743 
-0.057279 
-0.181707 
-0.109494 
-0.022878 
-0.158584 
-0.092632 
-0.161116 
0.120438 
-0.031192 
-0.146791 
0.112591 
0.082310 
0.101451 
0.034764 
0.115737 
-0.037647 
-0.062360 
-0.186709 
0.206708 
0.006067 
-0.161619 
0.011586 
-0.083576 
-0.013303 
-0.212605 
0.083549 
0.003006 
-0.053028 
0.014047 
-0.032274 
0.201131 
0.095382 
0.129210 
-0.037402 
-0.190125 
0.091108 
-0.024151 
-0.025357 
0.070301 
0.045772 
-0.018773 
0.008803 
-0.108988 
-0.074662 
-0.069717 
-0.122250 
-0.032228 
-0.005924 
-0.206117 
-0.041982 
0.153958 
0.283165 
0.196882 
0.014995 
0.105149 
3.883000 0.262048 0.228465 
