0.058631 0.176149 0.160038 -0.200467 0.183784 -0.133261 -0.010839 0.165794 0.268105 -0.283593 -0.240891 0.299627 -0.315294 -0.058421 -0.046726 -0.134610 0.357742 -0.108938 -0.181856 0.155155 -0.088732 -0.151689 0.232090 -0.121551 0.010545 -0.126057 -0.028782 0.122652 -0.189278 -0.151455 0.180247 0.095180 -0.112769 0.072744 0.162229 -0.188424 0.276151 -0.400874 0.021731 0.114304 -0.184674 0.176634 0.010381 -0.110271 -0.221742 -0.164480 -0.051994 -0.129422 0.110636 -0.051665 -0.156879 0.221413 -0.064822 -0.307505 -0.118664 0.158076 -0.134114 0.120558 0.204112 -0.128284 -0.314515 0.038408 -0.205099 -0.195816 
-0.277531 0.087046 -0.064822 -0.264801 0.156431 -0.351835 0.201160 0.218661 0.235311 0.054592 -0.327085 -0.213098 0.310116 -0.034257 -0.132944 0.027232 0.103435 -0.041421 -0.020214 -0.231971 0.021156 0.107184 0.314505 0.145458 -0.024361 0.095337 -0.194541 -0.081032 -0.132867 -0.223752 0.086364 -0.013591 0.173070 0.226329 -0.028274 0.077618 0.274673 -0.196884 -0.017633 0.192399 0.288915 -0.005199 0.179623 0.286622 0.226038 -0.046310 -0.002044 0.107808 0.159416 0.169107 0.271661 -0.184109 0.035794 0.216800 0.183545 0.164274 -0.006755 -0.296919 -0.090074 0.082275 -0.235929 0.250812 -0.231545 0.111237 
0.328033 0.068779 0.029728 0.243457 0.134287 -0.154590 0.059134 0.062661 0.101098 0.000587 -0.050831 0.149137 -0.332208 0.260744 -0.103644 0.070724 0.172970 -0.222290 0.286579 0.066970 0.200889 0.163905 -0.077576 0.037585 0.244504 -0.012907 -0.157135 -0.263276 0.035449 -0.084003 -0.261317 0.031865 0.083653 0.092505 -0.023825 -0.110229 0.131037 -0.208384 -0.105521 0.049260 0.210256 0.113838 -0.210644 0.268829 0.086992 -0.075903 0.165099 -0.149638 -0.000777 0.250538 0.107943 0.016486 0.122445 -0.352273 0.248858 0.222699 0.115193 -0.114674 0.158906 -0.149181 0.010992 0.141140 0.104746 -0.250997 
-0.107033 -0.139988 0.177340 -0.253047 -0.106287 -0.127642 -0.129051 -0.188031 0.042591 -0.023504 -0.153238 -0.110124 0.205266 0.257603 0.129839 -0.167051 0.040525 0.035851 0.174065 -0.112074 -0.017411 0.066664 0.046176 -0.057529 0.226190 0.003631 0.153039 -0.016155 -0.214545 -0.056530 0.157348 0.084208 0.029672 0.031296 0.100789 0.127651 0.093105 -0.073148 -0.263597 0.138365 0.011053 -0.180167 0.128512 -0.100732 -0.218140 0.058771 0.076214 0.139243 -0.350720 0.034103 0.230042 0.113586 -0.168699 0.250139 -0.320238 -0.129993 -0.129356 0.164347 -0.012825 -0.000014 -0.217505 -0.174465 -0.255022 0.074585 
0.243081 0.180248 0.048172 0.110725 0.127292 0.055022 0.321125 -0.037138 0.084124 0.081075 0.158379 0.203838 -0.202367 0.101080 -0.029152 -0.192789 0.190664 -0.111985 0.108126 -0.202673 -0.261653 0.150200 -0.185133 0.028097 0.003718 0.163318 -0.299281 -0.006345 0.306597 -0.215936 -0.280142 0.248748 0.146592 0.024456 -0.121810 0.044207 -0.258401 -0.055948 -0.200733 0.141450 -0.218310 0.288479 -0.100957 -0.133682 -0.044613 0.231665 -0.117282 -0.110935 -0.169944 -0.246200 -0.079478 -0.049293 -0.146573 0.071508 0.174122 -0.028527 -0.055563 0.128407 0.271471 -0.023060 0.337355 -0.162968 -0.111421 0.092779 
0.120298 0.102568 0.096820 0.186008 -0.187509 0.194544 -0.017528 -0.081935 0.063316 -0.425808 -0.134658 -0.207948 0.268692 0.272857 -0.037516 -0.180274 -0.301233 0.258098 -0.008896 -0.177440 0.036902 -0.146433 0.023143 0.225628 -0.157928 0.004753 -0.148812 -0.138054 0.093004 0.024789 -0.280953 -0.100940 -0.331481 0.097373 -0.227478 -0.227642 -0.045956 0.039790 0.007635 -0.408724 0.151622 0.228766 -0.379183 0.042755 0.173408 -0.066433 0.116618 0.218484 -0.079407 -0.110900 0.318451 0.143026 0.283116 0.022510 0.100820 0.242226 -0.153916 0.224597 -0.322067 0.348748 -0.087781 -0.144411 0.034010 -0.162762 
0.178184 0.001490 0.201940 -0.232838 -0.276197 -0.267468 -0.279159 0.137461 -0.238433 -0.055924 -0.040858 0.218121 0.164164 -0.307747 0.150175 -0.352870 -0.000159 0.062622 0.342943 -0.364955 -0.050109 0.098672 -0.322716 0.127030 -0.006024 -0.222347 0.035324 0.177137 -0.049642 0.212047 -0.121055 -0.233343 0.037965 -0.229783 -0.086759 0.159473 -0.133788 0.028988 -0.075142 0.078083 0.165116 0.179149 0.058055 0.030792 0.269400 -0.194310 0.176487 -0.051963 0.214824 0.047508 -0.001970 -0.177431 -0.312244 0.025447 0.257248 0.060080 0.065580 -0.019570 -0.008210 0.268444 -0.133005 0.224249 -0.323642 0.352102 
0.234304 -0.098026 -0.110658 -0.161251 0.222679 0.193947 0.081927 0.018117 0.073778 -0.086212 -0.184713 -0.028528 -0.185882 0.103862 0.154151 -0.283338 -0.110567 -0.216714 -0.139018 -0.146663 0.146856 -0.200028 0.266401 -0.094655 0.036951 -0.047724 -0.153280 0.215932 -0.195794 -0.216964 0.118585 -0.268094 0.128849 -0.232106 -0.070531 0.061948 0.222927 -0.171805 -0.215161 0.120123 -0.236621 -0.136454 -0.133417 -0.063221 0.301010 0.259621 0.013995 -0.165232 -0.283196 0.191264 0.037180 0.204163 0.265614 0.002884 -0.225724 -0.077926 0.117684 -0.121925 -0.112529 0.211821 0.061240 -0.221136 0.228393 -0.011459 
0.014010 -0.069783 0.087853 -0.117708 -0.018813 0.085374 -0.041514 -0.031072 -0.106631 0.041524 0.015281 -0.071624 0.089171 -0.096271 -0.068138 0.085273 0.068655 0.088610 0.058570 0.094374 0.009982 0.060607 -0.120777 -0.109430 0.128305 -0.056911 0.052344 0.057055 -0.059959 0.003974 0.045575 -0.018829 
0.011890 0.026342 0.019508 0.045250 0.028379 -0.100229 -0.066190 0.074505 0.147843 0.127918 0.158044 0.034673 -0.004254 -0.021564 -0.012749 0.065203 -0.052204 0.052684 -0.100803 -0.046545 0.020681 -0.074294 0.091664 -0.059358 0.112611 -0.033023 0.125697 -0.010137 -0.121971 0.017126 0.121672 0.110926 
0.051338 -0.052226 0.098469 0.150088 0.049365 -0.075637 -0.010285 0.101358 0.029933 0.062510 -0.128624 0.073159 -0.013801 0.052147 -0.135463 -0.013562 -0.011109 0.004122 0.133989 0.107647 0.111743 -0.003898 -0.086400 0.050331 0.081672 -0.040985 0.084620 0.102872 -0.096873 0.062699 0.037291 0.032665 
-0.106338 0.061037 0.055486 0.016443 0.072711 -0.003236 0.060296 -0.048699 -0.150868 0.039332 -0.057734 -0.123370 0.027059 -0.038393 0.025063 0.097658 0.159576 0.019680 0.129836 0.077969 0.050683 -0.077716 0.040812 -0.010746 0.011985 -0.025128 0.036796 0.088562 -0.091550 0.054788 -0.028448 -0.015871 
-0.067436 0.102203 -0.126531 -0.055529 -0.032746 0.026197 0.007572 0.003518 0.002029 0.093115 -0.003540 -0.107074 -0.079907 0.092829 -0.032747 -0.083797 -0.085311 -0.178733 -0.076243 -0.042285 -0.007110 0.035845 -0.066540 0.093372 -0.027145 0.069768 0.040022 -0.059914 -0.016956 -0.092893 0.036058 0.029826 
-0.159023 0.012286 0.103584 -0.137377 0.003796 -0.009155 -0.020381 -0.056126 -0.077504 -0.004083 -0.021310 0.013971 -0.006088 -0.069827 0.178935 0.118590 0.018072 -0.073413 -0.130439 0.016666 0.002299 -0.161654 0.061265 -0.100808 0.110020 0.043521 -0.048443 0.000714 0.053696 0.067721 -0.087288 0.068182 
0.012869 -0.028591 0.078189 -0.054919 0.058821 -0.137147 0.013080 -0.121169 0.074724 0.076813 0.089137 -0.066889 -0.150997 0.043402 -0.078055 0.012042 0.111731 -0.036230 -0.061289 0.005021 -0.021660 0.114059 0.093219 -0.028777 0.020973 -0.155177 0.081317 -0.109853 -0.168332 -0.113579 0.033032 0.071088 
-0.008505 -0.020246 -0.106057 -0.091793 0.019424 -0.004867 -0.110811 0.053163 -0.004095 -0.071097 0.005606 0.004737 0.074153 0.084572 -0.042692 0.074331 0.051764 -0.081324 -0.014396 -0.031816 0.028947 -0.109041 0.023876 0.033321 -0.069313 -0.021720 0.093974 -0.038912 0.072112 -0.030054 0.152399 0.111537 
0.040474 -0.025235 -0.095478 -0.019819 0.054834 -0.040543 0.001740 -0.042564 -0.026455 -0.080480 0.042115 -0.035574 -0.008228 0.071909 0.073330 -0.000137 -0.043193 -0.048510 0.066746 0.031544 0.087262 0.017439 0.066874 0.033608 0.189461 -0.100685 0.055792 -0.021344 -0.031607 0.076652 0.006177 0.002770 
0.091324 0.056938 0.128189 0.054920 0.083623 0.015303 0.155826 -0.212969 0.024144 -0.029607 0.041140 -0.142917 -0.084759 -0.052603 0.076529 0.011737 0.053615 0.132307 -0.028822 -0.027905 -0.151676 0.116053 0.111493 0.138434 -0.113777 0.045682 -0.002804 -0.112524 -0.013995 0.117007 0.067758 -0.102854 
-0.027482 0.015585 -0.064143 -0.062194 -0.139800 0.082155 0.054990 0.002149 -0.027111 -0.123305 0.077239 -0.014244 0.003735 -0.081077 0.024816 0.054109 -0.137444 0.035397 0.049725 -0.023992 -0.084525 0.048631 -0.030440 0.029152 -0.006512 0.092669 -0.026360 -0.108239 0.053904 -0.076170 -0.080396 -0.050768 
0.113752 -0.035704 -0.016067 0.104650 0.012350 -0.074753 -0.041649 0.051703 -0.044694 -0.064333 0.062144 -0.097075 0.058648 0.123920 0.068378 0.078556 -0.024266 -0.040680 0.147289 -0.111299 0.001847 -0.123012 0.030064 0.058253 0.046799 -0.079770 0.111785 0.015188 0.009523 -0.083975 0.037441 -0.062887 
0.039009 -0.069378 -0.046224 -0.085411 -0.121287 0.039915 0.103272 0.067981 0.160139 -0.007681 0.013915 0.036161 -0.066946 -0.010804 -0.135541 0.076081 0.170504 -0.058009 0.038517 -0.052142 -0.102751 0.067919 -0.088900 0.181418 0.071127 -0.071350 -0.023556 -0.094912 0.001307 0.131820 -0.002580 -0.052195 
-0.105813 0.052975 -0.053961 -0.002871 -0.012920 -0.093801 -0.116108 -0.101592 -0.085488 0.087076 0.008980 0.088907 0.058059 0.102112 0.000341 -0.059071 0.119799 0.069549 0.086929 -0.112376 -0.020030 -0.080328 0.088417 -0.065868 -0.040468 -0.071961 -0.063830 -0.021467 -0.164265 0.115858 0.023092 -0.105414 
0.087514 -0.171477 0.004304 -0.074151 -0.072164 0.052493 -0.082902 0.023270 0.014388 -0.124782 -0.051675 -0.057380 0.178827 -0.028139 -0.007039 0.089759 -0.079648 -0.010199 0.146841 0.009152 -0.076630 0.082003 -0.031868 0.054718 -0.129922 -0.068757 -0.059824 -0.068168 0.156917 -0.131914 -0.046699 0.017327 
-0.121118 0.138687 0.020235 -0.122763 0.053778 0.131663 0.134972 -0.063842 0.083419 -0.087996 0.005120 -0.004966 0.028149 -0.100599 0.070000 0.076113 -0.030794 0.029536 -0.004713 0.058893 -0.017560 -0.085105 -0.033334 -0.038130 -0.090688 0.041496 0.084021 -0.070828 0.036091 0.015199 0.077868 0.043858 
-0.034457 -0.006767 0.076186 -0.022208 -0.043752 0.092264 -0.032574 -0.108318 -0.145379 0.115240 0.106217 0.076348 0.089404 0.000249 -0.014052 -0.073426 -0.085592 -0.090646 -0.023325 0.058314 0.045985 0.037054 0.008093 -0.016940 0.182093 -0.145404 0.018179 -0.004173 -0.088891 0.013223 -0.060896 0.004592 
-0.032505 0.080461 0.154358 0.035899 -0.061771 -0.029988 0.127004 -0.052154 -0.014569 0.069903 -0.057262 0.018288 -0.070005 0.076828 0.002324 -0.021681 0.159998 0.078329 -0.106427 -0.137655 -0.124771 -0.036754 0.059298 -0.095709 0.039446 -0.069194 0.077135 -0.074428 0.032003 0.118456 -0.116458 0.015975 
0.117285 -0.082138 -0.067794 -0.032271 0.008007 0.113432 -0.084331 -0.038772 0.054641 -0.042064 -0.105014 0.098405 -0.014003 0.051038 -0.077544 -0.063997 -0.041135 0.039291 0.018663 0.062399 0.075619 -0.058109 0.027846 -0.001556 -0.052909 -0.051935 0.025636 0.118417 -0.084955 0.075848 -0.065260 -0.113071 
0.045286 -0.032673 0.028863 -0.086732 -0.055094 0.090699 -0.044596 -0.192244 -0.113380 -0.114222 0.190556 -0.061193 0.059053 -0.036794 0.045858 -0.056499 0.090628 -0.168646 0.125690 0.034893 -0.095112 0.018079 0.010391 -0.115083 -0.097421 0.116166 -0.026764 -0.019158 0.056170 0.072350 0.071185 0.040791 
0.166324 -0.025333 0.094625 -0.022144 0.104542 0.119056 -0.047943 0.194608 -0.110947 -0.052344 -0.077556 0.011800 0.076001 0.128138 -0.121960 0.010813 0.075317 0.037994 -0.033836 0.195962 0.021655 0.094497 -0.092758 0.020639 0.012912 0.035679 -0.126449 -0.032238 -0.059854 0.072536 -0.107124 -0.058212 
0.088078 0.148143 0.041316 0.075177 0.075657 0.109216 0.069364 0.031483 -0.021437 -0.117557 0.026610 -0.139751 0.088776 0.028333 0.036776 0.082415 -0.028473 -0.066236 0.070034 -0.049696 0.091795 -0.040705 0.031041 0.055661 0.076725 0.048492 -0.100121 -0.111188 -0.067829 -0.040900 -0.062353 -0.098107 
-0.102241 0.069425 -0.154573 -0.091152 0.069376 0.034652 0.090163 -0.051488 0.051542 0.063255 -0.097252 0.097902 -0.071625 0.126630 0.032375 0.071636 -0.055285 -0.039876 0.087240 -0.175818 0.046150 0.003744 0.050669 -0.011521 -0.033307 0.112047 0.021019 0.021178 -0.064833 0.054185 0.129083 -0.020589 
-0.004364 0.172856 0.008376 -0.061911 0.006654 -0.058224 0.016303 0.049425 0.181020 0.076772 -0.048150 -0.071767 -0.055134 0.076929 -0.098093 0.041523 -0.057648 -0.163200 -0.021899 0.139451 0.085062 0.028077 0.017007 0.089844 0.008007 0.043935 0.024506 0.037836 0.000645 0.029925 0.137787 -0.049927 
0.080926 0.033249 0.047421 -0.052433 0.080099 -0.026824 -0.003666 0.076688 0.082819 0.034070 0.082702 -0.044020 0.060234 -0.083233 -0.156297 0.049338 -0.141048 0.053857 0.050576 0.139265 0.008905 -0.041221 -0.033514 0.063654 0.051377 -0.103725 -0.091167 -0.043454 0.007399 -0.001672 0.030067 -0.112316 
-0.043295 0.000882 0.001514 -0.021927 -0.034905 0.099748 -0.054499 -0.073512 0.061770 -0.110413 0.093648 -0.066173 -0.180335 -0.157203 -0.098895 -0.146374 0.112811 0.093102 0.001004 -0.083037 0.058753 -0.073309 0.155573 0.066279 0.004733 -0.089125 -0.087946 -0.118217 -0.075487 0.094291 -0.050386 -0.107037 
-0.032951 0.023228 -0.017218 0.101572 0.004978 0.059473 -0.021472 -0.084345 0.028471 -0.101683 0.035302 0.034082 -0.021947 0.056181 -0.005626 -0.092908 -0.002715 -0.079988 0.010348 -0.001307 -0.027998 -0.000160 -0.143527 0.055724 -0.018428 -0.036406 0.101312 -0.135190 -0.067136 -0.006814 -0.108118 -0.039750 
0.058384 -0.048877 -0.113616 0.043757 0.070648 -0.089291 0.109059 -0.047636 0.057624 0.073508 -0.075848 0.113164 -0.065128 0.016784 0.138388 0.104410 0.018083 -0.060356 -0.053647 -0.101162 0.075746 -0.070086 0.138034 -0.011321 0.009739 0.068631 0.011372 0.006242 0.148535 -0.054089 0.080467 0.093240 
-0.034170 0.133804 0.010200 -0.004338 -0.080139 -0.067285 0.006060 -0.001897 0.103340 -0.044269 0.105019 -0.088576 0.015187 0.008702 -0.058455 0.039244 -0.075562 -0.030621 0.059123 0.057365 -0.041292 0.048163 0.012777 -0.134685 0.040031 0.019523 0.022454 0.055067 -0.158654 -0.033867 0.016071 0.127581 
0.010210 0.049300 0.011675 0.022894 -0.054163 0.112906 0.067753 -0.184652 -0.086546 -0.032056 -0.017742 0.123155 0.019542 0.014385 0.032861 -0.001148 0.086781 0.049926 0.003224 -0.044439 -0.065631 0.016434 -0.049571 -0.112635 -0.140739 -0.040534 0.097653 -0.042951 0.081197 -0.038228 -0.104035 0.109808 
-0.049187 -0.004040 0.017908 0.023059 -0.043939 -0.043431 0.034427 0.040896 0.123584 0.149962 0.006613 -0.054514 -0.028382 -0.053762 0.008740 -0.013892 0.042014 0.066575 0.051646 -0.100958 -0.024815 -0.071565 -0.059264 0.037143 -0.051779 -0.079838 0.085930 0.085122 0.028029 0.077520 0.063076 0.050943 
-0.088871 0.005874 -0.038985 0.127659 0.002803 0.088701 0.038317 0.051023 0.027717 -0.111293 0.070024 -0.086285 -0.117231 -0.101760 0.002405 -0.110623 -0.059854 -0.048469 -0.079321 0.061970 0.046545 0.020259 0.014802 0.121631 0.111819 -0.161621 0.045423 -0.139260 -0.023748 0.038866 0.032293 -0.069425 
0.146083 0.126932 -0.103866 0.118726 0.087909 0.027093 -0.077845 0.040816 0.052995 -0.106656 0.018104 -0.179771 -0.001623 -0.090067 -0.056051 0.039221 -0.079760 0.005874 -0.037628 -0.040432 -0.085207 0.053851 0.078073 0.119303 0.027943 0.085948 0.056489 -0.036856 -0.034799 -0.000841 0.028188 -0.125309 
-0.048081 0.157334 0.133846 -0.025188 -0.020010 0.006297 -0.005027 0.059975 -0.024912 -0.124210 -0.043735 0.102571 -0.122540 -0.032489 0.026977 -0.030241 0.111668 -0.129559 0.009713 0.162561 0.141563 0.092895 0.118265 -0.023428 0.106692 -0.057321 0.021378 0.006047 -0.209407 0.041721 -0.126066 -0.010919 
-0.071597 -0.151640 0.056181 0.135898 -0.039909 0.008240 -0.060950 -0.065256 -0.078249 -0.055900 0.083726 0.055099 0.126482 -0.020303 -0.104043 0.010163 0.029209 0.128111 0.163677 -0.129326 -0.027384 0.001851 0.000742 -0.139676 -0.110810 -0.089348 0.099277 -0.134362 -0.005119 0.167040 0.074189 0.065241 
0.150788 0.028371 0.008858 0.048781 0.058913 0.028523 -0.086196 -0.095591 -0.091935 -0.130052 -0.003173 0.053540 0.037225 0.034800 0.046618 -0.107475 -0.041787 -0.007708 -0.045245 -0.041079 0.075091 0.133248 -0.149391 0.203088 -0.112286 0.148601 -0.098528 -0.003752 0.113593 0.103312 -0.019579 0.042403 
0.033906 -0.059960 -0.094141 -0.028019 0.145827 0.008739 -0.060948 0.144513 -0.006685 0.111368 0.060701 -0.066829 0.064549 0.082024 -0.092536 -0.111984 0.123157 -0.002245 0.007798 0.082285 0.053364 -0.009154 0.038250 -0.041959 -0.024681 0.055285 -0.026197 -0.071886 0.088567 0.109956 -0.036834 -0.049630 
-0.170883 -0.059044 0.053905 0.007413 0.002544 0.079430 0.186249 -0.189381 0.097575 0.020464 -0.016547 -0.078875 -0.130788 -0.059140 0.028552 -0.018753 -0.060690 0.156004 -0.140636 -0.011564 -0.182095 0.085818 -0.050629 0.041766 0.055658 0.047915 0.083984 0.120862 0.001771 0.098353 -0.086386 0.017565 
-0.070836 0.029393 -0.034647 -0.112080 0.025286 -0.018265 -0.016137 -0.025205 0.106969 -0.002258 0.067475 -0.062166 -0.091601 -0.086516 0.011167 -0.093050 0.159977 0.054261 0.102013 -0.141144 0.022775 0.088793 0.102100 -0.072150 -0.028059 0.041470 -0.038692 0.062550 0.073959 0.014656 -0.064549 0.134516 
-0.097403 -0.036379 -0.199834 0.133059 0.063962 -0.067220 -0.112631 0.056524 0.119301 0.091506 0.100784 -0.117372 0.084611 -0.087495 0.009896 0.062181 -0.030080 -0.189438 -0.119531 -0.063888 0.101838 0.082906 0.049672 -0.002715 0.024807 0.130044 0.120019 -0.146021 -0.039604 -0.113118 -0.110160 -0.068947 
0.079981 -0.067883 -0.034016 -0.072826 -0.035929 -0.021114 0.011028 -0.045314 -0.089161 -0.039069 -0.084247 0.097373 0.048494 0.062451 0.014426 -0.064534 0.015280 0.138419 0.012424 0.051933 0.110330 -0.005362 0.049647 -0.058944 -0.099672 0.047635 -0.050483 -0.019839 0.083235 0.020412 0.063945 -0.028263 
-0.061259 0.122830 0.003531 -0.011004 -0.037109 -0.090657 -0.094077 -0.066054 0.059573 0.059743 -0.008123 -0.033812 -0.143902 -0.074681 0.034875 0.127446 -0.078206 -0.098764 -0.043209 0.035152 -0.006832 -0.074662 0.004079 -0.103660 -0.039241 -0.040009 0.024937 -0.030042 0.046249 -0.107715 0.060374 -0.045394 
-0.104686 -0.113924 -0.130783 0.035694 -0.070126 -0.035059 0.096964 -0.174704 0.120046 0.115262 -0.006501 0.155916 0.083165 0.106018 0.060515 -0.152206 -0.091803 -0.059789 0.100701 -0.084235 -0.033889 -0.064497 0.032826 0.048533 0.015900 -0.052205 0.043900 -0.039387 0.005647 -0.049126 0.099010 0.022836 
-0.017229 0.173924 -0.061574 0.003288 -0.036372 0.122326 -0.001646 0.167605 0.080787 0.072158 0.073226 -0.004186 0.100952 0.063200 0.036463 -0.138049 0.050575 0.071041 -0.043479 -0.019587 0.137175 0.175502 0.006401 -0.036972 -0.100452 -0.092462 0.072038 0.031011 -0.074343 0.080021 -0.021724 -0.053114 
0.022577 0.006836 0.092836 0.044357 -0.038710 -0.057953 0.066543 0.122891 0.052688 0.069122 0.074305 0.003432 -0.029274 0.020070 0.019329 -0.116745 -0.116057 0.057614 -0.056619 0.092690 0.013737 0.107831 -0.047059 0.006209 -0.068760 -0.114570 -0.018314 0.020152 0.130759 -0.012487 0.108397 0.013562 
0.092644 0.051857 -0.008203 -0.036141 -0.101150 -0.125521 -0.085454 0.131260 0.028225 0.055886 -0.145687 -0.155638 -0.082852 -0.094181 -0.046416 0.014732 -0.116380 -0.002040 -0.096588 0.131534 -0.093263 0.018208 -0.008489 0.085099 0.114642 0.070775 0.025107 0.041259 -0.088953 -0.017854 -0.133346 -0.090128 
0.037578 0.047991 0.023455 -0.028771 0.090257 0.067083 -0.077010 -0.004352 -0.009558 -0.095759 0.003314 0.079194 0.084867 0.115308 -0.114739 0.079755 -0.007338 0.123195 0.033434 0.033449 -0.022530 0.121631 -0.163603 -0.045893 -0.038293 0.061908 -0.098543 0.094664 -0.000713 -0.001664 0.109707 0.088679 
-0.082210 0.020884 0.023864 0.116481 -0.180518 0.075427 -0.001551 0.118926 0.110208 -0.110036 -0.081278 -0.010431 0.088407 0.039067 -0.126389 -0.086526 0.022864 0.024364 0.013337 0.146434 0.048071 0.149417 -0.067832 -0.047141 0.087165 -0.053195 0.069038 -0.092264 0.037545 0.159585 -0.107179 0.138810 
-0.042019 0.025765 0.114352 -0.044981 -0.083786 -0.014364 0.013005 0.004981 0.035350 -0.091722 -0.010628 -0.024233 0.061020 0.041040 0.084436 -0.041261 -0.082367 0.006427 -0.089312 0.124551 0.070319 -0.031187 -0.096875 -0.085753 0.071464 0.093168 0.033843 0.059374 0.114068 0.083330 0.029726 0.125420 
0.058927 -0.001880 -0.074127 0.007731 0.129007 0.138871 0.000669 -0.062011 -0.089578 -0.137561 0.016357 0.098836 0.093868 0.040300 -0.112879 0.080316 0.136695 -0.014378 0.119506 0.044000 0.021642 0.118935 0.008646 -0.073899 -0.006091 -0.013601 0.064756 0.015821 -0.014283 -0.014328 0.018541 0.010574 
0.065594 0.048942 -0.049711 -0.015943 0.009750 0.049120 0.057080 0.017051 0.055525 -0.017827 -0.039910 -0.024358 0.114448 0.080369 -0.105728 0.065217 0.137249 -0.056752 -0.058407 0.025952 0.073466 -0.056620 0.022747 0.048497 0.042694 0.006179 -0.089687 0.092596 0.071162 0.046827 0.008759 0.047330 
-0.043955 0.015958 -0.034706 0.137117 -0.040292 0.112049 -0.049836 0.062954 -0.110022 -0.082871 -0.025273 -0.036329 0.132570 -0.144015 -0.134229 0.088806 -0.101041 -0.079514 -0.021536 -0.092609 0.022367 -0.129230 0.079604 -0.059820 0.117327 -0.142638 -0.077488 -0.008398 -0.011889 0.098691 -0.111165 0.183845 
0.032482 0.020716 0.089424 -0.139335 -0.014408 -0.056264 0.010361 0.161369 0.020957 -0.076181 -0.087829 -0.066997 -0.103363 -0.057410 -0.020494 -0.042247 0.008410 -0.051922 -0.055063 -0.089592 0.079934 -0.087344 -0.002220 -0.053724 -0.042979 0.050401 -0.050683 0.131188 0.072985 0.028033 0.133038 0.025592 
-0.117369 0.108331 0.019958 0.119342 -0.151303 -0.106496 0.005477 0.139230 -0.016356 -0.005793 -0.150815 -0.023740 -0.026166 -0.095708 0.042242 -0.126007 0.105198 -0.062453 -0.150486 0.118323 -0.027366 0.120152 -0.045742 0.204190 0.036167 0.050437 0.034873 -0.154598 -0.091073 0.086981 -0.059129 -0.050801 
-0.024324 -0.031806 -0.090612 -0.019731 -0.039080 0.008230 -0.006611 -0.019107 -0.057125 -0.032477 0.119534 0.012710 0.012286 0.012575 0.120869 0.030263 0.063491 -0.023912 -0.024667 -0.057796 0.139468 0.072108 0.132618 -0.046309 -0.046682 -0.006328 0.031721 0.059477 -0.065369 -0.049506 0.139121 0.025395 
-0.073971 0.131881 -0.032100 -0.070485 0.008925 0.022476 0.057361 0.083003 -0.022448 0.085981 -0.053124 0.146054 -0.140045 -0.064170 0.053683 0.084110 -0.038217 -0.178206 0.067721 -0.087675 0.126961 0.077956 0.121318 -0.172682 0.053601 -0.024293 0.014788 0.119812 0.037914 -0.009375 0.063401 -0.086524 
0.068093 0.100571 -0.017801 0.053734 0.130823 -0.026604 0.008752 0.044651 0.114578 0.004614 0.100891 -0.135695 0.098117 0.070450 0.104067 0.132148 0.047308 0.163810 -0.025852 -0.036077 0.001661 0.101751 -0.109595 -0.085248 -0.126544 0.147453 -0.089018 -0.025213 0.078664 0.016349 -0.030256 0.098424 
-0.019726 0.071349 0.078753 -0.068101 -0.125120 -0.016908 -0.031661 0.073668 -0.122693 -0.069565 -0.070479 0.073480 0.010081 0.069856 0.039820 -0.013991 0.133675 0.086630 0.004953 -0.008050 0.115161 -0.095341 0.156969 0.017970 -0.073623 -0.102824 0.015682 0.004224 -0.026988 0.039899 0.024046 -0.081238 
-0.027692 0.001074 0.044574 0.032274 0.088290 0.101923 0.019287 -0.049163 0.082662 -0.007092 0.053728 0.058943 -0.024033 -0.098661 -0.116964 -0.051271 -0.076199 0.139807 0.177204 -0.104202 0.107261 0.078077 0.041215 -0.115728 0.102230 -0.153675 0.025029 0.004373 0.002259 -0.090728 0.057178 -0.111703 
0.021162 -0.058199 0.049572 -0.053920 -0.134134 -0.155099 -0.105626 -0.052749 0.110015 0.145492 0.040199 -0.016073 -0.078882 0.111918 -0.014168 0.003094 0.029938 -0.046685 -0.047227 0.009536 -0.032556 -0.088360 0.019367 -0.054620 -0.049314 -0.050729 0.041567 0.137974 0.001105 -0.103119 -0.077153 0.131699 
-0.039563 -0.072422 -0.011060 -0.020344 -0.059491 0.005640 0.081116 -0.133614 0.011856 -0.091313 0.035983 -0.050423 -0.136082 0.004923 -0.007983 0.095239 -0.075492 0.090659 -0.056111 0.074030 0.029469 -0.104198 0.076831 0.137945 -0.043182 -0.069870 0.048408 0.049206 -0.040768 -0.138463 -0.019522 0.065984 
-0.079294 0.130078 -0.002351 -0.039799 0.022469 -0.077661 -0.013082 -0.143116 0.074370 0.094044 0.093988 0.075804 0.017456 0.156537 0.004125 0.060745 0.012544 0.095587 0.008979 -0.022133 -0.046950 0.156041 -0.022301 -0.125629 -0.101979 -0.126077 0.124478 0.025523 -0.053045 0.049777 0.026227 -0.073232 
-0.017814 0.054837 0.040426 -0.200429 0.107325 0.091409 -0.017200 -0.116120 0.047657 0.061737 -0.029937 -0.115628 0.101739 0.063269 -0.040902 0.049982 0.040240 0.038960 -0.086905 0.027817 -0.124510 -0.093012 -0.117548 -0.079538 -0.061431 -0.099165 0.089300 0.064694 0.065279 -0.125475 0.086364 -0.065922 
0.067851 -0.023228 -0.143156 0.127422 -0.036685 -0.139122 0.002139 -0.099584 -0.032495 0.088319 0.015656 -0.105604 -0.040762 0.023075 0.053299 -0.047086 -0.123005 0.052066 -0.144564 0.017630 -0.137206 -0.052208 -0.111952 0.096571 -0.066684 0.130826 -0.056698 0.054493 0.145576 -0.122521 0.069548 0.079202 
0.007875 0.015559 0.148263 0.205437 -0.195309 -0.142275 -0.177338 -0.052196 -0.025227 -0.030869 -0.116828 0.078936 -0.081824 0.180205 0.192367 -0.033277 
0.085497 -0.113261 0.078430 0.074421 -0.153286 0.316996 -0.013275 -0.035596 0.068048 0.030160 -0.113177 0.100268 -0.072086 -0.170203 -0.061497 -0.196291 
0.148012 -0.019440 0.177396 -0.217273 0.175508 0.130688 -0.153642 0.152657 -0.068127 0.035067 0.045878 0.026800 0.034911 -0.081625 0.177963 0.030408 
0.030845 0.043704 0.203389 -0.016587 0.012116 -0.113078 -0.056023 -0.086234 0.121291 -0.204487 0.215169 -0.101105 -0.042376 0.053166 -0.063579 0.108038 
-0.169769 -0.188727 -0.069865 0.261115 -0.059970 0.013585 0.035681 -0.110227 -0.150242 -0.101339 -0.139461 0.202947 -0.015142 0.306980 0.011389 -0.091082 
0.094095 -0.172566 0.104902 -0.014827 0.077840 0.134920 -0.033041 -0.157097 -0.197559 -0.061676 -0.004623 0.075794 -0.225473 0.124066 0.147304 0.058000 
0.206371 -0.079209 -0.085110 -0.125330 0.030167 0.198579 0.112098 -0.097369 -0.080684 0.215804 0.132313 0.112919 -0.044499 -0.156700 -0.158680 -0.018492 
-0.049761 0.177886 0.098948 0.321434 0.131802 -0.238184 -0.397308 0.087142 0.135860 0.070963 -0.190815 0.056228 0.022660 0.131914 0.266265 -0.079246 
0.212117 -0.049022 -0.146978 0.039508 -0.196432 0.089342 0.172862 0.054616 0.106703 0.179040 -0.024142 -0.078481 0.107157 -0.126434 -0.003041 -0.140776 
-0.155661 0.052861 -0.239007 -0.024037 -0.028768 -0.110808 0.008332 0.052651 0.095240 0.074000 -0.138191 -0.179198 0.137835 -0.109364 -0.160909 -0.231746 
-0.103608 -0.135271 -0.070735 0.009575 -0.077558 0.264530 0.209592 -0.029560 0.050760 -0.145063 -0.097669 0.059865 -0.002818 -0.079425 -0.225486 0.056685 
0.034961 -0.217341 -0.073827 -0.060332 0.195249 -0.267946 0.023224 -0.096624 -0.020845 0.092560 0.011800 -0.258068 0.024217 0.051710 -0.024026 -0.145084 
-0.132788 -0.083036 0.026249 0.108876 0.050044 -0.151195 -0.160047 -0.251608 -0.068122 -0.055921 0.042918 -0.108671 -0.152945 0.218973 0.183681 0.179380 
-0.116455 -0.080957 -0.185567 0.174641 -0.026640 -0.045296 -0.096701 -0.170005 -0.013744 0.158158 -0.201574 -0.078574 -0.028272 0.061113 0.010065 -0.042327 
-0.185810 0.135509 -0.008991 -0.120519 -0.113719 0.182116 0.223166 0.066325 -0.117525 0.019480 0.125583 -0.049742 -0.041848 -0.006405 -0.121231 -0.099881 
0.008477 0.102718 -0.055487 -0.087001 -0.136774 0.054998 -0.163837 0.145089 -0.100136 -0.034728 -0.191236 0.208029 0.207718 0.069092 0.038618 0.111208 
0.073746 -0.291121 -0.144381 0.114950 0.015594 0.018501 -0.145907 -0.116869 -0.138475 0.186713 0.061636 -0.009154 -0.209301 -0.056180 0.201368 -0.134743 
0.150467 -0.245707 0.040527 -0.174250 0.057360 0.023255 0.000553 0.077340 -0.230635 0.037675 0.020134 0.290499 -0.125549 0.173129 0.239330 0.226911 
-0.164804 -0.260640 -0.029896 -0.094311 0.296799 -0.018692 -0.047540 -0.179494 -0.030420 -0.158382 0.078300 -0.014500 0.047322 0.069606 0.131340 0.124900 
0.229211 -0.077356 0.274403 0.089052 -0.011085 0.134784 -0.254933 -0.004292 0.106765 0.111677 -0.136090 0.247315 -0.016460 -0.177752 0.196492 0.161146 
-0.111424 -0.188493 0.173149 0.277734 0.082553 0.021957 -0.140502 -0.136536 0.199772 0.072308 -0.196896 0.029474 0.060925 -0.082851 -0.086077 -0.053458 
0.110437 -0.217098 0.108373 0.174347 -0.014609 -0.041130 0.036214 -0.065730 0.182241 0.063818 -0.106135 0.101466 -0.090960 -0.076987 -0.029748 0.020459 
-0.053360 -0.014401 0.127436 -0.111777 0.100141 0.214633 -0.013901 0.021828 0.196001 -0.092377 -0.061664 -0.012639 0.060838 -0.070267 -0.263682 -0.206384 
0.184006 0.139613 0.224454 0.154230 -0.301634 -0.195289 0.168939 0.081699 0.119766 -0.082660 0.058651 0.008960 -0.149580 -0.139809 0.153298 0.153809 
0.028976 0.053518 0.292467 -0.096990 0.111174 -0.122985 -0.003228 -0.009722 0.147394 -0.246226 -0.038446 -0.155622 0.175355 -0.196280 -0.093067 0.133851 
0.086206 0.294769 -0.161722 0.197791 -0.257936 -0.088409 0.170056 0.096038 -0.049070 0.163803 0.066234 0.119242 0.016800 0.173079 0.001389 0.131039 
-0.024050 -0.027579 -0.064130 -0.146587 -0.014081 0.052143 0.223920 -0.132054 0.051219 0.071350 -0.037901 -0.107367 0.138595 -0.083169 -0.057595 0.023597 
-0.130115 -0.046848 0.002466 -0.091858 -0.107036 -0.017026 -0.036815 0.151818 -0.093546 0.200617 -0.145173 0.066642 0.196206 0.096376 0.124045 -0.140262 
-0.239681 0.198631 -0.212945 -0.072885 -0.095865 -0.115581 0.084589 0.123292 -0.184292 0.245513 0.067546 0.040268 0.019153 0.122893 0.054761 -0.061217 
0.249654 -0.199516 -0.025479 0.181193 0.262690 0.012274 -0.045895 -0.158630 -0.009495 0.094511 0.062421 -0.150388 -0.154534 -0.134942 0.031483 0.001520 
-0.127737 -0.113176 -0.164939 -0.008125 -0.119317 0.111475 0.144596 -0.020503 0.055371 0.085279 -0.151257 0.049955 0.052202 0.109869 -0.187149 -0.227602 
-0.164333 0.240919 -0.210856 -0.189764 0.106898 0.031941 -0.049138 0.074044 0.002006 0.235384 0.086477 -0.211946 0.044391 -0.063299 0.008502 -0.068071 
0.002274 0.208633 -0.275200 0.261031 -0.169420 0.267659 -0.187761 0.195411 0.269604 0.032478 -0.084775 -0.308957 0.015084 -0.139412 -0.162738 0.060738 0.154189 -0.025724 0.006150 -0.140138 -0.185180 0.162543 0.022881 0.249275 0.053706 -0.135383 0.169214 0.380672 0.180836 -0.002976 0.032002 -0.171174 0.159682 -0.144891 -0.122795 -0.176849 -0.014147 0.052295 -0.014298 -0.213333 0.216963 0.108409 -0.070976 -0.149193 0.046755 -0.031222 0.077298 
0.052300 -0.172786 -0.056521 -0.280199 -0.033724 -0.180062 0.234937 -0.105005 0.192568 -0.200084 -0.487175 0.275973 0.368239 0.231732 -0.235262 -0.430356 0.255352 -0.091995 -0.017275 -0.095864 0.247420 -0.203570 0.209133 -0.383124 -0.006626 0.092564 -0.230143 0.027063 0.458318 -0.391868 -0.120098 0.246305 0.015427 0.274538 0.096018 0.138750 -0.085239 -0.053385 0.145806 0.029873 0.025206 -0.003201 -0.154751 0.103786 -0.064912 0.058968 0.136563 
-0.122627 0.457815 0.127357 0.260653 -0.020135 0.130746 -0.023472 0.163369 0.082041 -0.227191 -0.362441 -0.176843 0.176220 -0.346677 0.201792 0.152389 0.095418 0.019531 -0.267597 -0.297254 0.011411 -0.280941 -0.199219 0.020850 -0.188589 -0.488179 0.036085 0.356908 0.028327 -0.288371 0.026440 -0.175930 -0.096222 0.066869 0.127764 -0.012472 0.103857 -0.051808 -0.043417 0.022773 -0.046568 -0.007536 0.080958 -0.050232 0.008673 -0.014768 0.147596 
0.357705 0.182478 0.082797 -0.317589 -0.201320 -0.022754 -0.312204 0.525416 0.149664 -0.124550 -0.043617 0.098225 -0.277818 0.205643 0.329098 -0.307210 0.292835 -0.069093 -0.305906 -0.034300 -0.315419 -0.296728 0.324414 0.122245 0.144734 -0.367751 -0.314311 0.304393 -0.105259 0.019090 0.095485 -0.000673 0.002416 0.116614 -0.088137 0.104706 -0.039340 0.105247 0.118259 0.240385 0.118089 -0.063200 -0.161563 0.262555 -0.125660 -0.168852 -0.154429 
-0.409094 0.050816 -0.244471 0.207915 0.168895 0.063830 0.222258 -0.114524 -0.192346 0.185660 0.305608 -0.085072 -0.186100 0.092133 0.262727 0.185357 -0.420908 0.099206 -0.340917 0.219033 -0.002338 -0.069858 0.005775 -0.156084 0.189119 0.083570 0.153533 0.237181 0.148975 -0.329361 0.355179 -0.282361 -0.050126 0.196302 -0.063427 0.023149 -0.025683 0.001706 0.126182 0.063040 -0.024354 -0.046621 0.141691 -0.008119 -0.065111 0.037307 0.059417 
-0.091921 -0.044370 -0.278616 -0.097319 -0.225432 0.210750 0.150334 -0.181761 -0.049455 -0.091488 -0.181924 0.264237 -0.123420 -0.109842 0.148938 0.131055 0.213980 0.043799 -0.066095 -0.026404 -0.177905 0.325666 -0.377791 0.197450 0.085656 0.275290 0.299209 -0.348264 -0.118730 0.403784 -0.222317 -0.113485 -0.142672 -0.099828 0.148050 -0.042308 0.117567 -0.121386 0.006156 -0.256742 0.138776 0.107702 -0.036187 -0.106958 -0.021694 0.210256 0.145069 
0.340704 0.024397 -0.116707 -0.228388 0.242705 0.053044 0.063869 -0.054181 -0.035207 0.074228 -0.012426 0.034082 0.234724 -0.074142 0.103246 -0.081136 -0.071518 0.065523 0.159525 -0.069117 0.072268 0.377538 -0.190414 0.142147 0.268939 0.232468 0.230714 -0.172233 0.335187 0.199149 -0.322033 0.378639 0.082769 -0.124444 0.210780 0.024120 -0.004508 0.026468 -0.248473 -0.012286 -0.063490 0.091246 -0.008709 -0.145805 0.162296 0.253992 -0.004469 
-0.291838 -0.014486 -0.009355 0.030559 -0.293377 0.028009 0.182458 0.090500 0.028973 -0.061882 -0.183096 0.151210 0.216239 -0.002129 -0.417301 -0.057282 0.299441 0.089706 0.264768 -0.178489 0.148053 0.008633 -0.222942 -0.230395 -0.231582 0.174417 -0.051607 0.114451 0.100704 -0.130358 0.164153 -0.060861 0.129593 -0.091138 0.023023 0.108862 0.053034 0.077401 -0.071357 -0.065436 -0.067797 -0.035969 0.011467 0.077357 0.012049 0.050292 -0.003346 
-0.050770 0.241541 -0.479565 -0.105637 -0.087472 0.323651 0.124560 0.070089 0.187362 -0.024939 -0.403211 0.153702 0.101681 -0.072576 0.121174 -0.258840 -0.232159 0.337816 -0.088825 -0.446094 -0.137757 -0.422626 -0.030896 0.150251 0.005245 -0.179401 0.125172 0.075078 -0.348102 -0.307070 0.037902 0.153102 0.109278 0.108086 0.184146 0.047088 -0.056359 0.058439 0.098031 -0.110506 0.156342 0.150480 0.067879 0.039732 0.013891 -0.033243 0.108317 
-0.039497 -0.295185 -0.293179 -0.000665 -0.054695 -0.160530 -0.206509 -0.011024 0.175576 0.221683 -0.094004 0.120106 0.185489 0.056306 -0.366073 -0.199776 -0.141735 0.163610 -0.125583 0.039887 -0.307270 0.301924 -0.048267 0.095680 0.255867 -0.071997 -0.112397 0.070901 0.082480 0.348045 0.016688 -0.366391 -0.081120 0.057836 0.049542 0.101255 0.003774 -0.052054 -0.217613 0.088335 -0.069307 0.001848 -0.025864 -0.159496 0.096421 0.093425 -0.008387 
-0.173234 0.005468 0.216329 0.281648 0.151708 -0.069265 -0.012286 -0.314626 0.063637 0.270191 0.275602 -0.274277 -0.042983 -0.014448 0.003947 -0.035667 -0.018351 -0.155352 0.167621 -0.048592 0.074020 0.112202 -0.026833 -0.090248 0.200207 0.208617 0.241922 0.185976 0.304658 -0.068299 -0.203346 0.320241 -0.140550 -0.093896 0.061475 0.161536 -0.053348 -0.150723 -0.090059 -0.060071 -0.268956 0.144104 0.111015 -0.183897 -0.003299 -0.033026 0.130278 
0.199508 0.137241 0.169120 -0.073153 -0.193880 -0.014478 -0.186792 -0.032827 0.264041 -0.340481 0.204775 0.210404 0.041847 -0.163902 -0.065843 0.425745 0.171436 -0.330973 0.039084 -0.023907 0.173657 -0.143516 -0.233101 -0.152392 -0.338361 -0.212373 0.135187 -0.190183 -0.213831 0.375565 -0.138432 -0.331876 -0.073628 0.198515 -0.225168 -0.094356 -0.045996 0.094829 0.154327 -0.012366 0.033448 0.053688 -0.124100 0.101102 -0.167145 -0.215236 -0.082119 
-0.042775 -0.085393 -0.352528 0.063064 -0.170433 -0.092738 -0.028373 -0.095212 -0.268433 -0.190079 -0.408193 0.044741 0.110476 0.313515 0.082600 0.000372 -0.023478 0.266262 0.247575 0.117973 0.193828 -0.200833 0.018823 -0.330920 -0.271331 -0.082307 -0.238618 0.079384 -0.097880 -0.252219 0.251451 0.222875 0.095714 -0.025343 0.183995 0.017567 0.167497 0.210134 0.061263 0.066287 -0.057118 -0.173795 0.062789 0.098775 -0.128540 0.003786 -0.052808 
0.027087 0.126334 0.034294 -0.079068 0.140103 -0.172486 -0.388245 0.178625 -0.111485 -0.172958 0.229894 0.246784 0.058345 0.189253 0.169564 0.156598 -0.029935 -0.036093 -0.041488 0.347765 0.145426 -0.060443 0.325629 -0.000242 -0.114427 0.377891 -0.229644 -0.413361 0.216106 -0.094846 -0.104844 -0.061830 -0.062617 -0.154820 0.088123 0.001083 0.243531 0.100737 -0.031205 0.015444 0.006504 -0.161261 -0.131376 0.096439 -0.014805 -0.117787 -0.011706 
-0.091460 0.129820 0.258391 0.131781 -0.136776 -0.185279 -0.134080 0.320194 0.147526 -0.087137 0.310759 0.064189 -0.096266 -0.217972 -0.273694 0.191994 -0.053952 -0.032380 -0.196555 0.316765 0.045070 -0.218165 0.007016 0.211217 -0.151525 0.056567 -0.185479 -0.179212 0.138101 -0.133457 0.090398 -0.236743 0.040980 0.102682 -0.103014 -0.104520 0.007914 0.125110 0.025840 0.043932 0.046070 -0.013893 -0.164946 -0.112480 0.068895 -0.234509 -0.140893 
0.020356 0.395926 0.119541 0.205227 0.019887 0.213839 -0.282981 0.004987 -0.215662 0.036426 0.026066 -0.184063 -0.096234 0.025897 0.164385 0.211745 0.269780 -0.255141 -0.272313 -0.201114 0.201574 -0.268010 -0.193968 -0.184992 -0.087806 -0.078035 -0.103857 0.234560 0.211742 -0.148553 -0.207558 0.106143 -0.142110 0.235402 -0.252635 0.042653 -0.106908 0.060221 0.113680 0.136861 0.075173 0.192782 0.028288 -0.038016 0.080002 0.020722 0.034389 
-0.128099 0.154453 -0.171920 -0.035063 0.010076 -0.122889 0.144081 -0.011170 -0.034467 -0.155609 0.166726 0.135276 -0.136045 -0.081926 0.093836 0.125343 0.150439 0.005360 0.122188 -0.114177 -0.221927 -0.120702 0.104771 0.030685 0.208686 0.095264 0.096642 -0.080713 -0.202103 -0.162821 -0.261913 0.056927 0.151321 -0.068074 -0.078810 -0.076770 -0.006093 0.053116 -0.151229 -0.108591 -0.192172 0.214758 0.032174 -0.052923 -0.081560 -0.163329 0.297491 0.036931 0.163677 0.218055 -0.097494 0.234014 0.077779 0.148302 0.180969 0.173765 0.022742 -0.117804 -0.192906 -0.071731 0.014121 -0.144064 -0.201750 -0.081732 
0.086820 -0.020552 0.040109 -0.136301 -0.160200 0.209647 -0.105771 -0.099227 0.251779 0.210284 -0.001814 -0.124036 0.029348 -0.055042 0.162044 0.224864 -0.148684 -0.289772 0.202506 -0.106513 0.183572 0.014608 -0.180303 -0.088694 0.013253 -0.062515 0.108331 -0.179708 0.050353 -0.139754 0.021306 -0.170075 -0.059747 0.028657 -0.221652 -0.067803 -0.058311 0.106075 0.081529 0.008350 0.010439 -0.011445 0.092963 0.042996 0.233929 -0.002240 0.040928 -0.021349 0.064915 -0.039636 -0.099972 0.061428 -0.244470 0.036881 0.150477 0.021466 -0.031722 0.015715 0.146221 -0.253535 0.199939 0.030374 -0.245385 -0.266437 
0.056796 -0.063909 0.154552 -0.014285 -0.196870 0.082797 0.114304 0.140517 0.114227 -0.078307 0.120961 0.053694 0.133706 -0.060360 0.259378 -0.027614 -0.059559 -0.097547 -0.133356 -0.194225 0.121984 0.254351 0.171735 -0.149491 0.064405 0.101838 -0.071856 0.058726 0.021727 0.042612 -0.074023 -0.170053 0.155303 0.115849 0.043422 -0.046670 -0.337265 -0.057797 -0.250316 0.258784 -0.055423 0.192193 0.105764 -0.057435 0.042012 0.089354 -0.150533 -0.066115 0.165063 -0.072359 0.081604 0.092717 -0.105644 0.088087 0.223459 0.183501 -0.040669 -0.190257 0.125323 -0.082349 0.029456 -0.085721 0.018784 -0.049816 
0.222490 -0.058644 0.153376 0.168495 0.151801 0.196994 0.033991 0.153990 0.094363 0.063689 -0.154428 -0.276151 0.178038 -0.030260 -0.036975 0.078213 -0.165360 -0.133492 -0.021814 0.064391 0.098583 -0.138227 -0.062780 0.256670 -0.223715 0.109138 0.040940 0.069750 -0.057255 0.002061 0.094637 -0.139789 0.126658 -0.004750 -0.226532 0.128095 -0.091436 0.205796 0.040199 0.140119 0.025027 0.048216 0.177590 -0.151043 -0.107538 0.057187 -0.280225 0.040936 0.005010 -0.108711 -0.106296 -0.118938 0.017276 -0.001857 -0.102619 0.040848 -0.176561 -0.176632 0.153253 0.007349 0.053986 -0.100091 0.093822 -0.021392 
0.044228 0.076659 -0.037917 0.036025 0.062082 0.096981 0.010140 0.167677 0.097725 -0.191373 -0.118721 0.099170 0.158557 0.000625 -0.087170 0.041377 0.022651 0.049326 -0.221026 -0.172201 0.063823 -0.022796 0.122107 -0.044110 0.066439 0.022026 0.206762 -0.116433 0.023917 -0.093661 -0.035848 0.106844 0.246612 0.240460 0.000544 -0.081153 0.112350 0.212503 -0.023101 0.025430 -0.102784 0.043398 -0.114174 -0.225346 0.125189 0.119020 0.084108 -0.054709 0.033407 0.113032 0.044724 -0.159282 0.044340 -0.104366 0.032059 -0.234109 0.195262 -0.063213 0.044852 0.057020 -0.013804 0.094896 0.100903 0.019466 
0.096550 0.219144 -0.191672 -0.058115 0.173204 0.029781 -0.246993 -0.055497 -0.050226 0.050327 -0.056531 -0.163473 -0.018016 -0.025805 -0.073826 0.104815 -0.144785 -0.245174 0.205306 0.143249 -0.025457 -0.043675 0.113785 -0.011822 -0.024961 -0.028171 0.145005 -0.117998 0.125882 -0.064227 0.195359 0.090950 -0.065120 -0.151107 -0.200236 -0.145305 0.105183 -0.080551 0.055921 0.081157 0.097964 0.143841 0.117987 0.097936 -0.036663 -0.099686 -0.031645 0.093806 -0.093550 -0.083459 -0.065549 0.082372 0.023092 -0.018464 -0.168856 -0.079523 -0.033011 -0.235701 0.061091 -0.001951 0.045530 0.023266 -0.104894 0.002820 
0.151918 -0.007324 0.205598 -0.078600 0.081597 -0.096928 -0.183828 -0.002375 0.001015 0.204147 -0.122804 0.072193 -0.172354 0.137387 -0.086886 0.012294 -0.198044 0.125125 -0.067218 0.176268 -0.059724 0.043288 -0.043400 0.158197 0.070498 -0.161716 -0.011420 0.186662 0.070887 0.157858 0.156281 -0.016737 -0.056852 -0.046246 0.131898 0.170553 -0.072115 0.110674 -0.049733 0.000263 0.128071 -0.084284 -0.188253 -0.166028 -0.072106 0.008130 0.060835 -0.119197 -0.115975 -0.161112 -0.119813 -0.067627 0.064025 -0.096004 -0.122431 -0.190941 -0.055235 0.135402 -0.113091 -0.082465 0.045764 0.219625 0.001145 0.294246 
-0.125563 -0.098910 0.100089 -0.020967 -0.281162 -0.093238 0.104602 0.058396 0.057568 0.208700 0.116813 0.184385 0.028669 -0.151771 0.003468 0.069443 0.016552 0.029556 -0.054410 -0.120362 0.168227 0.031754 -0.014281 -0.149120 0.093680 0.077495 -0.069149 -0.109031 0.021681 -0.189781 -0.193345 -0.205247 -0.107612 -0.117124 -0.081939 -0.078793 -0.008665 -0.118629 -0.224525 -0.117190 -0.089119 0.173207 -0.106315 0.136896 -0.057268 -0.021799 -0.004624 0.236822 0.137892 0.163637 -0.233214 0.186759 -0.092964 -0.016261 -0.039040 0.263106 -0.093687 0.086502 -0.218001 0.031824 0.097303 -0.137186 0.031586 -0.250034 
-0.076701 -0.057229 -0.086969 0.144599 0.026932 0.012394 -0.160697 -0.124515 -0.137463 0.015709 0.173704 0.041110 0.171847 -0.091257 0.016967 0.098426 -0.037695 0.019820 0.101469 0.089045 -0.134288 0.103291 0.026531 -0.126731 0.008468 0.114273 -0.214724 -0.120653 -0.191488 0.091881 -0.111711 0.035700 -0.143978 0.072427 -0.070980 0.165968 -0.106348 -0.012392 -0.174216 -0.074938 0.179499 -0.106400 -0.139170 0.182107 -0.018357 -0.025797 0.014948 0.236689 -0.183054 -0.032007 0.008291 -0.095709 0.100792 -0.019882 -0.020922 0.133779 -0.179029 -0.064948 0.022275 -0.164631 -0.032845 -0.260106 0.050359 -0.079939 
0.108404 -0.102407 0.030802 0.171537 0.236600 0.048638 -0.077086 0.187549 0.006156 -0.068533 0.009357 -0.154258 0.111699 0.059129 -0.199668 0.173057 -0.012394 0.150431 -0.183185 0.002453 -0.212598 -0.111091 0.161420 0.041294 -0.021795 0.117666 0.145144 -0.179021 0.088638 -0.115891 -0.003946 0.084523 0.029388 0.235319 0.126352 -0.052563 0.030749 -0.142841 -0.000533 -0.126986 0.037041 -0.197017 -0.083225 -0.098778 -0.096755 0.022456 -0.087232 0.039330 -0.090441 -0.024580 0.010863 -0.094690 0.128948 -0.053457 0.046882 -0.001990 -0.192950 -0.081971 0.187667 0.217664 0.026223 -0.164893 0.196906 -0.068553 
-0.396931 -0.209167 0.044912 0.068808 -0.102906 0.373299 0.101847 0.065051 0.266772 -0.173947 -0.151772 -0.150094 0.173643 -0.112223 0.012853 0.197144 0.194082 -0.106286 -0.045027 -0.126928 0.129728 -0.153154 -0.189286 0.060036 -0.102313 0.070358 0.069842 0.249787 0.298403 -0.070707 -0.414357 0.008821 -0.028771 0.177699 0.031751 0.149992 -0.320171 -0.102908 -0.126603 0.050637 -0.185515 0.123426 0.191447 -0.249211 0.116521 0.382860 -0.209675 0.009906 -0.052925 -0.033996 -0.220122 0.260417 0.076392 0.050356 0.147742 -0.074572 0.251905 -0.127177 0.453816 0.141796 -0.045986 -0.276424 0.193434 -0.003804 
0.041539 -0.019434 -0.065557 -0.062604 0.050867 0.022026 0.271264 -0.234020 -0.152641 -0.038604 0.048628 0.141319 0.031193 -0.090055 -0.094603 0.058964 0.271628 -0.079266 -0.005508 -0.007315 0.030507 -0.073189 -0.002508 -0.110824 0.148680 -0.036382 -0.146781 0.246402 0.030259 -0.134283 0.100579 -0.035157 0.017365 -0.190517 0.136032 -0.065079 0.136885 0.007807 -0.082027 0.098410 -0.144019 0.088553 0.060201 0.228473 0.086160 0.065591 0.111906 0.145943 -0.091355 -0.088677 -0.043141 0.051650 0.068170 -0.198669 0.183349 -0.091687 0.222684 -0.030483 -0.308784 0.022436 -0.185793 0.074247 0.134782 0.063088 
0.232141 0.014228 0.140658 0.156860 -0.168083 0.059587 0.163656 -0.020903 -0.126810 0.070757 -0.105914 0.013829 -0.134605 0.085799 -0.051182 -0.023631 0.139626 0.153403 -0.164718 0.009664 0.148234 0.233457 0.120852 0.057369 -0.109473 0.032488 -0.123087 -0.124533 -0.144041 0.153930 0.191110 -0.005122 -0.038112 -0.025945 -0.015844 0.025423 0.056289 -0.140546 0.120192 0.164578 0.146806 -0.220216 -0.083880 -0.016688 0.054246 -0.036848 0.165819 -0.065376 0.025387 0.215486 -0.064825 -0.006592 0.098724 0.017259 -0.072488 0.160310 -0.181751 -0.059964 -0.175812 -0.088677 -0.045061 -0.084508 -0.036584 0.222468 
0.122578 0.171883 -0.018041 -0.093492 -0.235812 -0.156039 -0.062005 0.034893 -0.033156 -0.174637 0.226787 -0.112658 0.169858 0.022459 0.040976 -0.092185 0.075897 0.150378 0.064753 -0.046819 -0.022246 -0.104832 -0.097340 -0.079676 0.202912 -0.044262 0.099087 0.253642 0.060766 0.085063 0.124389 -0.049551 0.099821 -0.103205 0.079300 0.048302 0.129283 0.072015 -0.092791 -0.179036 0.110161 -0.073080 -0.178715 0.169865 0.129796 0.083301 -0.039188 0.004912 0.107651 -0.065458 0.100487 0.122848 0.083912 -0.279773 0.026328 -0.131067 0.167936 0.043121 -0.182062 -0.004845 -0.244377 -0.147206 0.176468 0.067175 
-0.079362 0.116104 -0.137861 -0.232156 -0.078636 -0.052823 -0.221840 -0.139186 0.197441 -0.080323 -0.210062 0.173877 -0.136946 0.057676 -0.025804 0.186935 0.060244 -0.091776 0.107843 -0.056696 -0.131961 -0.091502 0.091311 -0.185068 0.123715 0.196770 0.063416 0.080315 0.144007 -0.078126 -0.140039 -0.194628 0.206584 0.039039 -0.154137 -0.254501 -0.084613 -0.124002 -0.072812 0.241883 -0.098613 -0.045568 0.007189 -0.113772 0.298285 -0.135183 0.030224 0.062278 -0.049602 -0.071294 -0.164002 0.045044 -0.058284 0.068092 0.051606 -0.228768 -0.009337 -0.196368 0.219437 -0.110762 -0.034361 0.035054 -0.159015 -0.080007 
0.098707 -0.046404 0.010471 -0.171427 0.114576 0.307118 0.174864 -0.178363 0.079871 0.076719 0.105147 -0.098956 0.134870 -0.044237 -0.108688 0.203639 0.053028 -0.296548 0.035456 -0.131433 0.148333 0.207551 -0.032331 -0.042983 -0.304445 -0.029141 -0.001214 -0.012522 0.235394 0.191387 0.113593 0.059513 -0.067036 -0.007874 0.028794 0.224308 -0.288600 0.108066 -0.108126 0.121577 -0.109315 0.210845 0.315917 -0.219448 0.010850 0.257461 0.142437 0.155599 -0.151893 -0.156861 -0.078109 0.200403 -0.028937 0.236902 -0.134410 -0.084282 -0.084406 0.003350 0.192409 0.187006 0.042727 0.095035 0.076230 0.034277 
0.168170 0.036073 0.070808 -0.091467 -0.147243 0.081033 0.236977 -0.043336 0.046819 0.138114 0.153119 -0.110662 0.167324 -0.056746 -0.168867 0.100232 0.194645 -0.128840 0.117169 -0.091840 0.224426 0.228370 -0.020201 -0.191653 0.049141 -0.094904 -0.199513 -0.125870 0.049592 0.183565 0.161482 0.147537 -0.018008 0.019768 -0.119810 0.108496 0.010352 -0.133506 -0.079354 -0.094467 0.150668 0.180861 -0.011150 0.222851 -0.063396 -0.140368 0.134336 -0.079553 0.101108 0.038904 0.028002 0.091099 0.001050 -0.184953 0.171392 -0.098215 -0.027120 -0.192460 -0.267760 -0.189697 0.153986 -0.212905 -0.196914 -0.110762 
0.104630 -0.045736 0.102379 -0.092143 0.009020 -0.194985 -0.032464 -0.031079 -0.156564 0.153023 -0.147088 0.056223 -0.114762 0.186317 0.119365 -0.155838 -0.070405 0.090870 0.041867 0.140349 -0.010758 -0.045621 0.119201 0.189256 0.107656 0.151259 -0.080669 -0.009267 0.131240 -0.103939 0.164561 0.108236 0.049174 -0.001434 0.173154 -0.200689 0.261830 -0.033295 0.022780 0.097047 0.023637 -0.005669 -0.062003 0.096042 -0.005515 -0.013210 0.071251 0.221810 -0.199370 -0.022263 0.074493 0.008996 -0.195119 -0.032016 -0.032429 0.015887 0.000866 0.162892 -0.197750 0.101767 -0.142940 0.156076 -0.034246 0.181990 
0.049514 -0.094782 0.227423 0.004918 0.124591 -0.081207 0.082907 -0.192545 -0.256077 0.106858 0.127246 0.094678 -0.106472 0.099955 -0.013450 -0.010279 0.239894 -0.031211 -0.174751 0.151805 -0.235013 0.132089 0.095196 0.061222 -0.046134 0.048369 -0.060743 0.076286 -0.067674 0.014672 0.045262 -0.031510 0.068306 -0.050760 0.208947 -0.017753 0.075269 -0.144961 -0.006333 0.122129 -0.130375 -0.200428 -0.024094 0.093785 -0.049204 -0.226680 -0.019282 -0.237781 0.006561 -0.032984 0.092110 -0.040548 0.253754 0.123271 -0.145420 -0.028934 0.064536 -0.111732 -0.143027 -0.139163 0.024733 0.075409 -0.034639 0.049610 
-0.251836 0.099141 0.063291 0.184173 0.154391 0.161118 0.184490 0.073191 0.162572 -0.229442 0.040666 -0.011553 -0.097693 -0.015833 0.165469 -0.024061 0.222277 -0.064639 -0.278426 -0.002309 0.176971 -0.179021 -0.155715 -0.041373 -0.009392 -0.166052 0.052587 0.271664 0.206043 0.217644 -0.271411 -0.241897 0.210680 0.048914 0.270070 0.202173 -0.131413 0.028131 0.048082 -0.000398 -0.018378 -0.043620 0.110107 -0.172536 0.060277 0.156270 0.078085 -0.100556 0.124773 0.052388 -0.135699 0.092055 0.168967 -0.137964 -0.037168 0.161094 0.124336 0.196240 0.168448 0.001895 0.005259 0.086218 0.067664 0.122410 
0.049845 -0.137843 0.153271 0.168602 0.061986 -0.058325 0.005045 0.128507 0.039325 -0.060490 0.129832 -0.132612 0.081467 -0.013345 0.093856 0.013608 -0.167406 -0.008086 -0.078368 0.079970 0.191213 0.097181 0.154587 -0.132092 -0.091224 -0.060799 -0.005506 -0.133862 -0.035940 0.202785 0.159402 -0.021764 -0.150061 0.011288 0.032918 0.214351 0.020652 0.164405 0.014780 0.081355 -0.164191 -0.012901 0.060581 -0.209571 0.270665 -0.080943 0.089376 -0.276324 0.148908 -0.143386 0.207304 0.045393 0.067155 0.038425 0.142838 0.043979 0.120988 -0.080424 -0.099437 -0.240077 -0.110986 0.278792 -0.124735 -0.012884 
0.011566 0.197186 -0.039833 -0.078837 0.299397 0.152905 0.081044 -0.206322 -0.091005 -0.238736 -0.134933 0.054665 -0.201886 0.297101 -0.067409 0.163475 0.229252 0.090213 -0.020656 -0.001972 -0.298473 -0.036019 -0.090075 0.275614 0.069754 -0.089255 0.273946 -0.080818 -0.226231 -0.032324 0.038125 0.181037 0.044808 0.046230 0.339322 -0.055313 0.091437 0.012967 0.068309 -0.154942 0.080601 -0.089208 0.038361 0.152906 -0.220668 -0.089075 0.161429 -0.309313 0.141907 -0.034492 0.137923 0.084406 0.203542 0.069113 0.099238 0.070099 0.215566 0.195627 0.174064 0.000666 -0.040182 -0.082163 0.321380 0.317836 
-0.280147 0.049790 -0.013446 0.126133 -0.184916 0.013728 -0.170314 0.087277 -0.239880 0.064968 -0.032297 -0.035485 -0.205869 -0.197899 0.086336 -0.178002 0.007666 0.284721 -0.182990 -0.170167 -0.004142 -0.184044 0.242578 -0.065371 0.247654 0.120175 0.118728 -0.067645 -0.120045 -0.037807 -0.265680 -0.183900 -0.067639 0.046027 0.215740 0.016669 -0.118923 0.054652 -0.164272 -0.023101 0.009407 0.101731 -0.034282 0.104775 0.139770 0.197711 -0.151897 -0.146977 0.150798 0.022515 -0.048652 0.039988 -0.135950 -0.118621 0.280869 -0.034801 0.163574 0.108675 0.047601 -0.182715 -0.120690 0.029646 -0.134406 0.087494 
-0.233879 -0.123983 -0.116854 -0.079602 -0.057533 0.190955 -0.062268 0.087467 -0.021344 -0.078678 -0.002965 -0.029588 -0.111310 0.119572 0.011577 0.281193 0.159588 0.068338 0.061952 -0.187931 0.026669 -0.075980 -0.125477 0.170290 -0.223680 0.114141 0.174922 -0.060129 -0.083939 -0.248867 -0.197643 0.039546 -0.190652 0.045447 0.087062 -0.172166 -0.126431 -0.090858 0.191834 0.089885 0.044625 0.075762 -0.099483 0.075306 -0.049485 0.043159 0.108137 -0.010202 -0.143582 -0.091709 -0.094988 -0.052742 -0.065770 0.154232 0.132879 0.132740 -0.159140 0.040211 -0.076093 -0.009739 0.167470 -0.133472 0.161808 0.068774 
0.123669 0.124719 -0.169239 -0.088159 -0.023600 -0.194086 -0.139764 0.130755 0.024225 -0.221782 0.013312 -0.154498 0.088628 0.016973 -0.184022 0.132448 0.029655 0.112967 0.096969 0.163551 -0.259671 0.044303 -0.022388 -0.048399 0.028982 0.120374 0.130158 0.002285 -0.251985 -0.062193 -0.131490 -0.148602 -0.047099 -0.006317 -0.017825 -0.106322 0.027885 -0.027189 -0.041290 -0.237337 0.042987 0.080693 -0.244105 -0.101922 0.081211 -0.086053 -0.122978 -0.037570 0.187366 -0.129906 -0.032448 -0.227755 -0.155300 -0.236386 -0.078302 0.008660 0.151112 0.119544 0.207229 0.203601 -0.087501 -0.211872 0.352057 -0.006652 
0.072296 -0.088752 0.227323 0.170255 0.127424 -0.192461 0.298753 -0.102181 0.064737 -0.306582 0.042800 0.083925 -0.069615 0.189935 -0.186142 -0.074971 0.177286 0.060026 -0.128466 0.064965 -0.003410 0.110233 -0.041068 0.038830 -0.011516 -0.125555 0.067925 0.218004 -0.078238 0.014267 -0.057503 0.173971 0.152907 -0.083534 0.301004 -0.053616 -0.172313 0.199546 0.022587 0.162679 0.124550 0.094310 0.015292 -0.043552 -0.050345 0.138960 0.194930 -0.323149 0.090391 -0.046972 0.304221 -0.212711 0.056358 -0.144481 0.049897 -0.011988 0.134492 -0.145508 0.141022 0.213294 -0.113083 0.145972 0.314324 0.302944 
0.196340 0.127914 -0.146643 -0.142643 0.214788 0.138253 -0.223847 0.064883 0.044815 0.187338 0.066029 0.156948 0.118370 0.258149 -0.175240 0.060736 -0.128897 -0.197909 0.057010 -0.018680 -0.115878 -0.189485 -0.151406 0.310404 -0.299563 0.132676 0.242862 -0.087334 0.021415 0.095919 0.023286 0.093563 0.042732 0.044787 0.050154 -0.118389 -0.103059 0.145198 0.260742 0.052686 0.158797 0.116720 0.099531 -0.057828 0.118497 0.156517 0.109426 -0.138261 0.099415 -0.143073 0.024825 -0.046899 -0.103705 0.169513 -0.137493 -0.098283 -0.119553 -0.101922 0.202918 0.208888 0.010625 -0.063549 0.047465 0.166907 
0.207232 -0.181312 -0.037557 -0.096765 -0.284382 -0.040118 -0.029323 0.250727 -0.102334 0.142776 -0.169230 -0.301229 -0.020317 -0.253385 -0.129675 -0.105229 -0.283260 0.042267 0.149774 0.081582 0.018733 -0.183355 -0.148224 0.076814 -0.080525 0.196378 0.035395 -0.087437 -0.051078 -0.190326 0.099613 -0.155010 -0.170589 0.266241 -0.236003 -0.101496 0.024436 -0.116806 -0.229221 0.009335 0.148803 -0.087587 0.037803 0.075481 -0.050456 0.096438 -0.300232 0.162309 -0.116009 0.161084 -0.154958 0.011527 -0.281559 -0.076645 -0.061886 0.021691 -0.301174 -0.186134 -0.090911 -0.072559 -0.038236 0.022650 -0.026498 -0.084747 
0.180633 0.072463 0.237034 -0.108729 -0.245964 0.151458 0.080045 0.119932 -0.180049 -0.222840 0.089263 -0.140716 0.139069 0.070441 -0.215790 -0.203713 0.050852 -0.118138 0.108457 0.047358 0.041822 0.036225 -0.142131 0.076723 -0.063431 -0.135117 -0.060106 0.061163 0.147884 0.185520 -0.137986 0.031533 0.116737 0.294484 0.112188 0.141420 0.049454 0.004160 -0.088116 -0.124720 -0.072211 0.164587 -0.029857 -0.137089 -0.000326 -0.027518 -0.108322 -0.186379 0.131992 -0.028386 0.224725 -0.219181 0.199940 -0.205162 0.198386 -0.071161 -0.091058 -0.136351 0.290480 -0.171513 -0.172343 -0.178938 0.210141 0.102281 
-0.287148 0.142854 -0.122135 -0.218057 0.363433 0.242276 -0.086971 -0.279000 0.093471 -0.080459 0.014077 0.172723 0.197602 0.202423 0.090975 0.174139 0.130584 0.037012 0.133815 0.110531 -0.086487 0.040953 -0.180066 0.235480 0.060808 -0.091191 -0.079618 0.185089 -0.156360 -0.173145 -0.012773 0.111958 0.098077 -0.190001 0.091881 0.087688 -0.240363 -0.053199 0.331748 -0.268324 -0.184034 0.042747 0.077639 0.294891 -0.222420 -0.116739 0.221740 -0.008839 0.168659 -0.072986 -0.027579 0.208008 -0.156659 0.204360 0.074988 0.213021 0.269247 0.134148 0.032415 0.008977 0.204385 -0.123156 0.233244 0.062459 
0.065877 -0.137617 0.002419 0.162284 0.039599 -0.059709 0.065209 0.177184 0.126521 0.072350 0.054071 -0.195945 0.042157 -0.143369 0.068079 -0.006957 -0.045133 0.290859 -0.053990 0.119734 0.146282 -0.214610 0.023512 -0.006727 0.251033 -0.129628 0.025716 0.130613 0.160809 0.024416 0.094173 -0.084340 0.104446 -0.186143 -0.131217 0.127295 0.106001 -0.146423 -0.004206 -0.047385 0.083509 -0.047653 -0.034672 -0.052824 0.119454 -0.075356 -0.251487 0.134171 -0.236133 -0.001888 -0.168823 0.051456 -0.000340 0.008356 -0.119674 0.030003 -0.206792 -0.021923 -0.096738 0.163689 0.030072 0.189567 -0.107563 0.101539 
0.280550 0.046752 0.054989 -0.045672 0.004588 -0.254436 0.150344 0.017581 0.048172 -0.128835 0.089316 0.049212 -0.083895 0.196877 -0.222580 0.022847 -0.080731 -0.073908 -0.129805 0.074015 -0.200409 0.069880 0.017446 -0.165035 0.141991 0.147441 0.229875 0.001759 -0.085519 -0.173649 -0.063362 0.023684 0.037836 0.117750 0.257227 -0.232673 0.286820 0.152603 -0.042093 0.103093 -0.068099 -0.195871 -0.207792 0.011333 0.130711 -0.187681 -0.030465 -0.266857 0.105310 0.081136 0.193253 -0.028345 -0.110368 -0.194838 0.093914 -0.310241 -0.181252 -0.058767 0.024094 -0.056201 0.026858 0.144395 -0.204864 -0.087892 
0.287195 -0.282409 -0.672800 -0.302608 0.464437 -0.007460 -0.178290 -0.402665 
0.051605 0.134600 -0.041570 -0.327699 -0.109472 -0.333011 -0.040355 -0.128435 
0.067032 -0.314997 -0.284954 0.157356 0.224373 0.136019 0.216792 0.287213 
0.011505 -0.156271 -0.208004 0.075199 -0.184770 0.152075 0.211213 0.025668 
0.179900 0.183992 -0.126400 -0.603023 0.063979 0.104208 -0.068121 -0.421081 
-0.451105 -0.271916 0.326504 0.305622 0.032774 0.106136 -0.005981 -0.241396 
-0.194530 -0.345451 -0.176829 -0.310503 -0.228648 -0.153833 0.384479 0.020201 
0.126729 -0.084915 -0.157777 0.662729 0.075355 0.223035 -0.063221 0.088681 
0.135745 -0.267677 0.351167 0.086439 -0.215774 -0.172918 -0.154109 -0.141713 
-0.204720 0.084454 0.314806 0.174954 0.411898 0.391494 -0.062886 0.033156 
-0.266655 -0.116837 -0.034035 -0.136456 -0.080072 -0.225347 0.221545 0.165309 
0.049331 0.333850 0.172894 -0.359732 0.053073 -0.246294 0.169023 0.117915 
-0.236189 -0.255880 0.076611 -0.070002 -0.436489 -0.240297 -0.151951 -0.261736 
0.229541 0.225152 -0.341124 -0.358417 0.323998 0.006994 -0.150669 -0.136203 
-0.013387 0.074279 0.377177 0.268512 0.093175 0.150152 0.278208 0.224469 
-0.120957 0.133920 0.338887 0.018128 0.072729 -0.153243 -0.237757 -0.321651 
-0.205200 0.150751 0.013677 -0.522934 -0.385017 -0.287863 0.267512 0.280655 
0.218140 0.413117 -0.217229 -0.000530 -0.163819 0.354241 0.247783 0.277726 
-0.279657 0.172599 0.258081 0.081999 0.259706 -0.000185 -0.221384 -0.112045 
0.103808 0.009623 -0.254337 -0.354236 0.027708 0.143440 -0.177790 0.030301 
-0.108392 -0.507389 0.287024 0.193959 -0.219010 0.055250 0.202208 0.171065 
-0.124112 -0.146458 -0.046019 -0.071415 0.408124 -0.163447 0.079968 0.294903 
0.220347 0.145525 -0.071354 0.172216 0.323495 0.022587 0.259758 0.124706 
0.012506 0.139719 -0.112427 -0.156244 0.135593 0.343928 -0.187561 -0.410235 
0.212433 0.232584 -0.023544 -0.201826 -0.399261 -0.164648 0.280400 0.399284 
0.067404 0.257409 0.028943 0.267182 0.095106 -0.129915 -0.083581 -0.083524 
0.235329 0.173055 -0.180137 0.248974 0.072146 -0.062993 -0.175535 -0.343633 
0.199389 -0.196860 0.045841 -0.258121 -0.428741 -0.050182 0.053564 0.315013 
0.207282 -0.326800 0.283044 0.231603 -0.088938 0.172194 0.039054 -0.003746 
0.025896 -0.469225 -0.075610 -0.180099 -0.028389 0.016925 -0.009477 0.222083 
0.128570 -0.231232 -0.300924 -0.602789 0.409154 0.265401 -0.055869 -0.214542 
-0.088856 0.127435 -0.151725 -0.281711 0.252882 0.070062 -0.100505 -0.058149 
0.233239 -0.145420 -0.154976 -0.221820 -0.327940 -0.308536 0.054696 -0.065753 
0.027568 -0.112711 -0.326567 0.434891 0.007371 -0.057560 -0.054962 -0.178491 
0.271857 0.211293 -0.553300 -0.450059 -0.171275 -0.067841 0.187538 0.455280 
-0.237552 -0.426146 0.050342 -0.053538 -0.164045 0.211463 0.121747 0.254394 
0.380810 0.337364 -0.471949 -0.355375 0.006552 -0.049899 0.205717 0.015591 
0.101212 -0.274971 -0.168348 -0.116805 -0.066606 -0.160616 -0.005101 -0.217900 
-0.017823 0.088256 0.038403 -0.430616 0.091278 0.054713 -0.268555 -0.279243 
0.243456 -0.137533 0.108164 0.266982 0.418785 0.035990 -0.028204 0.145998 
-0.081429 0.077733 -0.228445 -0.010448 0.155892 0.291469 -0.108317 -0.138754 
-0.258659 -0.089401 0.181431 0.185614 -0.167355 -0.191694 0.054140 -0.057159 
-0.216720 -0.299642 0.302584 0.141703 0.246587 0.136305 0.003532 -0.048645 
-0.378692 0.307054 0.053411 -0.456808 -0.007723 -0.029222 0.164547 0.091955 
0.346992 -0.133914 0.143764 0.295101 0.032376 -0.236068 0.189498 0.072074 
0.003782 -0.285584 0.271604 0.417390 -0.279756 0.201366 0.022936 -0.016549 
-0.073803 0.272888 0.120440 -0.451055 0.364012 -0.216260 0.060116 0.165892 
-0.232380 0.171328 0.589297 0.261736 -0.148048 0.258589 0.074463 -0.186282 
-0.027165 -0.074142 -0.164155 -0.066465 -0.093452 -0.395394 0.192473 -0.022037 
-0.098631 0.271589 -0.096040 0.213605 0.135706 -0.004737 0.212027 0.246801 
0.065844 -0.094531 -0.450535 -0.182259 0.248125 -0.024754 0.098943 0.033413 
-0.173241 0.095442 0.482214 0.109743 0.046025 -0.032021 0.189305 0.131943 
0.012358 -0.219364 -0.285397 -0.300848 -0.097524 -0.002062 0.070680 0.169317 
-0.215984 0.071444 0.425947 0.208772 0.515645 0.260672 -0.064483 -0.108619 
-0.142192 0.035926 -0.011728 0.158355 -0.133772 -0.355290 0.355838 0.107012 
-0.393854 0.214196 0.091959 0.158521 0.073732 0.292393 0.156560 0.204538 
0.155368 -0.049176 0.063154 -0.480300 -0.399171 -0.276213 0.102218 0.128967 
0.017588 0.161722 0.027480 -0.287662 -0.265459 0.202062 0.136532 -0.040921 
-0.025058 -0.258851 0.016896 0.657247 -0.194752 -0.038344 -0.196857 -0.556644 
0.205774 0.051113 0.079421 -0.151182 -0.216911 0.304316 -0.091898 -0.368742 
-0.209016 0.089776 0.176911 0.080971 0.209906 -0.042151 -0.189227 -0.056711 
0.536648 -0.225664 0.109883 -0.210898 0.260385 0.200378 0.078026 0.065597 
-0.009002 0.028873 -0.398824 -0.359027 -0.577015 0.032315 0.037409 -0.328623 
0.257567 0.029926 -0.407735 -0.367729 0.052432 0.288839 -0.079620 0.113701 









0.000000 
0.000000 
0.000000 
0.000000 
0.000000 
0.000000 
0.000000 
0.000000 
0.098232 
0.047581 
-0.087753 
-0.025865 
-0.206190 
0.022074 
0.306444 
-0.224646 
0.048525 
0.357856 
-0.151012 
-0.037929 
0.112720 
0.224787 
0.081527 
0.099697 
0.001795 
0.208817 
0.147309 
0.139515 
-0.410792 
-0.105614 
0.131024 
-0.276628 
-0.274852 
0.121955 
-0.112304 
0.218366 
0.088633 
0.244801 
0.108112 
-0.189274 
-0.206655 
-0.327440 
0.256845 
-0.086630 
-0.064679 
0.323943 
0.113258 
-0.307017 
0.116791 
0.166999 
0.179783 
-0.118792 
-0.034579 
-0.288299 
0.214612 
-0.396479 
-0.280010 
0.111312 
0.000528 
-0.329142 
-0.177409 
-0.346337 
-0.109322 
-0.141755 
0.219495 
0.074306 
0.280097 
0.152631 
0.005493 
0.222899 
0.371542 
0.128910 
-0.079423 
0.008529 
-0.105341 
-0.274300 
0.035512 
0.038145 
0.132775 
-0.449306 
0.017746 
0.140080 
0.015276 
0.154736 
-0.083474 
-0.007945 
0.113565 
-0.040800 
0.268234 
0.173359 
0.032914 
-0.323507 
-0.146429 
-0.086180 
-0.089480 
-0.100336 
-0.243514 
-0.025489 
-0.004453 
0.108225 
0.139701 
0.044150 
0.076888 
0.019226 
0.101806 
-0.334207 
-0.436229 
-0.326645 
-0.139863 
0.068977 
-0.021458 
0.028182 
-0.265448 
-0.030227 
-0.037839 
0.156592 
0.049848 
0.018342 
-0.006925 
-0.071764 
0.181087 
-0.179299 
0.380887 
-0.083766 
-0.240815 
-0.105414 
0.122208 
-0.101961 
0.132256 
0.141105 
0.331930 
-0.286178 
0.323561 
-0.427849 
0.192997 
0.002283 
-0.047087 
-0.011356 
0.189743 
0.074128 
0.250811 
0.324263 
0.318282 
0.206589 
-0.273167 
0.125604 
0.236764 
-0.078180 
-0.063970 
-0.044525 
-0.120746 
-0.159975 
-0.378881 
-0.308355 
0.224113 
-0.182613 
-0.139098 
0.099823 
-0.342987 
0.356808 
-0.116938 
0.081047 
-0.170709 
-0.053783 
-0.406777 
0.188502 
0.392035 
0.027457 
-0.168973 
0.091586 
0.266002 
-0.204471 
-0.029829 
0.209665 
0.290131 
0.059823 
-0.224798 
0.058884 
0.195177 
-0.051843 
0.217127 
-0.214612 
-0.352605 
0.161174 
-0.361660 
0.067334 
0.302932 
-0.012412 
-0.180869 
-0.276718 
-0.147677 
0.267808 
-0.069001 
0.036595 
0.199098 
-0.124635 
0.215775 
0.274720 
0.163869 
0.042851 
-0.128721 
0.344465 
0.186146 
0.271012 
-0.108697 
0.296047 
0.069827 
0.251235 
-0.063783 
-0.150464 
0.158116 
-0.028933 
0.106694 
0.033849 
-0.154051 
0.107502 
-0.064745 
0.337245 
0.169783 
1.055692 
0.872087 
0.428145 
-0.091822 
0.540650 
3.677000 0.100148 0.046515 
