2 ### 121 122 1; 122 121 1; 
2 ### 121 123 1; 123 121 1; 
2 ### 121 124 1; 124 121 1; 
2 ### 121 125 1; 125 121 1; 
2 ### 121 126 1; 126 121 1; 
2 ### 121 127 1; 127 121 1; 
2 ### 121 128 1; 128 121 1; 
2 ### 121 129 1; 129 121 1; 
2 ### 121 130 1; 130 121 1; 
2 ### 121 131 1; 131 121 1; 
2 ### 121 132 1; 132 121 1; 
2 ### 121 133 1; 133 121 1; 
2 ### 121 134 1; 134 121 1; 
2 ### 121 135 1; 135 121 1; 
2 ### 121 136 1; 136 121 1; 
2 ### 122 123 1; 123 122 1; 
2 ### 122 124 1; 124 122 1; 
2 ### 122 125 1; 125 122 1; 
2 ### 122 126 1; 126 122 1; 
2 ### 122 127 1; 127 122 1; 
2 ### 122 128 1; 128 122 1; 
2 ### 122 129 1; 129 122 1; 
2 ### 122 130 1; 130 122 1; 
2 ### 122 131 1; 131 122 1; 
2 ### 122 132 1; 132 122 1; 
2 ### 122 133 1; 133 122 1; 
2 ### 122 134 1; 134 122 1; 
2 ### 122 135 1; 135 122 1; 
2 ### 122 136 1; 136 122 1; 
2 ### 123 124 1; 124 123 1; 
2 ### 123 125 1; 125 123 1; 
2 ### 123 126 1; 126 123 1; 
2 ### 123 127 1; 127 123 1; 
2 ### 123 128 1; 128 123 1; 
2 ### 123 129 1; 129 123 1; 
2 ### 123 130 1; 130 123 1; 
2 ### 123 131 1; 131 123 1; 
2 ### 123 132 1; 132 123 1; 
2 ### 123 133 1; 133 123 1; 
2 ### 123 134 1; 134 123 1; 
2 ### 123 135 1; 135 123 1; 
2 ### 123 136 1; 136 123 1; 
2 ### 124 125 1; 125 124 1; 
2 ### 124 126 1; 126 124 1; 
2 ### 124 127 1; 127 124 1; 
2 ### 124 128 1; 128 124 1; 
2 ### 124 129 1; 129 124 1; 
2 ### 124 130 1; 130 124 1; 
2 ### 124 131 1; 131 124 1; 
2 ### 124 132 1; 132 124 1; 
2 ### 124 133 1; 133 124 1; 
2 ### 124 134 1; 134 124 1; 
2 ### 124 135 1; 135 124 1; 
2 ### 124 136 1; 136 124 1; 
2 ### 125 126 1; 126 125 1; 
2 ### 125 127 1; 127 125 1; 
2 ### 125 128 1; 128 125 1; 
2 ### 125 129 1; 129 125 1; 
2 ### 125 130 1; 130 125 1; 
2 ### 125 131 1; 131 125 1; 
2 ### 125 132 1; 132 125 1; 
2 ### 125 133 1; 133 125 1; 
2 ### 125 134 1; 134 125 1; 
2 ### 125 135 1; 135 125 1; 
2 ### 125 136 1; 136 125 1; 
2 ### 126 127 1; 127 126 1; 
2 ### 126 128 1; 128 126 1; 
2 ### 126 129 1; 129 126 1; 
2 ### 126 130 1; 130 126 1; 
2 ### 126 131 1; 131 126 1; 
2 ### 126 132 1; 132 126 1; 
2 ### 126 133 1; 133 126 1; 
2 ### 126 134 1; 134 126 1; 
2 ### 126 135 1; 135 126 1; 
2 ### 126 136 1; 136 126 1; 
2 ### 127 128 1; 128 127 1; 
2 ### 127 129 1; 129 127 1; 
2 ### 127 130 1; 130 127 1; 
2 ### 127 131 1; 131 127 1; 
2 ### 127 132 1; 132 127 1; 
2 ### 127 133 1; 133 127 1; 
2 ### 127 134 1; 134 127 1; 
2 ### 127 135 1; 135 127 1; 
2 ### 127 136 1; 136 127 1; 
2 ### 128 129 1; 129 128 1; 
2 ### 128 130 1; 130 128 1; 
2 ### 128 131 1; 131 128 1; 
2 ### 128 132 1; 132 128 1; 
2 ### 128 133 1; 133 128 1; 
2 ### 128 134 1; 134 128 1; 
2 ### 128 135 1; 135 128 1; 
2 ### 128 136 1; 136 128 1; 
2 ### 129 130 1; 130 129 1; 
2 ### 129 131 1; 131 129 1; 
2 ### 129 132 1; 132 129 1; 
2 ### 129 133 1; 133 129 1; 
2 ### 129 134 1; 134 129 1; 
2 ### 129 135 1; 135 129 1; 
2 ### 129 136 1; 136 129 1; 
2 ### 130 131 1; 131 130 1; 
2 ### 130 132 1; 132 130 1; 
2 ### 130 133 1; 133 130 1; 
2 ### 130 134 1; 134 130 1; 
2 ### 130 135 1; 135 130 1; 
2 ### 130 136 1; 136 130 1; 
2 ### 131 132 1; 132 131 1; 
2 ### 131 133 1; 133 131 1; 
2 ### 131 134 1; 134 131 1; 
2 ### 131 135 1; 135 131 1; 
2 ### 131 136 1; 136 131 1; 
2 ### 132 133 1; 133 132 1; 
2 ### 132 134 1; 134 132 1; 
2 ### 132 135 1; 135 132 1; 
2 ### 132 136 1; 136 132 1; 
2 ### 133 134 1; 134 133 1; 
2 ### 133 135 1; 135 133 1; 
2 ### 133 136 1; 136 133 1; 
2 ### 134 135 1; 135 134 1; 
2 ### 134 136 1; 136 134 1; 
2 ### 135 136 1; 136 135 1; 
