0.145674 0.184230 0.201921 0.204618 -0.130695 0.112521 -0.266150 0.000329 0.198170 -0.197485 0.049966 0.039701 -0.037000 0.102564 -0.038277 0.246364 0.024321 0.060471 0.070997 0.284795 0.000192 0.168898 0.020293 0.076804 0.048874 0.094279 0.114398 -0.001585 -0.185898 -0.121018 -0.316964 0.211097 -0.309935 -0.366947 0.301485 0.074410 0.197416 0.261955 0.178247 0.016806 0.145047 0.042154 0.224431 -0.138379 -0.121487 -0.080573 -0.118331 0.213181 0.162858 0.225703 0.124066 -0.125107 0.103563 0.011382 -0.242131 0.095389 0.222533 0.172844 -0.203848 -0.361742 0.355659 -0.089303 0.254614 -0.333161 
-0.148091 0.059370 0.019871 -0.355645 0.025403 -0.048339 -0.113164 -0.066101 -0.224252 -0.127053 0.154968 -0.016725 0.107195 -0.189641 -0.198452 0.035906 -0.198488 0.339343 0.250558 0.239552 -0.077400 0.238550 0.036374 -0.104748 0.197260 0.093896 0.013262 0.098939 0.133662 -0.060693 0.151092 -0.201848 -0.178859 -0.105643 -0.171916 0.122844 0.079834 0.005963 -0.121298 0.135654 -0.271210 -0.173946 -0.230297 0.205868 -0.054032 -0.025246 -0.082604 -0.089968 -0.056138 -0.096658 -0.117595 0.158453 -0.109748 0.224020 -0.176428 -0.206937 -0.058138 0.114213 0.204581 -0.037644 -0.251333 -0.025831 0.016955 -0.171165 
0.200629 0.108715 -0.229801 0.077347 -0.097321 -0.051366 -0.205726 -0.203870 0.086021 -0.215320 -0.233507 0.227642 0.166840 -0.055152 -0.116674 -0.004265 0.160577 0.003973 -0.108067 -0.275840 -0.055643 -0.006627 -0.191335 0.313730 -0.218210 0.323698 -0.106314 -0.193122 -0.071635 0.152157 -0.101178 -0.158833 -0.030044 -0.013854 0.094502 0.138265 0.243248 0.370248 -0.153135 -0.070875 0.107866 -0.134024 -0.060763 -0.106527 0.099462 0.017292 0.136636 -0.017950 -0.082696 -0.200459 0.008073 0.097546 0.176793 0.146072 -0.090571 -0.003865 0.290927 0.236020 -0.047201 -0.152092 0.129365 0.193287 0.165519 -0.206842 
-0.135421 -0.140743 0.153972 -0.134452 0.017162 0.262887 -0.002211 0.095526 -0.256388 0.140573 -0.177588 0.168106 -0.079881 0.182392 -0.213191 0.008284 0.273040 0.174016 -0.112995 -0.084812 -0.037749 0.175937 0.166740 -0.122417 0.140928 -0.073003 -0.029800 -0.129336 -0.135850 -0.254391 -0.071126 0.104651 -0.007942 -0.212218 0.129100 0.147925 -0.208371 -0.124347 0.052878 -0.027030 -0.118359 0.163707 -0.250650 0.029981 -0.005025 -0.102871 -0.214255 -0.047755 -0.183568 -0.017764 0.119927 0.089315 -0.181404 -0.012149 0.142685 -0.002370 -0.247187 -0.043640 0.105034 -0.016285 0.007466 -0.221142 -0.199418 -0.185031 
-0.147251 0.231120 -0.000202 -0.048787 -0.162916 -0.220399 0.081801 -0.025386 0.261229 0.168762 0.327006 -0.015422 -0.267127 -0.261768 0.140839 -0.106198 -0.103520 0.015626 0.224939 0.030334 -0.194227 0.003187 -0.290698 -0.022200 -0.116886 0.184614 0.113516 0.154466 0.311900 0.198154 0.131189 -0.205650 0.095133 0.113781 0.155663 0.239567 0.233327 -0.066012 -0.107122 0.043697 -0.176300 -0.240300 -0.240945 -0.048325 -0.067825 0.156656 0.060239 0.184412 -0.082320 -0.061169 -0.120954 -0.045952 -0.180560 -0.067117 0.044709 -0.000288 -0.129903 -0.029989 -0.183587 -0.205525 -0.151290 -0.124984 0.014636 0.160289 
0.214860 0.266264 -0.075187 0.136946 -0.112777 0.156991 -0.029129 -0.056682 0.363732 -0.051050 0.216970 -0.147340 -0.116914 -0.023638 0.262199 0.031548 0.190660 -0.212488 -0.237092 0.310481 0.029204 0.107194 -0.134997 0.220817 -0.149048 -0.012840 0.277530 -0.221476 0.160280 -0.233448 -0.404203 0.091563 -0.373129 0.079353 -0.144415 -0.119648 -0.137737 0.221161 0.355356 -0.139251 -0.074198 0.128601 0.079099 0.082299 -0.192776 0.040524 -0.200022 0.271834 0.155043 -0.236378 0.236289 -0.271312 0.388859 -0.154724 0.051127 -0.236688 0.336533 0.141462 -0.029321 0.111222 0.189981 0.047582 -0.143570 0.310706 
0.285108 -0.067595 -0.144732 -0.072311 -0.211482 -0.075871 0.170010 -0.034500 0.235189 -0.035807 -0.329781 -0.349786 0.260040 -0.188739 0.301121 0.084322 0.035633 0.166969 -0.030965 -0.005642 -0.416304 0.005238 0.170096 0.283567 -0.334130 0.431660 -0.208054 -0.227849 -0.088920 0.099941 -0.227554 -0.221297 0.046877 -0.003017 0.246292 -0.104553 0.147539 0.032690 0.023079 0.100337 0.223113 0.309407 0.202076 0.100826 -0.349781 0.001769 -0.083184 0.058951 -0.051349 -0.319722 -0.164828 0.050499 -0.045684 0.226412 0.218689 -0.296558 -0.019321 0.303373 -0.182956 -0.330893 0.091017 -0.223545 -0.179302 -0.187738 
0.147145 -0.148488 -0.074152 0.038195 0.132765 0.038837 -0.241026 -0.017052 -0.212238 0.348773 -0.144005 -0.061176 -0.036078 0.118556 0.343562 -0.312327 0.302814 -0.333085 -0.327576 0.036789 0.059340 0.088382 0.077544 0.113370 -0.144595 0.279744 -0.110177 -0.368247 -0.262837 -0.207862 -0.044299 0.088061 0.349084 -0.300752 0.096785 -0.051744 -0.084008 0.269741 0.089418 0.045604 0.087048 -0.110035 -0.233343 -0.180803 -0.396871 0.223446 -0.072282 0.211188 -0.256840 0.171181 0.090558 0.322452 -0.130520 -0.205553 0.237423 -0.103073 0.029300 -0.142980 -0.137152 0.139604 0.013204 0.046018 0.029073 -0.090466 
0.047242 -0.024750 0.080619 -0.059181 0.177257 -0.021198 0.056499 0.020172 0.113578 0.028827 -0.067206 0.093169 0.068146 -0.026675 -0.016416 0.149002 0.002645 -0.143740 -0.034377 0.032586 -0.107714 -0.146350 -0.066646 -0.183571 -0.006010 -0.005016 0.159752 -0.070169 0.190317 -0.060755 0.142725 -0.001464 
0.026575 -0.025151 0.071947 -0.001559 -0.106564 0.073880 0.007956 -0.098516 0.017293 0.063545 -0.143820 0.009086 0.119847 0.142850 -0.005141 -0.106464 0.075928 -0.076464 -0.040027 -0.122195 0.005073 -0.106407 -0.118098 0.059104 -0.091507 -0.099675 0.058432 0.006488 -0.033986 0.047458 -0.067704 0.007416 
-0.011855 0.105269 -0.063237 0.164933 0.072656 -0.036398 -0.086800 -0.074911 -0.068711 -0.073334 0.061564 -0.087084 0.114545 -0.046942 -0.108123 0.139848 0.074547 -0.075489 -0.057170 0.008075 -0.087669 -0.068667 -0.032881 0.082006 -0.032901 0.088473 -0.086380 -0.129443 -0.033659 -0.155666 0.092823 -0.118670 
-0.069558 0.038683 -0.157736 0.045169 -0.102325 -0.083096 -0.126479 -0.008243 -0.000469 0.039972 -0.080320 -0.041268 -0.084930 0.023938 -0.056659 0.020455 0.023312 -0.033062 -0.002992 0.079000 0.068540 0.081698 0.074919 -0.048145 0.002302 0.041039 0.025187 0.046274 0.080907 -0.134353 0.108804 0.201221 
0.040649 0.188496 0.028509 -0.024637 -0.029807 -0.048384 -0.012600 -0.055145 -0.006858 0.021745 0.085043 0.036693 -0.094109 -0.109826 -0.131983 -0.057521 0.100949 0.024937 0.052318 -0.028594 -0.011203 -0.001456 0.186605 -0.134005 -0.047833 0.073939 0.214998 0.060727 0.125603 0.030864 0.063981 -0.094139 
0.047175 -0.105431 -0.011077 0.128130 -0.057590 -0.045436 -0.064554 0.144072 0.101816 -0.090738 -0.049603 -0.111375 -0.057108 0.028553 -0.023772 0.002919 -0.071603 -0.084341 0.026524 0.101881 0.074209 -0.023077 -0.091340 0.174083 0.056130 -0.115155 0.091883 0.003014 0.046426 0.068895 -0.151684 0.112739 
0.096454 0.063930 -0.024567 -0.030044 0.042272 0.104463 -0.132957 -0.005595 0.078719 -0.009841 0.018008 -0.053184 -0.052597 0.070093 0.066514 -0.085112 0.100821 -0.097090 -0.054334 0.090818 0.002310 -0.064824 0.096490 -0.100336 -0.053244 0.043714 0.016996 -0.071988 -0.070357 0.086072 0.081660 0.122641 
-0.032092 0.061697 -0.106811 -0.080452 0.007348 -0.079478 -0.003954 -0.086734 0.084553 -0.105116 -0.001033 0.113401 -0.098947 -0.126896 -0.087286 -0.141998 -0.000545 -0.027581 0.020174 0.028681 0.060140 -0.007320 0.207078 -0.093370 -0.065431 0.072452 0.051176 -0.035745 0.016582 -0.047406 -0.034371 -0.018553 
0.110142 -0.080814 -0.000367 -0.105359 -0.013677 -0.101803 -0.011271 -0.026076 -0.026228 0.065513 -0.098837 -0.021688 -0.093993 0.081753 -0.054709 -0.028528 -0.066085 -0.107205 -0.100751 -0.128490 0.023541 0.053339 -0.025784 0.056424 -0.021102 0.111814 -0.109306 0.039940 -0.038949 -0.072139 -0.006603 0.023402 
0.066037 -0.157152 -0.105447 -0.124575 -0.071609 0.079173 -0.002171 -0.027558 -0.086535 -0.053125 0.085544 0.042404 0.124846 -0.024119 0.096576 -0.156000 -0.050739 -0.140019 -0.093333 -0.121366 0.176784 0.036367 0.053812 -0.068673 0.049703 0.121572 -0.163779 0.154954 -0.060387 0.041227 -0.091411 -0.206398 
0.041239 -0.065164 -0.000476 0.046152 -0.105341 -0.083668 -0.014397 0.059710 -0.105221 -0.024571 0.013064 0.119700 -0.023499 0.022270 0.074676 0.041981 -0.048742 -0.113711 0.138466 -0.066115 0.049566 0.104200 0.057672 -0.046488 -0.007562 0.098779 -0.024389 -0.086060 -0.037546 -0.009514 -0.108785 -0.072602 
0.115346 -0.068554 0.041698 -0.174525 -0.062025 -0.013089 0.158852 0.096635 -0.071584 0.021650 -0.046967 -0.049036 0.076406 -0.101819 0.073850 -0.114935 -0.176605 0.002094 0.068450 0.001320 -0.073894 0.041259 0.043387 0.106922 -0.049983 -0.015279 -0.040167 0.159813 -0.025914 0.158588 0.062532 0.082148 
-0.073807 0.132687 0.031343 0.034873 0.174075 -0.028867 -0.083666 -0.084790 0.127514 -0.014124 0.159154 0.066016 0.060519 -0.058936 -0.152921 -0.090289 0.100138 -0.008666 -0.145661 0.096813 -0.113948 -0.013053 0.065839 -0.066950 0.085918 -0.046941 -0.047697 -0.088685 0.157485 -0.161184 0.071026 -0.157135 
0.059884 -0.064051 0.049000 0.112347 0.072804 -0.076130 -0.064646 0.097285 0.051862 -0.053933 0.013671 -0.021497 0.061211 0.032931 0.088861 0.003374 -0.028184 -0.114516 -0.015907 -0.051311 0.058868 0.101876 0.066959 0.039968 -0.046269 0.087804 0.003746 -0.088664 0.086675 -0.054760 -0.057992 0.086137 
-0.005252 -0.054034 0.081378 0.011652 -0.020224 -0.170263 -0.152878 -0.180809 -0.028990 -0.033180 0.030550 0.180819 -0.027833 0.030021 -0.112034 0.042728 0.092057 -0.003199 0.017499 -0.188906 0.001723 -0.088625 0.042376 0.029503 -0.015233 0.046284 -0.025936 -0.134062 0.058580 -0.132143 -0.055490 0.040946 
-0.039604 0.108170 -0.097988 0.080523 0.087754 -0.118698 0.056085 -0.089619 0.116142 -0.040671 -0.075857 -0.104184 0.077827 0.002919 -0.005193 -0.025072 0.017603 -0.025412 0.086920 -0.075481 0.078535 -0.036869 -0.049932 -0.044355 0.009701 -0.041680 0.016786 -0.126110 -0.014230 -0.041517 0.120927 0.162723 
-0.064745 0.077680 -0.003336 -0.069632 -0.142787 0.012102 -0.042185 0.109695 0.025005 0.024193 0.060029 -0.011158 -0.065795 0.009943 -0.052504 0.005613 0.060872 0.063745 0.055380 0.042733 -0.050852 0.092880 0.068725 0.107611 -0.055808 -0.047266 0.064899 0.036174 0.086576 0.091423 -0.017296 -0.072679 
0.027266 -0.035422 0.072439 0.084178 0.059880 -0.115121 0.062140 -0.067896 0.040103 -0.038639 -0.116327 0.023947 0.030279 -0.154675 -0.078126 0.005380 0.126461 0.122241 -0.036472 -0.021407 0.055284 -0.045216 -0.059022 0.149022 -0.008527 0.097340 -0.017860 0.002137 0.026087 0.171536 0.085132 -0.084453 
-0.085852 0.027157 0.167060 0.095025 0.068206 -0.078820 -0.072605 0.004852 0.143661 -0.174011 -0.029292 0.120875 -0.142255 -0.002654 -0.111948 -0.024966 0.041480 0.020133 -0.071681 -0.181660 0.012815 -0.076515 0.163409 -0.040316 -0.070698 0.035848 0.135531 0.067631 0.017838 -0.060385 0.025281 -0.057843 
0.125206 -0.018754 -0.039017 -0.003419 0.103115 -0.154997 -0.079084 -0.096273 -0.064809 -0.002176 -0.025765 0.075618 -0.077935 0.033441 -0.077636 0.023414 0.004881 0.001716 -0.022570 -0.047394 -0.106661 -0.039533 0.050525 -0.114009 0.018646 0.031652 0.111719 -0.167187 0.100024 -0.064447 0.086212 -0.041531 
0.081112 0.021883 0.083175 0.023714 0.026224 -0.071185 -0.092890 0.140986 0.082014 0.002813 -0.065682 -0.151423 0.115516 0.035569 0.047780 -0.108905 -0.002056 -0.037295 -0.085043 0.090474 0.080700 -0.016526 -0.053578 0.070855 0.002029 0.062372 0.096483 -0.073245 0.029616 -0.038268 0.020816 0.056613 
-0.179837 0.007683 -0.039699 0.072907 0.092233 -0.059609 0.076729 -0.007665 0.062131 0.137263 0.059709 0.055323 0.011533 -0.001164 0.058107 0.120303 0.107455 0.047930 0.081978 -0.030298 -0.119458 -0.125511 -0.093609 0.039268 0.085039 -0.009266 0.033720 0.046688 -0.010282 -0.077231 -0.017306 -0.076491 
0.089425 0.052726 -0.031970 0.148233 0.113066 -0.139532 -0.042744 -0.079841 0.106375 -0.082405 0.209076 0.012553 0.061174 -0.003265 -0.072860 -0.031230 0.077272 -0.151245 -0.161821 -0.015792 -0.097078 -0.028424 -0.004430 -0.145139 0.092663 0.108556 0.152480 -0.086860 0.158038 0.070395 0.111929 -0.003536 
-0.001631 -0.090611 0.066314 0.044863 -0.088072 -0.012376 -0.059179 -0.066025 0.001326 -0.062383 0.040271 -0.102521 0.114933 0.084875 0.084049 -0.023926 -0.149741 0.060428 0.072163 -0.015262 -0.041469 0.157872 -0.026262 -0.165552 0.089757 -0.165517 -0.052792 0.036647 -0.082733 -0.068749 -0.064392 -0.016653 
-0.139759 -0.019037 -0.041985 0.057732 0.065883 -0.044929 0.002485 -0.156068 0.088710 -0.103197 -0.039048 0.111604 0.078660 -0.072141 -0.106761 -0.086901 0.229426 -0.061170 -0.050309 -0.088306 -0.075997 -0.014131 -0.002201 0.113069 0.042493 0.135139 -0.000604 0.051179 0.064275 0.001025 -0.007270 -0.180692 
-0.096190 0.015714 0.057613 0.008430 -0.038003 -0.148051 0.054242 0.017115 -0.054298 0.045675 -0.032423 -0.069960 -0.140724 0.086412 -0.133049 -0.043913 -0.090400 -0.058313 -0.095780 -0.153874 0.093116 0.007480 -0.109693 0.049916 0.023983 0.002510 0.007858 -0.089653 -0.018318 0.062870 0.035847 -0.087463 
-0.100050 0.072626 0.076131 -0.067167 0.108468 -0.024720 -0.083344 -0.158709 -0.018703 0.087518 -0.134210 0.027590 0.041632 -0.044330 -0.001230 0.061249 0.027849 -0.128476 0.097163 -0.100790 0.077290 0.074189 -0.108720 -0.015403 -0.098565 0.066472 0.091953 -0.036598 -0.028736 -0.095132 0.060543 0.012042 
-0.039058 -0.068269 0.071816 -0.151132 0.060798 0.102004 -0.046459 -0.017281 -0.003180 -0.042569 0.114320 -0.051930 -0.063058 -0.004241 0.112740 0.028723 -0.071839 0.102584 -0.032465 0.024517 0.024115 -0.005745 0.078954 0.062196 0.032381 0.011701 -0.144461 -0.013362 0.059662 0.076101 0.034380 -0.036099 
-0.055847 -0.067220 -0.088705 -0.143846 -0.113576 -0.022992 0.010704 0.115414 -0.056483 0.010401 -0.112869 0.039482 0.083234 0.158017 0.006778 -0.092413 -0.032595 0.023542 0.124119 -0.021194 0.076973 0.063384 -0.156045 0.021954 -0.124062 -0.121592 -0.008773 -0.016344 0.060198 -0.000901 -0.073777 -0.054347 
0.131984 -0.029795 -0.094986 -0.125199 0.029361 0.050341 -0.077137 -0.060183 0.090200 -0.065925 0.036301 0.049936 -0.075298 -0.089085 0.143231 0.101510 -0.065439 0.070963 -0.046807 0.014248 -0.040445 -0.069528 0.071991 -0.016317 -0.011504 -0.064230 -0.062420 0.026995 0.085403 0.107102 0.020118 0.160921 
-0.020081 0.081186 -0.082370 -0.083958 0.029465 -0.096684 -0.025039 0.023438 -0.021331 -0.095935 -0.065394 0.088027 -0.103580 -0.052714 0.057196 0.082248 0.044445 0.168818 -0.070590 -0.067221 -0.046671 0.122547 -0.073462 0.085398 -0.037780 0.088861 -0.118652 0.011963 0.056826 0.098265 -0.032306 -0.075073 
-0.018298 -0.051069 -0.051325 -0.037872 0.042074 0.013246 0.079401 -0.099543 0.023876 -0.015538 0.098586 0.067128 0.010279 0.014352 0.017052 0.008676 0.038243 0.080889 -0.019907 -0.015164 0.081771 0.067928 -0.105723 -0.014231 0.108518 0.014720 0.088830 0.043004 -0.070141 -0.125244 0.103408 -0.164871 
0.082552 -0.079264 -0.027528 -0.095580 0.064440 -0.014655 -0.046673 0.090327 -0.014168 0.075710 -0.014841 0.096455 -0.039125 -0.069269 0.008129 0.029592 -0.191145 0.110725 -0.050599 0.167199 0.020003 0.052277 -0.013806 -0.020138 0.137680 -0.137740 -0.150681 -0.067240 -0.043007 0.176771 -0.115583 0.157557 
-0.051840 -0.018522 0.094483 0.090082 0.001409 -0.040501 0.019136 0.004895 -0.121240 -0.072596 -0.108365 0.000100 0.008666 0.052968 -0.008453 0.028492 -0.119805 0.050026 0.075386 0.175837 -0.075355 0.136129 -0.091546 -0.114257 -0.135397 -0.124065 -0.097109 -0.026604 -0.115709 0.074498 -0.144867 0.045017 
-0.044232 -0.089996 -0.121140 -0.161957 -0.035562 0.087933 -0.035108 0.016576 -0.124666 -0.020054 -0.149718 -0.059713 -0.090935 -0.107939 -0.097241 -0.061232 0.015204 0.015433 -0.041864 0.087620 0.024628 0.007632 0.163485 0.073043 -0.060133 -0.055421 -0.160772 -0.032738 0.096514 -0.050038 0.057478 -0.051366 
0.002843 0.017828 -0.109078 0.029106 -0.023095 0.019549 0.016402 0.059448 0.115829 0.007712 -0.124887 -0.141239 0.045918 -0.086262 0.061483 -0.063106 0.009066 0.135574 0.002865 0.048626 0.070839 -0.043263 -0.102946 0.133311 -0.084802 -0.129043 -0.177272 0.000084 -0.060046 0.101171 -0.031005 0.165184 
-0.018351 -0.024644 0.101721 -0.151584 0.144688 -0.148828 0.093621 0.027972 0.022520 0.075258 0.092713 -0.042404 -0.137845 -0.005318 -0.017620 -0.057550 -0.045254 0.069434 -0.044692 -0.183256 0.109060 -0.031901 0.051374 -0.045063 0.060253 0.119362 0.029821 -0.052272 0.034204 -0.192418 0.020060 0.090054 
-0.026427 -0.172361 -0.029004 -0.087631 -0.091024 0.112919 0.006352 0.059213 0.066466 -0.028949 0.126631 0.036385 -0.001341 0.041368 0.120685 0.189688 -0.046996 -0.028098 0.097721 -0.084259 -0.151883 0.103840 -0.043692 0.100983 0.040319 -0.076220 -0.055908 -0.068572 -0.018140 -0.010324 -0.114007 0.077841 
-0.017381 -0.034783 0.008596 0.116530 -0.070952 0.016499 -0.069432 0.059608 0.115416 -0.083310 0.058347 0.041100 0.052570 0.045331 -0.063255 -0.072194 0.220623 -0.078423 -0.055680 -0.208310 -0.157930 -0.148438 0.093916 -0.003222 -0.008667 0.024152 0.157327 0.000330 0.049351 0.029890 0.058640 -0.128428 
-0.108677 -0.016879 0.130767 -0.003934 0.192101 -0.174776 -0.064956 -0.064724 0.016247 -0.015219 -0.100869 -0.022394 -0.096068 -0.020461 -0.160165 0.024584 0.167098 -0.017841 -0.148722 0.020404 -0.060715 -0.128236 0.128158 0.068788 -0.028631 0.089745 0.138575 -0.153131 0.079972 -0.083507 0.016075 -0.116064 
-0.012026 0.174252 0.069987 0.007279 -0.016523 -0.006360 0.093698 -0.058203 0.021349 -0.198026 0.017810 0.091539 -0.033172 0.039161 -0.179717 0.062748 0.019197 -0.061714 -0.128771 0.017583 -0.020198 -0.198360 0.128026 -0.142119 0.058415 0.049138 -0.031227 0.017149 0.168347 -0.128379 0.009438 -0.051420 
-0.088410 0.154230 -0.006276 -0.035547 0.075138 0.020459 -0.040243 -0.066262 0.032643 -0.110200 0.166549 -0.048125 0.096711 -0.127590 0.017316 -0.154473 0.023399 -0.108029 0.044528 -0.118587 -0.035828 -0.018291 -0.064169 0.011986 0.147593 -0.054949 0.021421 0.046385 -0.018738 0.052705 -0.076119 0.028602 
0.097766 0.082920 0.124863 0.041831 -0.047154 0.013537 0.049823 -0.035609 0.033948 0.031060 0.005768 -0.023786 0.002734 -0.059787 -0.000681 -0.076304 -0.040778 -0.029200 -0.040555 -0.007501 0.022197 -0.041993 -0.113812 0.020634 -0.001356 0.020414 -0.020637 0.043826 -0.052695 0.014975 -0.092948 0.069515 
-0.085141 -0.022817 0.124774 0.136797 0.113970 -0.030302 0.098085 -0.100808 -0.093470 -0.018055 0.091686 0.136939 -0.023810 0.129576 -0.152135 0.104858 -0.006182 -0.085934 -0.105974 0.042141 -0.051631 -0.039050 -0.068903 -0.008125 0.118068 0.097055 0.023663 -0.011027 -0.043205 0.019661 0.070412 -0.103596 
0.162493 -0.033579 -0.029250 -0.052496 -0.166839 0.057694 0.137596 0.059935 0.042616 0.076557 -0.038754 -0.136672 -0.008579 -0.089099 0.221939 -0.011613 -0.145164 -0.012279 0.025942 0.181836 0.038818 0.156758 -0.089642 0.000245 -0.001017 -0.134030 0.006187 0.125603 -0.113101 0.122912 -0.100313 0.042700 
-0.046193 0.131773 -0.082397 -0.002494 0.050586 0.084964 0.057380 -0.079293 0.018192 0.071253 0.002567 -0.068451 -0.089081 0.054943 -0.003777 0.064648 0.096488 -0.143662 -0.135088 -0.138606 0.032993 -0.085062 0.022706 -0.095890 -0.111860 0.064013 0.140370 -0.077041 -0.025665 -0.051654 0.079775 -0.069854 
0.031868 0.046950 0.089310 0.076162 0.026134 0.017630 -0.022308 -0.026341 0.022722 0.075857 -0.086724 0.046887 0.005509 0.084549 -0.028659 -0.009492 0.030914 0.021977 0.035725 0.115106 0.097265 -0.038412 0.139023 0.098010 0.076419 0.031407 -0.077310 -0.111529 -0.013927 0.129686 -0.020711 0.158953 
0.003613 -0.029306 0.065482 -0.003623 0.142125 -0.162214 0.023944 -0.061554 -0.081238 0.061855 -0.117536 0.079027 0.091507 0.036887 -0.155586 0.118667 -0.057841 0.019470 -0.024905 -0.048980 -0.131894 -0.083651 0.080783 -0.127271 -0.041724 0.013151 -0.028859 0.006309 -0.049233 -0.050554 0.076613 0.015261 
-0.067766 -0.110086 -0.130944 0.079527 -0.114884 0.039329 0.005894 -0.029704 -0.007162 0.074268 0.159732 -0.034892 -0.058366 -0.096203 -0.087703 -0.110553 0.059294 0.041957 -0.029887 -0.060370 -0.087781 -0.075874 -0.086450 -0.020280 -0.104626 -0.082800 -0.070949 -0.033555 0.053628 0.044452 0.070518 0.196452 
-0.132341 0.119043 0.142508 -0.002239 0.035876 -0.083508 0.018066 -0.149960 -0.045611 -0.050405 -0.070271 0.005468 -0.053269 0.014630 -0.014347 0.015058 -0.021192 0.068592 -0.003358 -0.148417 0.014569 -0.019212 0.099447 0.122055 0.103936 0.001947 -0.061034 0.038257 0.124588 0.016722 0.154125 -0.100536 
0.057481 0.005821 -0.120015 -0.059054 -0.194810 0.135659 -0.067354 0.027885 -0.082450 0.109728 0.032418 -0.010750 -0.030891 -0.004850 -0.046412 -0.118676 -0.133753 0.010564 0.123710 0.102406 -0.036609 0.016428 -0.000886 -0.036510 -0.013794 0.037606 -0.156820 0.019550 -0.027764 0.123540 -0.057061 0.114219 
0.032893 0.153869 0.214950 0.143347 0.114617 -0.056197 -0.032190 0.015731 -0.078069 0.046830 -0.002763 -0.056127 -0.122650 -0.043860 -0.020333 0.014839 -0.059935 0.119831 -0.177144 -0.072231 -0.082553 0.100550 0.048934 0.080565 0.080706 0.016239 0.042402 -0.037400 0.032246 0.121274 -0.084680 0.007773 
0.048555 -0.046514 0.107428 -0.005494 -0.032080 -0.102474 0.094716 -0.028572 0.177948 -0.086663 0.011182 -0.057694 0.087465 -0.095060 -0.015000 0.151507 -0.040675 -0.010733 -0.083088 -0.069717 -0.065052 0.017918 -0.001736 -0.112363 -0.084887 0.073747 0.168442 -0.099600 0.079367 0.031312 -0.069454 -0.015518 
0.103710 -0.040120 0.029417 -0.025940 -0.049641 -0.020058 0.088021 -0.074790 0.079874 -0.064737 -0.016815 0.029825 -0.080796 0.031692 0.076300 -0.016044 -0.015040 0.136766 0.086286 -0.044999 -0.002602 -0.029237 -0.005691 0.042197 0.078184 -0.141560 0.104709 -0.016355 0.104765 -0.008654 -0.005467 0.087038 
-0.019511 0.103640 -0.117914 0.011498 -0.093877 0.134634 0.005928 -0.077604 -0.105001 -0.105833 0.026010 0.004075 0.144506 -0.037602 0.122335 -0.064535 -0.127866 0.071235 -0.018360 0.046071 0.137891 0.085444 -0.087615 0.042480 0.080940 -0.125453 -0.077528 0.046251 -0.066103 0.158427 -0.037218 0.037092 
0.104445 -0.001367 -0.160434 -0.163244 -0.028448 0.092807 -0.046664 0.137327 0.026853 0.149399 -0.005646 -0.028989 -0.056824 -0.068068 -0.081874 -0.073725 -0.175932 0.018220 -0.081030 -0.019892 -0.061124 -0.012409 0.106204 0.122609 -0.039608 -0.174546 -0.036300 0.079442 -0.160399 -0.019956 -0.119390 0.181785 
0.111217 -0.016859 -0.043092 0.060430 -0.088698 -0.069330 -0.031652 0.066424 0.006790 -0.032725 0.006215 -0.010085 0.049225 0.026454 0.050689 0.197984 0.188327 0.031215 -0.163277 -0.182321 -0.199833 0.067653 -0.103734 -0.090538 -0.080203 0.077185 0.200854 -0.159838 0.179371 0.040833 -0.112266 0.116094 
-0.057686 -0.170820 0.013493 -0.114382 -0.088196 0.140778 -0.080345 0.095737 -0.023934 0.108509 -0.084567 -0.072045 -0.067293 0.126116 0.049161 -0.068167 0.007058 0.039481 0.035040 0.134639 0.003618 0.027556 -0.218689 0.014468 0.121841 0.023555 -0.085860 0.137117 0.006163 0.063921 0.008852 0.011925 
-0.006904 -0.025615 0.014743 0.129143 -0.106923 0.094135 0.048849 0.064144 -0.048675 0.089455 0.138039 -0.003101 0.018800 -0.064572 0.151329 -0.062185 0.015473 -0.020993 -0.059490 0.198516 0.025507 0.035366 -0.036615 0.035858 -0.096692 -0.014961 -0.003802 -0.045591 -0.070217 0.047443 -0.115203 0.063287 
0.012484 0.123038 0.066564 0.110706 0.007963 -0.026593 -0.071553 0.090063 -0.135946 -0.032776 0.023863 0.034549 0.059633 -0.012213 0.064621 -0.030904 0.054829 0.083151 -0.088857 -0.078939 -0.093738 0.029273 0.047091 -0.100025 -0.017754 -0.096067 0.052629 0.008334 0.011637 0.049000 -0.066704 -0.200014 
0.052168 -0.115088 0.032829 -0.120841 -0.066015 -0.015504 -0.138893 0.115957 0.022827 0.010153 -0.031679 -0.120308 0.107960 -0.044078 0.056289 -0.065122 -0.101265 0.067151 0.064817 -0.021657 -0.034063 -0.041185 0.037072 0.049317 -0.047267 -0.132594 -0.097088 0.051182 0.053259 0.064843 0.003866 0.167383 
0.101082 0.058133 0.103041 0.017943 0.068817 0.073833 -0.068839 -0.033911 -0.038195 -0.055869 -0.017757 -0.116332 0.002915 -0.091285 -0.002098 0.160997 0.090218 -0.127053 -0.086721 -0.068486 -0.127563 0.114704 0.106040 -0.038198 -0.085417 -0.152281 -0.044695 -0.133316 0.101666 0.069985 -0.005303 0.007055 
-0.030507 -0.012353 -0.101391 -0.124819 -0.027169 -0.133492 0.021292 -0.009517 0.034232 -0.124164 0.042673 -0.057702 -0.147770 -0.096007 -0.087898 0.152801 -0.077204 -0.008649 -0.117879 -0.070330 -0.046745 0.065497 0.042047 -0.003368 -0.100345 0.075771 0.004498 0.051339 0.038409 -0.147867 -0.016318 -0.107192 
0.048630 -0.097768 -0.101688 0.124983 -0.096237 0.056281 -0.029615 0.137410 0.039298 -0.085849 -0.112550 0.108141 -0.050934 0.071239 0.070592 -0.029676 0.085112 0.129704 0.076121 -0.081690 0.103092 -0.046059 -0.013769 0.122078 -0.146373 -0.075375 0.028536 0.020224 -0.032741 0.093769 -0.004783 -0.035896 
-0.156087 0.134021 -0.250779 0.110513 -0.033563 0.086307 -0.081653 -0.165701 
-0.074588 0.095496 -0.151935 0.170920 0.025347 0.160945 0.049645 -0.062847 
0.142918 0.049025 -0.199048 0.107165 0.052525 -0.219967 0.153889 -0.042500 
0.089901 -0.120875 -0.096644 0.189470 -0.007675 0.229236 0.378688 0.052963 
0.009592 0.171488 -0.170346 0.024025 0.055379 -0.129697 -0.034972 0.221659 
-0.076883 -0.002946 0.006534 0.005420 0.094874 0.070404 0.108364 -0.015219 
0.197789 -0.069427 -0.128172 -0.000797 0.088423 -0.197159 -0.091146 0.083348 
0.049506 -0.048624 -0.031963 0.056368 0.010666 -0.017131 0.017311 -0.087605 
0.191648 -0.027111 -0.020773 0.266968 -0.254677 0.028020 0.091842 -0.032635 
0.021954 0.046627 0.219021 -0.122563 0.220767 -0.104849 -0.029656 -0.006927 
0.136271 0.279689 0.036843 -0.122899 0.303959 0.098693 -0.213336 -0.107781 
-0.139578 0.052638 -0.085460 -0.024855 -0.001491 0.049434 0.146119 0.117013 
-0.021814 0.016494 0.188729 -0.017331 0.127439 0.243967 -0.003356 -0.091607 
-0.140753 -0.039001 0.179651 -0.338343 0.044802 -0.155682 0.232947 -0.165958 
-0.044551 -0.116414 -0.206060 0.053016 0.029976 0.017583 0.073359 0.098210 
0.118285 -0.011193 -0.124948 -0.126016 0.024096 -0.318269 0.111606 -0.225400 
-0.010035 -0.060620 -0.006172 -0.037183 0.064206 0.048995 0.196260 -0.004130 
-0.011511 -0.032824 -0.219393 0.066749 0.061646 -0.237507 0.058020 0.149065 
0.040516 -0.213866 0.231605 -0.044833 -0.066753 0.056273 0.181515 0.041935 
0.054601 0.118639 0.013374 0.316971 0.244491 0.015233 -0.121861 -0.023813 
-0.185433 0.030539 0.081697 -0.066929 -0.064444 -0.016002 0.002955 0.273109 
0.075672 0.156123 -0.027679 0.052392 0.179708 -0.112533 0.027250 -0.181790 
-0.133716 0.201879 -0.081595 0.155062 -0.097402 0.113191 -0.319891 0.158295 
0.184375 -0.358377 0.119364 0.050282 -0.090478 -0.158795 0.039096 0.246490 
0.049538 0.229943 0.272232 0.184301 0.219176 -0.154234 -0.128493 -0.085024 
0.020349 -0.166606 -0.166262 -0.142168 -0.121745 0.181341 0.051796 0.217351 
0.197356 0.026687 -0.036947 0.171616 0.001007 0.193973 0.177989 -0.183524 
0.079057 0.106793 0.225696 -0.059884 0.209039 -0.055593 -0.216653 0.087503 
0.127472 0.193325 -0.083899 0.206018 -0.014595 -0.024791 -0.075996 -0.125463 
-0.020439 0.101391 -0.116746 0.214313 0.142048 -0.153249 0.167548 0.091977 
0.061248 -0.067366 0.077096 -0.024492 -0.139554 0.018906 -0.157558 0.180033 
-0.223699 -0.113711 -0.132703 0.365144 -0.203785 -0.056478 -0.095525 -0.233407 
-0.165936 0.247707 0.182198 0.286248 -0.091038 -0.338004 -0.034659 -0.264873 -0.306514 -0.191010 -0.493975 -0.196190 -0.219815 0.049331 0.276795 0.368473 0.384833 -0.055087 0.223223 0.502365 0.336884 -0.167468 0.596218 0.480006 -0.270623 -0.128711 0.357560 -0.190256 0.289895 -0.383214 0.283297 -0.382833 -0.418346 0.394803 0.290873 0.290121 -0.312549 -0.189238 -0.001714 
0.057105 -0.086189 0.172658 0.269488 -0.048903 -0.437238 0.284421 0.018739 -0.343304 -0.303372 -0.027854 -0.456101 -0.405136 0.018000 0.464693 -0.172856 0.136143 -0.070745 0.323672 -0.265697 0.374101 -0.480899 0.367437 -0.291883 -0.163889 -0.423794 -0.348640 -0.000292 0.071130 0.091644 -0.281593 -0.382053 -0.418346 0.119423 -0.000509 -0.030293 -0.185014 0.146116 0.068299 
0.668169 0.136525 0.004581 0.485408 0.137880 -0.237188 0.182591 0.241520 -0.657260 0.650365 0.224720 -0.029477 0.579298 0.068602 -0.353762 -0.263874 0.210266 -0.207258 -0.329207 -0.024887 0.130394 0.531096 -0.079212 -0.367515 -0.395888 -0.196975 -0.331348 0.330782 0.217204 -0.060406 0.550953 0.295173 0.394803 0.119423 -0.234344 -0.419701 0.210314 0.283182 0.030348 
0.386134 -0.159349 -0.626576 -0.301833 -0.288674 0.406018 -0.254259 0.041623 0.208683 -0.042589 0.444261 -0.525133 -0.285900 0.663362 0.172117 -0.435739 0.418714 0.250724 -0.193929 -0.034611 -0.325231 0.493513 0.168603 -0.357348 0.353525 -0.041576 0.126434 -0.318638 -0.646978 -0.225042 0.059092 0.380864 0.290873 -0.000509 -0.234344 -0.390175 0.164502 0.180381 0.028917 
0.745091 0.194754 -0.322233 0.630684 -0.437335 -0.286546 -0.100445 -0.142767 -0.564300 -0.281912 0.497369 0.265733 -0.193289 0.170771 0.027698 0.024356 -0.090924 0.352975 -0.243288 -0.017461 -0.637456 -0.144106 -0.229066 -0.315059 0.230594 0.425781 -0.483608 0.097651 -0.222507 -0.019496 0.215616 -0.160478 0.290121 -0.030293 -0.419701 -0.390175 0.487674 0.421526 0.188522 
-0.478619 0.065313 -0.017956 -0.611705 -0.397392 -0.578783 0.139311 0.102104 0.186749 -0.043080 0.224134 -0.411022 -0.049949 -0.439407 -0.208726 0.070664 0.286422 -0.468116 0.044320 -0.029245 0.128942 0.212489 -0.404706 0.032444 -0.530628 -0.491355 0.067385 -0.342591 -0.168203 -0.290320 -0.019415 -0.204736 -0.312549 -0.185014 0.210314 0.164502 0.487674 0.001573 0.019908 
-0.166139 -0.081675 -0.142197 0.094436 0.318313 0.073027 -0.389043 -0.351020 0.136008 -0.370099 0.226012 0.462896 0.093585 -0.007907 -0.530462 0.502426 0.076843 -0.118048 0.207064 0.422594 0.100138 0.135699 -0.021187 0.277451 0.082726 0.124369 -0.129518 -0.023455 0.449650 -0.162810 -0.459327 -0.046413 -0.189238 0.146116 0.283182 0.180381 0.421526 0.001573 -0.057820 
0.146807 -0.144112 0.119090 0.108999 0.304304 -0.149430 0.192998 0.265823 0.349016 0.305034 -0.017150 0.183983 -0.236055 -0.249154 0.009347 -0.103551 0.212656 -0.305567 0.460693 -0.150058 -0.426346 -0.245903 -0.274286 0.348755 -0.399183 0.303954 0.200903 0.302346 0.247562 0.262587 0.301900 -0.026419 -0.001714 0.068299 0.030348 0.028917 0.188522 0.019908 -0.057820 
0.027328 -0.151451 -0.015711 0.006889 0.043341 0.043372 -0.498680 -0.113869 -0.219756 -0.121755 -0.175569 -0.011158 0.044148 -0.223962 0.008074 -0.123342 -0.053126 -0.039968 0.032646 -0.033228 -0.090620 0.111418 -0.099592 0.019997 0.182662 0.077711 -0.023207 0.044065 -0.029065 -0.096217 0.172346 0.283993 0.097663 0.252862 -0.091453 0.042295 -0.063295 -0.007651 0.321877 0.032058 0.040044 -0.277930 0.401458 -0.154838 0.029528 0.024661 -0.187965 0.052419 -0.247554 0.148693 -0.109131 -0.092113 0.103845 -0.192756 0.363851 -0.101331 0.034712 -0.079451 -0.107001 -0.193374 0.089076 0.234458 0.292238 -0.084754 
0.100344 -0.023852 0.106419 -0.043112 0.150814 0.218539 0.083339 0.066389 0.183832 0.053486 0.178935 -0.044942 -0.095983 -0.156140 -0.163879 -0.110830 0.168741 -0.141507 0.093311 0.091423 -0.010707 -0.079329 0.124475 -0.134259 0.050105 -0.133960 -0.140876 -0.058128 -0.185482 -0.245196 0.089202 0.147453 -0.039805 0.024711 0.118445 -0.008287 -0.038051 0.083552 -0.119622 0.028902 -0.108381 0.150050 -0.011673 0.042580 0.188361 0.016647 0.098882 0.128550 0.184854 -0.002080 0.072876 -0.147817 0.092435 -0.036014 -0.038794 -0.036164 0.127616 0.039653 0.043380 0.045603 0.124456 0.004710 -0.004218 -0.052999 
0.175574 -0.119488 0.096178 -0.013865 0.193009 0.189147 0.067056 -0.157620 0.225034 -0.054189 0.003163 0.072771 -0.176770 0.008269 0.146930 0.105734 0.097438 -0.085822 -0.126436 0.092815 0.138628 0.002238 0.160727 0.035269 -0.121716 0.054562 -0.125541 0.111593 0.138306 -0.017821 -0.073745 0.148737 -0.176268 -0.146938 -0.071593 -0.159075 -0.141889 0.036418 -0.156845 -0.082626 -0.055802 0.099792 0.130071 -0.059991 -0.036739 0.111914 -0.109211 -0.137911 -0.179542 0.029100 0.027869 -0.150875 -0.153654 0.079737 0.041991 0.018085 -0.076709 0.142526 -0.065442 -0.043439 0.001965 0.014841 -0.166760 0.032973 
0.225906 -0.214686 0.091455 0.219590 -0.155135 0.315745 -0.200343 -0.128437 0.080471 0.153076 0.169631 0.180927 0.143296 -0.125611 0.206796 -0.295109 -0.097809 0.074608 -0.156622 0.360864 -0.036170 0.012403 0.023651 -0.130146 0.001998 0.031853 -0.045939 -0.197178 -0.018201 -0.148496 0.215902 0.010940 0.042000 0.009331 -0.186976 0.148043 -0.021575 -0.132654 -0.000642 0.289967 -0.106308 -0.153466 0.160846 -0.088414 0.060556 0.095107 -0.185725 -0.224852 -0.215777 -0.044032 0.210747 -0.060646 -0.070610 -0.171124 0.229779 0.061193 -0.235319 -0.061080 0.003313 0.054825 0.312155 0.244503 0.224010 0.178558 
-0.062578 -0.199287 0.160013 -0.024255 0.053208 -0.136418 -0.030906 0.155618 -0.015179 -0.106233 -0.206072 -0.027393 -0.174240 -0.025941 0.093547 -0.045640 0.075722 0.049863 -0.267994 0.199201 0.175913 0.078827 0.067897 -0.168307 -0.119939 0.025809 0.085677 -0.179611 -0.090185 -0.017563 -0.240849 -0.080428 0.078625 0.086926 0.136870 -0.060241 -0.115453 -0.258465 -0.114783 0.052765 0.024028 -0.068199 -0.086113 0.054807 0.126485 0.145690 -0.218934 0.068980 -0.041809 -0.181530 -0.090056 0.042299 0.157273 -0.121335 0.011430 -0.149532 -0.072515 -0.163639 -0.074631 0.168150 0.025153 -0.120071 -0.054221 -0.050342 
-0.114011 -0.115075 0.072781 -0.101032 0.018758 -0.231517 0.203329 0.358521 0.010059 0.292324 0.030862 -0.150297 0.072728 0.043672 0.122568 -0.037892 0.247101 -0.165792 0.160329 0.136317 -0.071022 -0.037976 -0.204363 0.108731 -0.003443 0.034696 0.157394 -0.080412 0.149818 0.201307 -0.161480 -0.279916 -0.168211 -0.102372 -0.010557 0.020210 -0.110155 -0.128713 -0.007659 0.084467 -0.124202 -0.143610 0.138359 0.299988 -0.313854 0.064282 -0.117527 0.209409 0.343455 -0.203553 0.037478 -0.079261 0.048623 0.132141 -0.228428 0.118709 -0.066071 0.019737 -0.136731 -0.123628 0.092494 -0.080392 -0.081244 0.106218 
0.071090 0.106619 0.020079 0.128465 -0.114752 -0.097629 -0.091545 -0.170538 0.016455 -0.034339 -0.097953 0.002219 -0.051540 0.070946 -0.040287 -0.040888 0.100095 -0.134213 -0.073518 -0.042504 -0.169109 -0.007319 -0.003293 -0.017379 -0.088935 -0.036636 -0.047343 0.126426 0.172403 -0.125934 0.192918 0.156113 0.216008 -0.033703 0.034457 -0.093837 0.029826 -0.126019 0.052863 0.120050 0.064645 0.166959 0.008109 0.041854 0.153688 0.151506 -0.088070 -0.040492 0.048095 0.117742 0.196993 0.152584 -0.191349 -0.011909 0.006508 0.073756 0.117837 0.205027 -0.036109 0.170780 0.145250 -0.063085 -0.057847 0.094285 
0.102131 0.084455 -0.187048 -0.072050 0.190840 0.005640 -0.081250 0.061684 0.105911 0.089226 -0.020741 -0.159893 -0.093941 0.128801 0.008783 -0.021117 0.082551 -0.022964 -0.069545 0.027375 -0.113342 0.035813 -0.223409 0.208137 -0.006306 -0.008285 0.038116 0.055039 0.014814 -0.158963 -0.002683 -0.020584 0.154018 -0.017945 0.028998 0.198382 -0.105570 0.118405 -0.011814 0.072300 0.014197 -0.183940 0.103015 0.129505 0.042754 -0.003896 -0.123573 -0.135749 0.023176 0.098655 0.115855 -0.097649 -0.117240 0.098538 -0.114684 0.177365 -0.101115 0.180221 0.011340 0.191141 0.087826 0.109772 -0.171723 -0.032774 
-0.001657 0.189710 0.092334 -0.003822 0.062249 -0.308316 0.126986 0.342698 -0.095384 0.042813 0.033503 0.017932 0.089699 -0.126638 -0.200610 -0.036994 0.243309 0.004426 -0.000148 -0.262513 0.001472 0.107377 -0.320710 0.161539 0.000182 0.021010 0.220314 0.013337 -0.002386 0.280803 -0.287925 -0.323337 0.092390 0.095625 0.103527 -0.109937 -0.119107 -0.154766 -0.254102 -0.195207 0.044803 0.049501 -0.186671 0.100653 -0.076217 -0.136459 0.034938 0.094324 0.388142 -0.152781 -0.038342 0.039883 0.168921 0.040418 -0.237047 -0.012433 -0.153952 0.117167 0.155913 0.042251 0.037313 -0.358624 -0.019831 -0.096677 
0.086181 -0.212235 0.102886 0.129874 0.099761 0.034013 -0.330483 -0.174191 0.125630 -0.273421 -0.151780 -0.138151 -0.178256 -0.105132 0.068199 -0.072196 0.093929 -0.075085 -0.141788 -0.003495 -0.151814 0.015737 -0.194233 -0.034772 -0.011516 0.186864 0.085850 -0.140044 0.184300 0.035653 0.095821 0.136317 -0.162256 -0.016840 0.096107 0.009642 -0.099506 -0.012436 0.084716 0.171279 0.122522 -0.085853 -0.044032 -0.283227 0.219298 -0.194045 -0.231311 -0.036467 0.023629 0.030371 0.137755 0.074818 -0.131392 0.284713 0.181046 -0.165047 0.054696 0.101647 -0.024930 0.218198 -0.147157 -0.156522 -0.041908 -0.250807 
0.144559 -0.099870 0.153568 -0.158480 0.052196 0.016539 -0.177870 -0.013758 -0.263435 -0.171680 0.049531 0.137311 -0.024661 0.132981 -0.227532 -0.153312 -0.042020 0.268473 -0.027842 0.008395 0.125191 0.007617 0.193083 0.063184 -0.156835 -0.027497 0.015583 -0.080050 0.012509 -0.042012 0.048835 0.029863 0.009806 -0.087088 0.025731 -0.072185 -0.124187 0.105084 0.156320 -0.193526 0.164152 -0.025589 0.199812 -0.117691 -0.184110 0.144817 -0.000540 -0.038527 0.111785 0.213388 -0.101135 0.066233 0.020813 -0.184637 -0.021846 -0.120637 -0.157758 0.126769 0.143651 -0.173142 0.080546 -0.053341 0.051474 -0.122697 
0.188309 -0.281758 0.001648 0.078166 0.124713 0.192211 0.138642 0.112201 -0.111185 -0.037632 -0.175488 -0.191015 -0.034870 0.065921 0.075091 -0.178584 -0.063788 0.237237 -0.289435 0.286824 -0.062031 -0.098466 0.029051 -0.008693 -0.152240 -0.100099 0.133992 -0.246823 -0.046929 -0.167578 -0.115544 -0.181294 -0.056576 -0.026784 0.041624 -0.084482 0.086527 -0.203981 -0.195458 0.268621 -0.085535 -0.176125 -0.082338 0.169769 0.100842 0.074835 -0.224806 -0.021243 0.002429 -0.126645 -0.203406 0.176383 0.168366 -0.003198 0.031997 -0.348759 -0.140253 -0.163486 -0.226400 -0.097037 -0.001774 -0.081296 0.010721 0.161309 
-0.138427 -0.310597 -0.180905 0.125637 0.159517 -0.057651 -0.054974 -0.156683 0.031961 -0.134387 -0.213296 -0.185052 -0.187742 0.009371 -0.092178 -0.229637 0.107102 0.001432 0.110090 0.107846 0.172084 -0.092112 0.118946 0.039107 -0.006615 0.149047 0.045041 -0.186385 -0.142586 -0.278949 -0.184605 -0.051999 -0.138541 -0.210057 0.175267 -0.114472 -0.120541 -0.191653 -0.055252 0.277232 0.083936 0.021625 0.092539 0.083979 0.232800 -0.183492 0.105031 0.105979 -0.013749 0.159966 -0.112698 -0.017796 -0.066744 0.246546 -0.109119 -0.245905 -0.015345 0.164365 -0.065801 0.146831 -0.226858 -0.126125 -0.172285 -0.106260 
-0.092001 0.156710 -0.001232 0.071724 -0.150962 0.150155 0.034112 0.104047 -0.082584 0.061461 0.086419 -0.040697 0.122449 -0.039461 0.184436 -0.029929 -0.018349 -0.086388 0.171339 -0.175371 0.162549 0.174561 -0.069412 -0.055671 0.175190 -0.021853 -0.086283 0.187504 0.159810 -0.009448 -0.095931 -0.156284 -0.106061 0.110866 -0.166539 -0.110228 -0.026661 0.123012 -0.096667 0.055385 -0.148197 0.129424 0.148237 0.158042 0.010312 0.093611 -0.069250 -0.160580 0.121324 -0.219515 -0.129868 0.130334 0.206362 -0.070243 -0.005325 0.165786 0.093905 0.032434 0.125876 -0.020166 -0.068405 -0.033654 0.053960 -0.010735 
0.075233 0.265988 0.093780 -0.141739 -0.011454 0.157422 -0.157355 0.155528 0.107779 0.361223 0.137628 -0.053431 0.149171 0.043732 0.011339 0.115079 0.151229 -0.138993 0.068603 0.158988 0.083174 0.151884 0.018503 0.012012 0.100662 -0.009090 -0.215207 0.192721 0.161856 0.145131 -0.138697 0.007975 0.026419 0.206351 0.057781 -0.164073 0.068882 0.257786 0.129289 -0.225500 0.063024 -0.011693 -0.033511 0.037828 -0.049557 0.178205 0.176009 -0.108523 -0.041596 -0.066476 0.011275 0.139278 -0.175086 -0.214556 0.007237 0.270627 0.255649 -0.006985 -0.086284 0.047927 0.019427 0.031815 -0.158694 0.070637 
-0.140648 0.177786 0.105444 0.126332 0.112035 0.119009 0.178777 0.073367 -0.133916 -0.082112 0.224945 0.078856 -0.134416 0.148715 -0.115828 -0.165766 -0.142046 0.015749 -0.005685 0.014997 0.057069 0.070797 0.150686 -0.031918 -0.132276 -0.088197 -0.050121 -0.109098 -0.021837 -0.196315 -0.144083 -0.003983 -0.116385 0.133258 -0.163756 -0.137781 0.040665 -0.247556 0.058234 0.269818 -0.053713 0.028042 0.039705 0.104405 -0.015032 0.074139 0.104297 0.109516 -0.044490 -0.133361 0.155693 -0.142542 0.220717 0.099779 0.024268 0.059532 -0.080587 0.070303 -0.108788 -0.031379 -0.056640 -0.043147 0.010166 0.169533 
-0.171412 0.036209 0.127474 0.186759 -0.025249 0.002048 -0.027425 0.132679 -0.108218 -0.087495 0.001116 0.167422 -0.038965 -0.112446 -0.064952 0.126971 0.025198 -0.047575 0.164943 -0.163532 -0.079137 0.056373 -0.156625 0.017918 0.014378 0.022740 -0.102238 0.056035 0.188005 -0.043909 0.039370 -0.024065 0.068203 -0.015151 -0.108359 -0.166288 0.130799 0.268083 -0.119376 -0.154889 -0.056626 -0.039348 -0.125593 0.030387 0.103010 -0.018582 0.005087 -0.132661 -0.098520 -0.082475 0.062831 -0.030996 0.096437 0.059715 0.170475 -0.096704 0.063345 -0.144735 0.161209 -0.112806 -0.027930 -0.008399 0.082303 -0.118972 
0.031068 0.091726 -0.005712 -0.080158 0.060372 0.020630 0.168458 0.184722 0.145826 0.212862 0.031741 0.047381 0.004043 0.095676 0.165914 0.003333 -0.215165 -0.063888 0.125724 0.121728 0.189452 0.077448 0.188109 -0.092605 0.123885 0.087046 0.044900 -0.018682 -0.043463 0.002886 -0.056840 0.016484 -0.132055 0.126268 -0.104840 0.049759 -0.097982 -0.115073 0.059733 0.131382 -0.208350 -0.047375 -0.013334 0.013491 -0.054360 -0.067830 0.121176 -0.044723 -0.043227 0.018890 -0.122274 -0.021007 0.011719 -0.122077 0.110578 0.002558 0.110305 -0.016921 0.022848 -0.082031 0.221528 -0.064958 0.088099 0.176600 
0.190225 0.057259 0.086937 -0.129047 0.013414 -0.025334 0.256338 0.102085 0.130111 0.094345 -0.046294 -0.117042 0.073696 0.231326 0.011952 -0.153882 0.124532 -0.005449 0.088690 -0.047608 0.163403 -0.039593 -0.060935 0.142670 0.138443 -0.150335 0.236638 0.140959 -0.065664 0.108074 0.122676 -0.088966 -0.110461 0.038260 -0.140823 0.099398 0.262220 -0.057594 -0.084477 0.072638 0.087845 -0.072194 0.105508 0.086989 -0.089416 0.023282 0.003741 -0.127392 0.010722 -0.102117 0.051786 -0.152028 0.011520 -0.268937 -0.218404 0.007685 0.022442 0.182384 -0.192370 0.062348 0.218322 0.161590 -0.137519 -0.096970 
-0.135647 -0.038762 0.205910 -0.022502 0.016667 -0.019067 -0.193450 -0.065569 0.006032 -0.217835 0.065167 -0.055198 0.118161 -0.184709 -0.022399 0.163786 -0.127870 0.171975 -0.086334 0.099794 0.081621 -0.101560 -0.079740 -0.143462 -0.100897 -0.050118 -0.111033 -0.240038 -0.050743 -0.155833 -0.102929 -0.001452 -0.028719 -0.056971 0.147484 -0.226443 -0.006327 -0.153765 -0.003719 0.023915 -0.123267 -0.157999 0.106074 -0.178360 -0.013909 -0.175144 0.190124 0.082947 0.082671 -0.196950 -0.050710 0.153891 -0.012744 0.059178 -0.108364 -0.154770 0.179792 -0.170354 -0.055730 -0.234125 -0.012670 0.050786 0.161843 0.270727 
0.060979 0.091380 -0.303025 0.079429 0.099874 0.030768 0.210849 -0.154960 0.089245 0.092861 -0.063278 0.187751 0.007949 -0.134099 0.092988 -0.090450 -0.100726 0.128151 0.065818 0.022226 0.017670 -0.056817 0.084451 -0.046305 0.070244 0.158256 -0.029294 -0.075759 -0.055171 -0.255835 -0.162727 -0.084605 -0.009912 -0.146415 0.172442 0.011252 -0.052883 0.043514 0.005439 -0.051035 0.173448 0.136688 -0.280868 0.003537 0.031002 0.082441 0.197140 0.109476 0.052741 0.224289 -0.098691 -0.153546 -0.085687 0.175474 -0.024892 0.240274 0.283037 -0.095369 -0.086020 -0.125947 -0.063055 -0.114936 -0.018165 -0.048266 
-0.153164 -0.159405 -0.001692 0.214976 0.099026 -0.162231 -0.120715 0.073468 0.171416 -0.174422 0.089423 0.016801 0.045117 0.057039 -0.080115 0.050428 0.171789 0.050715 0.096007 -0.245018 -0.001734 -0.049174 -0.201309 -0.039293 0.015023 -0.061110 0.038535 -0.153573 -0.084186 -0.153456 -0.148493 -0.005075 -0.097489 0.057270 0.057646 0.136370 -0.225387 0.098293 -0.006086 0.215651 0.170664 0.002557 -0.038409 0.087888 -0.119229 -0.269228 -0.047717 0.155320 0.225217 -0.146016 0.113655 -0.073108 -0.005192 0.214221 -0.003420 -0.195158 0.179676 -0.094810 -0.014021 -0.112300 -0.129240 -0.050744 0.033299 -0.019433 
-0.111712 0.020955 -0.006615 0.004079 0.148554 -0.033193 0.021881 0.213352 0.067439 0.333127 0.150946 0.144916 0.238981 -0.272046 0.131332 0.058822 -0.155851 -0.093903 0.350536 0.140235 -0.101131 0.069793 0.129715 -0.192735 0.193983 -0.129808 -0.075389 -0.021991 0.087617 -0.197818 0.104953 -0.236201 -0.126556 0.080364 0.000027 -0.109609 0.016990 0.184734 -0.108389 -0.069499 0.044754 0.124578 -0.213075 0.182940 0.047361 0.074822 0.016484 0.142339 -0.142999 -0.069889 0.053029 -0.115301 -0.132417 -0.015038 -0.066493 0.212299 0.238261 0.025812 -0.154609 -0.112406 0.238754 0.207866 -0.024257 0.044548 
-0.059062 0.176072 0.114512 -0.069787 0.132710 0.089373 -0.085385 0.134326 0.079366 -0.081120 -0.056973 -0.019330 -0.190004 0.060196 0.007734 -0.161573 -0.060774 -0.170893 -0.051108 -0.093755 0.077264 0.073468 -0.312553 0.036292 -0.007408 -0.156330 0.253865 -0.107126 0.160656 -0.115731 0.064925 -0.092503 -0.106266 0.006377 -0.097599 -0.204575 -0.017939 0.011108 0.009317 -0.049368 -0.121915 -0.257763 0.112099 -0.016395 0.098083 -0.073291 -0.157325 0.209052 0.193157 -0.032050 -0.112677 0.106583 -0.052186 -0.174256 -0.101301 0.023681 -0.042323 -0.122762 -0.203745 -0.212477 0.098256 0.060710 0.033602 -0.115089 
-0.058055 0.080894 -0.081212 -0.057610 -0.028923 0.198692 0.220170 0.148009 -0.181944 0.203863 0.148479 0.095806 -0.120387 -0.178355 0.138530 0.117228 0.032884 0.118094 0.085762 0.159284 0.149100 0.169039 0.076206 0.117123 -0.075299 0.067239 0.190176 0.259881 -0.012304 -0.005725 -0.242480 -0.064799 -0.160536 -0.054642 -0.113972 0.028008 -0.067838 -0.180439 -0.137449 -0.065398 0.017654 0.161609 -0.132932 0.184093 -0.288806 0.130088 0.028554 0.076171 0.058522 -0.155515 -0.071645 -0.020124 -0.072423 -0.191043 -0.061957 -0.081607 -0.002660 -0.094506 -0.060351 -0.171258 0.121821 -0.061435 0.059202 0.123463 
0.107971 -0.223550 0.061923 0.031429 -0.111811 -0.012609 -0.121294 0.167893 -0.081904 -0.124337 -0.009691 -0.095661 -0.152307 -0.087607 -0.139230 0.017339 -0.050639 0.076642 -0.266141 0.126257 0.087059 -0.028926 -0.153357 -0.095733 0.104978 -0.078393 0.004957 -0.036195 0.082149 -0.096591 -0.096821 -0.174868 -0.078280 0.055772 -0.283429 -0.068524 0.275606 -0.247089 -0.113162 -0.000441 -0.060822 0.034801 0.202824 0.059602 -0.087227 0.130829 -0.234004 0.118016 -0.033317 -0.161980 -0.066923 -0.064972 0.161381 -0.069841 0.034647 -0.033114 -0.089913 0.054189 -0.189321 -0.001971 0.221247 0.013121 0.094185 -0.128044 
-0.223118 0.122944 0.032124 -0.132099 0.210524 0.021519 -0.067026 0.088839 0.072317 -0.060509 -0.236689 0.064140 -0.088350 -0.188698 -0.013200 0.191250 0.118383 0.018671 0.196806 -0.121092 -0.128535 0.015708 -0.275455 -0.083092 -0.054459 -0.063116 0.039510 -0.122188 0.186817 -0.084924 -0.149404 -0.229100 0.093866 0.175228 -0.098313 0.000254 -0.004834 0.095228 -0.167255 -0.115510 -0.194574 -0.167698 -0.125105 -0.046821 -0.034636 0.011725 -0.160506 -0.110250 0.132573 -0.231625 -0.030315 0.190837 -0.039333 0.050385 -0.183590 0.116236 0.210618 0.006236 0.133719 -0.016565 0.076591 -0.220578 0.011638 -0.020125 
0.236677 -0.109770 -0.023732 0.020955 -0.018581 0.037158 0.030850 -0.070433 0.123160 0.086666 0.028487 -0.197727 -0.042316 0.148644 -0.123660 -0.229565 0.095579 0.002864 0.042508 0.052338 0.243287 -0.229596 0.185302 0.085574 -0.014070 0.081932 -0.111890 -0.139708 0.108533 0.000230 0.151586 0.130957 -0.052544 -0.120886 -0.134412 0.115150 0.115949 -0.301343 -0.099634 0.056040 0.146407 -0.237369 0.055934 -0.030113 0.211817 0.047710 -0.130419 0.078289 -0.168636 -0.013864 -0.146613 -0.103320 -0.009968 0.170866 0.228126 -0.158440 -0.017251 -0.113167 -0.096905 0.139115 0.157984 -0.048076 -0.016623 -0.142741 
0.069388 -0.036502 -0.117302 -0.007015 0.109350 -0.042433 0.025101 0.033432 -0.041945 -0.213871 -0.173430 -0.194290 0.086182 0.059111 0.119772 -0.221836 -0.199943 0.130169 -0.100514 0.143673 0.139777 -0.137518 0.069347 0.020205 -0.086462 -0.116484 -0.027164 -0.235184 0.011515 -0.058002 -0.023761 -0.111906 -0.082201 -0.026574 -0.043360 -0.163792 0.148856 -0.334635 0.063321 0.024308 -0.095982 0.086820 -0.063077 -0.120109 0.063536 -0.149050 -0.180237 0.054192 -0.239472 0.008043 -0.152848 0.151589 0.180389 0.128934 0.019883 -0.135923 -0.208459 0.084550 -0.077198 0.063950 0.042227 0.130493 0.178837 -0.115257 
0.136901 -0.134478 -0.035715 -0.093717 -0.061873 -0.150285 0.083971 0.016658 0.216331 0.178986 0.032510 -0.096130 -0.204933 0.203578 0.169527 -0.195557 -0.006506 -0.183712 0.065192 0.036068 0.185576 -0.047338 0.074952 0.165033 -0.086042 -0.115397 0.040813 0.165992 -0.107300 -0.015914 -0.174547 0.081375 0.083056 -0.105736 -0.182175 0.212629 0.052227 -0.065078 -0.031989 -0.061484 0.017500 -0.143589 0.078891 0.025269 -0.158671 0.098761 -0.084890 0.020202 0.044860 -0.018877 0.154003 0.019004 0.115138 0.012296 -0.006543 -0.047875 0.034382 0.198196 -0.151842 -0.019765 -0.004501 -0.114734 -0.205650 -0.203114 
-0.061122 -0.247407 -0.114015 0.194862 0.158526 0.066596 -0.294783 -0.132879 0.203076 -0.019848 -0.035634 0.102681 -0.029160 -0.167017 -0.128749 0.000770 0.085757 -0.131628 0.047149 0.034970 0.183854 -0.155495 0.050177 0.194603 -0.134044 -0.113568 -0.186068 -0.035925 0.084993 -0.168449 0.149182 -0.063263 -0.102998 0.112285 0.126294 -0.239863 -0.083965 -0.070962 -0.033329 -0.099247 -0.152905 -0.210344 0.136239 -0.009554 0.168079 -0.224264 -0.248881 -0.170054 0.035353 0.121413 0.184923 -0.018095 -0.157717 0.132836 0.080339 0.019420 0.157761 0.088691 -0.171078 0.065101 0.156188 0.216299 -0.049572 -0.266589 
0.011533 -0.063509 -0.054619 -0.224022 0.063356 -0.003620 -0.154855 0.075670 0.102184 0.114869 -0.128190 -0.165578 -0.133544 -0.051720 -0.141090 0.159374 -0.003326 0.128670 -0.151553 -0.039527 -0.021495 0.050061 -0.096820 -0.003525 -0.081834 -0.011426 0.118077 -0.135337 -0.031503 0.047367 -0.163953 0.098611 0.144033 -0.026469 0.185911 -0.049961 -0.151644 -0.143698 -0.136809 0.114602 -0.159165 0.038895 0.162787 -0.136058 -0.108494 -0.169300 -0.182568 0.026372 0.168860 -0.140483 -0.177097 0.003578 0.089002 0.004839 0.116231 -0.129511 -0.033579 0.081319 -0.028080 0.143144 -0.166056 -0.041129 0.021870 0.081667 
-0.371537 -0.080818 0.093532 0.126910 0.443942 -0.105383 0.053157 0.250721 
0.113224 0.363708 -0.495965 -0.449745 -0.381607 -0.298042 0.286345 0.416371 
-0.019039 0.318236 -0.293619 -0.233396 -0.242465 -0.307014 0.064465 -0.085804 
0.058500 -0.071792 0.205028 0.432762 0.089583 0.301461 0.076457 -0.033835 
0.376150 0.128274 -0.188896 -0.043873 0.216563 0.109452 -0.125575 0.072060 
-0.088771 0.056323 0.403004 0.123198 -0.122256 -0.054933 0.043530 0.285314 
0.062670 0.323160 -0.387014 -0.805825 0.297685 0.201212 0.255386 0.535652 
-0.263881 0.228522 0.414447 0.171889 0.227856 -0.028744 -0.363532 -0.486803 
0.541668 0.067432 -0.173311 -0.028192 0.359964 -0.018807 0.206530 0.203633 
-0.234577 -0.254957 0.737122 0.082494 0.257093 -0.195069 0.127912 0.017433 
-0.311376 0.044268 0.336475 0.378031 0.019371 0.187280 0.079312 0.242304 
0.063209 0.114202 -0.095191 0.003754 -0.370364 0.022499 0.316327 0.289214 
-0.125181 0.033447 0.172166 -0.018466 -0.352202 -0.126768 0.177309 0.068622 
-0.157690 0.042326 -0.369699 -0.048366 0.326895 0.175619 0.079176 0.280411 
0.079185 0.134540 0.216271 -0.388186 -0.017554 -0.075492 0.271906 0.101953 
0.259424 -0.079546 -0.243940 -0.243416 -0.545140 -0.358744 0.113606 -0.111795 
0.013303 -0.306439 0.018301 0.374671 0.335380 0.027764 -0.181731 -0.315382 
-0.129284 0.165561 -0.232026 -0.430142 -0.198130 0.210382 -0.025345 0.018742 
-0.000469 -0.250784 0.483274 0.318377 -0.305983 0.041622 0.043260 -0.054453 
-0.287781 0.120916 0.661820 0.055358 0.388884 0.068371 0.071989 0.091584 
-0.093436 0.190363 0.079003 0.032097 0.330785 0.101887 0.052859 0.037332 
-0.239611 -0.169136 0.292087 0.153748 -0.120358 -0.098576 -0.119651 -0.141170 
-0.234948 -0.166035 0.318232 -0.218264 -0.068198 0.117694 0.309946 0.507757 
-0.072110 -0.209512 -0.099208 0.221388 0.281447 -0.095843 -0.195930 -0.040321 
-0.120024 -0.143591 0.347339 0.113433 -0.218058 -0.160075 0.077422 -0.119620 
-0.071396 -0.358107 0.249773 0.097805 -0.002639 0.092385 -0.106573 -0.123736 
-0.143554 0.199472 -0.136977 -0.096725 0.264380 0.147275 -0.167885 -0.302502 
-0.238058 -0.424715 0.320834 0.169661 -0.088572 -0.316879 0.098172 0.160979 
0.231907 0.135032 -0.124642 -0.177318 -0.243584 -0.347334 0.102955 -0.090246 
-0.125898 -0.008769 -0.417807 -0.477763 -0.110489 -0.363821 0.015040 -0.151916 
-0.207452 -0.103704 0.067715 0.549521 -0.170697 -0.073022 0.151877 0.298098 
-0.243807 -0.465562 0.149311 0.536204 -0.118129 -0.024320 0.065757 0.110711 
-0.091264 -0.191459 -0.321403 -0.142673 -0.194879 -0.249322 0.051613 0.067562 
-0.070349 0.013954 0.273693 0.258322 -0.111029 -0.269832 -0.090435 -0.143639 
0.231090 -0.401410 -0.051732 -0.070467 -0.055058 0.234213 0.009227 -0.187109 
-0.351730 -0.429190 0.144436 0.117013 0.210227 0.022848 -0.081931 0.046273 
-0.110657 0.428792 -0.283114 -0.094172 0.027142 -0.218476 0.295103 0.246521 
0.048932 -0.311071 -0.168711 0.453425 -0.546141 -0.203219 0.242484 0.263862 
-0.221799 -0.293876 0.233057 0.293604 -0.316327 -0.007918 0.129443 -0.128868 
-0.057896 -0.030667 0.452722 0.259714 0.260174 0.366270 -0.189327 -0.032111 
-0.065648 -0.271865 -0.166547 -0.001731 0.038131 0.061738 0.193852 -0.036881 
0.094084 -0.065258 -0.194790 -0.360853 -0.168895 0.167564 0.246175 0.352388 
-0.406212 -0.180307 0.370676 0.389933 -0.090042 -0.145173 -0.258905 -0.391019 
-0.228340 0.064799 0.394566 0.327183 0.354078 0.110258 -0.126482 -0.034761 
0.512458 0.221165 -0.445442 -0.128883 -0.193522 -0.169462 0.371330 0.306207 
-0.265228 0.069079 0.082204 -0.362707 -0.114845 -0.225844 0.353963 0.125652 
0.023369 0.015249 -0.265302 -0.299593 -0.392979 0.137675 0.387643 0.401792 
0.052388 0.159658 -0.010460 -0.173514 0.098597 0.173632 -0.186910 -0.073071 
-0.009619 -0.010555 -0.054574 0.392799 0.107559 0.061156 -0.267956 -0.583604 
-0.117770 -0.465068 -0.043132 0.377253 -0.024796 0.089135 0.197594 0.213775 
0.162452 0.079802 -0.198854 0.336854 0.095645 -0.053930 0.182418 0.245138 
0.042734 0.066535 -0.196540 -0.349213 -0.201124 -0.171539 0.004414 -0.212489 
-0.323434 0.274990 0.124949 0.003136 0.038616 0.203592 -0.241339 -0.238974 
0.503904 -0.205453 -0.204155 -0.252508 0.052844 0.196737 -0.177718 0.006870 
-0.290819 -0.228474 0.461477 0.538415 -0.045462 -0.149731 0.092599 -0.126074 
0.319665 0.059221 -0.134447 -0.260765 -0.177435 -0.421440 0.388034 0.303957 
0.225187 -0.287963 0.430524 0.418219 -0.187405 -0.042711 -0.020068 0.072186 
0.070751 -0.152657 -0.202052 0.066690 0.216054 -0.081561 -0.002075 0.129446 
-0.098145 -0.453984 0.068530 0.114063 -0.309388 0.030537 -0.045795 -0.129748 
0.274319 -0.105506 -0.355365 -0.191142 0.236932 -0.198545 0.095495 0.183672 
-0.063276 0.415243 0.192456 0.107162 0.130440 -0.262887 0.147018 0.139020 
-0.024916 0.244335 0.069386 0.184695 -0.202188 -0.062600 0.326924 0.357444 
-0.321772 0.017965 0.346192 0.274869 -0.308691 0.002568 -0.150086 -0.096141 
-0.198958 0.153535 0.281772 -0.195783 -0.175276 0.185941 0.036148 0.146091 









0.000000 
0.000000 
0.000000 
0.000000 
0.000000 
0.000000 
0.000000 
0.000000 
0.023964 
0.016268 
-0.264599 
0.204598 
0.086291 
0.252101 
0.086092 
0.232719 
0.077155 
-0.316276 
0.229099 
0.228481 
-0.143825 
0.185885 
0.087410 
0.023030 
0.057182 
0.216750 
0.218402 
0.125845 
-0.012213 
-0.168937 
0.026911 
0.078753 
-0.104895 
0.116230 
0.024480 
-0.014761 
0.028751 
0.056408 
-0.240272 
-0.303116 
0.415702 
-0.059821 
0.235406 
0.045984 
-0.163566 
-0.006657 
-0.053851 
0.230666 
0.182585 
-0.104339 
0.221830 
-0.273018 
-0.204320 
0.002192 
0.119780 
0.077696 
-0.054761 
0.056530 
-0.046442 
0.259157 
0.271872 
0.238052 
-0.005298 
-0.050698 
0.177019 
-0.205849 
0.152540 
-0.123983 
0.170408 
0.291393 
-0.090660 
0.102545 
-0.017401 
0.098094 
-0.013339 
0.158630 
0.131752 
-0.007840 
0.042980 
-0.097185 
0.227500 
-0.229837 
-0.092455 
0.162384 
0.024872 
-0.192017 
-0.011176 
-0.049316 
0.120871 
0.026746 
-0.201344 
-0.039617 
-0.095502 
-0.010690 
0.124356 
-0.046189 
0.022791 
0.178863 
0.246329 
-0.153780 
0.237865 
-0.068368 
0.154161 
0.126243 
-0.145832 
-0.143028 
-0.114825 
0.457566 
-0.043969 
0.009061 
-0.177019 
-0.088856 
-0.571831 
0.397742 
-0.207502 
0.134965 
-0.344969 
0.386274 
-0.179981 
0.307277 
0.173142 
-0.281834 
0.067294 
-0.135023 
-0.025664 
0.174790 
0.282117 
-0.037078 
-0.133715 
0.316911 
0.307920 
-0.435825 
0.093514 
0.283583 
0.244848 
-0.257633 
0.354389 
-0.049746 
-0.339147 
-0.013005 
-0.335902 
0.221441 
0.076889 
-0.047981 
0.141883 
0.173974 
-0.302398 
0.230256 
0.107891 
-0.070313 
0.256334 
0.159871 
-0.003102 
0.068290 
0.333616 
0.129005 
-0.039835 
0.217057 
-0.159324 
-0.299433 
0.147719 
-0.302453 
0.015543 
0.075158 
0.199403 
0.127308 
-0.161027 
0.028620 
-0.118223 
0.000620 
0.120477 
0.163711 
-0.262365 
-0.259811 
0.162005 
0.077543 
-0.196455 
0.107032 
-0.134423 
-0.064832 
0.165954 
0.246036 
-0.024605 
-0.001056 
-0.115437 
-0.076842 
-0.336532 
0.326920 
-0.275008 
-0.210202 
0.038218 
0.037005 
0.191138 
0.204426 
0.260232 
-0.320213 
0.144135 
-0.213121 
-0.082623 
-0.171857 
0.251705 
-0.048895 
0.010882 
-0.228506 
0.121076 
0.041365 
0.040219 
0.115910 
-0.051318 
0.104553 
0.080120 
0.718634 
0.519881 
0.475403 
0.071346 
0.239562 
3.339000 0.727562 0.651125 
