0.024835 0.029354 0.019460 -0.204941 -0.070831 0.135222 0.239249 -0.334990 0.097299 -0.211530 -0.139828 -0.160821 -0.215084 0.250708 0.200605 -0.140249 0.151338 -0.266544 -0.307245 0.142231 0.082320 0.300012 -0.129931 -0.133348 -0.190886 -0.080996 -0.286381 0.277880 -0.134333 -0.057847 -0.167127 0.187613 -0.305163 0.184899 0.220070 -0.143030 0.051711 0.013442 -0.085392 0.144259 0.103456 0.150395 -0.196538 -0.300112 -0.037281 -0.258931 -0.112250 -0.172639 -0.228956 0.038704 0.301886 0.131197 -0.045346 -0.288771 -0.301681 0.093631 0.023302 -0.060461 0.060060 0.297260 -0.001005 0.280261 0.131834 0.051732 
0.190564 -0.000987 0.195699 -0.076379 -0.180204 -0.158482 -0.102843 0.195044 0.309767 -0.083309 0.244263 -0.095335 -0.085275 0.010672 -0.073645 -0.069575 0.115442 -0.065755 -0.180320 -0.050549 -0.088703 -0.111439 -0.150598 0.179380 0.027944 0.023046 0.115829 -0.247357 0.018665 0.026255 0.114557 -0.062655 0.205411 0.079705 0.126973 0.278215 -0.279123 0.116294 0.175993 0.163229 -0.206662 0.185022 -0.257677 0.094866 -0.140359 -0.034647 -0.286408 -0.272754 0.188602 -0.082583 -0.127394 -0.140512 0.046786 0.052156 -0.248255 -0.315260 -0.207712 0.336916 -0.197167 0.209261 -0.163564 -0.282964 -0.106497 -0.102497 
0.159809 -0.256224 -0.136753 0.179763 0.226923 -0.283347 0.063063 -0.153611 0.153123 0.108405 0.200441 -0.253593 -0.174918 0.259253 -0.072999 -0.235212 -0.106448 0.086927 -0.141112 0.170258 -0.134515 0.032065 0.128141 0.051121 0.026285 -0.268000 -0.075096 0.248420 -0.202872 -0.046517 -0.179524 0.307746 0.023603 -0.015457 0.170608 0.066716 -0.029285 -0.005599 0.221257 0.007619 -0.209294 0.103977 -0.062213 -0.140357 0.118688 0.129334 -0.051189 0.301917 -0.034009 0.112500 0.064838 0.336400 -0.221502 -0.017538 -0.156575 0.159455 0.045428 -0.021055 -0.039761 0.184735 -0.200557 0.023387 0.166082 0.097644 
0.262622 0.087737 -0.079310 -0.129852 0.203651 -0.300010 0.104912 -0.210930 0.024060 -0.020305 -0.210461 0.070120 -0.128192 0.011935 -0.000197 0.221744 -0.008654 -0.231431 0.116148 -0.002390 0.046987 0.112869 -0.171955 -0.138265 -0.035388 0.103045 -0.178864 -0.044031 -0.060866 0.138182 -0.141899 -0.270326 -0.120657 -0.025848 0.037186 -0.129762 -0.016715 -0.063005 -0.177669 -0.098627 0.051939 0.072375 0.157120 0.092312 -0.112906 -0.186982 -0.087525 0.205234 -0.049967 0.125077 -0.046036 -0.331406 0.098369 0.024989 -0.091314 -0.248024 -0.002786 -0.081601 -0.025469 0.060827 -0.123888 -0.013978 0.048073 -0.084679 
0.318253 -0.187644 0.102320 -0.004040 -0.072641 -0.325574 0.118435 0.292779 -0.044695 0.079523 0.077438 -0.251760 0.150178 0.214206 0.152400 -0.298446 0.230417 -0.153159 -0.224784 -0.075297 0.114597 -0.042956 0.056921 -0.209062 0.104609 -0.298205 0.189682 0.201789 0.069268 -0.109533 -0.019901 0.123274 -0.007634 -0.277717 -0.278298 0.263108 -0.192089 0.142240 0.239742 0.094036 -0.144840 -0.008521 0.148787 0.289638 0.002427 0.117410 -0.164503 -0.173978 0.086624 -0.234865 0.114343 0.098206 -0.016640 -0.168985 0.110226 -0.092250 0.016659 -0.023416 -0.273729 -0.297402 0.149419 0.051322 0.158565 -0.135279 
0.055003 0.131244 -0.265057 0.142510 -0.082646 -0.233051 -0.067005 0.120400 -0.090490 -0.218907 0.107073 0.331133 0.127745 0.053468 -0.251664 -0.114604 0.189457 0.348390 0.273444 -0.195591 -0.238830 -0.012255 0.007031 0.000404 0.234093 0.056231 0.182131 0.002352 -0.280407 -0.121179 0.192914 0.155265 -0.331320 0.341865 -0.109957 -0.033555 0.392605 0.092130 -0.228611 -0.070246 0.309692 0.199282 -0.017557 -0.068440 -0.157775 0.182738 0.312557 -0.265745 -0.020419 0.101006 -0.149595 0.140368 -0.248579 0.283374 -0.092338 0.344825 0.072081 -0.190150 -0.044527 0.186304 -0.108579 -0.168120 -0.103077 -0.061351 
-0.253538 0.070967 0.233909 -0.224858 -0.023244 0.247040 0.175515 -0.189939 0.218400 -0.306441 0.113176 -0.334621 0.134284 0.012474 -0.261966 -0.187057 -0.204368 -0.108972 0.349261 -0.094061 -0.053447 -0.091810 0.008415 0.256833 -0.062114 0.298176 -0.153076 0.233292 -0.326158 0.084979 -0.163254 -0.158752 -0.033758 -0.375326 -0.139675 0.166169 0.286910 0.387940 0.306336 0.164877 0.251799 0.002803 0.106930 0.140143 -0.273022 -0.008987 0.159719 -0.111363 -0.130544 0.185880 0.088492 -0.017878 -0.289029 -0.319184 -0.158315 0.081297 0.201452 0.089596 -0.049806 0.238152 -0.040252 -0.016786 -0.336830 0.179259 
0.013730 -0.107906 -0.002480 0.003576 -0.045900 -0.082206 -0.201665 -0.108728 -0.209119 0.240289 0.269439 -0.147587 0.035631 0.140255 0.048222 0.134620 0.020101 -0.241701 -0.255197 0.035303 -0.086200 -0.127224 -0.110030 -0.265393 0.297103 0.035825 0.178517 -0.046423 0.294683 0.213250 -0.130094 0.035084 -0.034684 0.103248 0.271783 0.106016 -0.259493 0.393755 0.328732 -0.149828 0.050807 0.164588 -0.045241 -0.198728 0.075917 0.168132 0.161119 -0.239095 -0.085819 0.236604 0.121441 -0.047167 -0.240215 0.235511 -0.051452 -0.157256 -0.162712 -0.013291 0.100860 -0.146016 -0.079517 0.102611 0.056400 0.101522 
-0.105999 -0.002202 -0.084765 0.023477 0.024674 0.030456 0.090635 -0.036373 -0.018623 -0.086739 -0.052126 0.066320 -0.132966 -0.089515 -0.154874 -0.095046 0.147396 0.052676 0.024723 -0.091827 -0.011491 -0.043860 -0.025191 0.082892 0.029053 0.066061 -0.064996 0.051301 -0.011506 0.046644 0.011640 0.103954 
-0.047208 0.157252 -0.036938 0.027089 -0.028847 0.136682 0.054020 0.040941 0.090834 -0.063419 -0.038524 -0.118689 -0.053414 0.008074 -0.033424 -0.047196 -0.018905 0.120212 -0.007121 0.088333 -0.129329 0.039509 0.071288 0.051107 0.020945 0.007836 0.010820 0.160231 -0.021654 0.105851 0.012508 0.017650 
0.129743 0.126944 -0.058973 -0.059262 0.004321 -0.121291 0.084777 0.116317 0.015167 -0.049106 0.013078 0.142515 0.068949 -0.091576 -0.055221 -0.130507 -0.097496 0.118966 0.070706 -0.032007 0.039977 0.015465 0.022831 -0.074272 -0.003787 -0.114068 -0.084499 0.110414 -0.054764 0.099475 -0.013222 -0.105401 
0.028370 0.022069 -0.098323 0.056386 -0.101865 -0.096535 -0.054509 -0.052165 -0.036587 -0.066476 -0.005992 -0.142218 -0.089978 0.012890 -0.102018 0.013966 -0.063656 -0.120015 0.026049 0.064485 0.081864 0.003538 0.126091 -0.094928 0.021783 0.157012 -0.116950 0.028853 0.046450 0.001326 0.100524 0.001337 
-0.056760 -0.133553 0.088110 -0.018757 -0.101138 -0.078492 0.079541 -0.054654 -0.016416 -0.091707 0.026094 0.037167 0.043963 0.033706 -0.101925 0.114012 0.080120 0.008272 0.108273 0.000198 0.084889 0.043108 0.036923 0.010796 -0.005283 0.046511 -0.083270 -0.023749 -0.025568 -0.113289 0.109730 0.025335 
-0.008594 0.098446 -0.073821 -0.080984 -0.070026 0.037753 -0.037625 -0.008806 0.076657 0.117609 -0.105263 0.030907 0.031824 -0.032427 0.041370 0.041660 0.048545 -0.031046 0.118755 0.088694 0.167431 0.016504 -0.099406 0.024327 -0.014953 -0.001036 -0.109740 0.121490 -0.015155 -0.096308 -0.020637 -0.042791 
0.107359 -0.050611 0.043419 -0.105808 -0.054803 -0.045964 0.091315 -0.065055 -0.084641 0.103723 0.007516 0.096320 0.120828 -0.141617 -0.117818 0.052630 0.023589 -0.090696 -0.026977 -0.015463 0.081730 0.063024 0.133999 -0.046662 -0.162191 -0.070648 -0.032045 0.026572 -0.152637 0.058376 -0.096050 0.143135 
-0.026783 0.138522 -0.124514 -0.060886 -0.071958 0.049509 -0.014457 -0.089564 -0.026366 -0.032479 -0.058919 -0.011646 -0.007410 -0.053853 -0.025521 0.077079 0.007926 0.058354 -0.073100 0.032349 -0.098420 -0.095644 -0.130114 0.073267 -0.114293 -0.085415 -0.075821 -0.031597 -0.095969 -0.036425 -0.064733 -0.043081 
-0.155057 -0.047178 0.004600 -0.066042 -0.151713 -0.008709 0.003437 0.051311 0.107991 0.010023 -0.146080 -0.091308 0.147344 -0.076746 -0.099524 -0.001693 0.125335 -0.053180 -0.073501 -0.060731 0.076664 -0.041204 0.045274 0.127497 0.063841 0.031842 -0.094166 -0.083881 -0.069061 0.035597 0.085024 -0.047166 
-0.157106 -0.066299 -0.082511 -0.113404 0.022729 0.007463 0.082443 -0.076119 -0.066152 0.042150 0.095825 -0.086198 0.132552 0.049094 0.051047 0.146228 -0.108492 0.082761 -0.025975 0.022365 0.115472 0.138139 0.011840 -0.034426 0.015814 0.126034 0.057992 0.054419 0.030651 -0.008614 0.113994 -0.006410 
0.075033 -0.083948 0.032289 0.055460 0.066625 -0.024365 -0.109159 -0.085615 0.159316 0.023913 -0.040073 0.073994 0.003970 0.072423 0.056299 0.074230 0.028706 -0.101951 -0.031087 0.006658 -0.062217 -0.110007 0.148358 0.073533 0.092218 0.103512 -0.011657 -0.044038 -0.056352 0.016015 -0.071051 -0.033703 
0.067313 0.037082 0.071171 0.022985 0.105130 0.169206 0.044615 0.060256 0.007537 -0.080726 0.164938 -0.152622 -0.138372 0.037058 0.023135 0.064607 0.170739 0.086363 -0.031129 0.093625 -0.126076 -0.023758 0.097960 0.158161 -0.045231 -0.049946 0.018054 0.003879 -0.064913 -0.008996 0.050624 0.104078 
-0.023048 0.025189 0.039129 -0.073511 0.002907 -0.026117 -0.142085 -0.109470 0.040351 0.153017 -0.005543 0.096751 0.028691 0.063471 0.019714 0.068186 0.092618 0.129549 0.023131 0.147875 -0.065410 -0.034730 0.080427 0.019694 -0.168915 -0.028565 -0.055039 -0.042187 0.071420 0.126313 -0.097661 0.108481 
0.019631 0.058636 -0.098206 -0.159297 -0.009529 -0.098907 -0.040184 -0.103216 -0.096302 0.011048 0.161337 0.133101 0.073055 -0.072072 0.014974 -0.023942 -0.012574 -0.054995 -0.045021 0.088714 0.082004 -0.088299 -0.092826 -0.144823 -0.075321 -0.005710 -0.078935 -0.053742 -0.119287 -0.005927 0.006825 0.064436 
-0.083653 0.001308 0.034494 0.046139 0.075650 -0.162146 0.100826 0.142955 0.024895 0.084674 -0.015215 -0.053928 -0.092872 0.042012 0.007812 -0.068348 0.102530 0.133158 -0.127040 0.111082 -0.093019 -0.002519 0.075208 0.081898 0.080206 -0.071448 -0.017721 0.077744 0.002459 0.050861 -0.080611 0.033091 
-0.090147 0.138226 -0.020008 0.028480 -0.108776 -0.059167 0.090848 -0.014961 0.014816 -0.038545 0.082343 0.095621 0.096373 -0.046957 0.000559 0.131207 -0.057525 0.050844 0.122836 -0.046060 -0.158773 0.073104 0.007608 0.037206 -0.027625 0.017032 -0.003491 -0.023704 -0.070547 0.005574 0.048278 -0.025375 
0.055167 -0.040138 -0.046577 -0.015828 -0.058592 -0.080535 -0.072293 0.113270 -0.005130 -0.096854 0.050400 -0.002316 -0.004607 -0.102723 -0.008730 -0.030645 0.137412 -0.066413 -0.144212 0.124406 0.064374 -0.024562 0.034304 0.118485 -0.107868 -0.131400 0.127362 -0.042108 0.116601 0.117611 0.079693 0.053030 
-0.082072 -0.064870 -0.062421 -0.044663 -0.019188 0.049127 -0.168936 0.044300 0.046855 0.145475 0.069404 -0.132949 -0.082043 0.088161 0.056029 -0.058492 -0.120390 0.039608 -0.088853 -0.126563 -0.037964 0.061978 0.049317 0.020266 0.097145 0.037885 0.046684 0.070139 0.022290 0.058051 0.020669 0.021321 
-0.110851 0.051304 0.107776 0.004173 -0.016393 -0.087707 -0.054900 -0.112325 0.103087 0.075411 0.020728 -0.106597 0.038672 -0.113969 -0.028486 0.178343 0.103855 -0.031450 0.180172 -0.099807 -0.053192 0.037781 0.079754 -0.051403 -0.094033 -0.030597 -0.093382 0.106300 -0.108354 0.007738 -0.006571 -0.095918 
-0.061421 -0.049022 0.054752 0.118235 0.004666 0.128450 -0.019863 -0.018200 0.081737 0.002429 -0.024675 0.001923 0.064362 0.167298 -0.002207 0.043210 -0.073900 -0.034958 0.118925 -0.000279 -0.082945 0.063939 0.124701 -0.095096 0.185246 -0.043394 -0.094018 -0.113589 0.034979 0.025192 -0.028493 -0.093042 
-0.099917 0.080847 -0.120707 -0.023857 0.079178 -0.069725 0.116499 0.067056 0.086012 -0.001408 -0.082024 0.055572 -0.090862 0.061772 -0.093851 -0.046445 -0.035878 -0.097501 -0.132255 -0.035351 -0.021109 -0.093544 0.051120 0.011175 -0.126896 -0.086891 0.076642 0.094607 0.070500 0.102137 0.078416 0.126097 
0.074554 -0.108090 0.004421 0.031100 0.006934 -0.003017 0.028483 -0.004734 -0.015243 0.067657 0.029117 0.026803 0.016580 -0.121123 -0.147263 0.039562 -0.018965 -0.111614 -0.108924 0.060195 -0.107015 0.119625 -0.030810 -0.078498 0.095931 0.088056 -0.083843 0.070810 0.028949 -0.124857 0.034141 0.037838 
-0.074209 -0.159303 -0.103975 0.143229 0.009983 0.040006 0.070725 0.087249 0.033609 0.125368 0.000022 -0.108418 -0.000547 0.083849 0.068842 0.142970 0.074585 -0.117623 0.032088 -0.073696 0.125640 0.122355 -0.028659 0.066919 0.100877 0.044720 0.066195 0.032666 -0.014430 0.001674 -0.056505 0.042735 
-0.008696 -0.020617 -0.105581 0.172126 -0.157832 -0.115510 0.025348 0.096710 0.113698 -0.006017 0.022107 -0.002962 -0.119016 0.072241 0.029826 0.101907 0.057511 -0.059838 -0.113968 0.006204 0.048607 -0.009912 -0.010250 -0.036234 0.271026 -0.169767 -0.030395 -0.034805 0.088159 0.060739 -0.062378 -0.081330 
-0.056282 -0.011674 -0.097843 -0.012450 -0.015043 0.093694 -0.121376 -0.096477 -0.032458 0.095868 0.108564 -0.034230 0.037318 -0.074420 -0.034523 -0.020554 0.012692 -0.026594 -0.102881 0.098256 0.027836 0.006717 0.075214 0.042244 0.082362 -0.029039 -0.078643 0.004384 -0.087781 -0.024212 0.077831 -0.039323 
0.037789 0.170211 0.106438 0.085147 0.115855 0.093859 -0.111315 -0.093397 0.040489 0.024674 -0.037273 0.024531 -0.125417 0.127274 0.172917 0.008449 -0.140849 -0.064603 0.019782 0.069918 0.038247 -0.087155 0.019951 0.054159 0.033694 -0.017816 -0.043036 0.118897 0.083703 -0.137645 -0.154965 -0.054804 
0.144158 0.085351 -0.023988 0.040444 0.010981 -0.045191 0.010377 -0.064736 -0.046531 -0.087569 0.106013 -0.029185 0.089980 0.045922 0.151902 -0.125460 0.027729 0.008165 0.055324 0.038545 0.023689 -0.095492 -0.077665 -0.033566 0.106077 0.021168 0.122677 0.075794 0.080442 0.140118 -0.058577 0.031727 
0.073439 -0.029580 -0.043096 -0.074970 -0.066005 -0.148273 0.000226 -0.007779 -0.070705 -0.048783 0.059461 -0.037670 0.084146 0.038382 -0.113599 0.029741 -0.090089 -0.131113 -0.118197 0.104513 -0.041118 -0.023162 0.098054 -0.124226 -0.175577 0.188781 -0.090538 0.088467 0.016836 -0.019028 -0.003393 -0.017242 
0.107679 0.097750 -0.011526 -0.089779 0.071641 0.033399 0.046230 -0.086980 -0.088016 -0.042447 -0.053065 0.155652 -0.117742 0.060919 0.051349 -0.108355 -0.006826 0.115098 0.087005 0.118347 -0.108956 0.102040 -0.118799 -0.054217 0.102909 -0.066862 -0.075975 0.045806 0.066997 0.006429 0.088763 -0.010661 
-0.087876 -0.008181 0.094748 -0.148890 -0.049729 -0.038880 -0.032479 -0.034240 -0.003501 -0.067068 0.056066 0.022950 -0.096186 0.092107 0.082701 0.089333 0.035082 0.080573 0.058418 0.034448 0.057322 0.063050 -0.072449 -0.054939 0.030137 -0.072823 -0.135922 -0.003105 -0.020651 -0.148770 -0.087699 0.073848 
0.043659 0.119238 0.108990 0.085698 0.184632 -0.080084 -0.041443 -0.004905 -0.021399 0.118418 -0.084021 -0.007602 0.087245 -0.066446 -0.036365 0.006183 0.051097 0.035926 -0.019286 0.034331 -0.066115 -0.009515 -0.069932 0.000356 0.026007 -0.083657 0.105693 -0.077306 -0.015253 0.112775 0.068315 0.104522 
0.070036 0.021199 0.029047 0.091530 0.042893 -0.067741 -0.103150 0.017760 0.010565 0.062354 0.061124 -0.039663 0.022449 -0.176521 0.039201 -0.075530 0.080170 -0.080117 -0.202840 0.143533 0.102981 -0.089699 -0.112450 -0.004282 0.055843 -0.102661 -0.060262 0.054782 -0.049764 -0.019692 0.108896 0.125900 
-0.166027 0.022098 -0.044661 0.149205 -0.188636 0.054355 -0.014728 0.021730 0.028747 -0.044574 0.065744 0.119627 -0.071884 0.068131 -0.048078 0.103028 -0.112471 0.014006 0.110431 0.064716 0.097511 -0.026094 -0.138325 -0.030996 0.043233 -0.070336 -0.109685 -0.019494 0.061363 0.090688 -0.007924 0.024049 
0.059103 -0.062565 0.006709 -0.004733 0.143669 0.120819 -0.112080 -0.010101 0.079812 -0.083278 -0.119679 -0.108585 -0.115670 -0.004531 -0.093946 -0.138642 0.143654 -0.138049 -0.157067 0.036754 -0.081428 -0.110570 0.068224 0.090044 0.007191 0.002882 -0.082380 -0.098173 0.094611 0.018037 0.000107 -0.031595 
0.003401 -0.062802 -0.042662 -0.099663 0.055794 -0.021659 0.083884 0.049248 0.001810 0.045042 0.076555 0.054388 0.061884 0.108573 0.110590 -0.022346 0.068669 0.096756 -0.077229 -0.106327 -0.095169 0.084532 0.052923 -0.007017 0.025069 0.090516 -0.054294 -0.034090 0.010734 -0.097746 0.064121 -0.133803 
0.002817 0.097521 -0.031315 -0.048287 -0.022129 -0.078222 0.063250 0.100133 -0.045896 0.042074 0.014425 0.039675 -0.019751 -0.001073 -0.062360 0.048396 -0.101126 -0.031751 0.047841 -0.026551 -0.099157 -0.001183 0.054028 0.044532 -0.018118 0.011207 -0.064614 0.122331 0.041573 0.134864 0.105129 0.128982 
0.108241 -0.052496 -0.060018 -0.065532 0.067196 0.101459 0.032852 0.064514 -0.014482 -0.000005 0.007774 -0.105950 0.037921 0.046054 0.027948 -0.088163 0.074497 -0.070400 -0.044601 0.094824 0.115398 -0.138359 0.045081 -0.045644 -0.021176 0.044915 -0.031879 -0.053064 -0.040665 -0.054264 -0.092903 -0.085510 
0.079082 -0.025170 -0.010266 -0.051982 -0.144643 -0.086720 -0.131618 0.093806 0.072142 -0.004037 0.043477 0.018216 -0.008259 -0.059483 -0.002445 -0.098624 0.091813 0.067826 0.115420 0.040371 0.073898 -0.063117 -0.088639 0.011160 -0.158224 -0.065660 -0.052597 0.033792 0.076355 0.020605 0.089010 0.041706 
0.078975 -0.054099 0.130506 0.088376 -0.032178 -0.201315 -0.027015 -0.111399 0.054972 -0.114325 -0.029375 -0.062541 0.067865 0.129667 -0.029874 -0.019883 -0.061197 -0.042795 -0.052246 0.013465 0.046653 -0.085174 0.052088 0.067446 0.023745 -0.037590 -0.064633 0.064430 0.045747 -0.032246 -0.036573 -0.018979 
0.024019 -0.076704 -0.090346 0.090805 -0.126294 0.001161 0.106839 0.137111 0.070627 -0.009376 0.023624 -0.010387 -0.032028 -0.123802 0.071653 0.041185 -0.073578 0.112840 -0.050193 0.116776 -0.050213 -0.055076 0.023687 -0.039132 0.027805 -0.120423 0.080202 -0.077115 0.074496 -0.079924 0.024286 -0.068471 
-0.042867 0.112180 -0.039857 -0.084341 -0.019896 -0.106434 -0.130310 -0.077799 -0.045507 -0.134426 0.022938 0.047997 -0.075897 -0.115581 0.027321 -0.022265 -0.053584 -0.102362 -0.061678 -0.037960 -0.033681 -0.171057 0.004870 0.105487 -0.092172 -0.077393 -0.090785 0.143110 -0.047979 0.068511 -0.110307 -0.009573 
0.012211 -0.040819 0.115208 -0.150649 -0.082511 -0.041886 -0.066198 0.054099 -0.055908 0.015970 0.000591 -0.080019 0.185483 -0.182866 0.031493 -0.076253 -0.050556 -0.141351 -0.009596 -0.009500 -0.070675 0.091844 -0.019427 -0.012190 -0.059847 -0.036668 -0.076694 -0.039985 -0.056617 0.010836 -0.046962 0.128354 
0.067502 -0.160385 0.089037 -0.067947 -0.073152 -0.076755 0.089504 -0.086105 -0.110285 -0.071469 0.126547 -0.110960 -0.128618 -0.043274 -0.096008 0.023752 0.003355 0.036247 0.104436 0.002476 -0.009627 -0.082043 0.132669 0.034354 -0.082890 0.034485 0.032447 0.097825 0.027611 0.028000 0.053453 0.022422 
0.026569 0.008268 -0.015052 0.152649 0.083427 0.025814 -0.016955 -0.134250 0.032282 -0.076751 -0.064912 0.009668 -0.070270 -0.087742 0.083195 0.137646 0.142842 0.063853 -0.020082 0.007079 0.087569 -0.004250 0.018944 -0.003805 0.034028 0.099528 0.027476 -0.011616 -0.060562 -0.100284 -0.092495 -0.046448 
0.033555 0.017448 -0.130105 0.096764 -0.058267 -0.055622 0.099565 0.038531 -0.025436 0.119059 -0.008530 0.061480 -0.080451 0.007813 0.029666 -0.054434 -0.095513 -0.114693 0.048502 -0.137086 0.001091 0.158060 0.005712 -0.135395 0.085434 0.134512 -0.010095 -0.078485 0.081323 0.017352 -0.021834 0.024521 
0.024711 -0.056932 -0.069072 0.033515 0.005398 -0.150756 -0.088701 -0.167811 -0.089776 0.060196 0.202385 -0.029899 -0.075598 -0.034503 -0.019684 -0.009667 0.035645 -0.079371 -0.043522 -0.049772 -0.073739 0.022014 -0.119439 0.103498 -0.051884 0.058699 -0.110920 0.012655 -0.008763 0.024870 -0.025611 0.062336 
0.126642 0.036834 0.035497 0.051466 0.116864 -0.003352 -0.038780 0.064519 -0.021457 -0.008273 -0.047192 0.056479 -0.097355 0.066015 0.152335 0.116880 -0.037905 -0.033790 -0.084128 0.060042 -0.066175 -0.124014 -0.005516 0.076189 -0.135229 0.028765 -0.010095 0.033916 0.115606 0.069768 -0.062558 0.003461 
-0.054376 0.005215 -0.066947 -0.077125 -0.066036 0.066406 -0.095475 0.065165 0.012898 -0.074721 0.033469 0.085694 0.077008 -0.014256 0.043866 -0.057062 0.049602 0.037658 -0.067824 0.096669 0.091083 0.006112 0.063920 -0.102648 -0.143090 -0.041406 -0.058243 -0.103154 -0.044699 0.019605 0.101808 0.006248 
-0.075920 -0.076014 0.011104 0.008619 -0.127755 0.093367 0.002659 -0.004984 0.096096 -0.074020 0.034529 -0.007901 0.022960 -0.142053 0.117221 -0.001847 0.074396 0.102778 -0.027899 0.037590 0.001342 -0.031067 0.084618 0.092838 0.030053 -0.066224 0.061797 0.046934 0.089561 0.028908 -0.000924 -0.043292 
0.079522 -0.058172 0.135647 0.150930 0.125215 -0.036204 0.025899 0.097700 -0.004816 -0.142802 0.013729 -0.110384 -0.056870 0.032075 -0.019613 0.107804 -0.017386 0.027952 0.098572 -0.119916 0.099633 -0.028603 0.050933 -0.035010 0.095538 -0.020535 -0.081876 0.028309 -0.124938 0.069552 0.103079 0.074080 
-0.077050 0.043482 0.108776 0.151325 0.172535 -0.076724 0.107677 0.069941 0.048026 -0.035016 -0.091401 0.147411 0.082425 0.140282 0.078795 -0.132487 -0.037803 0.038654 -0.089733 0.039867 -0.129092 0.085119 0.068284 0.028404 0.005918 -0.006588 -0.020286 0.023924 -0.047427 -0.066808 -0.057253 -0.066914 
0.088858 -0.159740 -0.095190 0.123829 0.029574 -0.156516 -0.143817 -0.006760 0.019650 0.107670 -0.128749 -0.036335 -0.011205 0.086062 -0.008910 -0.147470 -0.034340 0.078533 -0.091730 0.003833 0.188440 -0.038663 -0.128357 -0.015712 0.150484 0.033410 0.051881 -0.114200 0.067942 -0.057472 0.008577 -0.006830 
-0.108784 0.045003 -0.122831 0.067614 0.043380 -0.026339 0.022830 -0.052016 0.098062 0.009170 -0.010020 -0.005898 -0.055311 -0.065028 -0.029082 0.022343 -0.033373 0.121711 -0.098277 -0.083535 -0.073126 0.023783 0.015865 -0.055498 0.111846 -0.051697 0.005195 0.030197 -0.006813 0.013584 -0.157086 0.039683 
-0.076157 -0.055996 0.019901 -0.108198 0.056675 0.181236 -0.059505 -0.055421 -0.037438 0.090807 0.169961 -0.025418 -0.095799 -0.015574 -0.024357 0.036126 -0.044272 -0.015227 0.071534 0.003431 0.065097 -0.030365 0.148619 0.052905 0.042747 -0.073929 -0.022475 -0.139631 0.060903 -0.051679 0.055045 -0.074789 
0.043311 -0.109769 -0.122076 -0.044277 -0.084266 -0.052051 -0.007511 -0.049442 0.002912 0.029076 -0.049578 0.087203 -0.029636 0.025425 -0.056815 0.131061 -0.113098 0.138305 -0.001637 0.139711 -0.090611 -0.025370 0.041495 0.083338 -0.030370 -0.057428 0.151547 0.020915 -0.012175 0.020276 -0.014889 -0.128559 
0.114381 -0.002971 -0.110660 0.183139 0.017899 0.003398 -0.120372 0.104470 0.093118 0.069964 -0.014315 -0.007378 -0.194350 0.153544 -0.016043 -0.093975 0.055170 -0.145458 -0.152339 0.150409 0.051875 0.068649 0.076469 -0.115982 0.183688 0.061333 0.009512 0.033190 -0.122648 0.145144 0.003571 0.051153 
0.084440 -0.020032 0.052229 -0.032668 -0.010316 0.086751 0.079865 -0.117824 -0.016837 0.004584 0.009208 -0.022297 -0.093544 -0.004108 0.047423 -0.045217 -0.120403 0.052021 -0.074728 0.057916 0.047289 0.104311 0.079056 -0.049584 0.004660 -0.009547 0.110839 0.053758 -0.099771 -0.014935 -0.053120 0.045660 
-0.098288 0.128659 0.085385 -0.076026 0.053361 0.036673 -0.043957 -0.020597 -0.035906 0.045718 0.043482 0.048431 0.108668 -0.015576 0.065263 -0.085028 -0.128276 0.114182 0.117869 0.051421 0.055143 0.043633 -0.112995 -0.068227 0.066626 -0.129592 0.025523 -0.110016 0.081066 0.113092 0.081864 0.025806 
0.101611 0.067168 0.096956 0.061982 0.010623 -0.136480 -0.068368 0.064621 0.060874 -0.113854 -0.057417 0.092586 -0.003234 0.134040 0.106741 0.028984 0.045361 0.075565 -0.029963 -0.062387 -0.013678 0.010571 -0.021279 -0.045750 0.031908 -0.105543 -0.054574 -0.003633 -0.099537 -0.087378 -0.138420 -0.148497 
-0.114993 0.090773 0.135681 -0.015562 0.046199 -0.047777 -0.041477 0.091909 -0.083711 -0.006415 -0.090463 0.009152 0.082901 -0.044828 -0.086073 -0.050521 -0.078908 -0.019779 0.065233 0.016532 -0.030003 -0.072267 0.118769 0.080219 0.007703 -0.091105 -0.161796 -0.075540 0.044533 -0.098723 -0.004640 0.048669 
-0.064397 -0.068093 -0.067004 0.068408 -0.056822 -0.032852 0.012237 -0.011616 -0.085757 0.156534 -0.117690 0.147283 -0.046024 -0.063822 -0.052749 -0.017981 0.086242 0.130343 -0.108548 0.143181 -0.122529 -0.090094 0.041620 -0.000726 -0.043003 0.123052 0.100234 -0.042993 -0.077452 -0.072387 0.040181 -0.077562 
-0.011505 -0.084946 -0.060488 0.105352 0.163264 -0.016006 -0.028098 0.164522 0.016461 -0.061427 0.011331 0.146532 -0.002951 0.019551 0.021014 -0.035423 -0.154850 0.071060 -0.013245 -0.054659 0.068111 -0.040914 -0.002753 -0.115864 -0.020085 -0.000041 0.028707 0.053878 -0.048719 -0.036315 0.012165 0.010211 
-0.041693 0.014981 -0.050820 -0.026408 0.001259 0.047616 -0.044269 0.128907 0.122124 0.150209 0.061826 -0.008022 -0.127080 -0.007088 -0.169977 -0.121271 -0.078674 -0.023547 -0.093878 0.117977 0.046859 0.095239 -0.013243 -0.154400 0.155864 0.158848 0.028419 -0.044874 -0.056891 -0.087184 -0.091513 0.114581 
0.117598 0.025206 -0.059167 -0.030349 -0.027762 -0.134433 -0.084110 -0.077492 -0.081008 -0.150803 0.027366 -0.035091 -0.024981 0.146513 0.002530 -0.001987 -0.159215 0.027482 0.018572 0.114237 -0.053693 0.049547 0.090608 -0.120540 0.055282 0.007822 -0.025232 -0.065502 0.034774 0.020296 0.107208 -0.059512 
-0.236585 -0.212888 0.129768 -0.127471 0.021739 0.142935 -0.024948 -0.055682 
0.150283 -0.108732 -0.031283 -0.130995 0.065625 0.291931 0.171677 0.128769 
0.022289 -0.015441 0.169425 0.103777 0.215585 0.074607 0.115792 0.242597 
0.082880 -0.244487 -0.187064 0.301286 -0.328609 0.033022 -0.007323 -0.248216 
0.047882 -0.188242 0.009518 0.187453 0.254982 0.318017 -0.052984 0.077485 
-0.145113 0.110752 -0.179405 0.322207 -0.037246 0.214743 0.110093 0.124204 
0.188957 0.181058 -0.034549 0.165578 0.110448 -0.009554 -0.019582 -0.287569 
0.035922 -0.219327 -0.251233 0.172029 0.173183 -0.038868 0.191563 -0.092916 
0.055591 -0.084008 -0.239119 0.154906 -0.115835 0.010035 0.039876 -0.013230 
-0.167836 -0.065128 0.014568 -0.013359 -0.162872 -0.056954 -0.008222 -0.165873 
-0.061941 0.182850 0.186165 -0.178498 -0.135618 -0.068367 -0.186467 0.219827 
0.068621 -0.066736 0.039914 -0.280775 0.129671 0.008286 0.050386 -0.216153 
0.130853 0.036308 0.128912 -0.214877 0.198496 -0.255110 0.101576 0.200899 
0.192930 -0.345787 0.138979 0.283217 -0.011836 0.273363 -0.400205 0.076022 
0.111835 -0.141937 0.134297 -0.126848 -0.143038 0.142855 -0.112860 0.189553 
-0.099702 0.170413 0.093843 0.207972 -0.239064 0.064568 -0.225146 0.126898 
-0.150396 0.110777 -0.293610 0.064697 -0.213336 0.014246 0.250500 0.098178 
0.235706 0.014946 -0.050144 -0.072299 -0.118214 0.161664 -0.082299 -0.171717 
0.202105 0.209906 0.070561 0.039670 0.009193 0.121469 -0.243638 0.252258 
-0.146982 -0.121542 0.002871 -0.144284 -0.036840 0.082161 -0.062389 -0.171284 
-0.141123 -0.041868 -0.031160 0.100992 -0.192072 -0.289688 -0.235457 0.108851 
0.076394 0.112318 -0.007093 0.286054 0.032601 -0.090330 -0.149261 -0.088385 
-0.153827 0.093104 0.088229 0.249166 0.087750 0.076415 0.074027 0.055372 
0.053168 0.017266 -0.127655 -0.205749 -0.158510 0.068711 0.145063 0.164110 
0.173738 -0.225078 -0.203015 0.214912 -0.267594 -0.298117 -0.112249 0.213710 
-0.154732 0.104387 0.202241 0.156171 0.167884 -0.133793 -0.271136 -0.077946 
-0.093967 0.088979 -0.131006 -0.068127 -0.151394 0.167239 -0.131551 -0.256642 
-0.073056 -0.002577 -0.048909 -0.105842 0.068926 0.220041 -0.109528 -0.113724 
0.183332 -0.098545 -0.129986 -0.080274 -0.121154 -0.030211 -0.065916 0.074091 
-0.064026 -0.132461 -0.101256 -0.155382 -0.159961 0.068016 -0.103287 -0.049051 
-0.037606 -0.011534 0.082687 -0.032552 -0.052949 -0.167938 0.055551 0.055037 
-0.093617 0.132902 -0.126943 -0.093441 0.130151 -0.110490 0.040076 -0.001006 
0.045908 0.100933 0.436505 0.470401 -0.251234 -0.367381 0.125209 -0.014763 -0.100738 -0.451609 -0.066562 0.349480 0.045316 0.489961 -0.468111 0.442263 -0.191354 -0.260542 0.013103 -0.021761 0.103332 -0.269892 -0.254330 0.226725 0.531124 0.016636 -0.415144 0.216501 0.306656 0.145835 -0.157555 -0.281837 0.180513 -0.166810 0.116328 -0.053131 -0.170070 0.218171 -0.471032 
-0.008782 0.643900 0.082447 -0.137456 0.054455 0.243592 0.309889 0.082387 0.495984 0.414245 -0.316141 -0.017713 -0.113437 -0.287028 0.731148 -0.314637 -0.024628 0.062754 0.072879 0.312423 -0.401940 -0.445440 -0.324948 0.155709 -0.040772 -0.256854 0.552100 -0.514449 0.227571 0.316917 -0.247778 -0.291232 0.200366 0.071779 -0.135079 -0.075939 0.216511 -0.061564 0.147679 
-0.070324 0.187261 -0.306180 0.461597 0.204682 -0.105247 0.175842 -0.334180 0.147838 -0.167681 0.160867 0.009805 0.291602 -0.041726 0.214783 -0.106138 -0.382040 -0.308720 -0.095436 -0.362761 0.240065 -0.586260 -0.095958 -0.456004 0.364886 -0.350682 0.372094 -0.244457 0.165980 -0.364078 -0.206473 0.341948 -0.021369 -0.120464 -0.039047 -0.110490 -0.004906 0.232853 -0.139538 
-0.214586 -0.323197 -0.414961 0.421694 0.098944 0.311604 0.294266 -0.408889 0.329173 0.305284 -0.330043 0.573193 -0.063607 -0.061088 -0.405672 0.179023 -0.081940 -0.226153 -0.145052 -0.083175 -0.511958 0.272240 0.509395 0.464874 -0.379670 -0.125655 0.380105 0.246904 0.342694 0.496491 -0.103144 -0.237929 -0.089682 -0.264603 -0.113806 0.023465 -0.009687 -0.098205 -0.228811 
0.462180 0.403839 -0.096532 0.443731 0.158018 0.258702 -0.317106 -0.507742 -0.496499 0.137541 0.276054 0.080377 0.130737 -0.292239 -0.081778 0.067757 -0.070402 0.079851 0.049209 -0.213443 0.144713 -0.260716 0.161001 0.265928 0.002541 -0.413626 -0.067042 -0.030468 -0.093531 -0.159307 -0.099330 -0.416981 -0.100805 0.032865 -0.240617 -0.089645 -0.129283 0.126365 0.009913 
0.259711 -0.413627 -0.132961 -0.252958 0.234850 0.031348 0.169619 -0.284329 0.364850 -0.058033 0.443099 -0.265901 -0.334637 -0.211752 -0.567404 -0.430183 0.221582 -0.217095 -0.216880 -0.196859 0.197573 0.188691 -0.034904 -0.442833 0.303997 -0.344046 -0.202071 -0.021805 0.090510 0.244537 -0.298578 -0.241712 0.072572 0.292191 0.014725 0.229994 -0.064082 -0.103535 0.099658 
0.206875 0.188757 0.372653 -0.355244 0.290525 -0.195779 -0.282206 0.186385 -0.416432 0.089928 0.580634 -0.237751 -0.243699 0.043599 0.452780 -0.386571 0.001657 0.342371 0.114945 0.408238 0.047370 -0.238828 -0.403142 0.308350 -0.244300 -0.048464 -0.163636 0.325815 -0.104482 0.070517 0.253498 -0.396062 -0.104939 0.329829 0.083916 0.260598 0.006745 -0.170366 0.347061 
-0.328067 0.567102 0.077207 -0.006398 -0.357336 -0.413050 -0.006639 0.125855 0.247292 -0.096302 0.375667 0.026077 0.420132 -0.361893 0.204470 -0.143669 -0.231370 -0.151013 0.572914 -0.271087 0.331652 -0.219908 0.472906 0.437519 0.004383 0.214804 -0.059985 0.009200 0.348294 0.225950 -0.391410 -0.179155 0.042791 -0.328753 -0.407198 -0.102184 -0.060899 0.255825 0.069080 
0.026875 0.174251 -0.136538 0.168161 0.149271 -0.138289 0.028372 0.085009 -0.071694 0.246373 -0.005626 0.138423 0.192523 0.135414 0.089725 0.093182 0.032089 -0.044189 -0.188086 0.129322 -0.062702 0.025532 0.166692 0.013055 -0.032127 0.018319 -0.015228 -0.057499 -0.206759 -0.153446 -0.032269 -0.004149 0.287285 0.042893 0.053223 0.153115 0.132709 -0.160679 -0.021670 -0.179931 -0.094162 0.085675 0.086685 0.201197 0.032638 -0.115740 0.143761 0.227081 -0.014901 0.132036 0.096029 0.151483 0.088353 0.016108 0.196361 0.099430 -0.220769 -0.027563 -0.027227 0.001943 -0.020732 0.013423 0.074329 0.036424 
0.092945 -0.293309 -0.137520 -0.132776 -0.147114 -0.031568 -0.043440 -0.051999 -0.079177 -0.094820 0.078042 0.172623 0.011545 -0.217619 0.190356 -0.410839 0.267769 0.160878 0.129564 -0.226053 -0.133481 -0.052380 -0.214570 0.096243 0.191940 0.186434 0.175920 -0.016276 -0.062574 0.218204 0.137850 0.090732 0.086830 -0.167280 -0.285319 -0.113947 0.025593 0.032718 -0.293411 -0.032843 0.168391 0.105470 -0.141748 -0.026079 0.190267 -0.080300 0.083817 -0.096538 -0.137018 -0.042943 0.133757 0.060569 0.080779 0.137787 -0.218638 0.036913 0.091865 -0.314850 0.416532 0.197316 0.058351 0.088216 -0.122663 0.256042 
-0.150606 0.185345 -0.248118 0.193282 0.008697 -0.117109 -0.042575 -0.055405 0.039200 0.083936 0.191728 -0.037296 0.063497 -0.040474 0.191884 0.094904 -0.011095 -0.018635 0.049312 -0.161515 -0.071711 0.075179 0.016575 0.270081 0.152690 0.138917 0.081731 0.078760 0.150409 0.079397 -0.063685 0.078214 -0.080284 -0.068632 -0.017034 0.219405 0.076108 0.197369 -0.163785 -0.026864 -0.051265 -0.172399 0.089171 -0.209296 0.142873 0.135065 -0.228306 -0.140511 -0.186973 0.035015 0.006302 0.108695 -0.162490 0.039811 -0.044433 0.152209 -0.133354 0.166491 -0.057941 0.140111 0.080132 -0.087515 0.015092 0.161724 
0.286026 -0.026490 -0.001885 -0.005996 -0.230337 0.025614 -0.208563 0.073906 -0.286678 0.164505 0.163030 0.305691 0.035999 -0.169798 -0.169448 0.004323 0.049026 0.224583 0.240922 0.079658 -0.040395 -0.159784 0.116545 -0.117168 -0.167641 0.276894 -0.046985 0.013724 -0.086892 0.017034 -0.058753 -0.008702 -0.186048 -0.166058 -0.217160 -0.019419 -0.076903 -0.118544 -0.193491 -0.011012 -0.203910 -0.042437 -0.114722 0.060623 -0.238269 -0.023925 -0.109730 0.157901 0.032807 0.009566 0.045796 -0.082980 -0.104132 -0.138054 -0.131464 0.008827 -0.104811 -0.079909 0.078011 0.252578 -0.090053 0.318371 -0.130163 0.028362 
-0.124894 -0.013327 0.248203 -0.097585 0.179646 -0.094927 -0.018937 -0.088139 -0.037709 0.091539 0.068539 0.091300 0.028643 0.141658 0.057212 0.103557 0.182812 -0.062402 -0.031341 -0.034225 0.018686 -0.008536 0.203181 0.046999 -0.168743 -0.043277 0.002990 -0.085542 -0.189037 0.165475 0.073672 -0.051068 0.131334 0.108031 0.121749 -0.074148 0.149827 -0.244974 0.083873 -0.158276 0.171290 -0.085560 0.135330 0.015252 0.145337 -0.137460 -0.037717 0.171830 0.042078 0.072075 -0.165335 0.244397 0.025180 -0.159980 0.085547 -0.038437 -0.059091 -0.057688 0.086939 0.099737 -0.167820 -0.047607 -0.122783 0.121443 
-0.113088 0.049352 -0.058468 -0.141712 0.018057 0.081327 -0.039176 0.014042 0.159866 -0.034998 0.093438 0.120714 0.145053 0.082965 -0.065423 -0.054012 -0.258940 0.106784 -0.022656 -0.040332 0.084705 -0.240539 0.132108 -0.225698 -0.176421 0.050499 0.214916 -0.024566 -0.178860 0.224448 -0.031892 0.159499 0.051567 0.060079 0.217415 -0.181397 -0.044686 -0.011050 -0.011300 -0.131517 0.239492 0.150157 0.023135 0.136072 0.063112 -0.168058 -0.069277 0.080277 0.260982 0.047818 -0.043065 -0.068290 -0.078453 -0.008473 0.151890 0.154561 -0.200834 0.112012 -0.114053 -0.008459 -0.023358 0.148552 -0.073419 -0.036315 
-0.139575 0.151832 -0.117100 -0.044133 -0.089560 0.093568 0.135535 -0.097927 0.047925 -0.041919 -0.165505 -0.063091 0.153797 -0.120527 -0.203796 0.086608 -0.043961 0.011001 -0.048797 0.162313 0.077532 -0.157383 0.041670 -0.010698 0.110095 0.132173 -0.071159 -0.032881 0.025680 -0.184691 0.107156 0.168912 -0.171128 -0.192122 0.040094 -0.020657 0.086415 -0.014847 0.121763 0.059439 0.127696 0.215067 0.119006 0.111131 0.111564 -0.173371 0.043376 -0.010787 0.056859 0.171121 -0.038125 -0.178130 -0.204283 0.079975 -0.230198 0.183880 0.104851 -0.143533 -0.055638 -0.100668 -0.096376 -0.028192 -0.059374 -0.034457 
-0.180222 0.019353 0.195231 -0.103340 -0.044120 0.194624 0.146743 -0.221715 0.154747 -0.032779 0.104565 -0.117554 -0.056508 0.025251 -0.047020 -0.170242 -0.005256 -0.168612 0.030856 -0.003946 -0.243460 0.101905 -0.113553 0.228747 0.306809 0.024387 -0.246685 -0.048134 0.258559 -0.039089 0.105707 -0.178572 0.146423 0.015975 -0.151440 -0.169730 -0.013583 0.038171 -0.054981 -0.150384 -0.142936 -0.117039 0.196576 0.116322 0.090472 0.175448 -0.250142 -0.190548 -0.207611 -0.069844 -0.075309 0.035460 -0.111134 0.180691 0.135560 -0.111276 0.060292 -0.131707 -0.117363 -0.160228 -0.054753 -0.317923 0.068003 -0.179941 
-0.123458 -0.023704 -0.145559 -0.273933 -0.147385 0.046134 -0.008407 -0.085663 0.075853 -0.233562 -0.058071 -0.191778 -0.138765 -0.037263 -0.204848 -0.130623 0.070834 0.079777 -0.040344 -0.087447 -0.014860 -0.044297 -0.095116 -0.204632 -0.064616 0.014363 0.188739 0.015554 0.069943 -0.063799 0.212861 0.031293 0.057509 -0.122454 0.065442 0.127527 -0.021812 0.242473 -0.063718 -0.023230 -0.095339 0.093943 -0.101458 -0.182111 0.196340 0.046518 -0.008132 0.077156 0.052129 0.069469 0.270071 -0.273656 -0.192915 -0.065794 -0.172980 0.112054 0.220209 -0.205822 -0.183744 -0.042985 -0.157326 0.228548 0.221565 -0.149466 
-0.165628 -0.148454 0.242472 0.074620 -0.066701 -0.037237 -0.174545 0.002017 0.234496 -0.083198 0.090126 0.076631 -0.062392 0.125340 -0.055388 -0.014979 -0.017278 0.018249 0.087443 0.019088 0.002644 -0.200023 -0.182866 -0.089835 -0.168617 -0.086160 -0.124856 -0.057970 -0.217048 0.262432 0.017848 -0.039761 0.022842 -0.020026 -0.079172 -0.001946 0.004570 -0.169713 -0.062636 0.073914 0.208905 0.124695 -0.086902 0.220549 0.164210 0.014074 0.168107 -0.106935 -0.044694 -0.030469 0.153748 0.092300 0.029972 -0.097721 -0.067582 0.124230 -0.061295 -0.034358 -0.130593 -0.012198 -0.168368 -0.024828 0.110983 0.164303 
0.264735 0.126089 0.085617 0.152854 -0.085607 0.093217 -0.103133 0.169727 -0.005917 0.116829 0.039408 -0.048165 0.045829 -0.125538 0.076980 0.109239 0.252518 -0.067882 -0.179072 -0.046475 0.077534 0.128397 0.163870 0.185907 -0.152244 0.177890 -0.152189 0.047605 -0.042532 0.152620 -0.080266 -0.177315 0.246446 0.222089 0.208839 0.247409 0.071310 -0.107361 0.136580 -0.099000 0.156565 -0.073946 0.074494 -0.109617 0.144342 0.225474 0.184818 0.053704 -0.174009 -0.171981 0.079922 0.320506 0.356851 -0.099465 0.045893 -0.295923 -0.083660 0.058310 0.068384 0.106257 0.153402 -0.071934 -0.307014 0.047826 
0.115747 0.128748 0.013280 -0.017832 -0.173100 -0.141966 0.141863 -0.162544 -0.004298 -0.134204 -0.040114 0.093297 -0.022342 -0.134393 -0.309408 0.081716 -0.099128 0.137787 0.023160 -0.045836 -0.108071 -0.178454 -0.041287 -0.143056 0.088536 0.186851 -0.110735 0.007027 0.001429 -0.205695 -0.060397 -0.037611 -0.172052 0.044143 -0.245595 -0.051792 -0.179353 0.054630 0.026064 0.215872 -0.103615 0.225953 -0.019291 0.052799 -0.195832 -0.125267 -0.030532 0.035096 -0.187003 0.151691 -0.235520 -0.246798 0.085338 -0.052547 0.017064 0.145736 -0.109186 0.127402 -0.007994 0.221909 -0.211772 0.156697 -0.017878 -0.128178 
0.076467 -0.093849 0.078096 0.018353 -0.093067 -0.127176 -0.076345 0.005886 -0.114086 0.056679 -0.085368 -0.052395 -0.203727 0.002927 -0.172714 -0.227367 0.136270 -0.169945 -0.082670 -0.012797 -0.050079 0.154595 -0.057572 0.101954 0.062589 0.117884 0.042742 0.071574 -0.033442 -0.122440 0.126974 0.054371 -0.027684 0.046286 -0.146873 -0.185205 0.094633 0.055644 0.045678 -0.070029 -0.075668 -0.076073 0.047049 -0.040017 0.088661 0.107015 -0.015256 -0.056646 0.079269 0.059827 0.141674 -0.113300 0.036026 -0.147939 -0.184089 -0.124153 0.199936 0.054816 0.280337 -0.074602 0.169956 0.197029 -0.274772 0.067982 
0.035913 0.056766 0.075463 0.024166 -0.094763 0.000249 0.073053 0.001815 -0.034291 -0.107411 -0.210976 0.021003 0.064534 0.070466 0.197161 0.062162 -0.066394 0.095323 0.191258 0.172552 0.179233 -0.165722 -0.082085 0.183449 0.227544 -0.118315 -0.207040 0.129206 -0.079210 -0.215041 -0.036983 0.009667 0.010221 -0.151098 -0.203921 0.119584 0.192296 -0.042543 -0.010958 -0.062801 -0.088960 0.018360 0.248905 0.007573 -0.300088 0.126341 -0.275919 -0.012471 -0.021165 -0.169477 -0.196246 0.048968 -0.208961 -0.039673 -0.034569 0.125959 -0.018290 0.029772 0.038056 0.062442 0.117410 -0.070666 0.012433 -0.158664 
0.000173 -0.220612 -0.216603 -0.108413 0.101623 -0.005835 0.117929 -0.096239 0.218861 0.119889 0.265086 -0.285367 -0.016593 0.188227 0.065419 -0.353438 -0.139352 0.062296 0.322967 -0.353923 -0.355176 -0.165360 -0.339726 0.210995 0.141804 0.175923 0.071298 -0.025563 -0.131130 0.422807 0.089972 0.162124 -0.161693 0.044300 -0.244053 -0.246661 -0.123376 0.222909 -0.093016 -0.123739 0.173146 0.088877 -0.231862 0.020074 0.224601 0.037149 0.168121 -0.133314 0.041874 0.254006 0.104759 0.035855 -0.249339 0.194171 -0.146463 0.199670 0.140034 -0.007895 0.031544 0.065203 -0.009927 0.060952 -0.095672 0.302548 
0.098318 0.007540 -0.157085 0.171650 -0.070691 -0.010942 -0.041498 -0.141431 -0.218530 -0.057350 0.050446 0.100377 -0.173715 0.102382 -0.128789 -0.028911 0.014072 0.129518 0.157959 0.105970 0.031058 -0.163970 0.057372 -0.165600 0.173516 0.085793 0.018404 -0.035065 0.039719 -0.268761 -0.071632 -0.144087 -0.031423 -0.128543 -0.192314 -0.166460 0.205910 -0.138054 -0.033266 -0.097809 -0.025324 -0.016938 0.206857 0.169046 -0.357438 -0.164960 -0.161298 0.056407 0.077559 -0.140578 -0.216600 -0.099886 -0.194157 0.040022 -0.013864 -0.181795 -0.075626 -0.037135 -0.010803 -0.146078 -0.017836 0.193557 -0.030427 -0.252444 
-0.202065 0.152762 -0.119900 -0.097975 0.222271 0.061689 -0.037169 0.131387 0.158959 -0.077037 0.044641 0.107175 -0.087149 0.198001 -0.018582 -0.005585 -0.275985 0.031658 -0.002300 -0.039612 0.025726 -0.139180 -0.028288 0.137571 -0.083371 0.053237 0.167634 0.074489 0.101670 -0.077086 0.105098 0.186923 0.176995 0.161361 -0.077710 0.168622 0.042668 0.010104 0.054593 -0.126756 0.046326 -0.198035 -0.156020 0.094456 -0.125843 -0.013759 0.104525 -0.087185 -0.142873 -0.041275 0.007508 0.009348 -0.035520 0.185378 0.012787 0.098172 0.040422 0.000092 -0.148405 -0.021167 0.061818 -0.127314 0.097679 -0.073610 
-0.144628 -0.042544 -0.024127 0.086534 0.221795 0.140445 0.110948 0.005872 0.262020 0.138124 -0.067956 -0.152237 -0.111556 -0.106515 0.070423 -0.128078 0.012519 0.145703 0.087585 -0.200264 0.099604 -0.166522 0.058694 0.145955 -0.019059 -0.120025 -0.163834 0.172733 -0.041955 0.140656 -0.044118 0.014073 -0.082023 0.048760 -0.112137 0.153752 -0.027489 0.088358 0.016947 -0.100973 0.132788 0.019156 0.024997 0.198658 0.193987 0.134042 -0.080297 -0.062637 0.108295 0.142899 -0.076723 0.220170 -0.138969 -0.016310 0.018407 -0.051991 -0.032675 0.070226 -0.103320 0.119117 -0.130636 -0.100656 0.003612 -0.075630 
-0.066486 -0.075560 -0.111427 0.076505 -0.058311 0.044661 -0.169154 -0.209484 -0.018163 0.004805 0.169569 -0.183164 -0.069995 -0.182553 -0.008184 -0.107452 -0.090430 -0.229097 0.170230 -0.160454 -0.139343 0.026766 -0.045792 0.155260 0.146899 0.138050 0.056432 -0.100414 0.041420 -0.049728 -0.018471 0.037515 -0.014509 0.045477 -0.140761 0.187266 -0.144581 -0.020806 -0.221679 0.107454 0.164196 -0.212699 0.091926 -0.145264 -0.009501 -0.001746 0.026654 -0.128509 -0.141670 -0.014453 0.041685 0.043506 0.160849 -0.095473 -0.061010 0.118433 0.208239 -0.180974 0.211349 -0.046259 -0.081442 -0.139524 -0.232777 0.125746 
0.042738 -0.075310 0.102788 -0.127902 0.164892 0.144197 0.118493 0.087977 0.164777 -0.093110 -0.069813 -0.194719 0.011721 0.135188 0.064402 0.020739 -0.088103 0.191628 0.021787 -0.107324 -0.218018 0.023859 -0.194791 0.226992 0.192153 -0.125938 -0.076259 0.177281 -0.036954 0.086870 0.115502 -0.089780 0.180957 -0.055424 -0.070780 0.056771 -0.074112 0.074645 0.064626 -0.168531 -0.062616 0.114818 -0.098923 0.159643 0.103654 0.004295 0.072213 0.121230 0.017646 -0.126380 -0.136187 0.158179 0.094617 0.109151 0.030477 0.111592 0.045871 0.172422 -0.022816 -0.186972 -0.085629 -0.213825 0.009466 -0.041193 
0.264643 0.012616 -0.061196 -0.047316 -0.028223 0.087014 -0.146526 0.083077 -0.025192 0.094119 -0.097589 -0.166905 -0.149457 -0.143723 -0.056272 0.053861 0.225542 -0.110818 -0.173699 -0.068370 0.217454 0.141311 0.171103 0.196029 0.092081 -0.059776 0.031924 -0.132090 0.088999 -0.233980 -0.146229 -0.135514 0.054128 0.078474 0.021118 0.196677 -0.028115 0.118018 0.022900 0.029578 -0.155988 -0.167791 0.185081 -0.060684 -0.143577 0.243154 0.090698 0.096498 -0.132468 -0.224820 0.078318 0.031284 0.299906 -0.243296 0.140430 -0.168268 0.023287 -0.017644 0.154351 -0.185582 0.156212 -0.221487 -0.208788 -0.090690 
-0.064856 0.181864 0.009352 0.170168 0.146189 0.186213 0.149418 0.144600 0.213310 -0.065272 -0.187108 -0.213184 0.015518 -0.123974 -0.085520 0.293521 -0.272379 -0.212566 -0.208314 0.252560 -0.046394 -0.060796 0.038345 -0.050592 0.127948 -0.286817 0.046139 -0.005459 -0.137820 -0.227768 0.174110 0.062283 -0.113437 -0.115192 0.120981 0.064097 0.107006 -0.107737 0.193947 0.109031 0.166564 0.081711 0.176956 0.042702 0.036562 -0.154780 -0.035599 0.163092 -0.127135 -0.067964 0.028374 -0.063803 0.062080 -0.090999 -0.087173 0.098351 -0.112020 0.299776 -0.278927 -0.124721 -0.129733 -0.125903 0.345816 -0.260361 
-0.116215 -0.038322 0.209404 0.142637 0.055130 0.007739 -0.004377 0.084054 0.009867 -0.147340 -0.072344 -0.114950 0.037841 -0.007473 -0.396855 0.211150 -0.068778 0.111707 -0.130868 -0.072865 -0.135802 0.103734 0.131114 -0.240110 -0.106015 -0.127582 0.111311 0.055816 -0.152756 0.020852 0.208148 -0.118533 -0.133758 0.208374 -0.174787 -0.159083 -0.121156 0.110297 0.137507 0.312475 -0.021545 -0.120901 0.201599 0.066000 -0.161992 -0.177205 0.112677 -0.059703 0.128511 -0.228348 0.139588 -0.374859 0.027365 0.046811 -0.055143 -0.066784 0.174678 -0.114114 0.151178 0.184421 0.112978 0.290492 -0.186452 -0.116742 
0.124997 -0.259356 0.003655 -0.054642 -0.128644 -0.147322 -0.106190 -0.078148 -0.000811 -0.287538 -0.055648 0.080298 -0.107601 -0.249933 -0.232370 -0.232968 -0.169113 0.148339 -0.182253 0.015394 -0.072301 -0.017830 0.043688 -0.192262 0.038746 0.151985 -0.234992 0.043820 -0.108223 -0.098501 0.174424 -0.206123 -0.030891 -0.180918 -0.147282 0.017579 -0.155583 -0.183571 -0.101782 0.272833 0.063490 0.013084 0.086054 0.025913 0.033348 -0.050516 0.127146 -0.077915 -0.202074 0.021186 -0.225369 0.107902 -0.141802 -0.106704 0.091407 0.124887 0.060456 0.144421 0.008655 -0.016927 0.087290 -0.262411 -0.090651 -0.043872 
-0.028493 0.175174 -0.185555 -0.000576 -0.080426 -0.147997 -0.007850 0.113161 -0.123895 0.234986 -0.076421 -0.123564 0.025006 -0.116024 0.115076 0.086631 0.298411 0.097144 -0.075130 0.208831 0.192438 -0.132482 0.154189 0.130997 0.194757 0.186217 0.130811 0.137768 0.209127 -0.173355 -0.126652 -0.156536 -0.088752 -0.003896 0.077427 0.076018 0.133529 -0.039725 -0.039208 -0.161055 -0.242946 0.235764 -0.051542 0.051949 -0.279194 0.201326 -0.083197 0.194494 0.047429 0.097289 0.091793 0.115579 0.176864 -0.251088 -0.130304 -0.021219 -0.119706 -0.174164 0.145120 -0.108931 0.099912 -0.132236 -0.156697 0.096584 
0.004099 -0.180084 -0.012016 0.004683 -0.059492 0.172417 0.115170 -0.096057 0.192282 -0.207891 -0.186261 -0.022048 -0.291866 -0.034643 0.030126 0.091678 -0.123569 -0.195921 0.023468 -0.178702 -0.101060 0.212484 0.053376 0.076055 -0.031975 -0.047552 0.011997 0.105568 0.170818 0.175941 0.047983 -0.118674 -0.247176 0.141615 -0.039445 -0.086414 0.084032 -0.101425 0.082956 0.104674 -0.131121 0.099122 0.071576 -0.134131 -0.050251 -0.066188 -0.285880 -0.058679 -0.124930 -0.087446 -0.042601 0.075662 -0.084997 -0.029602 -0.079482 0.043935 0.158810 0.197909 -0.130646 -0.114820 0.216040 0.092342 0.095297 -0.249348 
0.025329 -0.237408 -0.001771 -0.063049 -0.067246 -0.121287 -0.104979 0.052567 0.191523 -0.061465 0.213165 -0.155917 0.079714 -0.126078 0.029731 -0.281245 0.023813 -0.055201 0.160396 -0.164644 -0.085524 -0.209697 0.003849 -0.144032 -0.121181 0.140919 0.115304 -0.202668 -0.023265 0.049368 -0.116532 -0.012565 0.061715 -0.065072 0.180903 -0.261212 -0.055401 -0.210874 0.194149 -0.019156 0.138407 0.293147 0.011877 0.112096 0.211808 -0.155255 0.137491 0.056017 0.118691 0.023941 0.072363 -0.226492 0.021013 -0.022114 -0.082227 0.164809 -0.051434 -0.114049 0.161851 0.062183 -0.066252 0.206101 -0.062211 0.022332 
-0.019469 -0.098019 0.135616 0.229025 -0.049351 0.065181 -0.058060 0.168238 0.046176 0.095276 -0.049820 0.062138 -0.105093 -0.161980 -0.137827 0.223449 -0.031717 0.152674 0.056963 -0.051811 -0.016358 0.022593 0.174569 -0.023537 0.028927 0.088755 -0.106036 -0.016942 0.125889 -0.046716 0.150327 -0.142679 0.095577 0.048216 -0.159387 0.177423 -0.116595 -0.127077 0.171022 0.158536 -0.093483 -0.150983 0.075686 -0.039061 -0.087083 0.046185 -0.122278 -0.199039 -0.063679 -0.225067 -0.182556 0.158804 -0.005640 -0.067530 0.036506 -0.125300 -0.175132 0.209904 -0.100345 0.158196 0.015190 -0.095539 -0.086606 -0.204069 
0.090927 -0.183768 -0.208881 -0.210977 -0.027526 0.080643 0.189403 0.027306 -0.204159 -0.160869 -0.124537 0.027944 0.190938 -0.052177 -0.038119 -0.020140 0.038066 0.122015 -0.049378 -0.123516 -0.177072 0.124427 -0.113983 -0.190508 0.076807 0.080888 -0.157514 -0.119717 0.113741 -0.157976 -0.007194 0.046786 -0.073860 -0.094419 0.074115 0.142881 -0.174410 0.053490 0.061789 -0.012865 -0.189821 0.192654 0.131332 0.104664 -0.105916 -0.053240 0.035449 0.077317 -0.165157 0.119633 0.096658 -0.115304 0.076245 0.127092 -0.148115 0.001843 0.031943 -0.089326 0.072164 -0.003653 -0.043285 0.113194 -0.131555 0.095531 
-0.197275 -0.262251 0.077831 -0.074320 0.094069 -0.035792 0.191659 0.052771 -0.109660 -0.151306 0.065771 -0.032876 0.227966 -0.123442 -0.196833 -0.108754 -0.210011 0.189675 -0.117467 0.147654 0.126801 0.052636 -0.119220 -0.137733 0.199907 0.120844 0.145532 -0.008078 0.041605 -0.171165 0.054669 0.133435 -0.087246 -0.201446 -0.005917 0.129898 -0.138921 -0.164379 0.166119 0.104178 0.133385 0.054671 0.221221 0.060393 0.064686 -0.186750 0.221538 0.014325 -0.219061 -0.155725 -0.086848 0.173806 0.143531 0.018102 -0.124837 0.229877 -0.039719 -0.062629 -0.077093 -0.149086 -0.114746 -0.008410 -0.073384 -0.044279 
0.123267 0.046516 0.119646 0.027701 0.157158 -0.050223 0.111352 0.022180 0.130218 0.132642 -0.128835 -0.137595 0.085802 -0.134509 0.151527 -0.145400 -0.128544 -0.147667 0.156504 -0.116278 0.070870 -0.034644 -0.159329 -0.107136 0.107646 -0.071613 -0.199314 -0.126528 -0.086146 -0.070466 0.027539 0.159105 0.138318 -0.095141 -0.074334 -0.015529 0.023741 0.078934 -0.101474 -0.202484 0.105623 -0.160913 -0.015295 0.159683 -0.111563 0.144692 0.013119 0.024220 -0.156633 0.016048 -0.031443 0.138481 -0.148390 0.164171 0.193510 0.089487 -0.131156 0.256093 0.040046 -0.059306 -0.066676 -0.019912 0.051008 -0.192827 
0.113250 0.056848 0.102386 -0.114288 -0.021846 0.097908 -0.138007 -0.092511 0.170828 0.006951 -0.210595 -0.256046 -0.150717 0.141692 0.069712 -0.062374 0.074634 -0.103167 -0.048911 0.027374 -0.125010 0.174983 -0.016105 0.057223 0.203786 -0.154260 -0.165625 -0.144255 0.180271 -0.050176 -0.147232 0.044070 -0.243131 0.178272 0.079549 -0.060403 0.117249 0.178448 0.100997 -0.034747 -0.152879 0.186621 0.035158 0.128361 -0.014639 -0.038304 -0.247459 -0.043703 0.151567 -0.059795 0.131447 -0.283107 -0.103437 -0.172378 0.019107 -0.116999 0.009715 0.028106 0.004137 -0.216822 -0.104067 0.272272 0.081191 -0.149344 
0.114960 -0.160290 0.256826 -0.088685 -0.238459 -0.148009 0.387100 0.237159 
0.137004 0.014481 -0.434112 -0.258777 0.458533 -0.020562 0.111163 0.295977 
0.229926 -0.217536 0.067855 -0.337327 -0.281601 0.096771 -0.175354 -0.108045 
0.337685 0.120440 0.028767 -0.210543 -0.103642 -0.023877 0.093777 0.139795 
0.247669 -0.025334 -0.227804 -0.209834 0.217120 0.276355 -0.160719 -0.242871 
-0.106403 0.009386 -0.057708 -0.275455 0.012653 0.156784 -0.113483 -0.054192 
-0.159595 0.199008 -0.149508 -0.104931 -0.047925 -0.068117 -0.243769 -0.281653 
0.199094 -0.160711 -0.216883 -0.009837 -0.062362 0.044597 0.018437 0.152496 
0.085633 -0.056449 0.153048 -0.291892 0.099440 0.421498 -0.378553 -0.066445 
0.302222 -0.071527 -0.154792 -0.093257 0.361460 -0.092332 0.265352 0.294435 
0.060180 -0.012922 0.071286 0.397579 0.150731 0.012650 -0.056744 -0.033551 
0.262943 -0.033165 -0.150381 0.418583 -0.128484 -0.286551 0.055531 0.188456 
0.073668 -0.141942 -0.326927 0.206010 -0.151811 -0.098462 -0.010970 -0.088992 
0.002105 -0.183264 -0.105269 -0.178685 0.431707 0.016669 -0.205320 -0.118896 
0.102315 0.115280 -0.421535 -0.378579 0.423865 -0.221929 0.018390 -0.042422 
0.343417 0.081916 -0.498244 -0.430241 -0.106764 0.105091 0.190092 0.301442 
-0.126204 -0.408784 0.109670 -0.174327 -0.222579 -0.093109 0.306424 0.549195 
0.062060 -0.018630 -0.001027 0.416000 -0.093787 -0.259607 -0.069947 -0.055192 
-0.032621 0.079940 0.313523 0.053867 0.347000 -0.243797 -0.128031 -0.085000 
-0.065923 -0.162639 -0.401138 -0.308011 -0.343905 -0.153117 0.179001 0.000443 
0.159055 -0.098167 -0.362923 -0.115636 -0.088762 -0.104399 0.104553 0.294142 
-0.047007 0.274364 0.024220 -0.190328 -0.002708 0.273519 0.189719 0.250120 
0.126867 -0.167188 -0.285019 -0.200667 -0.199223 -0.063605 0.283339 0.142917 
0.023254 0.435643 -0.306550 -0.495634 0.417670 -0.119877 -0.052466 0.131569 
-0.377187 0.342687 0.107144 -0.270839 -0.144206 -0.371723 0.004209 -0.129458 
-0.022408 0.093714 0.175228 0.386530 -0.217829 -0.321010 0.147833 0.114769 
-0.151549 -0.121771 -0.001063 0.366717 0.262616 0.186241 -0.004949 0.223786 
0.059156 0.237458 -0.057697 0.034728 0.108116 0.041998 0.014645 0.063868 
-0.359416 0.308906 0.014290 -0.315761 0.060579 -0.011803 0.110394 0.192098 
0.151993 -0.032690 0.156773 0.385070 0.469702 0.340779 -0.152741 -0.193033 
-0.061072 0.188352 -0.002471 0.119854 -0.135662 0.204003 -0.163710 -0.269700 
-0.070824 -0.099697 0.001998 0.162295 0.439989 0.152005 -0.068057 -0.078237 
0.282293 -0.079400 -0.445747 -0.096301 -0.033428 0.041666 -0.063674 -0.081768 
0.145514 -0.122879 0.005155 -0.145955 0.107783 0.352536 0.125713 0.145358 
-0.025142 -0.408431 -0.478951 -0.199465 -0.054118 0.107897 -0.013843 -0.019274 
0.187051 0.294558 -0.456783 0.022199 0.103960 0.155789 0.140698 0.225729 
0.013012 -0.072776 -0.133201 -0.294083 0.224296 -0.199721 0.093216 0.057785 
-0.263528 0.115542 0.079151 0.054391 0.489015 0.300189 -0.010580 0.210494 
-0.014846 -0.146315 -0.255021 -0.292651 -0.339834 0.069314 -0.053185 -0.210102 
-0.059742 0.114195 0.258009 0.234708 -0.488044 0.165133 0.106292 0.009413 
0.283401 -0.177486 0.006861 0.229382 0.033033 0.330886 -0.300087 -0.166714 
-0.330568 -0.250459 0.009217 0.071659 -0.189564 -0.262836 -0.078421 -0.354895 
0.014892 0.177363 -0.035514 -0.286131 -0.412612 -0.099280 -0.022688 -0.005095 
0.109326 -0.322667 0.036954 -0.119974 -0.123315 -0.230138 -0.210400 -0.211535 
-0.011150 -0.088119 0.044829 0.393330 0.222611 0.566745 -0.310413 -0.155456 
0.023528 0.332505 -0.111149 -0.243764 0.234266 0.028044 0.134822 0.372497 
0.104739 -0.231433 -0.159702 0.425441 -0.282916 0.169725 -0.042593 -0.121678 
-0.045031 -0.414548 -0.273110 -0.107081 -0.263217 -0.274189 0.111102 -0.029323 
-0.035768 -0.419351 0.085361 0.091090 0.306651 0.016240 0.038925 0.033668 
-0.022463 -0.144358 0.016357 0.322107 0.280006 -0.125657 0.054453 -0.124501 
-0.256764 -0.218947 0.050990 0.201934 0.227934 0.336154 0.105135 0.339799 
0.346505 0.317558 -0.679115 -0.108791 -0.053583 -0.145919 0.048617 -0.201421 
0.171015 -0.182615 -0.240474 -0.038408 -0.472855 0.034631 0.053024 0.423329 
0.058485 0.221805 0.058477 0.083129 0.281056 0.122461 -0.226280 -0.197502 
0.425673 -0.003831 -0.107302 -0.231784 0.161242 0.013030 -0.077631 0.038944 
-0.108499 0.023499 0.091190 0.379992 0.157191 0.042850 -0.314524 -0.274307 
-0.343755 0.084398 0.318746 0.056725 0.088851 0.301481 -0.011227 0.063216 
0.357985 0.147575 -0.094256 -0.311770 0.025931 0.060142 -0.111554 -0.264736 
-0.061265 -0.105391 0.381189 0.220141 -0.162362 -0.176362 0.240889 0.412297 
0.244052 -0.007496 0.114873 0.489927 0.075344 0.022651 0.131819 0.076648 
-0.005110 0.222428 0.039922 -0.091448 0.048905 0.028258 0.298905 0.249195 
-0.189350 -0.449135 0.587839 0.203318 0.080257 -0.001302 0.117805 0.253570 
-0.080584 0.021756 -0.235471 -0.188576 0.309278 -0.038612 -0.277557 -0.372526 
-0.020364 -0.143223 0.148310 0.664352 0.265589 0.018420 0.106518 0.194174 









0.000000 
0.000000 
0.000000 
0.000000 
0.000000 
0.000000 
0.000000 
0.000000 
0.147233 
0.049648 
0.019625 
0.077986 
-0.237902 
-0.089228 
-0.355405 
-0.208327 
-0.049287 
-0.306121 
0.083054 
-0.246319 
-0.064096 
-0.315715 
0.201792 
-0.275800 
-0.057953 
-0.087704 
-0.167552 
0.292783 
-0.125611 
-0.138901 
0.415938 
0.359651 
0.050973 
0.254347 
0.102956 
-0.133839 
0.134067 
-0.302563 
0.146968 
-0.018041 
0.066089 
-0.138684 
-0.204485 
0.084554 
0.130851 
-0.150610 
0.243603 
-0.151359 
-0.166397 
-0.160202 
-0.123606 
0.130012 
0.042651 
-0.318317 
0.185673 
-0.272790 
-0.139229 
0.304511 
0.353479 
0.180332 
-0.120950 
0.168854 
-0.046861 
0.418183 
0.130761 
-0.269584 
-0.028562 
-0.020041 
-0.268576 
0.328190 
0.261561 
0.080276 
-0.103576 
-0.053523 
-0.076277 
0.268198 
0.100699 
-0.062503 
-0.055181 
0.114133 
0.075378 
-0.004449 
-0.156114 
-0.143254 
-0.074679 
0.306159 
-0.053699 
0.059259 
0.095597 
0.174278 
0.000557 
-0.041467 
0.071226 
-0.073871 
-0.066725 
-0.053192 
0.116415 
-0.006957 
-0.075160 
-0.053374 
0.012868 
0.122771 
0.071544 
0.003457 
0.269903 
-0.323320 
-0.133372 
0.296089 
-0.051783 
0.154920 
-0.051542 
0.013049 
-0.286373 
-0.317740 
0.351496 
0.362172 
-0.387037 
0.248558 
0.045959 
-0.398350 
0.317067 
-0.081596 
-0.434409 
0.150340 
-0.064277 
-0.114284 
-0.198772 
-0.064965 
0.282372 
-0.199214 
0.112834 
-0.270736 
-0.508741 
-0.096230 
0.227033 
-0.278833 
-0.323442 
-0.057145 
-0.179959 
-0.120726 
-0.130320 
-0.232090 
-0.127343 
-0.036378 
-0.146674 
0.347701 
-0.273271 
-0.117380 
0.007297 
-0.162074 
-0.061946 
0.017843 
-0.034776 
0.163842 
0.000689 
0.118313 
-0.160074 
-0.127794 
-0.296602 
0.183583 
-0.294463 
0.052382 
-0.015621 
-0.125757 
0.097678 
0.182159 
-0.085924 
-0.111750 
-0.139733 
-0.131431 
0.301951 
0.122469 
-0.034762 
-0.010215 
-0.002048 
0.202226 
-0.220670 
0.074278 
-0.218681 
0.212454 
0.100472 
0.272115 
-0.287563 
0.009296 
0.043585 
-0.228502 
-0.055968 
-0.190100 
0.171207 
0.213538 
-0.097315 
-0.290509 
0.117228 
0.102941 
0.236458 
-0.221493 
-0.193223 
0.125339 
0.096463 
0.245310 
0.055746 
-0.050378 
-0.026677 
0.212896 
0.064379 
0.279816 
0.038074 
0.190981 
-0.003819 
0.263270 
0.113815 
0.824402 
0.803371 
0.414443 
-0.054852 
0.437570 
3.435000 0.206912 0.156874 
