0.197944 -0.056452 -0.054652 0.269921 0.083309 -0.171150 -0.017192 0.065903 -0.055928 0.004021 -0.298563 -0.195008 0.086913 -0.192155 -0.011045 -0.073435 0.072389 0.161873 0.117950 0.048346 -0.088021 0.212182 0.248318 0.222110 0.201347 -0.302105 -0.181918 -0.211471 0.207902 -0.054765 0.287673 0.179965 0.073455 -0.215996 0.227008 -0.125990 -0.153768 -0.167832 -0.162934 -0.192713 -0.024740 -0.126070 -0.233156 -0.227054 -0.184436 0.141936 0.134341 0.240632 0.186933 -0.073833 0.064934 -0.241570 -0.154270 -0.112906 0.221530 -0.293197 -0.133327 -0.180896 -0.242812 -0.059075 -0.157710 -0.120221 -0.038954 -0.267544 
-0.173805 -0.284079 -0.091372 0.090129 -0.072537 -0.130217 0.202826 0.097636 -0.027471 -0.200368 0.126427 0.231708 0.119194 -0.052307 0.132976 -0.155172 0.237360 -0.081337 -0.046414 -0.122568 0.103910 -0.031495 -0.153757 -0.204193 0.142707 0.036595 0.009588 -0.309493 -0.056219 -0.196080 -0.120678 0.052217 -0.087258 -0.097912 0.075640 0.054040 -0.018010 -0.067843 -0.059536 -0.164577 -0.025489 -0.289500 -0.279197 -0.205538 0.092370 0.235774 0.071646 0.115051 -0.189612 -0.209775 0.119694 -0.246686 0.076773 -0.235550 -0.178516 -0.035034 0.006255 0.240989 0.027996 -0.174032 0.244715 0.115096 0.146869 -0.219924 
-0.097014 -0.022932 0.127084 0.177301 0.022341 0.310935 0.144515 -0.202579 -0.146958 0.238044 -0.045570 0.111613 0.284812 0.193371 -0.129116 -0.140027 -0.254723 0.037070 -0.096319 0.061210 0.043145 0.050427 0.231784 -0.261017 -0.033450 -0.005893 -0.227915 -0.078354 -0.205414 0.104331 0.030229 -0.148063 -0.178080 -0.126702 0.099152 0.157818 -0.075730 0.162153 0.193401 -0.235152 0.133444 -0.191610 -0.213409 0.023129 -0.264833 -0.020908 0.165241 -0.046294 0.243796 -0.182075 0.140763 -0.133138 0.013537 0.142338 -0.072153 -0.329777 -0.054942 -0.128531 -0.063867 -0.129081 -0.097212 0.086694 -0.165646 0.029230 
-0.105823 -0.050046 -0.200761 0.024582 0.137523 -0.201145 0.037428 0.098632 -0.018712 0.022363 -0.079798 0.020485 -0.197967 -0.118182 0.048648 -0.148902 -0.241832 -0.065864 -0.039738 0.041394 -0.204950 0.045748 0.061260 -0.183984 -0.227873 -0.029860 0.013883 -0.120121 -0.144179 0.032284 0.050705 0.009911 0.136923 -0.126830 0.042335 0.051369 -0.047649 -0.105534 -0.128637 0.175292 -0.168567 0.126386 -0.048991 -0.089547 0.062194 0.135074 -0.113573 0.126658 -0.203340 0.055648 -0.111519 0.003452 -0.119157 -0.229911 -0.015807 0.054101 -0.055517 0.081924 0.126467 -0.014082 -0.037950 -0.016584 0.190021 -0.211670 
0.124214 0.103073 0.183410 0.287169 -0.304280 -0.222015 0.016653 -0.346226 -0.031840 0.121846 -0.115298 -0.255624 0.022254 0.129273 0.087208 0.143940 -0.059734 0.327794 0.237619 0.126731 -0.282793 -0.082024 -0.283002 -0.085855 0.268397 0.248631 0.147260 -0.136145 -0.000543 0.030229 -0.053505 -0.304908 -0.146693 -0.071257 -0.206033 -0.137053 -0.144259 0.180262 0.036512 0.210384 0.090168 0.091199 0.254651 -0.218767 -0.027935 0.098640 0.142810 0.116979 -0.008335 0.066146 -0.056521 0.108190 0.304805 0.042881 0.263501 0.319044 -0.081262 0.131468 -0.145390 0.249272 -0.112987 0.231532 -0.220275 -0.054965 
0.237638 -0.150740 0.156268 -0.169939 -0.240668 -0.232763 -0.253374 0.115409 0.175336 -0.292148 0.254261 -0.105601 0.164054 0.077620 -0.319960 -0.082214 0.015343 0.025451 -0.260669 -0.073344 -0.230362 0.328736 -0.012532 0.066406 0.026993 0.085736 -0.007829 0.299885 -0.037722 0.085012 -0.031368 -0.163136 0.280048 -0.160057 0.024764 -0.210447 -0.076167 0.153934 0.285861 -0.256261 0.210323 0.022535 -0.099800 0.147904 -0.033573 0.015415 -0.302072 0.114257 -0.283370 -0.330554 -0.106143 -0.193674 -0.313796 0.152009 0.120734 0.169662 -0.085662 -0.051818 0.094737 0.105593 -0.330114 -0.193930 -0.326246 0.306032 
-0.088573 0.048694 -0.342565 0.128123 -0.095498 0.177860 0.165021 -0.222304 -0.043165 -0.334219 0.237210 0.259191 0.153044 0.341752 0.207996 0.117860 0.246877 -0.261523 0.284166 0.325615 0.222297 0.066254 0.168332 -0.244702 -0.265129 -0.077826 0.309801 -0.194766 -0.057335 0.189009 -0.213351 0.235396 0.095297 -0.304915 -0.043233 0.233549 0.179268 -0.210691 -0.370690 -0.071279 -0.204041 0.320699 -0.239288 0.103868 0.096914 0.334616 -0.023257 0.234754 -0.280749 0.030997 0.072576 0.237967 -0.217265 -0.150721 -0.246316 -0.161641 0.064304 -0.240311 -0.076772 -0.157121 0.261898 -0.176389 -0.350516 0.001171 
0.009666 0.014925 -0.071118 -0.093622 0.109268 -0.028588 0.116065 0.209303 -0.101800 0.138967 0.105028 -0.238996 0.195301 -0.086786 0.199944 0.176734 0.055185 -0.032777 0.074730 0.139757 0.132341 0.041555 -0.233575 -0.089476 0.192912 -0.064776 0.042125 0.282658 0.125069 -0.016734 0.016061 -0.239920 -0.139017 0.172762 0.061269 0.215551 -0.264994 -0.157711 0.093991 -0.010681 0.296811 -0.123505 -0.017227 0.031011 -0.018681 -0.167935 0.024974 -0.149502 0.128887 -0.112779 0.320941 -0.107884 -0.287758 -0.277021 0.196161 0.183267 -0.163684 -0.000683 0.098685 -0.223811 -0.261158 0.175961 -0.105159 -0.142756 
-0.029250 0.085625 -0.084704 0.048101 -0.100687 0.075854 -0.106303 -0.075892 -0.098623 -0.052247 0.055890 -0.030319 0.089622 -0.028317 -0.048479 -0.020900 -0.008518 -0.098807 0.060623 0.034464 -0.070588 0.045686 -0.029464 -0.046544 0.065843 0.105195 -0.006461 0.114169 0.066278 0.102286 -0.056565 0.040035 
0.075540 -0.029217 -0.067125 0.149022 -0.034697 -0.063405 0.060114 -0.039694 0.087063 0.065578 -0.107344 -0.017607 0.109901 0.006815 -0.074881 0.043166 -0.032641 0.078181 -0.092324 -0.023110 -0.005956 0.018203 0.140046 0.003290 0.011394 0.006056 -0.067020 -0.037085 -0.038811 0.052825 0.040741 -0.084663 
0.181160 -0.007123 0.046333 -0.132088 -0.207700 0.057066 -0.010579 0.054554 -0.048069 -0.004787 -0.004966 -0.024393 -0.133059 -0.029527 0.010565 0.059714 -0.015076 0.138016 -0.090356 0.082509 -0.064154 0.062151 -0.192820 0.072997 -0.034461 -0.020595 -0.023454 0.087718 0.096846 0.112403 0.066422 0.133742 
0.078045 0.078450 -0.116721 0.120551 0.016166 0.027086 0.035612 -0.057757 0.102245 -0.157168 -0.050752 -0.075010 0.022958 -0.045591 0.051788 -0.164047 -0.084302 0.070572 0.126298 0.021975 0.006637 0.053703 -0.093583 -0.124014 -0.055815 0.035727 0.139499 -0.014781 -0.006282 0.148049 -0.101098 -0.021928 
0.069512 -0.005255 -0.114914 0.059250 0.178044 0.060325 0.068751 -0.009562 0.086025 -0.023800 0.013078 0.070921 0.002515 0.142534 0.029325 0.035510 -0.050037 0.010956 -0.043134 -0.124556 -0.068182 -0.009435 0.004255 0.132192 0.113987 -0.117397 -0.089430 -0.055804 -0.066226 -0.085525 0.053505 -0.020732 
0.051468 0.026585 -0.078432 -0.043028 0.048969 0.123151 -0.089237 -0.101068 0.131891 0.084958 -0.091785 0.069941 -0.010890 0.006048 0.055805 -0.036458 -0.049234 -0.088815 -0.065229 0.032287 -0.031693 -0.023249 0.090934 0.025969 0.023841 0.091762 0.090764 0.015260 -0.051319 -0.020590 -0.040032 -0.028806 
-0.080321 0.042974 -0.036127 -0.008062 0.007898 -0.040019 0.118926 0.003457 0.158370 0.156290 0.064160 0.022691 0.048292 -0.015272 0.016838 -0.131353 0.068471 0.045367 0.051543 -0.058540 -0.103819 -0.026606 0.036032 -0.038331 -0.073127 0.045595 -0.047221 -0.040760 -0.066903 0.007113 0.098849 -0.071355 
-0.122058 -0.083905 0.060761 0.046328 0.029115 0.081290 -0.108259 0.032446 0.005661 0.149057 0.122231 -0.034993 0.025668 0.009103 -0.038769 -0.044528 -0.074621 -0.077119 0.028578 -0.050616 0.068248 0.011055 0.071145 0.168478 0.107343 0.115614 -0.136196 -0.080804 -0.114004 -0.067119 -0.032123 -0.060677 
0.000604 -0.160821 0.099427 -0.156583 -0.013228 -0.092635 -0.050733 -0.005403 -0.143760 -0.041536 0.104549 0.111109 0.041113 -0.060087 -0.158370 0.124744 0.064942 0.030714 0.086148 -0.001427 0.143481 0.017464 -0.078750 0.085112 -0.036085 0.005831 0.071528 0.063874 -0.018947 -0.067369 -0.127598 -0.067969 
-0.084204 -0.100682 -0.077081 0.164647 -0.074414 0.043455 -0.003292 -0.155234 -0.061683 -0.076921 0.040409 0.074194 -0.001734 0.102653 0.139338 0.084175 -0.092038 0.029963 -0.069384 -0.102242 -0.116548 -0.006940 -0.078370 -0.034054 -0.105682 -0.160121 -0.006801 0.010995 -0.029564 -0.070262 0.065271 -0.067134 
-0.032707 0.069853 -0.069911 -0.086171 0.010691 -0.064509 0.039924 0.112487 -0.020711 0.046824 0.012743 0.079323 -0.050609 -0.098337 0.075866 0.098892 -0.061271 -0.082503 -0.116309 0.006879 0.118650 -0.022914 -0.093492 0.102837 -0.084405 0.033113 -0.024224 -0.021182 0.048400 -0.051780 0.013515 -0.020315 
-0.097808 0.059562 0.083585 0.007897 -0.072637 -0.020299 -0.103561 0.088590 -0.040636 0.026514 0.004578 0.012141 0.099923 -0.055945 -0.038398 -0.097387 -0.031132 0.049003 0.033218 -0.117810 0.055308 -0.021269 0.045514 -0.057491 -0.109257 -0.049353 0.035312 0.086530 -0.007348 -0.093589 -0.024358 -0.054060 
0.091262 -0.075154 0.084343 -0.220287 0.057611 -0.081391 0.032546 0.060615 0.065998 -0.108405 -0.035969 0.022077 -0.068735 -0.001631 0.064086 0.065737 -0.006593 -0.059894 0.026732 -0.037974 0.087698 0.047938 -0.098580 0.025241 0.116516 0.120257 0.044534 0.042388 0.126354 0.178192 0.009005 0.147654 
-0.062191 0.069616 0.119881 0.057681 0.102789 -0.003227 0.029270 0.040599 0.087854 -0.096903 -0.087882 -0.135450 0.023764 -0.166911 0.096001 -0.030182 -0.065351 0.051603 -0.103840 0.101597 -0.009048 0.036393 0.042117 -0.062238 -0.013608 0.035932 0.098602 -0.013658 0.010790 0.102996 -0.118683 0.075917 
-0.010433 -0.057492 0.042052 0.030490 0.106886 0.112867 -0.106230 0.031057 0.211822 0.077160 -0.014164 0.083383 0.036329 -0.035787 -0.051276 0.065358 -0.068316 -0.037202 0.084546 0.021517 -0.003044 0.064377 0.133116 0.037812 -0.056918 0.032973 -0.087515 0.041549 -0.122132 0.028055 -0.065070 0.028366 
0.080812 -0.000606 -0.078856 0.049124 0.015662 -0.055810 -0.099351 -0.008801 0.087100 0.114581 -0.063192 -0.053711 -0.045295 -0.027675 -0.038079 -0.020500 0.142674 -0.086985 0.099554 -0.036288 0.106686 0.048613 0.133847 0.100354 -0.071456 -0.054130 0.009283 -0.028726 0.009864 0.091958 0.078010 0.017973 
-0.002836 -0.074090 -0.032416 0.044131 -0.080604 -0.084294 -0.053127 -0.084816 -0.003507 -0.008761 -0.068598 0.027716 -0.072553 0.067254 -0.083813 -0.068197 0.049738 0.139893 -0.053294 0.013075 0.066079 -0.038991 -0.092428 0.070076 -0.013888 0.067198 0.151373 -0.117438 -0.007473 0.139965 -0.032520 0.122073 
0.120964 -0.009531 0.038765 -0.073158 -0.146022 -0.050139 -0.104486 -0.031246 0.053150 -0.056534 -0.089421 0.061411 -0.090564 -0.088277 -0.115663 0.079578 -0.100791 -0.043869 -0.025493 0.034413 -0.021072 0.040129 -0.104256 0.035647 0.026784 -0.079465 0.064717 -0.030567 -0.147342 -0.002540 -0.100313 0.144500 
-0.070095 0.057016 -0.064504 -0.007949 -0.093180 -0.049347 -0.023041 0.080555 0.195227 0.100746 0.027602 -0.150731 0.099026 0.109491 -0.113263 0.113112 -0.080855 -0.012764 0.068760 0.053860 -0.056845 0.045278 0.019419 0.115888 0.112003 -0.015893 0.110317 0.126885 -0.044424 -0.045542 0.034935 -0.001341 
0.083197 0.176418 0.036645 0.152330 -0.025075 -0.064780 0.137826 0.111040 -0.021658 0.093995 -0.141332 -0.134581 0.070356 -0.061892 0.136001 0.076014 -0.038960 -0.007664 0.012123 0.020094 -0.068690 0.031244 0.009884 -0.087502 0.101802 -0.037266 0.089909 0.009623 0.004080 0.070917 0.052845 -0.046355 
0.031636 0.064797 -0.024927 0.026129 0.119598 -0.114154 -0.011810 -0.090460 0.126384 0.119679 -0.157192 0.008836 0.050240 -0.144002 -0.057474 0.035912 0.029052 0.029353 0.100466 0.055020 0.012338 -0.004307 0.026065 -0.065356 0.064061 0.054885 -0.005100 0.136578 -0.090860 0.054551 -0.142688 0.043978 
-0.121083 0.031739 -0.086919 -0.084481 0.035425 0.097055 -0.034627 -0.011876 0.021003 -0.054580 0.065512 -0.072573 -0.025789 0.120868 0.055447 0.061777 -0.051770 0.045978 -0.006857 0.046874 -0.091308 -0.077002 0.064464 0.070364 0.019823 0.008158 0.005314 0.125424 0.129058 0.084084 -0.043507 -0.084292 
-0.041958 0.141489 -0.142514 0.031036 0.036578 -0.055568 0.090376 -0.068093 0.040081 0.056574 0.073388 0.207218 0.017858 -0.021425 -0.039554 0.027790 -0.104079 -0.054332 0.084663 -0.076005 -0.085201 -0.016242 0.081960 0.095418 -0.114062 0.037060 0.026517 0.122397 0.038126 -0.060811 -0.169504 -0.028346 
0.083155 -0.137022 -0.078662 0.093188 -0.028648 -0.074340 0.015919 -0.056463 0.023746 -0.034874 -0.097839 -0.110787 -0.093618 0.090652 0.033474 -0.095232 0.060135 -0.025552 0.022258 0.134668 -0.075577 0.022841 0.070188 -0.056231 -0.080518 -0.006168 -0.146682 -0.008888 -0.004196 -0.112838 -0.066656 0.037476 
-0.081247 -0.177062 -0.022436 0.087855 -0.090143 -0.058843 -0.147446 -0.116058 0.006518 -0.128289 -0.048026 -0.110061 0.057779 -0.102846 0.117069 -0.055485 0.054666 -0.084785 -0.026519 0.089211 0.058866 0.032182 0.050796 0.037087 0.113904 0.093209 -0.056099 0.046427 -0.002334 -0.005587 -0.066723 -0.052881 
0.040037 -0.119950 0.102128 0.021282 -0.115847 0.032985 0.028583 0.116938 0.112476 -0.084975 -0.021558 0.026302 -0.064156 -0.049681 -0.067857 -0.072567 0.047172 0.125722 0.037501 -0.049320 -0.018815 -0.012949 -0.164334 -0.046155 -0.073636 -0.062317 0.172418 -0.136296 -0.004425 -0.084685 -0.120020 -0.045336 
-0.014753 0.089965 0.107907 0.046274 0.061304 -0.010034 -0.005497 0.102184 0.119723 0.008002 -0.024939 -0.017375 0.003820 0.062053 -0.025593 -0.054011 0.123203 -0.073574 0.000389 -0.047185 0.173526 0.016902 0.000156 -0.054698 0.079772 -0.025177 -0.072686 0.004115 -0.116727 0.025823 -0.033807 0.081260 
0.004397 -0.066251 -0.038071 -0.128374 0.043469 -0.062304 0.102314 -0.023831 -0.105858 0.045051 -0.076604 0.049662 -0.089653 -0.011752 -0.115096 0.185377 0.085216 0.020811 0.018216 0.030547 -0.063610 -0.035176 0.062935 0.101253 -0.009836 0.080902 -0.028110 0.042503 -0.029040 0.059060 -0.060066 0.068285 
-0.034009 0.046782 0.100096 -0.089521 -0.158103 0.118182 0.006921 0.008340 0.001481 0.064767 0.008455 0.031090 0.024813 0.066991 0.021800 -0.038060 -0.019163 0.061023 -0.048751 0.018443 0.136794 0.064012 -0.063937 0.022366 0.072465 0.081156 -0.074561 -0.048740 -0.004192 0.048737 0.084686 0.091040 
-0.021309 0.141875 0.124086 0.069243 0.106080 0.007321 0.182778 -0.073690 0.124202 -0.015989 0.031476 -0.125657 -0.061260 0.047827 0.088893 0.009439 -0.179503 0.029882 0.062807 -0.163816 -0.038336 -0.061342 -0.015959 -0.081459 0.086097 0.008586 -0.003668 0.006279 -0.016184 -0.078574 -0.053077 0.032536 
0.105947 0.020693 -0.193987 0.037318 -0.107953 0.132834 0.049064 0.009247 -0.084706 0.056848 -0.036012 0.096595 -0.023138 0.133728 0.031960 0.050358 0.034263 0.100734 0.049732 0.133542 -0.095209 -0.135706 -0.100988 -0.070952 0.083492 -0.076890 0.033093 0.090594 -0.013825 -0.062076 -0.047555 -0.072271 
0.103673 -0.029731 0.038476 -0.159521 -0.098298 0.062468 0.034300 0.099362 0.017293 -0.059104 -0.026289 0.169286 -0.132233 -0.111713 -0.070840 0.081741 -0.041560 -0.048077 0.092610 -0.027606 -0.013709 0.048579 -0.085190 0.129599 -0.082656 -0.028815 -0.009814 0.088445 -0.066136 0.164073 0.049237 -0.096279 
-0.075674 0.078735 -0.099232 0.026320 0.010216 -0.094021 -0.051887 0.118289 -0.074905 -0.029901 0.090290 0.031032 0.014993 -0.032224 -0.140755 0.075903 -0.073238 0.067095 0.088770 -0.031733 -0.000850 -0.079844 -0.048308 0.091023 -0.094252 0.041254 -0.103460 0.005536 0.047584 0.061065 0.070781 -0.128105 
0.016197 0.071275 0.048218 0.080474 -0.061160 0.090117 0.050413 0.011096 -0.126572 0.108953 -0.090873 0.102324 0.063120 -0.094149 -0.030906 -0.082898 -0.053747 -0.087869 -0.031938 0.007583 -0.042056 0.104075 -0.029270 -0.000849 -0.000039 -0.070383 -0.113450 -0.118026 -0.106585 0.042317 -0.012096 0.013479 
0.068027 0.115321 0.022311 -0.096646 0.029335 0.040383 0.049177 -0.000716 -0.073710 0.085756 -0.019293 -0.058640 0.143102 0.055522 -0.090261 -0.104938 0.062180 0.006413 -0.007460 -0.101213 -0.051181 0.071162 0.023735 0.078482 -0.071071 0.036460 -0.147553 -0.036189 0.042373 -0.064619 0.116935 -0.049073 
-0.103704 0.076172 -0.029431 -0.001194 -0.015560 -0.135467 -0.028408 -0.002429 0.107436 0.104739 0.014798 0.096165 0.008776 -0.001253 0.042947 -0.064485 -0.071602 -0.015723 0.025496 -0.019104 -0.113789 0.043615 0.026338 -0.039155 -0.012828 0.007700 0.014716 -0.118289 0.145530 -0.070105 0.013852 0.047003 
-0.103130 0.081005 0.012940 -0.135963 0.081642 0.079220 -0.055383 0.073922 -0.025726 0.097302 0.029183 0.220697 -0.003328 -0.123715 -0.128641 0.110093 0.053192 -0.037020 -0.040219 0.019519 -0.015623 0.101793 0.020933 0.030736 -0.001099 -0.096484 0.013777 -0.030194 -0.061979 -0.064049 -0.020802 -0.043670 
-0.090026 0.049404 -0.028726 -0.144966 -0.031484 -0.099075 0.065883 -0.118774 -0.133611 -0.148276 0.125297 0.016121 -0.042911 0.107744 -0.068387 0.062495 -0.034827 0.063532 -0.045200 -0.020289 0.020660 0.046929 -0.159327 -0.100739 -0.120393 0.048397 0.007809 -0.036427 -0.091091 0.046341 0.068018 -0.057915 
-0.003998 -0.029578 -0.071598 -0.146733 0.025303 0.077804 -0.021067 0.027825 -0.182930 -0.133327 -0.062948 -0.038449 0.085276 0.009278 -0.069696 -0.074496 -0.055705 0.025418 -0.035474 -0.142534 -0.053529 0.025812 -0.114301 -0.014848 -0.036799 -0.038201 0.143331 -0.064707 -0.017460 0.008728 0.041363 0.058716 
-0.034148 0.050413 0.118787 0.189457 0.007501 -0.141954 -0.039259 0.060661 -0.030830 0.043000 -0.077071 -0.141512 -0.042299 0.103230 -0.054486 0.017240 -0.124107 0.044051 0.092050 0.009900 -0.020263 0.036185 -0.050549 0.099026 -0.009038 -0.147927 0.020178 -0.002502 0.072074 -0.110836 0.008310 -0.106871 
0.080838 -0.068834 0.082133 -0.013648 -0.031711 -0.083992 0.018235 -0.027811 0.042036 0.016621 -0.045512 0.014407 -0.070503 0.043066 0.040844 -0.035074 0.007322 -0.090236 0.044630 0.123900 0.117061 -0.073733 0.054351 -0.055797 -0.096876 -0.029466 -0.079636 0.114523 -0.041569 0.026395 0.062683 -0.004215 
0.108682 0.093857 0.067791 0.061174 0.069933 -0.089011 0.075155 0.007638 -0.027136 -0.037766 -0.039236 -0.041778 -0.070906 0.216798 0.063846 0.073892 -0.133455 0.046575 0.085851 -0.098035 0.106083 -0.043880 0.038398 0.182176 0.068505 0.015575 0.122583 -0.083686 -0.076070 0.144408 -0.091908 -0.084910 
0.094504 -0.151247 -0.071910 -0.028519 -0.055999 -0.096759 -0.146095 -0.039564 -0.111154 0.009605 -0.103426 0.044188 -0.036127 0.034227 0.074218 0.068582 0.085666 0.018256 0.049112 -0.003337 0.144137 -0.035483 -0.017325 0.023553 0.089285 -0.052314 0.106507 -0.108646 -0.083995 -0.061693 -0.101148 -0.087437 
-0.031698 0.008958 0.026593 0.093224 0.054024 0.030710 0.058110 0.017102 -0.011900 0.026898 0.090822 0.104545 -0.038237 0.098140 0.035164 0.136350 -0.087054 -0.047097 -0.074853 -0.086723 0.010616 0.062663 -0.050538 0.066185 0.088571 -0.099112 0.057872 -0.079422 -0.022546 0.068288 -0.071609 -0.018773 
-0.090510 0.060751 0.068502 0.025462 0.003752 0.116462 -0.089240 0.105857 0.012211 0.043169 0.040424 0.121538 -0.070324 -0.046562 0.024312 0.025406 0.110659 0.032537 0.094948 0.004373 0.101025 -0.034382 0.179615 0.037962 -0.065192 0.067353 0.010405 -0.064200 -0.061781 -0.095289 0.115169 0.044992 
0.065625 -0.016795 -0.084824 -0.026698 -0.028954 -0.004431 -0.032040 0.160630 0.116805 0.036231 0.062224 -0.229665 -0.050890 -0.059958 0.037446 -0.010454 -0.082058 0.044637 0.014130 0.079659 0.030203 -0.135197 -0.074068 0.068501 0.030789 -0.044553 -0.075752 -0.017185 -0.052385 0.131177 0.142161 -0.074623 
-0.033437 -0.044350 0.057427 -0.007047 0.096149 0.139486 -0.041963 -0.016392 0.132923 0.116278 0.026785 -0.041543 -0.082178 -0.066579 -0.075563 -0.048608 0.130030 -0.083553 -0.123907 0.028949 -0.061156 -0.015669 -0.029111 -0.181970 0.049652 -0.004423 -0.062487 0.080779 -0.017204 -0.020887 0.076768 0.046892 
-0.017178 0.015271 -0.043306 0.034230 -0.002815 0.038375 -0.077542 0.062060 0.048081 -0.133154 0.018810 -0.041580 -0.027632 0.044314 -0.057999 -0.082871 0.070228 -0.065887 0.113574 -0.071849 0.084399 -0.068393 -0.087264 -0.051542 -0.002579 -0.010499 0.084726 0.132837 -0.008759 0.155703 0.016218 -0.008626 
0.027726 0.080494 0.041386 0.075800 0.027253 0.200763 -0.053050 -0.214923 -0.123341 -0.070443 -0.130377 0.110462 0.024039 -0.119289 0.065922 0.038689 0.052720 0.022069 -0.072707 -0.060120 0.050266 0.024079 -0.005002 -0.096022 0.151453 -0.023237 -0.092968 0.027491 -0.045257 0.117549 0.026774 0.029113 
0.104470 -0.034568 0.063892 0.060635 -0.057820 -0.077687 0.001178 -0.043510 -0.030655 0.125326 0.109816 0.198735 -0.072815 0.061374 -0.038589 0.073125 -0.017931 0.062577 0.103598 -0.091606 0.045708 -0.049415 0.036223 -0.058929 0.059017 0.040407 0.057986 0.082595 0.023390 0.015131 0.061336 0.005567 
-0.097351 -0.028043 -0.087406 -0.087746 -0.007394 0.085140 0.075539 0.018306 0.059647 0.125347 -0.015546 0.123053 -0.018499 0.021011 0.021159 0.099014 0.122321 -0.047610 0.038276 -0.001578 0.053234 0.012304 0.034012 -0.148654 -0.071486 0.073461 -0.105975 0.122793 -0.065481 0.110135 -0.078331 -0.053352 
-0.059483 0.005810 0.092135 0.048158 -0.046544 0.023711 -0.054093 0.027608 0.032839 0.159928 -0.028891 -0.004797 0.074593 0.135392 0.112794 0.132780 -0.055030 0.078675 -0.113376 0.044290 -0.008054 0.107598 0.180011 0.032273 0.010212 -0.111975 -0.060285 -0.009470 0.095446 0.062762 0.047366 -0.123948 
-0.072209 -0.062577 0.076114 -0.054984 -0.166098 0.094106 -0.128497 0.026093 0.060763 0.000463 0.067236 -0.017796 0.025182 0.090772 -0.020656 0.062952 0.101816 -0.025374 0.002604 -0.096975 -0.056573 0.010021 -0.016220 -0.007796 0.074355 0.049476 -0.017963 -0.033093 0.000167 -0.092749 0.049819 0.067598 
0.068768 -0.061738 0.059811 -0.006890 -0.120233 -0.099427 -0.008950 -0.193457 -0.041792 -0.031554 0.022897 0.083300 -0.121461 0.064349 -0.121934 -0.015855 0.032051 0.106253 -0.187446 0.034876 0.034062 0.030559 -0.069726 -0.042272 0.031777 0.012514 0.064178 -0.105917 0.061813 0.039878 -0.006933 0.007306 
0.055129 0.021896 -0.064664 0.111560 0.009838 0.103482 -0.117769 -0.086453 -0.102392 0.010438 0.005640 -0.045023 0.009683 0.099235 0.009239 -0.114061 0.105006 -0.006349 -0.012621 0.012791 -0.047503 -0.076957 0.047252 0.021627 0.026978 0.021856 0.043454 -0.018448 -0.131002 0.049553 -0.001166 0.134311 
-0.071446 0.042658 0.119227 0.113711 -0.006623 0.070998 -0.067838 0.074918 -0.025007 0.105299 -0.064569 -0.141845 0.073870 0.123250 -0.069427 -0.012407 0.001499 0.012121 -0.129000 0.047138 0.105690 0.079908 0.003907 -0.009131 -0.052430 -0.104218 0.077956 -0.089939 0.013592 -0.003472 -0.101381 0.155071 
-0.025430 0.067271 0.077370 -0.156213 0.037786 0.128416 -0.152874 -0.092287 0.036255 -0.004309 -0.032810 0.133880 -0.063885 -0.076187 -0.073554 0.054607 -0.015179 -0.059820 -0.068808 0.139509 0.145904 0.054150 0.007315 -0.077056 0.075479 -0.063891 -0.031352 -0.002308 0.008138 0.008549 0.022958 -0.113135 
0.009414 -0.152213 -0.044179 -0.076680 -0.161690 -0.086433 -0.079958 0.173066 0.022768 -0.046079 0.037941 -0.011140 0.047796 0.085547 0.007319 0.013819 -0.077202 0.093681 0.132801 -0.098353 -0.030264 -0.053385 -0.124133 -0.074004 0.002680 0.007505 0.127487 -0.089964 -0.090297 -0.122138 0.053603 0.080518 
-0.059239 0.092796 0.114478 0.017933 0.143848 -0.096227 0.066687 0.070504 0.013188 -0.078035 0.041024 -0.004650 0.105331 -0.069818 0.004031 0.078280 0.050010 -0.050516 0.064793 -0.086271 0.034182 -0.072142 0.022589 -0.024443 0.049730 -0.108770 0.077059 -0.155036 0.017677 -0.139459 0.151551 0.063556 
0.134019 0.036779 -0.037079 0.119570 -0.136167 0.112516 0.027102 0.009069 0.064450 -0.084123 -0.074637 0.085915 -0.068130 0.037390 0.011476 -0.056195 -0.085580 0.007334 0.019181 0.076996 0.033840 -0.081192 -0.039034 0.053139 -0.014099 0.089499 0.057249 0.066938 -0.090463 0.044974 0.055429 -0.035286 
0.075445 -0.103573 -0.006604 0.004377 -0.150253 0.044126 -0.103728 -0.039929 -0.063527 0.037888 0.063444 0.054418 -0.121876 -0.038053 0.025621 -0.018768 0.004310 -0.014878 -0.106398 0.139622 0.060513 -0.042441 -0.011308 0.101590 -0.057714 -0.020643 0.070207 0.001525 -0.173746 0.044869 0.052525 0.013858 
0.042447 0.085677 -0.000346 0.056895 0.059836 0.032829 0.065316 0.068486 -0.003152 0.057648 -0.084599 -0.035388 -0.066348 0.093934 0.068944 -0.087484 -0.072158 0.004790 -0.051906 0.009661 0.072122 0.091425 -0.005534 -0.134608 -0.046826 -0.073861 0.077576 -0.084347 0.083579 -0.052134 0.095579 -0.031185 
-0.030516 -0.136981 -0.065026 -0.003377 0.029108 0.040768 0.091232 -0.067115 -0.074376 -0.040336 0.023537 -0.001968 -0.077262 -0.039423 0.051092 -0.070716 0.057724 -0.058964 0.131114 0.015102 -0.124267 -0.026650 0.065982 0.032104 0.034334 -0.079337 0.068468 -0.086461 0.015517 -0.055301 0.183495 -0.204520 
0.068555 0.081799 -0.113724 -0.100390 -0.017590 -0.118237 -0.026215 0.055812 -0.124735 0.100734 -0.043375 0.140472 -0.162850 -0.131275 0.030792 0.188050 0.005726 0.049438 -0.111147 0.005699 -0.049150 -0.039609 -0.138623 0.030204 0.026845 0.026434 -0.092952 -0.048962 -0.035489 0.109660 -0.082668 -0.058177 
-0.138035 0.112858 0.135956 -0.030594 0.056721 -0.208630 -0.033049 0.177552 
-0.082064 0.133693 -0.149345 -0.298109 0.167961 0.202208 0.178538 -0.240256 
0.087100 -0.022080 0.013962 0.106704 0.226728 0.108122 -0.197414 -0.056053 
0.070010 0.176254 0.195569 0.266607 0.190341 -0.136367 0.195527 -0.042866 
0.209424 -0.052510 -0.104674 -0.318152 -0.102897 0.260370 0.152032 -0.193097 
0.068716 -0.200047 0.099834 0.064681 -0.163333 0.078800 0.183691 0.161831 
0.145809 0.160774 -0.094699 -0.243700 -0.023222 0.146763 0.111989 -0.135632 
-0.072335 -0.078331 -0.177490 0.077922 -0.115673 -0.118181 -0.223607 -0.263423 
0.069392 -0.043586 -0.105146 0.436081 0.145068 0.064173 0.064519 -0.001646 
-0.207340 -0.284400 0.298303 0.040208 0.108706 0.222280 -0.088567 -0.008155 
0.042919 -0.123243 -0.093027 -0.130410 -0.287051 -0.131102 -0.025986 -0.089310 
-0.032018 -0.137858 0.218206 -0.171692 -0.091715 0.159755 -0.204330 0.291074 
0.160619 -0.040413 0.033158 0.025385 0.015317 -0.007440 0.157553 -0.117105 
0.008492 0.216094 0.168932 0.024745 0.102321 -0.077664 0.246918 -0.289685 
0.149591 0.078012 -0.202835 0.051990 0.108373 0.146965 0.103223 0.010545 
-0.234336 0.215614 0.082592 -0.039695 0.206963 0.075896 -0.163834 -0.050222 
-0.143567 -0.217773 0.113021 0.170982 -0.015978 0.114433 -0.121416 0.047937 
0.028392 0.187732 -0.016334 -0.157230 -0.019452 -0.125532 -0.048417 0.004939 
-0.012661 0.054583 0.040299 0.043946 -0.286402 -0.272060 0.050038 -0.148487 
-0.206148 -0.025666 0.072922 0.190484 -0.000992 0.021805 -0.083376 0.040118 
-0.199104 -0.204691 -0.024827 0.163168 0.262093 -0.028864 -0.160886 -0.062615 
0.030322 -0.058911 0.021125 0.032384 0.127874 0.191633 -0.013376 0.039179 
0.047328 -0.228069 0.198364 -0.052226 -0.110006 0.248070 0.148070 -0.144879 
-0.308613 -0.032594 0.228065 -0.019676 -0.108118 -0.229181 0.019962 -0.161158 
-0.049334 -0.036836 0.161223 0.010701 0.108325 0.013949 0.163953 0.049569 
-0.266019 -0.056795 -0.150819 0.149439 -0.075654 0.019669 0.092135 0.096961 
0.170343 0.151568 -0.072508 -0.147216 0.077342 -0.211923 -0.149693 0.048222 
-0.187411 0.005244 -0.028050 0.114919 -0.107007 -0.083375 0.208372 0.195151 
0.037320 0.060681 -0.175848 -0.120198 -0.026584 0.037222 0.167845 -0.059643 
-0.355856 -0.064974 -0.106552 0.010575 0.297303 -0.072524 0.181595 0.170919 
0.241680 -0.198665 0.051618 -0.001608 -0.214649 -0.031776 -0.015750 -0.049789 
-0.092843 -0.040104 -0.119507 0.189839 0.234981 0.028634 0.006945 0.058184 
0.327901 -0.398457 0.259623 -0.131836 -0.254482 -0.101962 0.471547 -0.318188 0.000904 -0.493820 -0.005805 -0.591957 -0.466810 -0.131772 -0.469759 -0.341085 -0.282062 0.469943 -0.214830 0.059204 -0.322532 0.383532 -0.272582 -0.153913 -0.051608 -0.141547 0.353791 -0.134074 -0.171679 0.026242 0.460605 -0.321458 -0.048415 0.198500 0.336402 0.118838 -0.186792 -0.051805 0.164082 
0.228911 -0.195922 0.354005 0.336050 0.066258 -0.362270 0.264957 0.389871 0.297671 0.197979 -0.233007 -0.284485 0.204424 -0.204000 -0.018718 -0.388029 0.365040 0.354437 0.328122 -0.099803 -0.084141 -0.330321 -0.337760 0.171129 -0.427248 -0.131762 -0.004982 -0.459368 0.327637 0.314060 -0.185958 -0.154252 -0.343603 0.025463 0.285368 0.055714 0.182730 0.223944 0.139581 
0.361136 0.488551 -0.453680 -0.526349 -0.057524 -0.329894 -0.035551 0.321155 -0.279051 -0.171265 0.253671 0.167934 0.462759 0.591317 0.205945 -0.176701 0.679029 -0.336463 0.326426 0.518628 0.189438 -0.083465 -0.222219 -0.310729 0.497910 0.041101 -0.067453 0.318045 0.083148 -0.166684 -0.056736 -0.292448 0.216260 0.212551 -0.191815 0.104725 -0.043852 0.004616 -0.147803 
-0.284869 -0.064929 0.601360 0.039576 -0.646111 0.476109 -0.017919 -0.050211 0.420239 0.187416 -0.447157 0.123694 0.100584 0.209880 0.619689 0.482479 -0.098524 -0.065927 -0.401200 -0.239269 0.206717 0.398162 0.372705 0.216656 0.386646 -0.270891 -0.256109 0.338043 -0.484630 -0.257442 -0.298076 -0.293643 0.366223 0.051225 -0.082416 -0.149630 0.109596 -0.008817 -0.137362 
0.242079 -0.365953 0.005210 -0.073616 -0.071435 0.083706 0.169176 0.308001 -0.143063 0.408391 -0.454143 0.273250 -0.213861 0.222504 -0.168337 -0.360624 0.284681 0.234777 -0.043423 -0.090164 0.582487 0.553528 0.242802 -0.224459 -0.273481 0.291493 -0.235151 -0.153447 -0.059274 0.451653 -0.259223 -0.076842 0.221590 0.038829 -0.021818 0.139757 -0.254931 0.017321 0.044594 
-0.054617 -0.181871 -0.047680 -0.452756 0.204313 -0.208307 0.163946 -0.469235 -0.521290 -0.184192 0.466284 0.266172 -0.401042 0.182350 -0.489687 -0.263090 -0.198182 -0.375407 0.285790 0.069779 0.177879 0.334300 0.188382 -0.264775 0.007019 0.679589 -0.244758 0.020382 -0.376812 0.265166 0.364571 0.151463 -0.117905 0.136203 -0.061582 0.130998 0.031709 -0.124733 0.221569 
0.514436 0.034607 0.288872 -0.280202 0.625601 0.075613 0.349160 -0.438036 0.292771 0.075963 -0.410589 -0.497524 0.091112 0.155837 0.282288 0.359596 -0.255954 0.160174 0.592103 0.200492 0.279341 0.058638 -0.153133 -0.156374 0.125639 0.139367 -0.218727 -0.006013 -0.343185 -0.054575 -0.257738 0.450405 -0.176294 -0.111288 -0.152783 0.150871 -0.108873 -0.064862 0.129022 
-0.029235 0.625442 -0.487098 0.105882 0.045228 0.511773 -0.146236 -0.088357 -0.288031 -0.507934 0.191651 0.482874 -0.372492 -0.433333 -0.011733 0.355029 0.688819 -0.467424 0.265597 -0.431953 -0.310544 -0.109212 0.156748 -0.205240 0.084251 0.390693 0.128201 -0.380351 0.341254 0.308325 -0.189958 -0.392001 0.415531 0.003334 -0.029855 -0.156140 0.124186 -0.058886 0.372254 
-0.028172 -0.138317 -0.047583 -0.034982 -0.171655 -0.136180 -0.192959 0.148170 -0.147779 -0.197601 0.095695 0.009078 -0.043038 -0.160431 -0.201374 0.218579 -0.079327 -0.191218 -0.022230 0.030858 0.135373 -0.146854 -0.261130 0.207379 -0.281807 0.058424 -0.076395 0.087617 -0.264122 -0.006055 -0.152319 0.108784 0.074526 -0.014188 -0.115099 0.113593 0.144684 0.145656 0.022359 0.035305 0.013411 -0.147323 -0.138407 0.077826 -0.122685 -0.089495 -0.008086 0.142591 -0.026098 0.096613 0.007387 -0.102654 0.007002 0.100771 0.109950 -0.141323 -0.127289 -0.016206 0.138603 -0.015811 0.255780 -0.066510 -0.064837 -0.001516 
-0.094643 -0.178766 -0.158534 -0.075038 0.247593 0.334659 -0.130354 0.181486 0.146016 -0.029627 0.281253 -0.115649 0.066667 -0.143743 0.223099 -0.231072 0.169361 0.155331 -0.057935 -0.102341 -0.263982 -0.122275 -0.187325 -0.007785 -0.143482 0.297611 0.025716 -0.095876 0.152269 0.191850 -0.123317 -0.092861 -0.043962 0.043871 0.086354 -0.204563 -0.173580 0.199119 0.130467 -0.006274 0.095634 0.158960 0.043362 0.218097 0.224662 -0.065489 -0.077543 0.070517 -0.062768 -0.143261 -0.132432 -0.254708 -0.037913 0.096626 0.185783 0.362749 0.266390 0.013574 0.004459 0.143732 -0.082494 -0.203229 -0.111817 -0.076285 
0.119109 -0.081960 0.053392 -0.005086 0.081250 -0.181125 0.077329 -0.220110 0.258938 -0.206601 -0.267710 0.058735 0.049520 -0.104004 -0.136761 0.235594 -0.061474 -0.280672 0.001863 0.042673 0.477195 -0.264745 0.090120 0.125702 0.118227 -0.336002 0.166658 -0.030420 0.075830 0.007060 0.028442 -0.001430 0.127518 -0.127058 -0.074063 0.183519 0.114479 0.219396 -0.006511 0.042989 -0.296146 0.106821 0.020757 0.099434 -0.188937 0.125280 0.075775 0.147664 0.083926 0.195204 0.107258 0.114609 0.227232 0.246322 -0.151036 -0.238716 -0.357995 0.150986 -0.009586 -0.029163 0.029179 -0.065947 0.016525 0.131190 
0.015473 -0.209632 -0.058787 -0.094988 0.159095 -0.073614 0.318461 0.175415 0.000413 -0.066625 0.047260 -0.049842 0.227873 -0.118582 0.106771 0.017871 -0.087755 -0.030391 0.135782 -0.083362 -0.001408 0.084672 0.068334 -0.078004 0.277121 -0.206923 0.207561 0.007657 0.016318 -0.035109 0.122018 0.156278 -0.123867 -0.105418 -0.143117 -0.120188 -0.098022 -0.167902 -0.218030 -0.023204 -0.047218 0.062168 0.122867 -0.100657 -0.083488 0.138459 0.200490 0.036307 0.306059 -0.113864 0.033495 -0.189743 -0.161764 -0.033609 -0.086219 0.094568 -0.068831 0.108047 -0.334010 0.111513 -0.051426 -0.196644 0.131777 0.038165 
-0.079393 -0.076357 0.266364 -0.125275 -0.152168 -0.239919 -0.109961 0.194137 0.244576 -0.214875 0.309443 -0.083834 0.055411 0.117436 0.117917 0.016351 -0.218722 0.043751 0.158394 -0.055824 -0.119711 -0.183567 -0.229345 0.020322 -0.315356 0.142703 -0.154333 -0.005742 -0.037413 -0.071441 -0.266232 0.100033 -0.124159 -0.060646 -0.081773 0.048015 0.003349 0.247367 -0.067871 -0.223597 0.171353 -0.113497 -0.072798 0.124480 -0.170241 -0.154445 -0.031013 0.160471 0.048944 -0.204369 -0.313767 -0.151351 -0.101493 -0.094676 -0.081473 -0.140678 0.166777 0.015251 -0.038215 -0.051946 0.310520 0.044772 0.309305 -0.298747 
0.118338 0.029688 0.091525 0.239920 0.042209 -0.076763 -0.200168 -0.096796 0.000555 0.044779 -0.226870 0.104570 0.127191 -0.092712 0.015020 -0.322271 -0.041847 -0.012518 -0.138461 0.064269 0.011782 0.072798 0.081525 -0.207391 0.158524 -0.124693 -0.063080 -0.076483 0.145600 0.032200 0.120288 -0.088204 0.177317 -0.037096 -0.060284 -0.032013 -0.039732 -0.075097 0.202588 0.243178 0.204336 0.210637 0.086092 -0.137111 0.037511 -0.256157 -0.108906 0.214977 -0.056169 -0.003529 0.075553 -0.195975 0.002211 -0.133536 -0.083454 0.163966 -0.074150 -0.045269 -0.070845 -0.189573 -0.249362 0.037008 -0.042754 -0.186752 
-0.073402 0.164401 0.005213 0.057982 -0.117997 -0.074741 -0.000279 -0.197692 0.004822 -0.125441 -0.081394 0.134702 -0.066228 0.052451 0.016436 0.133881 -0.132174 -0.152972 0.081676 -0.195216 0.070982 -0.083260 0.073361 0.115558 -0.173517 -0.187917 0.074419 -0.094273 -0.186172 -0.029151 -0.099113 -0.016001 0.004865 0.087351 -0.153890 0.114586 -0.041445 0.146105 0.050577 0.056672 -0.206165 -0.176436 0.042961 -0.005484 0.071937 -0.110365 -0.071219 0.194037 -0.065227 -0.035641 -0.078974 0.090117 0.093601 0.170275 -0.091279 -0.090652 -0.272517 -0.105768 0.110162 -0.116350 0.063806 0.193691 0.055724 0.216939 
0.045797 -0.060201 -0.000684 0.212986 -0.019119 -0.031286 0.089785 -0.048512 -0.096884 -0.093991 0.163608 -0.136833 0.005650 -0.205404 -0.203095 0.201383 -0.029273 -0.105074 0.037666 0.156045 0.198309 0.094486 -0.116498 0.231339 0.300275 -0.096677 -0.008154 0.019328 -0.309092 0.120951 -0.066407 0.095317 -0.066997 0.237175 0.157535 -0.027465 -0.157934 -0.139422 -0.209123 -0.046877 -0.018441 0.085955 0.124921 0.217726 0.191187 0.263853 0.124685 -0.274289 0.262023 -0.012108 0.311263 0.177948 -0.141249 -0.156844 0.225779 0.255181 -0.036999 -0.241990 -0.121476 0.056689 0.154469 0.102586 -0.214332 -0.239457 
0.054141 0.156055 0.006816 0.252111 -0.072416 0.037115 0.052828 0.059621 0.134923 -0.162214 0.023195 -0.051216 -0.148804 -0.014770 0.039883 -0.096061 0.049957 0.072828 0.350138 0.119927 0.448429 0.032113 0.129460 0.016679 -0.081654 -0.271554 0.300826 0.287651 0.198847 -0.154671 0.050622 0.061357 -0.130598 0.014175 -0.048654 0.014017 -0.063114 0.190873 -0.268787 0.147879 0.089839 0.114682 0.111769 0.175383 -0.067129 -0.072994 0.180006 -0.008520 0.149081 0.201565 0.268592 0.035090 0.183569 0.164943 -0.158568 0.035741 -0.305207 -0.192755 -0.070757 0.159942 -0.195986 -0.020055 -0.158474 -0.113952 
-0.083857 0.062138 -0.006191 0.035853 -0.123608 -0.065975 -0.111717 -0.220961 0.061747 0.052445 -0.108558 -0.025244 0.118142 -0.275862 0.100708 0.091071 0.097392 0.172677 0.024662 0.144432 0.240869 0.104765 0.097466 0.216197 0.243652 -0.030670 0.184428 -0.031043 0.124354 -0.087238 -0.139619 -0.171858 0.059619 0.317609 0.056182 -0.084407 0.115776 0.107890 -0.207887 -0.220934 -0.008245 -0.133428 0.267721 -0.005287 -0.105382 0.214880 -0.131445 -0.091312 0.069069 0.226518 0.360875 0.047724 0.010736 0.025539 -0.168691 -0.174988 0.125386 -0.023596 -0.079695 0.259627 0.210125 0.070827 -0.243818 -0.061874 
0.007675 0.005918 0.034584 -0.223267 -0.008679 0.167029 -0.045613 0.248625 -0.243290 -0.068427 0.071335 -0.016159 0.111152 0.155418 0.103476 0.068461 0.031620 0.059481 -0.162535 0.109907 -0.388488 -0.055674 -0.123821 -0.196461 -0.169237 0.175369 -0.232071 -0.239688 -0.077497 -0.193955 0.074906 0.148923 -0.020527 -0.183982 -0.127031 0.049512 0.094343 -0.139626 0.188448 0.164001 0.029563 -0.054393 -0.168302 -0.020642 0.109143 0.154550 -0.136993 -0.225962 0.011547 -0.222367 -0.371148 0.052347 -0.024822 -0.153494 0.232119 0.204226 0.309300 0.295937 0.157297 -0.144346 -0.138425 0.016232 0.260246 0.053914 
0.042997 -0.247437 -0.034077 0.042757 0.090969 0.195077 -0.131498 -0.221132 0.031401 0.242857 -0.029860 -0.020799 0.195472 -0.104788 0.118210 -0.338925 0.190152 0.153974 -0.402781 0.075171 -0.422098 0.465038 -0.038063 0.133484 0.254798 0.308527 -0.006533 -0.383914 -0.022847 0.358574 0.132136 -0.390477 -0.005590 0.092346 0.102957 0.017396 -0.021331 -0.223492 0.198068 0.095246 0.121018 -0.032884 0.199126 -0.280936 0.239325 -0.069370 -0.059619 -0.043483 -0.059383 0.058368 0.115758 -0.031453 -0.158557 0.094629 0.011314 0.207875 0.240616 -0.150937 0.048862 -0.122501 -0.035610 -0.232782 -0.118154 0.029683 
-0.002428 0.100690 -0.209885 -0.000653 -0.056057 0.066049 0.091455 -0.048493 0.125915 0.032352 0.130749 -0.127144 -0.064953 0.100707 -0.184624 0.251796 -0.009746 0.203042 0.141043 0.182190 0.110261 -0.267498 -0.236469 0.063236 -0.028544 0.102524 0.126602 0.326502 -0.069160 0.182122 -0.157840 -0.116775 0.197191 0.103263 0.028559 -0.136376 -0.063336 -0.073062 -0.070947 -0.156148 0.153371 0.169109 0.242880 0.107080 0.143281 0.137875 0.014467 -0.126078 0.061976 0.263358 -0.112338 -0.144793 0.274913 -0.124214 0.099403 0.014463 0.196995 -0.130140 -0.102139 0.141017 -0.097525 0.094538 -0.082937 -0.280562 
-0.130274 0.135399 -0.191270 0.027880 -0.140102 0.122353 -0.087342 -0.199193 0.033845 -0.022741 0.112930 -0.124096 -0.229712 0.140596 0.053376 0.174940 0.204047 0.105435 -0.323516 0.191778 -0.172152 0.174244 0.059401 0.252518 -0.219834 0.246171 -0.117332 0.031934 0.040874 0.158259 -0.130006 0.070852 0.241347 0.148455 0.092583 0.253047 -0.022998 0.000592 0.225008 -0.147628 -0.115726 0.051549 0.061534 0.046480 -0.003379 -0.051425 0.014473 -0.102053 -0.200266 0.188699 -0.112113 0.049529 0.164649 0.059611 -0.100270 0.137337 0.091132 0.113571 0.120823 0.274911 0.102144 0.113156 0.135008 0.099949 
0.078828 -0.081804 -0.164856 0.348186 0.231149 -0.024561 0.080559 -0.281501 0.105964 0.012560 0.133482 -0.230298 0.163197 -0.122548 0.113732 -0.123908 -0.113540 0.281710 0.100959 0.154711 0.095197 0.081986 -0.131963 0.066907 0.024276 0.130625 0.108069 0.104714 -0.125852 0.084939 0.099663 0.098936 0.256323 -0.021118 0.189971 0.080494 0.035240 0.090265 0.120567 0.092685 0.046359 0.110147 0.340672 -0.008176 0.174621 -0.071515 -0.080679 0.091636 -0.029685 0.352416 0.111041 -0.270979 0.177095 -0.222775 0.201431 0.114755 0.136004 -0.039889 -0.193080 0.033322 -0.246822 0.047951 -0.307138 -0.261481 
0.022319 0.142063 -0.192547 0.269503 0.111710 0.105950 -0.065674 0.034872 -0.036645 -0.037864 -0.132079 -0.249448 0.191920 -0.021016 0.208502 -0.146059 -0.019171 0.020381 0.059411 0.028537 -0.102775 -0.050560 -0.214815 -0.287411 -0.227972 -0.062744 -0.128199 -0.016712 -0.115325 -0.000665 0.083089 -0.117580 -0.042766 0.022473 -0.113577 0.060385 0.036406 0.040110 0.117424 0.232601 0.254442 0.183284 0.260479 0.080568 -0.017994 -0.111168 -0.175529 0.211478 0.103729 0.100900 -0.091419 -0.183126 -0.214984 -0.049822 -0.040593 -0.107612 0.109398 -0.011685 0.005085 0.070571 -0.344995 -0.227667 -0.238514 -0.201195 
-0.048482 -0.359977 -0.174499 0.025248 0.133100 0.342166 -0.175230 0.144752 -0.092912 -0.104503 0.053130 0.144023 0.176871 -0.063093 -0.036403 0.027608 -0.074664 0.123801 -0.255748 -0.072072 -0.168371 0.149340 -0.147140 0.179138 -0.105915 0.264174 -0.063135 -0.109895 -0.255827 0.163271 -0.001426 -0.256313 0.189541 0.141005 0.096902 -0.117336 -0.236406 0.186527 -0.087637 0.104898 0.320436 0.135301 -0.002886 0.217226 0.119817 -0.123783 0.183899 -0.046556 -0.104219 0.169503 0.204550 -0.169314 -0.000628 -0.179670 0.234293 0.410737 -0.112967 -0.155381 0.179344 -0.036761 0.220947 0.015801 -0.139477 -0.007259 
-0.192878 0.167639 -0.087206 0.009513 -0.053695 -0.231445 -0.015166 0.069370 0.134199 0.012363 -0.087203 -0.067569 0.169794 -0.044314 -0.088317 0.335456 -0.182454 -0.172343 0.007600 -0.039224 0.345338 -0.262590 -0.034640 0.128142 0.047166 -0.279060 0.326715 0.131277 0.113398 -0.141334 -0.125001 0.281734 -0.127208 -0.139710 -0.092503 0.193891 0.026206 0.108047 -0.104914 -0.181565 -0.308157 -0.170763 -0.083838 -0.075649 -0.048279 0.264906 -0.087012 0.183156 -0.045739 -0.079692 0.232505 0.166613 0.039193 -0.094548 -0.099339 -0.062888 -0.282428 -0.053980 -0.074585 -0.104473 0.088084 0.118674 -0.143008 0.193054 
-0.040662 -0.056168 0.212401 -0.363376 -0.004502 -0.041198 -0.189062 0.232588 0.183877 -0.130762 0.319879 -0.014883 -0.173363 0.107725 -0.077243 0.021180 -0.217721 0.182559 -0.067603 -0.018018 -0.250774 0.056876 -0.132715 0.141708 -0.328460 0.306516 0.019733 0.173865 -0.076363 0.197013 -0.114385 -0.167498 -0.071261 0.075634 -0.251182 -0.137145 -0.046892 0.092974 0.136552 0.022773 0.111127 0.056431 -0.109097 0.015847 0.026277 0.047717 0.142507 0.236504 0.115617 -0.184347 -0.167464 0.096344 0.244765 0.190266 -0.118839 0.146258 0.182096 0.215308 0.118841 0.011449 0.421858 0.016327 0.110382 -0.113204 
0.078081 0.020370 -0.106445 -0.224847 0.125056 -0.106234 -0.240934 0.117031 -0.129132 -0.110659 0.291202 0.044886 -0.273153 0.102240 0.054797 0.216926 0.151763 -0.055486 0.006495 0.105058 -0.155714 0.060365 0.053434 0.259892 0.005745 0.087617 -0.145512 0.228007 0.093412 -0.002943 -0.332876 0.088104 -0.086925 -0.060022 0.067663 0.216112 0.047951 0.139303 0.068557 -0.028043 -0.135262 0.046863 0.010966 0.061259 -0.065772 -0.070258 -0.006227 -0.112260 -0.008025 -0.143310 -0.012444 0.089371 0.285816 0.071860 0.038230 0.093702 0.273667 0.200244 0.112143 0.198712 0.030800 0.070989 0.084040 0.036573 
0.228559 -0.007716 -0.062023 0.066087 -0.193631 -0.291576 -0.351277 -0.224380 0.036110 -0.013896 0.160560 -0.283515 0.015916 -0.152886 -0.037917 -0.033566 -0.141061 -0.061153 -0.280780 -0.072588 0.059214 0.082992 0.131165 0.106138 -0.025827 0.172148 -0.026073 0.174238 -0.185207 0.217093 -0.060725 -0.164456 -0.083527 0.231747 0.080842 -0.039387 0.268985 0.006493 0.053839 0.008786 -0.087782 -0.107959 0.149939 -0.141228 -0.110713 0.137187 -0.146126 -0.042745 -0.231764 0.147819 0.218159 0.231476 -0.126383 -0.060462 0.047379 -0.033354 -0.061216 -0.149553 0.156945 0.068046 -0.023104 -0.129202 -0.074923 -0.089824 
0.344806 0.314841 0.085496 0.208167 0.017719 -0.334009 -0.153093 -0.145125 -0.043384 -0.121659 0.015658 0.061146 0.190243 -0.087271 -0.013670 -0.139617 0.072580 0.089500 -0.238108 0.113339 -0.028199 0.138644 -0.035170 -0.080759 -0.119096 -0.167784 0.037084 -0.197311 -0.182935 -0.113186 0.239485 0.137681 -0.142394 -0.011588 0.061570 0.060108 0.250154 -0.308564 0.070851 -0.074492 -0.217606 -0.137266 0.257978 -0.250369 -0.090881 -0.130677 -0.273052 -0.170383 -0.224429 0.053843 0.358026 0.151308 -0.216029 -0.095191 -0.096466 -0.331883 -0.059638 -0.169985 0.114895 -0.032305 -0.174115 -0.102112 -0.061327 -0.089515 
0.059692 -0.119700 0.100903 -0.051802 -0.119732 0.013684 -0.096945 -0.161296 0.105248 0.059743 -0.160117 -0.149969 0.124892 -0.136150 -0.025568 -0.366919 0.032580 -0.090094 -0.061651 0.119743 -0.094873 0.392387 0.266685 0.097534 -0.041720 -0.073368 -0.114257 -0.231796 0.095405 0.163946 -0.019264 -0.315114 0.097617 0.018130 -0.038855 0.182570 0.030401 0.037274 -0.066201 -0.014243 0.044500 -0.032156 -0.027758 -0.316942 0.107841 0.030133 -0.206704 -0.011782 0.038171 0.100817 0.177741 -0.061597 -0.022916 0.067137 -0.194882 0.158048 0.164849 -0.114810 0.210224 -0.138143 -0.148098 -0.122866 -0.109849 0.180296 
0.090145 0.019896 0.049364 0.000169 -0.012614 0.158666 0.109307 0.010402 0.039615 0.135887 0.021101 -0.224620 0.032811 0.048258 -0.078173 -0.060736 0.056844 -0.052462 0.184911 0.015655 0.257477 0.097864 -0.012044 0.087309 0.097691 -0.200256 0.272711 0.038262 0.118661 -0.135969 -0.109894 -0.078648 0.042427 -0.102733 0.028389 0.212258 -0.157263 -0.183826 -0.063295 -0.015144 0.128638 -0.071489 0.080894 -0.075950 -0.132695 0.150268 0.103235 0.098876 0.208723 -0.007239 -0.113034 0.064501 -0.087792 -0.035718 -0.047315 -0.040928 -0.053664 -0.106486 -0.009061 -0.143393 -0.102696 -0.164720 -0.135113 -0.140919 
-0.032961 0.129995 -0.242057 0.068023 0.234235 0.172884 -0.020841 0.025094 -0.108061 -0.087634 -0.068327 -0.231195 -0.265063 -0.178246 0.124957 0.047784 0.069726 0.157992 -0.037306 0.161585 -0.197005 -0.007928 -0.025723 0.051227 -0.065700 -0.027873 -0.040822 -0.123184 0.061830 -0.091731 -0.171099 -0.025090 0.318355 -0.065941 -0.095060 0.179287 -0.145943 -0.124694 0.150703 -0.001845 0.093142 0.229496 0.039479 -0.021283 0.204263 -0.270570 -0.010408 -0.000779 -0.249718 -0.015207 -0.254784 -0.150668 0.076923 -0.011896 0.100219 -0.029677 0.093557 0.053296 0.067177 0.135955 -0.060511 -0.065235 -0.004652 0.122569 
0.141634 0.099361 0.083917 -0.317544 0.067708 -0.166967 -0.188504 -0.005679 0.119775 0.053932 0.178116 0.149267 0.097426 -0.043815 -0.096293 -0.009151 0.029966 -0.157177 -0.312244 -0.094924 -0.304957 0.294388 -0.051458 0.045501 -0.073399 0.227406 -0.208817 -0.228808 -0.118881 0.201770 0.181455 -0.197469 0.012407 -0.009650 -0.166618 -0.016874 0.052398 -0.011407 0.276738 -0.057240 -0.062403 0.089579 -0.231242 0.102145 -0.081608 -0.193322 0.045215 -0.122201 -0.125648 0.066059 -0.141192 0.097487 0.057820 0.076796 -0.064242 0.003461 0.092785 0.123520 0.231780 0.042557 0.245125 0.091347 0.287293 -0.023504 
-0.143751 -0.135746 0.137245 0.018732 0.126486 0.211257 0.284023 0.208981 0.108253 -0.100635 0.060105 -0.028898 0.007037 0.083735 -0.096282 0.060316 0.050626 0.048431 0.011645 -0.061293 -0.016154 -0.011699 0.085122 0.069971 -0.016816 -0.075110 0.028465 -0.171430 -0.057133 -0.057098 -0.005665 0.010781 0.020009 -0.150232 0.133980 -0.083544 -0.154600 0.126726 -0.106233 -0.114640 0.152138 -0.114946 -0.110763 -0.078952 0.125980 0.001763 0.181306 -0.084817 -0.070891 -0.205176 -0.047059 -0.096322 0.065962 0.030567 -0.030747 -0.095826 -0.187211 0.133309 -0.245678 -0.102459 -0.186438 -0.039593 0.124824 0.140480 
0.199228 0.215296 -0.196240 -0.037829 0.158029 -0.075332 -0.181077 -0.044573 -0.019221 -0.036723 0.206223 -0.217010 0.034110 0.162050 0.068356 0.180688 0.240064 -0.023218 -0.046498 0.155352 -0.021916 -0.053219 0.105820 0.032574 -0.122724 0.208152 -0.076504 0.072575 -0.026225 -0.127578 -0.070221 -0.109355 -0.105219 0.018187 -0.059943 0.121404 -0.098161 -0.171334 0.043468 0.071474 0.022623 0.020092 0.256366 -0.035210 -0.106848 -0.059161 -0.136784 -0.168090 -0.063204 0.120986 0.095417 -0.094912 -0.109303 0.013328 -0.092175 -0.063795 0.159972 0.001196 0.197841 0.218649 -0.140167 -0.092887 -0.202405 0.004888 
-0.414881 -0.329103 0.016697 -0.228755 -0.045250 0.432274 0.132778 0.383714 -0.085993 -0.003243 -0.037101 0.151273 0.157443 0.036369 0.005122 0.004494 -0.096563 0.013237 0.083177 -0.106989 0.006615 0.178823 0.127251 0.195332 0.000868 0.051948 0.118440 -0.107706 -0.091925 0.108799 0.049050 -0.084218 0.139260 -0.082767 -0.026993 -0.087814 -0.305593 0.294939 -0.116340 -0.005959 0.038782 0.124581 -0.277183 0.021662 0.094488 0.208035 0.261470 0.042015 0.118902 -0.102606 -0.229326 0.055020 0.035805 0.148156 0.084304 0.390532 -0.010366 -0.030290 -0.237901 0.103002 -0.032793 0.138888 -0.101707 -0.059468 
-0.183824 -0.034376 0.116045 -0.135908 -0.096778 0.069865 0.071811 0.193388 -0.072254 0.152162 -0.077588 0.246070 0.172257 -0.128692 0.009253 -0.071378 0.002222 -0.019650 -0.196746 -0.135231 -0.052672 0.129547 -0.155446 -0.066105 -0.110297 -0.040698 -0.107171 -0.127299 -0.262636 0.026383 0.121219 -0.117669 -0.239063 -0.093304 -0.051702 -0.081349 0.150296 -0.077925 -0.019865 -0.095877 -0.140180 0.021466 -0.187008 0.159070 0.099744 0.139911 -0.126287 0.018479 0.018373 -0.088468 0.313347 0.208977 -0.220794 -0.144395 -0.059599 -0.051947 -0.053795 -0.033616 0.063461 0.017921 0.337568 -0.010821 0.102885 0.121799 
-0.132134 -0.051951 -0.012624 -0.271814 -0.080024 0.140306 0.034817 0.024378 0.052072 0.089739 -0.075114 0.044050 -0.053712 0.059816 -0.103488 -0.072624 0.101046 -0.138515 -0.175389 0.009729 -0.075826 -0.090859 0.241775 -0.155302 0.051730 0.010382 0.034391 0.061009 0.192540 -0.132793 0.054291 0.211105 -0.012913 -0.200086 -0.180462 0.174428 -0.123985 -0.022252 -0.082092 0.076472 -0.141699 -0.016907 -0.170822 0.105065 0.051718 0.046728 -0.145435 -0.056275 0.050046 -0.242524 -0.331694 -0.057374 0.010328 -0.104834 -0.099600 -0.150730 0.070658 0.295140 0.195208 -0.087398 -0.059685 0.109889 0.070171 0.282214 
0.178356 0.082107 0.142987 -0.291984 0.042083 -0.300264 0.088067 -0.048059 0.148653 -0.187392 -0.038012 -0.145039 -0.057594 -0.103022 0.182418 -0.116842 -0.159846 0.224120 0.048266 0.080795 0.138889 0.001720 0.219124 0.083286 -0.077641 0.215850 0.124297 0.192561 0.180140 -0.135371 -0.059267 0.006970 -0.090499 0.064537 -0.059053 0.086054 0.192872 0.035028 0.012586 -0.187774 -0.049975 0.066757 0.035292 0.107992 -0.270115 -0.059666 -0.148843 0.127179 -0.118861 -0.015585 -0.257684 -0.083317 -0.098347 -0.053469 -0.029129 -0.134787 -0.035977 0.077171 -0.043860 0.143996 0.171459 -0.133814 0.054209 -0.120784 
0.198659 0.112658 -0.121912 -0.383229 -0.313186 -0.012612 0.240590 0.451514 
0.045171 0.090635 -0.011161 0.099595 -0.265570 0.077376 0.309039 0.542429 
-0.147993 -0.061468 0.457507 -0.031738 -0.051407 0.225975 0.012653 0.054700 
0.323071 0.261438 -0.538010 -0.484629 0.474725 -0.229503 -0.209067 -0.104087 
0.199414 0.257184 -0.186121 -0.070347 -0.005335 0.006957 -0.252980 0.018280 
0.094828 0.412434 -0.307809 0.003329 0.362891 -0.182814 -0.306857 -0.786932 
-0.152375 0.319289 0.189557 0.241963 -0.088519 0.423635 -0.321476 -0.096435 
-0.074062 -0.059765 0.401790 0.362754 -0.031890 0.286935 -0.057252 -0.641157 
0.268434 0.008679 0.119793 0.276765 0.210630 0.151905 0.157944 0.315387 
-0.175225 0.187203 -0.055957 -0.276800 -0.024709 0.100562 0.087322 -0.096469 
0.192824 -0.503600 -0.399982 0.188890 -0.487542 0.052786 0.034490 -0.009695 
-0.384815 -0.015866 0.423855 -0.027967 0.172355 -0.050368 -0.166538 -0.145825 
-0.057331 0.025346 0.098868 -0.631272 0.021880 0.265437 -0.075472 -0.133222 
-0.024690 0.127595 0.032631 0.244391 -0.227156 -0.158188 -0.006873 -0.197410 
0.299421 0.155064 -0.029483 -0.137650 -0.138043 0.081515 0.168118 -0.085456 
-0.282269 -0.331435 -0.090246 0.570140 -0.203963 -0.299481 -0.058677 -0.289960 
-0.113221 0.297855 -0.336802 0.005229 -0.114206 -0.184572 0.021054 0.104312 
0.334899 -0.073985 -0.332537 -0.121343 -0.168207 0.163873 0.085026 -0.059176 
0.221136 0.053310 0.237626 0.624931 0.008005 0.518723 -0.178286 -0.121379 
0.079032 0.039342 -0.346611 0.033732 -0.043776 0.014874 0.070589 0.232215 
-0.073055 -0.278583 0.505333 0.872227 0.506642 -0.287898 -0.152426 -0.419914 
-0.001629 0.183282 -0.192831 -0.612822 0.402388 0.123977 0.228339 0.336930 
-0.206414 0.427197 0.032635 0.362902 0.372064 0.135156 0.329679 0.138806 
-0.035595 -0.344367 -0.200940 0.375457 0.525575 0.140391 0.005503 0.279238 
-0.301548 0.475770 -0.137785 -0.019383 0.064108 0.555167 -0.107946 0.241723 
0.219066 -0.317640 -0.670767 -0.365798 -0.533526 0.128501 0.258814 0.272836 
-0.037938 -0.016779 0.000263 0.529358 0.389828 0.375704 -0.043895 0.015490 
0.178044 -0.393639 -0.131101 0.703770 -0.136323 -0.014602 0.105512 -0.104359 
0.194206 0.439640 0.069154 0.490642 0.381826 0.234394 0.166600 0.136482 
0.169374 -0.205802 -0.242915 -0.413354 0.221351 0.036744 -0.056166 0.141297 
-0.188121 0.212932 0.146108 -0.577282 -0.123932 -0.089301 -0.026012 -0.186885 
-0.210099 -0.028107 0.183845 0.437673 -0.296937 -0.114142 -0.106464 -0.323402 
0.096701 0.018361 -0.266789 -0.037849 0.428203 -0.156722 -0.198446 0.094329 
-0.005768 -0.351056 -0.289127 -0.175412 0.200698 0.131450 0.260174 0.114699 
-0.130929 -0.028765 -0.375890 -0.250200 -0.022414 -0.012860 0.050654 -0.252881 
0.040665 0.174399 -0.055799 0.318331 0.245818 -0.252146 0.305386 0.117125 
0.024160 -0.187350 0.172244 -0.106898 -0.230256 0.076439 0.325651 0.485528 
0.331627 -0.298405 0.195370 0.203376 0.312689 0.024861 -0.093530 -0.364844 
0.170215 0.132816 -0.059945 -0.314408 -0.190262 -0.404092 0.143001 0.101754 
0.116992 0.251478 -0.008225 -0.188384 0.028144 -0.162623 -0.079105 -0.109601 
0.414259 0.020836 -0.181661 -0.310741 0.051683 0.169207 -0.132408 -0.233568 
0.260241 0.048180 -0.194419 -0.092652 0.129056 -0.037571 -0.053631 -0.157179 
0.472999 0.103578 -0.724537 -0.427883 0.047277 -0.007342 0.019267 0.226017 
0.125445 -0.339871 -0.047935 0.154630 -0.119050 0.008163 -0.278889 -0.267040 
0.029137 0.112010 -0.301972 -0.323150 0.011758 -0.139528 -0.248445 -0.262501 
-0.393807 -0.153046 -0.147271 0.279590 0.011752 0.360193 -0.001459 -0.142542 
-0.086129 -0.057870 0.035324 0.234311 0.337297 0.143634 -0.462050 -0.324166 
0.387463 -0.030498 0.418668 0.098168 0.369785 0.104111 -0.035359 0.091028 
-0.002317 0.007298 0.045616 0.219606 0.004194 0.423277 -0.290909 0.093145 
0.244222 -0.156280 -0.535426 -0.429698 0.198476 -0.195069 0.021542 0.150484 
-0.013948 -0.309497 -0.332086 -0.930662 0.614856 -0.306976 -0.096974 -0.120605 
-0.515156 -0.166592 0.114055 0.071661 -0.082325 -0.129114 0.211284 0.130956 
0.136494 -0.144344 -0.130555 0.383619 0.105366 -0.218204 -0.153243 -0.000425 
0.090548 0.107010 0.221646 0.415577 0.333752 -0.107756 -0.023715 0.237807 
0.021812 -0.098141 -0.303027 -0.206302 -0.279646 -0.008088 -0.259699 -0.261491 
0.215263 -0.004172 -0.392896 -0.262444 0.450643 0.008191 -0.263777 -0.516730 
0.163402 0.101072 -0.665285 -0.329761 -0.370891 0.321579 0.186642 0.299316 
0.014130 0.187627 0.196064 0.395101 -0.360175 -0.185856 0.003342 -0.011432 
-0.192080 -0.125870 0.020149 -0.221012 0.033283 -0.540426 0.242609 0.028289 
0.185491 -0.254288 -0.337407 0.156405 -0.075715 -0.011582 0.107767 0.003710 
-0.202080 -0.852362 0.457600 0.322680 0.058727 0.182874 0.035957 0.345934 
-0.241815 -0.224279 0.010474 0.109562 -0.009890 -0.136331 -0.058901 -0.161667 
-0.222126 -0.065650 0.541001 0.303819 -0.406731 0.077303 -0.034607 0.161831 
-0.361594 0.288542 0.223620 0.377683 0.193807 -0.356611 -0.030558 0.131145 









0.000000 
0.000000 
0.000000 
0.000000 
0.000000 
0.000000 
0.000000 
0.000000 
-0.068728 
-0.235522 
-0.059526 
-0.401728 
-0.119473 
-0.054695 
0.115024 
-0.120143 
0.235998 
0.048440 
0.043274 
-0.193252 
0.213926 
-0.381228 
0.101313 
0.038044 
-0.041418 
0.056963 
-0.283290 
0.069258 
0.119163 
-0.000078 
0.095610 
-0.297845 
-0.267182 
-0.267347 
0.144834 
0.335966 
0.007697 
-0.356717 
0.315342 
0.248841 
-0.106738 
-0.055019 
0.164230 
0.061980 
0.450643 
0.140599 
-0.204552 
-0.118835 
-0.079478 
-0.028103 
0.129954 
-0.217059 
0.149374 
-0.191705 
0.171778 
-0.298453 
0.280164 
0.240526 
0.315904 
-0.005349 
0.020335 
0.120486 
-0.016153 
-0.054864 
0.340144 
-0.286928 
-0.058521 
-0.144962 
0.074334 
-0.032472 
-0.259754 
0.284149 
0.079677 
0.092144 
-0.034073 
-0.165966 
-0.053521 
0.118578 
-0.165494 
-0.095136 
-0.189190 
0.192017 
-0.085444 
0.449052 
-0.127198 
-0.067184 
-0.221446 
0.142602 
0.227192 
0.044237 
-0.171168 
0.017462 
0.089698 
0.120703 
0.054859 
-0.145671 
-0.004128 
-0.091715 
-0.111972 
0.051273 
-0.030604 
0.023164 
-0.096092 
-0.012905 
-0.302423 
-0.153865 
0.354975 
-0.332083 
-0.203724 
0.204361 
0.056294 
0.085480 
0.098103 
0.161180 
0.048458 
0.243603 
0.012122 
-0.071532 
0.269372 
-0.336856 
-0.156460 
-0.070317 
-0.181504 
0.710934 
-0.395393 
0.244480 
-0.524543 
-0.348380 
0.332730 
-0.133508 
0.344472 
0.211977 
-0.376061 
-0.535525 
0.490864 
0.104891 
0.274827 
0.280107 
0.231386 
-0.294803 
0.579790 
-0.168548 
0.285694 
0.158734 
-0.302217 
0.118676 
0.032706 
-0.090903 
-0.064616 
0.187822 
-0.159578 
0.191912 
0.397386 
-0.181226 
0.058773 
0.154503 
-0.343701 
-0.021769 
-0.245252 
-0.247685 
-0.036695 
-0.265394 
-0.015703 
0.048763 
-0.069560 
0.224862 
0.489293 
0.361327 
0.198447 
-0.036992 
0.217941 
0.105773 
0.445586 
0.045242 
-0.378185 
-0.233809 
0.071887 
0.122109 
-0.324198 
0.340084 
-0.085520 
-0.070688 
0.025090 
-0.122613 
-0.079891 
-0.099187 
-0.168837 
-0.097936 
-0.094704 
0.056830 
0.192697 
0.232851 
0.025784 
-0.202987 
-0.397112 
0.102281 
0.010795 
0.431608 
-0.269918 
0.102983 
0.003255 
-0.000439 
-0.059183 
-0.079519 
0.297960 
-0.015477 
0.178173 
0.303295 
-0.095569 
0.270371 
0.133499 
1.026711 
0.748941 
0.233798 
-0.084554 
0.558927 
2.961000 0.056363 0.050770 
