0.190291 0.271576 -0.231165 0.065181 0.369052 0.081376 0.158967 0.116773 -0.045428 -0.018628 -0.201165 -0.112024 -0.327184 0.121894 0.235239 0.300410 -0.067487 -0.178226 0.321174 0.158812 0.201822 0.011777 -0.047196 0.056642 -0.345492 0.052757 -0.266140 -0.151198 -0.009480 -0.111006 0.019830 -0.077651 -0.164580 0.088322 -0.328475 -0.133263 -0.263669 0.094903 0.326751 0.057148 -0.224893 -0.153849 0.109441 -0.125444 0.222528 0.180791 -0.186047 -0.190720 0.335352 -0.205331 0.166277 0.271815 0.205636 -0.179136 0.109458 0.200240 0.172977 0.088895 -0.284683 -0.067990 -0.203834 0.053922 0.224178 -0.012921 
-0.146473 0.241034 0.191142 -0.132581 0.111601 0.209058 0.132541 0.173271 0.296558 0.077690 0.332542 0.191870 -0.001289 -0.236500 0.249607 -0.106621 -0.116428 0.172430 -0.098929 -0.252821 -0.275640 0.297068 0.199432 -0.330901 0.078016 0.282562 0.001685 0.175696 0.053370 -0.111010 -0.155087 0.045414 -0.155733 -0.220432 0.247207 0.202041 0.217134 0.118845 0.065277 0.240064 -0.045437 -0.054770 0.064262 0.182324 0.118990 0.026125 -0.231035 -0.345465 -0.076352 -0.137835 -0.282563 -0.005743 -0.128104 0.250696 -0.003922 0.359512 0.133179 0.321506 0.277963 -0.167203 -0.152296 -0.211881 0.306322 0.043761 
-0.112128 0.261486 -0.159024 -0.252546 0.092637 0.250955 0.268099 0.252125 0.040004 0.061241 0.054968 -0.187064 -0.336366 0.085379 -0.155515 0.011625 0.244609 -0.118981 0.214115 -0.231215 0.003036 -0.211715 -0.199478 -0.178450 -0.174505 0.271376 -0.101191 -0.006029 -0.320159 -0.049804 0.318815 -0.130153 -0.150234 -0.123431 -0.126032 0.208129 -0.158993 -0.088504 0.238924 0.174701 0.232963 -0.147082 -0.189169 0.166596 0.317555 -0.085549 -0.124629 0.218779 0.201030 -0.192319 -0.262548 -0.300697 -0.020615 -0.241306 -0.218473 0.125848 -0.118803 0.013821 -0.322716 -0.197524 0.166891 -0.277600 -0.080090 0.299103 
0.005607 0.186119 0.223501 0.099793 0.291897 -0.032196 -0.005525 0.139308 0.181739 0.058710 0.166462 0.221889 0.264025 -0.272425 0.143018 0.177765 -0.065723 0.225516 0.130842 0.162669 -0.223797 0.254917 0.017330 -0.196509 0.026723 0.071297 -0.106034 -0.167391 0.068544 0.132287 -0.170676 -0.177880 -0.081073 0.208588 0.177590 -0.084340 -0.063211 -0.104923 -0.274028 -0.196916 0.260091 0.175352 -0.112519 0.206125 0.329367 0.260945 0.057890 -0.074877 0.177871 0.021076 -0.272267 0.145754 -0.049627 0.025757 0.323164 0.194877 -0.057987 -0.120134 0.313817 0.268664 0.221921 -0.207616 0.336917 -0.251664 
-0.197860 0.163276 -0.045529 0.013730 -0.318482 0.071378 0.224978 0.298216 -0.193865 -0.245501 0.292541 -0.158422 -0.271284 0.099139 -0.039438 0.240051 -0.147804 0.142710 0.187331 -0.055446 -0.184532 0.098717 -0.081150 -0.041510 0.289664 -0.154134 -0.074392 0.186931 0.002307 -0.073035 0.283760 0.080152 -0.230408 -0.032851 -0.307397 -0.172355 0.309429 0.210801 -0.243071 -0.157793 -0.340827 -0.307711 0.078165 -0.289253 0.113840 -0.105286 0.220741 0.222778 0.284340 0.139767 -0.178259 -0.153942 -0.026837 0.050195 0.158035 -0.101593 0.173101 -0.219239 -0.228636 -0.162054 -0.062935 -0.159535 0.092377 -0.035290 
0.128356 0.214594 0.060527 0.038653 0.135458 0.183201 0.256719 0.088158 0.089204 0.085465 0.173947 -0.020550 0.204548 0.211744 -0.299755 0.195663 0.015058 -0.112956 -0.275585 0.193947 0.344355 0.183449 -0.185331 0.191702 0.223947 -0.147225 -0.239894 -0.215216 0.039092 0.264200 0.043996 -0.282617 0.174311 -0.203983 0.181494 -0.014743 0.265764 0.009229 -0.241304 0.054342 -0.182757 0.173784 -0.285251 -0.339025 0.049779 -0.132826 0.098583 -0.306011 0.075314 0.276895 0.295726 0.141293 0.223497 -0.249697 0.006779 0.049858 -0.044901 0.187571 0.165617 -0.320232 0.047844 0.033582 -0.350610 -0.241270 
0.036023 0.293425 0.002156 0.071789 -0.009079 0.028671 -0.200898 0.134160 -0.036636 -0.148273 0.102253 0.267329 0.035894 0.013079 -0.275729 -0.147728 -0.028132 0.318994 0.252658 -0.244380 -0.265648 -0.019928 0.163496 0.102037 -0.285773 -0.051642 0.087781 0.112604 0.283781 0.219875 0.190049 0.043639 0.115745 -0.200045 -0.291981 -0.187271 0.233984 -0.075736 0.261574 -0.197846 0.033346 0.126236 -0.149115 -0.164078 -0.238364 -0.235670 0.029654 0.034402 -0.177427 -0.079606 0.078447 -0.165851 0.194639 -0.114667 0.260941 0.281536 0.255012 -0.102766 0.044767 0.206227 -0.103672 -0.228787 -0.092863 -0.281190 
-0.045777 -0.067769 -0.143778 -0.084977 0.137078 -0.173609 0.031246 -0.120326 0.194842 0.208334 -0.032098 0.176413 -0.292020 0.337679 0.005622 -0.129752 -0.047265 -0.280985 -0.031893 -0.217451 0.027103 -0.092846 -0.248540 -0.146783 0.239084 -0.031321 0.278238 -0.159138 0.195357 -0.214338 -0.172397 -0.137126 0.015132 0.048593 0.058302 -0.142393 0.175540 -0.168635 0.045787 0.037775 0.288861 -0.192138 0.081612 -0.218205 -0.216381 0.282326 -0.108610 -0.056215 -0.227941 0.222034 0.032539 0.077086 -0.218020 0.115045 0.241592 -0.288333 -0.133490 0.144852 -0.106440 -0.295944 -0.311126 0.023250 -0.079948 0.097181 
-0.111294 0.052215 0.124702 0.049453 -0.119449 0.041886 0.036332 -0.075673 -0.029638 -0.114108 -0.142259 0.055157 -0.123938 0.024614 -0.070760 -0.056668 -0.106279 0.038010 0.070735 -0.006298 -0.006932 0.058204 0.029570 0.062789 -0.003370 0.057893 0.062122 0.027490 -0.024960 -0.120180 -0.137563 -0.017309 
0.093972 -0.104358 -0.072855 0.098299 -0.021354 0.118534 0.096121 -0.090471 -0.051406 -0.130722 0.086842 -0.084347 0.006075 0.145405 -0.016240 0.070900 0.050159 -0.009328 -0.096940 -0.001663 0.116040 0.020278 -0.063409 0.012085 -0.045802 0.166989 0.036906 0.045282 0.113568 -0.137271 0.072563 0.062007 
-0.077158 -0.043491 0.090600 0.035153 -0.093820 0.018802 0.023037 -0.085805 0.108334 0.016057 0.042580 -0.020764 -0.025050 0.110888 -0.120929 -0.114076 -0.039257 -0.030932 0.008726 0.107059 0.116075 0.037073 -0.070614 -0.049941 -0.007052 -0.099135 0.113612 -0.046291 -0.104262 0.127398 -0.018079 -0.093383 
-0.068525 0.069892 0.095476 -0.036069 0.029834 -0.054650 0.110758 0.003406 0.043223 -0.086261 0.108380 -0.098116 -0.047257 -0.095186 -0.052064 -0.046338 -0.061986 -0.002588 -0.005680 -0.026940 -0.035817 0.075415 0.054649 0.075284 0.068723 0.016204 -0.016812 -0.116541 0.026131 -0.039082 -0.074800 0.102073 
-0.052446 0.114743 0.006276 -0.152348 -0.124739 -0.025347 0.011743 0.146697 -0.003487 -0.033820 -0.102473 0.111817 -0.033382 0.015082 -0.085271 0.091085 -0.114277 0.035468 -0.104027 0.017476 -0.117881 -0.102296 -0.013750 -0.082422 0.068594 0.026178 -0.144051 -0.007133 0.149008 -0.014527 -0.134913 -0.108911 
-0.013555 0.018108 -0.017397 0.037115 0.042335 0.059128 0.015968 -0.037925 -0.019929 0.083071 -0.110271 0.091924 0.125962 -0.063714 0.117885 -0.126932 0.090997 -0.037575 -0.006644 0.135106 -0.074183 0.037726 0.078190 0.142068 -0.080843 0.118294 -0.072248 -0.118349 -0.057902 -0.015421 -0.076546 0.062454 
0.172873 0.036070 -0.074898 0.045784 -0.024683 0.065129 0.115355 0.075110 0.037904 -0.116462 0.077178 -0.029601 0.003193 0.048493 0.010278 -0.158198 0.126422 0.113542 0.088843 0.007486 0.017875 0.037725 -0.079099 0.128737 0.021611 -0.012190 0.042059 -0.142063 0.083259 -0.052612 0.030536 0.066907 
0.035663 0.065649 -0.051578 -0.080550 0.022309 -0.042083 -0.103388 -0.084553 0.001017 0.036583 -0.000884 0.011152 0.024500 -0.112240 0.066327 0.006125 0.087631 0.030343 0.062429 0.019377 0.001941 0.097465 -0.037360 -0.056647 -0.087119 -0.044243 -0.120760 0.109910 -0.060667 0.035123 -0.038086 -0.078114 
-0.028726 0.103083 -0.073128 -0.075911 -0.086524 -0.015602 -0.062161 0.024496 -0.071514 0.075029 -0.046708 0.052177 0.038438 0.164186 -0.109216 0.061488 0.030990 0.126130 -0.094495 0.090129 0.071292 0.013513 -0.066286 0.121024 0.031606 -0.046328 0.051751 0.123698 0.087145 0.014766 0.059435 -0.071691 
0.009254 -0.053642 0.022701 0.086430 -0.046023 0.109367 -0.066685 0.013618 0.010778 0.041707 -0.065539 -0.002683 -0.034558 0.007449 -0.062183 -0.074654 -0.043425 0.054955 -0.142846 0.131614 -0.152271 -0.077515 0.133350 0.005149 0.020417 0.087206 -0.019851 -0.009469 0.028965 0.024542 0.007206 0.065256 
-0.005380 -0.075932 0.060764 -0.095274 -0.144002 -0.072737 0.005665 0.015379 0.135221 0.062001 -0.054383 -0.036816 -0.076031 0.035068 0.085614 0.004870 -0.111309 -0.103374 -0.003915 -0.090448 -0.044531 -0.033204 0.070066 0.011722 -0.083216 -0.029742 0.079568 0.046660 0.038018 -0.023312 -0.037078 -0.082451 
0.019698 0.003334 -0.057002 0.040938 -0.005838 0.090502 -0.093999 -0.052198 0.140185 -0.022669 -0.031546 -0.052307 -0.125273 0.099440 0.041591 -0.100882 0.071637 -0.031655 -0.106807 -0.120617 -0.004761 0.056010 0.060491 -0.003608 0.147167 0.030783 -0.064522 0.059213 0.151249 0.087052 0.133419 -0.075028 
-0.014960 -0.088777 -0.054216 0.094972 -0.122163 -0.029023 -0.065572 -0.148633 -0.118218 -0.072186 -0.015436 -0.131108 0.113088 0.117685 -0.099274 0.018582 0.178955 -0.056656 0.062578 -0.008958 -0.115072 0.018362 -0.141109 -0.123234 -0.080097 -0.090601 0.059901 -0.118826 -0.099806 0.045090 0.113477 -0.088536 
0.049334 0.063336 0.104050 0.061904 0.028417 -0.065268 0.095218 -0.015378 -0.025742 -0.091965 -0.062986 -0.080970 0.113441 0.017377 -0.045791 0.144251 0.051788 -0.115991 -0.017086 0.130974 0.053313 -0.058274 0.155990 0.050088 0.031279 0.080380 0.014412 0.078338 -0.064566 -0.066360 -0.184445 0.107422 
-0.130530 -0.158558 -0.022238 -0.055847 -0.122688 0.020261 0.093824 0.005788 -0.000315 -0.113998 0.069198 0.073527 0.073221 0.095056 -0.037266 0.032662 0.048842 0.050166 0.012838 -0.050414 -0.024799 0.061483 -0.067895 -0.082338 -0.126644 0.097929 0.081277 -0.078802 -0.127138 0.035613 -0.124445 -0.046770 
0.195182 0.029221 0.069104 -0.097262 -0.124951 -0.032434 0.013020 0.018067 0.062336 -0.024819 -0.068177 -0.006844 -0.035369 0.023873 0.112935 -0.135265 0.049387 -0.013489 0.037390 -0.057143 0.070506 0.064630 -0.125197 0.173890 0.030189 0.076318 -0.077109 0.081717 0.053168 -0.044705 -0.036222 0.052059 
0.110147 0.145237 0.121834 0.115937 -0.022943 -0.115737 -0.005868 -0.083406 -0.061153 0.087885 -0.019736 0.019881 -0.031847 -0.021897 0.103753 -0.131382 0.158591 0.025437 -0.127448 0.108110 -0.080627 -0.110282 0.037517 -0.089156 -0.084293 0.065135 -0.075961 0.070497 -0.041070 0.033497 -0.015062 -0.082532 
-0.040445 -0.092753 0.142311 0.110996 -0.090821 -0.061261 0.105596 0.014212 -0.035176 0.042505 0.018897 0.057685 0.125777 -0.089038 0.026231 0.072145 0.080524 0.093713 0.033518 -0.132153 0.102080 -0.037223 -0.107635 0.099533 -0.051216 -0.033589 0.071220 -0.001775 0.006522 -0.103913 0.063497 -0.129351 
-0.107062 0.083215 0.108914 -0.013015 -0.122555 0.059717 -0.141014 -0.032344 -0.019311 -0.008522 0.133178 0.010138 0.026346 -0.014936 -0.064357 -0.017696 -0.053338 0.133577 -0.054219 -0.063852 -0.146431 0.011339 -0.120048 -0.006362 -0.089693 0.102980 0.115599 0.083223 0.108052 -0.005697 0.054620 -0.136325 
-0.002193 0.037605 -0.004689 -0.069466 0.000180 0.008700 -0.004299 0.075137 -0.086126 -0.054645 -0.031672 0.041860 0.113789 -0.038324 -0.099316 -0.129639 -0.110655 -0.021351 -0.040296 -0.054517 -0.085699 -0.016220 -0.047195 -0.065754 -0.045158 -0.094401 0.128674 -0.073331 0.051144 0.091906 0.014450 0.058732 
0.030392 0.056710 0.070622 -0.142477 0.014345 0.000278 0.122323 0.031020 -0.025447 -0.098660 -0.109129 -0.088250 -0.003281 -0.011143 0.045323 0.013056 0.035507 -0.157049 -0.002256 -0.049943 0.037911 0.087534 -0.009566 0.098117 -0.091412 -0.091517 -0.065058 0.109041 0.144621 0.027577 -0.007172 0.021089 
0.031715 -0.043928 -0.015601 0.100326 0.025377 -0.051775 0.027990 -0.076774 0.093529 0.071161 0.122306 -0.079567 -0.034557 0.021736 0.045545 -0.139140 0.029989 -0.055291 -0.061668 -0.035368 -0.051433 -0.026587 -0.048723 -0.016512 -0.049829 0.017143 -0.097007 -0.062351 -0.116314 0.037545 0.100663 0.002952 
-0.174898 -0.136858 0.066299 0.037252 0.006035 0.150799 -0.038066 -0.028891 -0.051241 0.183709 -0.111557 0.164633 -0.058504 -0.070073 0.043452 -0.069144 -0.041533 -0.188894 -0.017263 -0.060618 -0.032288 0.112679 0.135633 0.084021 -0.107998 -0.130037 -0.047536 -0.070262 0.017344 -0.137138 -0.010155 0.152152 
-0.014404 -0.124554 0.116828 -0.152740 -0.063683 0.125535 -0.021060 0.096261 0.059783 0.071923 0.006267 -0.075334 0.088981 0.074352 -0.004010 -0.037563 0.029605 0.004944 0.132130 -0.037952 -0.016507 0.101828 -0.066423 -0.018894 -0.124894 -0.051453 0.086408 0.110789 0.014909 -0.019314 0.042227 0.151402 
0.059484 0.020743 0.060615 0.081309 0.049903 -0.050850 0.041572 -0.032246 0.149834 -0.029971 0.103780 0.029114 -0.075168 -0.006428 -0.103882 0.097251 -0.067056 -0.128841 -0.053613 0.028854 -0.077047 -0.058463 -0.071259 -0.118302 -0.006357 0.100998 -0.147289 -0.114641 -0.052994 0.080932 0.122155 0.100547 
-0.004127 0.131812 0.044624 -0.070145 -0.131494 -0.044889 0.016138 -0.101881 0.031383 0.043995 0.094286 0.122230 0.104509 -0.132211 0.078151 -0.084006 -0.067741 -0.047336 0.018877 -0.093039 -0.064902 0.080273 -0.071068 0.136631 0.074992 -0.059946 -0.129744 0.132847 -0.092074 -0.063099 0.117917 0.017854 
-0.174563 0.023908 0.050172 -0.089257 0.130152 -0.004280 -0.098479 0.022039 -0.119568 -0.111564 0.004228 -0.118719 -0.145036 -0.016702 -0.071995 -0.045401 -0.014109 0.130834 -0.043940 0.014206 0.118578 0.008227 0.082314 -0.055162 0.103037 0.114324 0.010852 0.130438 -0.117268 -0.044696 0.025459 -0.149716 
0.064083 -0.040316 -0.130807 0.095179 0.112462 -0.045174 -0.002275 0.106712 -0.045486 0.156486 0.100813 -0.012065 -0.009896 -0.091201 -0.035019 0.129212 -0.090101 0.058862 0.076241 -0.172065 0.004184 0.009147 0.018922 -0.099375 -0.054461 -0.092240 -0.106909 -0.056903 -0.056312 -0.001393 -0.010004 0.018603 
-0.186075 -0.063232 -0.056610 0.049716 0.092939 0.115147 0.109825 -0.068417 0.085421 0.040894 0.024746 -0.102017 -0.143392 -0.020957 0.106808 0.005217 0.048550 0.006570 0.009745 -0.094915 -0.025241 -0.075428 0.060223 -0.039752 -0.096953 0.094361 0.072883 0.060737 -0.050188 -0.143284 -0.156399 -0.052397 
0.107230 -0.008347 -0.038307 0.011323 -0.058264 -0.143054 0.064524 -0.132279 0.127924 -0.073864 -0.030655 0.085630 -0.005007 -0.048665 -0.037072 -0.084642 0.111474 0.041603 0.045970 0.158742 0.062471 -0.091759 -0.031890 0.096029 0.066025 -0.074927 0.027121 -0.120085 -0.001687 0.099198 0.032888 -0.108745 
-0.024284 0.060230 0.063780 0.041982 0.094723 -0.098543 0.037158 0.037509 0.004190 0.130097 -0.023437 0.057522 -0.074617 0.054970 -0.028837 0.105830 0.049367 0.117527 0.105418 0.002345 -0.097289 -0.100805 -0.090404 0.123216 -0.024982 0.062539 0.112280 0.070548 0.006985 -0.004222 0.064484 0.132190 
-0.152035 -0.029454 0.012810 0.062913 0.078120 -0.113269 0.000940 -0.038037 0.001699 -0.008280 -0.165448 0.157903 0.083451 -0.048307 0.048524 0.064942 -0.073737 0.029318 0.113592 -0.101740 -0.100397 -0.074809 -0.039189 -0.007871 0.071287 -0.088501 -0.009352 -0.038168 -0.009005 -0.079080 -0.142680 0.105770 
0.087877 -0.015035 0.011495 0.036091 0.010058 -0.076393 0.095797 -0.032661 -0.135229 -0.095886 -0.061500 -0.126470 -0.057598 -0.033066 0.021519 0.081775 -0.112173 -0.015144 -0.092761 -0.098689 0.016001 0.010116 0.079295 -0.074674 0.118564 -0.085202 0.049621 0.044656 0.035142 0.094792 -0.041361 -0.050083 
-0.032529 0.118900 -0.011594 0.045465 0.066534 0.065609 -0.073362 -0.104691 -0.112008 -0.018777 -0.042925 0.069261 0.092045 0.064061 0.015823 0.049632 -0.022436 0.012909 0.134060 0.124754 -0.156535 0.072154 -0.105342 0.148852 0.088656 -0.166673 0.102121 -0.046594 0.100620 0.118486 0.071623 -0.084013 
0.104852 0.075824 0.131932 0.102103 0.029321 -0.087979 0.081468 0.049888 0.002165 -0.088937 -0.009126 -0.053658 0.042270 0.101907 -0.118876 -0.117058 0.030709 -0.077827 -0.129159 -0.009044 0.083300 -0.011476 0.004940 0.027588 -0.003881 -0.148818 -0.096935 -0.055316 0.096410 0.154807 0.016371 0.015287 
0.082412 -0.017216 -0.011536 0.056550 -0.001525 -0.038571 -0.011002 -0.073579 -0.087634 0.167397 -0.038519 -0.094345 0.010439 0.049759 -0.048987 -0.100594 0.151482 0.015782 -0.001837 0.068356 0.084572 -0.114688 0.020390 -0.071273 -0.087759 0.057324 -0.009600 0.096699 0.029926 0.112157 0.027681 0.034079 
-0.087182 -0.101238 -0.082391 0.068695 0.015809 0.057757 0.088566 0.054303 0.058188 -0.010298 -0.097720 -0.105259 -0.080313 0.052377 -0.058570 -0.065883 -0.120811 0.065106 -0.083944 0.113222 0.104629 0.036834 -0.008427 0.046931 -0.052656 0.095627 0.038867 -0.062713 0.051455 -0.036810 -0.005801 0.083357 
0.013083 0.055370 0.032872 -0.125914 0.015670 0.076941 0.124681 -0.098382 -0.077836 -0.084911 -0.094630 -0.027405 0.034445 0.004997 0.004756 0.062203 -0.092940 -0.006656 0.065651 -0.119062 -0.028791 0.105633 0.108894 0.060426 -0.024458 0.057822 0.098103 -0.100390 -0.132114 -0.011975 -0.115996 0.103252 
-0.044429 0.103993 0.026248 -0.140897 0.030534 0.067954 -0.140121 0.093636 0.066699 -0.057127 -0.034657 -0.024422 0.082432 0.109506 0.111426 -0.045063 -0.037171 0.059561 -0.076858 0.073425 -0.000502 -0.123076 0.064948 0.093275 0.093035 0.025981 -0.100276 0.133170 -0.043097 -0.064898 0.066646 0.011408 
-0.085221 -0.035009 0.012423 0.051428 -0.062255 0.107257 0.002755 0.129991 -0.128846 0.102510 -0.122414 0.089535 -0.000193 -0.066021 -0.134598 -0.055436 0.080883 -0.045617 -0.116980 -0.083751 -0.010132 0.043501 -0.042798 -0.078002 -0.067049 -0.013898 -0.178747 -0.021123 0.018885 0.053275 -0.115892 0.098479 
-0.076771 0.076113 0.092711 -0.049994 -0.002318 0.057963 -0.026884 0.053398 0.042913 -0.028432 0.063136 0.017457 0.058183 0.071679 0.015221 -0.062260 -0.032493 0.009167 0.047509 -0.012332 -0.100721 0.114133 0.007245 0.023078 -0.058838 0.030873 0.064130 0.081426 0.011597 0.140663 0.045806 0.020110 
0.065148 -0.123522 0.218721 -0.046584 -0.169893 -0.086004 -0.069819 0.016371 0.000263 0.094319 0.068504 -0.071039 -0.011775 -0.023371 0.060378 -0.000338 0.104925 -0.035138 -0.099483 0.112565 -0.071693 0.090383 -0.061364 0.024170 0.008438 -0.166706 0.040646 0.111417 0.114661 -0.009789 0.018533 0.042627 
-0.082228 -0.003672 0.120390 -0.070287 0.076468 0.129421 -0.092117 0.016832 0.039622 0.134750 0.039855 0.020154 -0.076083 0.005853 0.086654 0.132812 0.048158 -0.140272 0.100476 -0.107003 0.095705 0.152250 0.111319 -0.030352 0.077724 -0.002200 -0.019052 0.079005 0.022347 0.041298 -0.051626 -0.066236 
-0.040277 -0.011859 0.029339 -0.027481 -0.072898 0.021933 0.099936 -0.054587 -0.031382 0.019022 0.000042 0.014988 -0.089250 -0.007270 -0.007992 -0.086020 0.060242 -0.063963 -0.030456 -0.045743 -0.111407 -0.001222 0.016576 -0.077604 0.121595 -0.105290 0.159916 0.005292 -0.135755 0.005264 0.065869 0.042799 
0.062890 -0.058249 0.105003 -0.080305 0.054306 0.119946 0.007843 0.011922 -0.017462 0.050959 -0.151081 0.008475 -0.029870 -0.000795 0.052624 0.090906 0.051437 -0.115394 -0.055036 0.092428 -0.020158 -0.055343 0.071498 0.032274 -0.091456 0.119322 0.103573 -0.093006 -0.087909 0.031431 0.018683 -0.045039 
-0.155968 0.093671 -0.002352 0.082798 -0.018554 0.091802 -0.060026 -0.097951 0.056876 -0.076235 0.084635 -0.025876 0.061525 -0.014897 0.129962 -0.002996 -0.013119 -0.021092 -0.072225 0.099036 -0.057854 -0.041769 -0.052345 0.038852 -0.085457 -0.068576 0.089112 -0.013441 0.108572 0.035041 -0.022782 0.034910 
0.073372 0.116874 0.063595 -0.034318 0.076850 -0.142529 -0.069061 -0.063025 0.076555 0.095038 0.053457 -0.057688 -0.015361 -0.038801 0.141061 0.013779 0.113278 -0.041523 0.041706 -0.029471 0.013598 0.061046 0.031251 0.015409 -0.096918 0.021392 0.120815 -0.124116 -0.076638 -0.000836 0.173179 0.059549 
-0.042709 0.145097 0.136111 -0.082931 0.139415 -0.174199 -0.039640 -0.003108 0.091197 0.114867 0.111873 -0.100366 0.009631 0.020481 0.159578 -0.072728 -0.030941 0.061822 -0.010698 0.064153 -0.031717 -0.119928 -0.142866 0.040993 0.096360 -0.164923 0.137010 -0.128797 0.008245 0.114748 0.096449 0.090187 
0.074363 0.007223 0.073936 0.020740 0.000348 -0.077425 -0.073484 0.010142 -0.071720 -0.128481 0.036940 0.037837 0.140719 -0.009431 0.097595 -0.153035 -0.056603 -0.058807 0.031176 0.116976 -0.020166 0.078021 -0.033343 0.025782 0.081099 -0.075698 -0.057013 -0.051068 0.098976 -0.098299 -0.080001 0.050782 
0.037550 0.110779 -0.068062 -0.070072 -0.055853 -0.081202 0.039277 -0.068709 -0.053444 -0.022690 0.093070 -0.111673 0.097305 0.074377 -0.065149 -0.103791 -0.093796 0.076047 0.115169 0.027293 0.051102 -0.033567 0.093144 0.022287 0.017242 -0.088967 -0.103034 0.041446 -0.065283 -0.055710 -0.129051 0.065300 
-0.016293 -0.076272 0.106215 -0.036731 0.011781 0.053131 0.058188 0.031878 -0.111735 0.063700 0.042781 -0.156994 -0.024229 0.128363 -0.067266 0.008807 -0.010091 -0.088274 -0.138616 0.027240 0.025590 0.038497 -0.048797 -0.098328 -0.122772 -0.053114 0.062306 -0.036315 0.038034 0.113383 0.102537 0.044515 
-0.058040 0.083921 -0.097952 -0.000283 0.006995 0.126870 -0.068812 0.044156 0.016286 0.071092 0.038420 -0.088330 0.041964 0.118776 0.014222 -0.012253 0.057722 -0.002050 0.076023 0.013253 -0.004574 0.126509 0.077560 -0.011889 -0.100172 0.006179 0.048184 0.031966 0.004563 0.018406 -0.105762 0.044379 
0.060853 -0.087892 -0.037291 -0.118403 -0.052857 0.027313 0.146423 0.121460 0.011961 -0.046948 -0.109239 -0.079399 0.017052 0.058371 0.071467 -0.065665 -0.086529 -0.049599 0.106119 0.086606 0.015844 0.004848 -0.069341 0.053253 0.068281 0.097726 -0.089009 -0.074254 0.037665 -0.037267 -0.083205 -0.042575 
-0.065037 -0.041014 -0.078048 0.103002 0.127277 -0.000693 0.076916 0.002374 0.040967 0.110341 0.030763 -0.073046 -0.043050 -0.012120 -0.083386 0.142750 0.072018 -0.099706 0.024891 -0.115247 0.068165 0.114579 -0.077479 -0.032698 0.040182 -0.034247 0.081431 -0.057067 -0.049590 0.024044 -0.094009 -0.095186 
-0.039161 0.070468 -0.020727 -0.055344 -0.138528 -0.155972 0.065906 0.045087 0.189703 -0.015751 0.179634 0.080189 0.126152 -0.030153 -0.015959 0.082548 -0.019759 0.133524 -0.014270 -0.084193 0.039795 -0.009412 0.035602 -0.034694 0.031368 0.013649 0.011149 -0.042765 0.000068 0.081805 0.002082 0.008698 
0.047754 0.040435 -0.069783 0.034304 -0.000472 0.085015 0.004801 0.069478 -0.024497 0.002276 -0.040223 0.010036 0.065810 0.046333 -0.095723 -0.082928 0.001831 0.073451 -0.057527 -0.100234 -0.096277 0.131420 -0.030363 0.137881 -0.018094 0.090032 -0.127663 0.078951 0.047489 0.052962 0.052195 -0.050504 
-0.069926 0.015031 -0.154996 -0.122788 0.010631 0.031620 0.073914 0.104113 0.097886 -0.111981 -0.064540 0.075457 0.040666 0.008897 0.047347 -0.068535 -0.144547 -0.100369 -0.065151 -0.077148 -0.047775 0.042695 -0.029518 0.013749 -0.037174 -0.014779 -0.030897 -0.053601 -0.141135 -0.163990 -0.003583 -0.041638 
0.023235 0.007945 -0.109885 -0.066187 -0.101751 0.051933 -0.114117 -0.096774 -0.071743 -0.019189 0.024613 -0.121895 -0.186858 0.073504 -0.144797 -0.026909 0.041729 -0.016715 -0.018183 -0.150335 0.142599 0.104727 0.118069 -0.056080 -0.018966 -0.044793 -0.082612 0.009514 -0.057778 -0.127600 0.030157 0.037927 
0.050209 -0.123078 -0.031429 0.060778 -0.086389 -0.048570 0.078605 0.033812 0.101765 -0.006174 0.143443 0.123654 -0.125198 -0.047997 -0.104014 0.046722 0.041985 0.079973 0.103362 -0.025476 0.060550 0.069624 0.091897 -0.135669 0.059790 -0.054468 -0.033641 0.098388 -0.011499 -0.087151 0.121029 -0.140719 
-0.047575 0.122286 0.073666 0.057271 -0.081550 -0.053115 -0.010588 -0.106525 0.088106 -0.071505 -0.026082 -0.113741 -0.027762 -0.045712 0.080479 0.053150 -0.026277 0.093911 -0.080339 -0.103417 -0.016622 -0.092932 -0.116316 -0.109076 0.040735 -0.050340 -0.040460 0.130587 0.003292 0.121894 0.007954 0.004808 
0.112671 0.132488 -0.072761 -0.054342 -0.043915 0.031131 -0.050733 -0.040677 0.110071 -0.011453 -0.030017 -0.100752 0.112654 -0.085937 -0.050082 -0.087665 -0.024627 0.013898 -0.070065 0.074407 -0.017210 -0.009239 0.023352 -0.073615 -0.075450 0.094502 -0.063390 -0.004964 0.069162 -0.030097 -0.023113 0.030554 
-0.033819 -0.017875 0.052366 -0.041886 -0.082794 -0.142868 0.076580 -0.096884 -0.015592 -0.092051 0.024611 -0.012878 -0.006160 0.044849 0.058753 -0.031239 -0.105152 -0.127682 -0.086230 0.071076 0.021506 0.095168 0.059867 0.036919 0.080339 0.053782 -0.024412 0.011629 -0.076229 0.033324 0.020707 -0.090534 
-0.136134 0.088342 0.085704 -0.107403 0.017709 -0.112505 -0.032108 -0.020166 -0.050667 0.112669 0.111200 0.131032 0.019029 0.021804 -0.118097 0.001681 0.063457 -0.068118 -0.033602 -0.025714 -0.134365 -0.069286 -0.119896 0.162097 0.074002 -0.028724 0.056213 -0.135155 -0.172014 0.050379 -0.097005 -0.107108 
0.014976 0.052431 -0.094805 0.016647 0.113514 0.030845 0.118172 -0.038515 -0.113810 0.092084 0.028771 0.058573 -0.000003 0.064357 -0.062318 -0.050881 -0.074889 -0.010030 0.030967 -0.091933 -0.003818 0.086786 -0.092130 0.015727 -0.036835 0.037085 0.000055 -0.056352 0.001350 0.067010 -0.033704 -0.021874 
0.016509 0.112958 0.184306 -0.244058 -0.299335 0.130169 -0.171853 -0.292848 
0.000312 -0.166773 -0.233363 -0.133015 -0.073241 -0.034106 -0.184628 -0.118115 
0.124513 0.004461 0.062916 -0.126628 0.188844 0.303833 0.239013 -0.275661 
0.201397 0.028130 0.021299 -0.071710 -0.202554 -0.050214 0.031455 -0.011053 
-0.161269 -0.137710 0.133877 -0.201036 -0.160654 -0.128069 0.089359 0.144323 
0.002478 -0.030663 0.023435 0.266616 0.187953 -0.182132 -0.097100 0.040060 
-0.233524 0.252349 0.214027 0.103301 0.058607 0.115292 0.194970 0.065430 
-0.181873 0.006361 0.068983 0.047878 0.089975 -0.132797 -0.138322 -0.000540 
-0.022192 0.222135 -0.143355 -0.054085 -0.120982 0.206362 -0.121848 0.232077 
0.034512 0.107418 0.125488 -0.268741 -0.190830 -0.215411 0.088664 -0.183831 
0.100064 0.205059 -0.231549 -0.082749 -0.080378 0.148462 -0.168322 0.147705 
0.006317 0.224436 -0.076918 -0.230746 0.228671 -0.110338 0.072090 -0.270518 
-0.159998 0.098083 0.003419 -0.236731 0.086902 0.133177 -0.144470 0.024666 
0.044918 0.116547 0.133180 0.201644 0.075812 0.048395 -0.197668 0.123381 
-0.233167 -0.126982 -0.056547 -0.133064 0.009606 0.089389 -0.025305 0.019566 
-0.113584 -0.082818 -0.046414 -0.004755 -0.060505 -0.121335 0.055975 0.191733 
0.091849 0.110317 0.082653 -0.081094 -0.040276 0.051967 -0.016732 -0.112691 
-0.025366 -0.019358 -0.165782 -0.017490 -0.260712 -0.038160 -0.195997 -0.075992 
-0.168709 0.055678 0.044500 -0.180162 0.047829 0.151891 0.215329 0.166422 
-0.121513 -0.129062 -0.019641 0.037612 -0.049394 0.201922 -0.235896 -0.118238 
-0.067884 0.071160 0.209157 0.090014 -0.197195 -0.059333 0.048344 0.265398 
0.014639 0.157551 -0.064350 0.129416 0.274975 0.001261 0.209507 0.025508 
-0.000629 -0.158178 0.162043 0.230238 -0.042088 -0.034770 0.084069 0.052537 
-0.254418 0.225072 -0.108055 -0.007736 0.079857 -0.050833 -0.108475 -0.148533 
0.148827 -0.188096 -0.038473 -0.015838 -0.029893 -0.060788 -0.097333 -0.002099 
-0.328218 0.141686 -0.152062 0.190786 -0.185647 -0.191010 -0.175414 0.090529 
-0.034545 -0.144303 -0.191653 -0.187745 0.027365 0.216022 0.084443 0.125437 
0.091095 -0.298824 -0.033846 0.162406 -0.119899 -0.088634 -0.030130 -0.135518 
-0.019398 -0.142556 -0.023622 0.194495 -0.003125 0.142652 -0.183047 -0.106825 
0.096610 -0.074088 -0.014582 -0.004817 -0.014371 0.131033 -0.053810 -0.192961 
0.161419 0.118372 -0.074099 -0.126206 -0.146565 0.164992 -0.289440 -0.084780 
-0.297480 -0.080926 0.237895 -0.086396 0.011856 -0.010642 0.045962 -0.047905 
0.179006 -0.406322 -0.168505 -0.261064 0.425999 0.065985 0.100729 -0.010390 0.352788 -0.351870 -0.296917 -0.331519 0.371443 0.050074 -0.245072 0.206786 -0.265063 -0.008239 -0.252574 0.219436 0.018700 -0.330329 -0.448106 -0.005202 0.018049 -0.510107 0.228327 -0.109967 -0.034968 -0.283111 0.175913 -0.028916 0.197275 0.234674 -0.009730 0.135081 -0.056060 0.209753 0.191946 
-0.088821 -0.286559 0.311308 0.124461 -0.349371 -0.225948 0.275220 0.476509 -0.080574 -0.322803 -0.633904 -0.274540 0.077888 -0.191243 -0.297984 -0.528934 0.260614 -0.268439 0.297580 -0.305480 0.373448 0.575358 0.479592 -0.225316 -0.309301 0.509448 0.140757 -0.263770 0.048789 0.299284 0.269349 0.101655 0.197275 -0.171516 0.203482 -0.139964 0.006223 -0.233236 0.071919 
-0.393428 -0.195449 -0.159319 -0.162524 0.252884 0.090687 0.121946 0.460595 0.047188 0.417049 -0.028583 0.182609 0.272299 -0.013671 0.141521 -0.351555 0.221828 -0.032002 0.193068 0.270516 -0.301988 0.014632 0.083258 0.299265 0.114033 0.285248 -0.268145 -0.368795 0.022831 -0.304236 -0.172338 -0.013258 0.234674 -0.171516 -0.012027 -0.118765 0.194838 -0.099224 -0.128626 
0.292547 0.053267 0.356293 0.055734 0.122993 -0.029866 -0.147340 0.100531 -0.295702 0.355274 -0.034596 0.276936 0.360345 0.427978 -0.000174 0.131610 0.322200 -0.197635 0.421892 0.316448 0.485164 -0.322640 -0.162697 0.171802 0.099597 -0.214224 0.317430 0.341432 -0.144621 -0.137793 -0.210113 -0.163446 -0.009730 0.203482 -0.012027 -0.141585 0.343241 -0.151980 -0.353626 
0.283619 0.383472 0.112140 0.314111 0.283708 0.176606 -0.222826 0.095697 -0.149022 0.267371 -0.151263 -0.339827 -0.015012 0.047696 0.026943 -0.210110 -0.480639 -0.091516 0.347267 -0.378862 0.334147 -0.236952 -0.114488 -0.293629 -0.303666 0.070392 -0.408028 0.403876 -0.309547 -0.343787 -0.338820 -0.402720 0.135081 -0.139964 -0.118765 -0.141585 -0.067679 -0.179678 -0.124289 
0.142212 0.382332 -0.092028 0.114805 0.014878 0.441323 -0.478262 0.155345 0.177641 -0.111933 0.030016 0.428147 -0.017875 0.245687 -0.163437 0.076260 -0.476227 0.347333 0.189255 0.403774 -0.263495 0.459525 -0.342901 -0.287473 -0.342039 0.373239 -0.258834 -0.337518 0.417251 -0.219888 0.168789 0.071611 -0.056060 0.006223 0.194838 0.343241 -0.067679 0.100073 0.296883 
-0.384089 0.050275 0.245600 -0.323585 -0.297764 0.120273 0.028269 0.255596 0.145591 0.079353 -0.226716 0.108026 -0.022432 -0.248366 0.329784 0.131762 -0.237303 -0.129054 0.210331 -0.165006 0.000902 -0.513541 -0.319419 0.381173 -0.178065 0.167041 -0.469227 -0.274984 -0.409010 -0.363147 -0.271256 -0.265713 0.209753 -0.233236 -0.099224 -0.151980 -0.179678 0.100073 -0.183277 
0.027120 -0.097226 0.482777 -0.335229 0.239947 -0.219555 0.400627 0.025394 -0.145352 -0.079998 0.021344 0.561197 0.359687 0.045742 0.432786 0.314965 -0.467650 0.194598 0.298749 -0.319872 0.376674 -0.257824 0.049543 -0.269271 0.326721 0.461744 0.300706 0.161798 0.280968 0.465830 -0.196884 -0.080647 0.191946 0.071919 -0.128626 -0.353626 -0.124289 0.296883 -0.183277 
-0.204927 -0.107016 -0.103066 0.235895 -0.201598 0.150717 0.235405 0.197231 0.123799 0.116281 0.192382 -0.076078 0.135283 -0.116935 0.053119 0.191328 -0.151901 0.079398 0.136560 0.121290 -0.159025 0.153549 0.086899 0.076092 -0.168174 -0.035932 -0.023490 -0.059351 0.041127 -0.175413 -0.037665 -0.057168 -0.159970 0.048230 -0.046971 -0.207676 -0.011228 -0.022978 -0.040073 0.051827 -0.107752 -0.064217 -0.080737 0.161092 -0.051885 0.148619 0.135962 -0.095498 -0.097032 -0.000126 -0.189758 0.134466 -0.026353 -0.157792 0.121714 -0.042446 -0.028888 -0.074792 0.187593 0.173626 -0.005202 -0.147237 0.014467 0.046627 
0.065049 -0.237904 0.201375 -0.183218 -0.030531 -0.238049 -0.092614 0.197443 0.024953 0.033187 0.028780 0.080935 0.113526 0.004154 -0.058249 -0.033276 0.106759 -0.004501 -0.200887 -0.111009 -0.088489 0.183774 0.137793 0.089603 0.123462 0.025566 -0.016663 -0.125522 0.219518 -0.151110 0.165217 0.014505 -0.250979 0.155136 0.085436 -0.047924 0.213311 -0.113401 0.061084 -0.058842 -0.102393 -0.192715 -0.156035 0.177589 -0.082137 -0.141840 0.194726 -0.106177 -0.037891 0.138965 -0.026035 0.195461 0.085731 -0.072115 0.042743 -0.034893 -0.181000 -0.016487 0.038170 0.138317 -0.050666 0.042080 0.064238 0.049575 
-0.111983 0.000726 -0.127367 -0.086887 0.082402 -0.042188 0.042197 0.018060 -0.008234 0.007445 0.045237 0.122688 0.071058 0.033402 -0.149380 -0.123338 -0.035944 0.031632 -0.093749 -0.195334 -0.213123 0.120570 0.125914 -0.221900 0.195079 0.104755 -0.088235 -0.090010 0.051133 0.137269 0.090932 0.156105 -0.188585 0.161106 -0.136057 0.130622 -0.085004 0.050918 0.164891 0.261113 -0.031283 0.021361 0.090569 -0.106298 0.182772 0.036196 -0.064711 -0.156514 -0.071980 -0.112160 -0.075787 -0.019925 -0.132104 0.110871 0.089601 -0.250523 0.082574 0.165219 -0.059154 -0.181128 0.016531 -0.086565 0.143821 0.064162 
0.194699 -0.179797 0.055151 -0.118325 0.111768 -0.005450 0.143712 -0.049672 0.065999 0.007070 -0.092466 -0.078081 -0.060667 0.036766 0.062033 0.143033 0.155988 0.168058 -0.117970 0.112728 0.032165 0.188664 -0.208772 -0.057827 0.141816 -0.074106 -0.008601 -0.080784 -0.002068 -0.099160 -0.115656 -0.047512 -0.062746 0.208333 0.062786 -0.165531 -0.007690 0.083444 0.025743 0.238944 -0.074211 0.080296 -0.070326 0.022178 -0.105486 0.099930 -0.119935 -0.169156 0.011228 -0.057858 -0.247546 -0.056260 -0.129028 -0.216297 0.025875 0.114128 -0.066878 -0.154521 -0.125681 -0.092612 0.002576 -0.041113 0.010397 0.104622 
-0.069037 0.007884 -0.136483 0.126793 -0.113977 0.047286 0.115012 -0.006523 -0.013806 -0.155968 0.164077 0.168624 0.147737 0.161054 0.100572 -0.058110 -0.137370 0.157093 0.077357 -0.036520 0.116530 -0.070768 -0.133004 -0.019092 -0.119108 0.051659 -0.057125 0.080761 0.195430 -0.143182 0.001624 -0.074273 0.009992 0.007613 -0.182493 0.060930 -0.125647 0.067195 -0.087008 0.053500 0.059548 -0.105682 -0.041307 0.037394 -0.151524 -0.108381 0.193624 -0.094295 -0.189222 0.020330 0.047917 -0.129945 0.166133 0.117958 0.084092 -0.076504 -0.047934 -0.117078 0.186864 -0.115018 -0.102891 -0.103033 0.034535 0.134332 
0.147765 -0.029380 0.059583 -0.179001 -0.088978 0.079768 0.022509 0.256007 0.198045 -0.188831 0.039880 -0.135657 -0.056163 0.047550 -0.024185 0.030071 -0.168058 0.213033 0.023453 -0.153958 0.061704 -0.093279 -0.049256 0.189629 -0.080850 -0.133972 -0.183888 0.057181 0.024959 0.024097 -0.005626 -0.080441 -0.157404 -0.127066 -0.060678 -0.075739 0.171577 -0.147366 -0.080175 0.103384 -0.137836 0.084951 0.136979 -0.008409 -0.113685 -0.107438 0.144109 0.002455 -0.134467 0.003640 0.018393 0.178233 0.043094 0.112291 0.097212 0.181795 -0.179608 0.161263 0.001488 -0.017783 -0.014969 -0.222495 0.150796 0.063285 
-0.185037 -0.032845 0.130304 0.180054 -0.024893 -0.074368 0.147148 -0.153013 -0.185573 0.112575 0.143917 -0.042422 -0.229324 0.042164 0.086987 -0.182400 -0.098146 -0.104385 -0.113904 0.128856 -0.024435 0.091006 0.143009 -0.101354 0.150263 0.021439 0.177031 -0.058613 -0.049151 0.117298 0.129318 0.056399 0.220090 0.057715 0.010320 0.033144 -0.205289 -0.052924 0.077756 -0.105659 -0.137033 0.089809 0.038772 -0.167043 0.064763 0.015000 -0.083394 0.051637 0.200979 -0.012410 0.041576 -0.151074 -0.005374 -0.066073 0.015413 -0.056835 0.101346 -0.062979 0.120858 -0.152154 -0.140358 0.134940 0.029499 -0.198969 
-0.013915 -0.209398 -0.052040 -0.068220 -0.022193 -0.083403 0.040170 -0.013765 0.115160 -0.122483 0.065322 -0.215637 0.026901 0.252575 0.102278 0.073003 0.018880 -0.105530 0.138256 -0.249153 0.028336 -0.045817 0.016381 -0.169250 0.240148 -0.175902 -0.046579 0.178994 0.088995 0.225762 -0.216592 -0.019191 0.192901 0.027889 0.052382 0.015231 0.031909 -0.004589 0.121933 0.011182 0.069761 0.055846 0.077590 -0.020501 0.023482 -0.126957 0.142552 0.234250 -0.040708 0.146655 0.207416 0.167094 -0.198307 -0.064444 -0.232914 0.136210 -0.018987 -0.073514 0.085761 -0.103994 -0.130276 0.126375 -0.055476 -0.139369 
-0.018159 -0.052707 0.067398 0.180506 0.121294 0.003617 -0.062787 0.125410 0.172579 0.115154 -0.115302 -0.026424 -0.144618 -0.182778 -0.026947 -0.033315 0.112143 -0.015972 -0.129053 -0.116132 0.169086 -0.079250 0.158748 -0.026153 0.058250 0.147071 -0.058095 0.142821 0.053610 -0.095736 -0.110443 -0.120123 0.086680 0.050107 -0.174911 0.070565 -0.048728 -0.027026 -0.151572 -0.181856 -0.122295 -0.115660 0.062091 -0.110685 -0.073500 -0.067143 -0.010067 -0.013044 0.043635 0.177547 -0.067432 0.023754 -0.123198 -0.008409 0.046595 0.190917 -0.102055 -0.122948 0.168397 0.103855 -0.030433 -0.185036 -0.156041 0.216987 
0.073750 -0.130273 0.013105 -0.153178 0.025915 0.029864 -0.018543 0.072317 0.157296 -0.110328 -0.259433 -0.081135 -0.056855 0.080639 -0.021436 0.121009 0.102470 0.001267 -0.041569 0.140214 0.139987 0.207221 0.200467 -0.160669 -0.183130 0.026976 0.169427 0.073126 0.214131 -0.199484 0.026502 0.127647 -0.188563 0.227958 0.236563 0.031969 0.029708 -0.080849 0.016407 -0.023420 0.071828 0.036201 0.179544 0.187180 -0.166545 -0.116007 0.202092 0.037310 -0.194862 -0.128538 0.107506 -0.199316 -0.101773 0.061726 -0.085677 -0.066123 -0.049348 -0.085006 0.074105 -0.121375 -0.238110 -0.024672 0.120122 -0.082425 
-0.024754 0.136128 0.209454 0.180540 -0.106172 -0.123530 -0.011412 0.054703 0.127980 -0.055973 -0.007017 0.208142 0.090488 0.003238 0.066345 0.119112 0.034706 -0.033697 -0.163888 0.162674 -0.161660 -0.111148 -0.077353 0.070622 -0.163692 -0.161434 0.085190 0.047932 0.059956 -0.032272 0.177640 0.130036 -0.106317 0.136510 0.258600 -0.077067 -0.093022 0.013076 -0.109588 -0.200905 0.159153 0.013553 -0.189370 0.073307 -0.124305 0.106635 0.139897 -0.229056 -0.040124 0.036580 -0.145309 -0.080976 0.258018 -0.075320 0.220412 -0.064571 -0.057919 0.111632 0.098010 0.198861 -0.089076 0.099934 0.208628 0.042208 
0.019454 0.140372 0.252403 0.145379 -0.162024 -0.262028 -0.120367 -0.157960 0.142005 -0.168759 0.027850 -0.134207 -0.103126 -0.008516 -0.111658 -0.053803 -0.164589 -0.196585 0.145255 -0.228865 0.017821 0.201566 -0.062124 -0.159606 -0.018058 -0.148514 -0.206270 0.118219 0.229341 0.206712 -0.022116 0.074903 -0.028217 0.002000 0.099767 0.090220 -0.098806 -0.010352 0.292224 -0.155747 0.064237 0.090790 -0.054214 0.119589 -0.143058 0.041079 -0.047175 -0.065352 0.072801 -0.230788 0.018340 0.034121 0.256643 0.161549 0.178627 -0.086407 0.182445 0.191442 -0.116790 0.189828 0.068485 0.052061 0.041775 0.039874 
0.125849 0.211628 -0.091764 -0.036455 -0.000490 -0.067264 0.091124 -0.199735 -0.158965 0.120467 0.167976 -0.054968 -0.014166 -0.073202 -0.036225 -0.053965 -0.154121 0.116249 0.262845 -0.192504 -0.009917 0.043970 0.036299 -0.031508 0.017405 0.197442 0.009091 0.007347 0.063455 0.191360 0.081511 0.029518 0.098455 -0.101370 0.100340 -0.085937 -0.121371 -0.034402 -0.010362 0.080458 -0.124357 -0.018322 0.071207 0.080667 -0.007825 -0.210098 -0.048437 -0.009777 -0.250639 -0.132889 0.134659 0.023808 0.159893 -0.105233 -0.043506 -0.053661 -0.069943 0.118440 0.102135 0.117392 0.035493 -0.053900 -0.057045 -0.060869 
0.001922 -0.094438 0.084467 0.173246 -0.032191 -0.102388 -0.014833 0.128637 -0.013511 0.121912 -0.022547 0.154850 0.224802 0.095816 -0.048076 0.174719 0.154920 -0.163623 0.058747 0.063695 -0.125263 0.170313 -0.206904 0.001009 0.009918 0.095458 -0.093769 -0.054959 -0.082193 0.011075 0.108517 0.040133 0.022803 0.081806 0.031937 -0.190584 0.049038 0.087097 -0.107539 -0.085074 0.001615 0.049119 0.163713 0.025634 -0.130142 -0.078631 0.037928 -0.152577 -0.132941 0.141764 0.127675 0.099228 0.141175 -0.146719 0.021353 -0.061314 0.125702 0.102634 0.054172 0.247849 -0.065757 -0.090621 0.080253 -0.139343 
0.070831 -0.072768 0.031094 0.032875 -0.155857 -0.147662 0.078563 0.018870 0.176089 0.069383 -0.149908 -0.081964 -0.150428 -0.007539 -0.068011 -0.065970 0.001708 -0.177116 -0.080425 -0.054476 -0.031180 0.090789 0.153995 -0.116073 -0.130688 -0.075547 -0.158257 0.056182 0.178193 0.150427 0.129728 0.123422 -0.174688 -0.160387 0.016879 -0.053413 -0.013532 -0.162473 0.203123 -0.095331 0.213647 -0.105721 0.115186 -0.111769 0.094549 -0.114258 0.066701 -0.107642 0.004414 -0.223464 0.069449 0.110851 0.119558 -0.036977 -0.106440 -0.164658 0.042431 -0.046058 0.089015 -0.186657 -0.211438 0.094844 0.137146 -0.037808 
0.050930 -0.086859 0.045442 -0.030067 -0.117246 -0.143796 0.052642 -0.094056 -0.031834 -0.075230 -0.063708 -0.029588 0.033454 0.113724 -0.133066 -0.227251 -0.220438 0.082334 0.124720 0.198634 -0.215847 -0.153116 -0.181088 0.045100 -0.197887 0.218930 -0.015924 0.000216 0.082698 -0.034623 0.159045 -0.133429 -0.025709 -0.120142 -0.015239 0.064145 0.032364 0.160677 0.156364 -0.194451 -0.077967 -0.166129 -0.195969 0.103040 -0.156523 -0.035834 0.126148 -0.124168 -0.160777 0.006298 -0.124388 -0.123839 0.157207 -0.089147 0.129784 -0.115035 0.249537 -0.028645 0.107032 -0.023151 0.105760 -0.025544 0.198552 0.008530 
0.109460 -0.096362 -0.277020 -0.026286 -0.108721 0.329527 0.063016 -0.154152 0.067360 0.122441 -0.244115 -0.238361 0.114689 -0.211473 -0.114873 -0.199680 0.305025 -0.188022 -0.038167 0.041670 0.045219 0.108510 0.004892 -0.077128 -0.061398 -0.153105 0.278082 0.209182 -0.002326 -0.005517 -0.144070 0.097501 0.157836 -0.072063 0.288073 0.144317 -0.211382 -0.030983 -0.144779 -0.219384 0.115145 0.070173 -0.078665 0.022582 -0.017166 -0.015213 0.091172 -0.104369 0.141509 0.214017 0.108721 -0.179171 0.073594 0.032357 0.091070 0.204367 0.087387 -0.010663 0.154368 0.140085 -0.117221 -0.037866 -0.250553 -0.239454 
-0.031312 -0.131886 -0.078452 0.019712 -0.054587 -0.126815 0.050391 0.031955 0.157383 0.105536 -0.115092 -0.072591 0.001966 -0.188388 0.046710 -0.091640 0.127701 -0.055817 -0.055625 0.086281 0.165119 -0.048543 0.053344 0.116863 0.106451 0.022131 -0.126694 -0.133895 0.087425 0.087804 0.004307 -0.114183 0.084594 -0.015735 0.082858 -0.059640 0.146218 -0.061914 0.166627 -0.028537 -0.084581 -0.201084 -0.167902 0.064881 -0.190816 0.114605 0.093881 0.205589 -0.145230 -0.094287 0.081985 -0.101663 0.038127 0.050794 0.157254 -0.083005 0.196094 -0.041996 0.043450 0.069681 0.182032 -0.159164 0.160045 0.198118 
-0.039904 -0.042575 -0.070340 -0.116747 0.128968 0.124980 -0.169564 -0.122504 0.202396 -0.186504 0.106989 0.114309 0.111801 0.104283 0.169521 0.180038 0.133503 0.049556 0.164796 -0.111063 -0.183550 0.121016 0.208699 -0.217201 -0.073774 0.002970 0.081253 0.160679 0.146404 0.096562 0.067216 -0.057483 -0.194669 0.252526 -0.006982 -0.178519 0.172496 0.038503 -0.021037 0.254302 0.123055 0.239705 0.213937 0.107157 0.054541 0.069726 0.027866 0.014451 -0.051554 -0.045791 0.176028 0.060565 -0.159831 0.120266 0.033540 -0.206024 0.007043 0.000084 -0.225052 -0.091797 -0.213085 0.089185 -0.050072 -0.137206 
0.194096 -0.081042 -0.171340 0.154865 0.107247 0.018543 0.155756 0.097418 -0.078293 0.065213 -0.141572 0.149106 0.035954 0.116486 -0.055365 0.173535 -0.079248 -0.066443 0.066472 -0.080647 -0.057961 -0.105118 -0.145325 0.153472 0.011462 -0.081000 -0.179110 0.139558 -0.118908 -0.017620 0.071041 -0.121364 0.083777 0.162260 0.217216 -0.046115 -0.168506 0.065969 -0.157706 -0.094882 -0.178454 -0.051371 -0.058645 0.006610 -0.225595 0.081275 0.090841 -0.040980 -0.176655 -0.091568 0.083683 0.005016 -0.028837 0.230263 0.020744 0.218724 -0.043785 -0.013755 0.051337 0.142397 -0.192271 -0.150391 0.104734 0.067895 
-0.251057 0.061288 -0.093338 -0.034280 -0.106944 0.031309 0.217074 -0.039352 0.102262 0.005310 -0.085778 -0.140071 -0.048973 0.102713 -0.014094 -0.026809 0.265733 -0.167627 0.169997 -0.071017 -0.206509 -0.007881 -0.107303 -0.121190 0.128162 0.143351 -0.111589 0.001913 0.184584 0.176070 -0.038103 -0.166732 0.003308 0.091228 -0.113752 -0.217506 -0.125934 -0.125801 0.092144 0.313214 0.079639 0.236672 -0.081555 0.187674 0.137838 0.024826 -0.099609 0.029471 0.016918 -0.145313 0.092111 0.107325 -0.063569 -0.126282 -0.044607 -0.205484 0.196596 -0.006897 0.126894 0.121366 -0.018908 -0.056046 0.051265 -0.130277 
0.311942 -0.182230 -0.106801 -0.170322 -0.048203 0.155467 0.151405 -0.024794 0.035319 -0.165198 -0.128737 -0.290495 0.101577 -0.073874 0.151369 0.063398 0.082929 0.080383 -0.217589 -0.268415 0.203626 -0.028846 -0.224257 0.063577 0.374983 -0.278862 -0.034139 -0.142574 -0.257646 -0.026681 -0.069497 -0.139797 0.080030 0.108591 -0.126428 -0.128947 0.087697 -0.038905 -0.054053 -0.180154 -0.112446 -0.102949 -0.149561 0.136770 0.124807 0.250894 -0.156902 0.121175 0.118134 0.029899 -0.083807 0.051321 0.071527 0.096752 0.120940 0.080197 -0.007537 -0.087258 -0.155315 0.310005 0.245603 0.057307 -0.161029 -0.032853 
0.007062 0.047411 -0.054526 -0.158168 0.126238 0.134532 -0.088660 -0.198249 -0.123202 0.019714 -0.156461 -0.241351 -0.060208 -0.068873 0.051607 0.132012 0.188464 -0.235007 -0.109311 -0.018095 0.161276 -0.105326 -0.090698 -0.076492 0.089952 -0.073918 0.070340 -0.176337 -0.203411 0.126012 -0.036518 0.113829 -0.018044 0.112725 0.167651 -0.031478 0.030043 -0.161138 0.058144 0.120918 0.051915 0.132855 0.197525 0.141017 0.001793 0.107837 0.085117 -0.153748 0.197921 -0.135525 0.005586 0.003372 -0.074093 0.128276 -0.160272 0.048013 -0.116545 0.006277 -0.177418 -0.011733 -0.011760 0.123741 -0.223403 0.053860 
-0.008129 0.168626 -0.185619 -0.184221 0.270464 0.055869 0.074281 -0.070975 -0.034295 0.081847 -0.074080 0.097059 -0.126750 -0.074509 0.011784 -0.177789 -0.048137 -0.123402 0.162480 0.084524 -0.111530 0.041894 0.106110 -0.000779 -0.059072 0.019199 0.157759 0.272488 -0.023750 0.045267 0.042411 0.103520 0.101798 0.073285 0.157178 0.101046 -0.089552 0.026139 -0.231334 0.082453 -0.074718 -0.020532 0.016486 0.019590 0.052990 -0.185349 0.224906 -0.159820 0.001434 0.131196 0.231485 -0.086435 0.106465 -0.023295 0.120130 0.050183 -0.136144 0.015814 -0.089898 -0.043412 -0.145838 0.150879 -0.124422 0.089911 
0.034175 0.201512 0.025380 -0.071724 -0.039760 0.019729 0.209790 -0.091979 -0.173578 0.022287 -0.133469 0.197322 0.069481 -0.143506 -0.226859 -0.184110 -0.161808 -0.278048 0.159976 0.126316 0.007953 0.036044 -0.152346 0.113766 -0.162212 -0.055820 -0.050848 0.109461 -0.070535 -0.091858 0.081242 0.142607 -0.130553 -0.119965 0.272455 -0.024719 0.049091 0.154051 0.168977 0.121440 -0.022946 -0.086302 0.085212 -0.130623 0.000282 0.127540 0.068217 -0.054881 0.135519 -0.086766 0.007008 -0.103882 -0.022000 -0.004398 0.019716 0.037767 0.099966 0.043159 -0.038146 0.163429 0.125526 0.205432 0.122953 -0.170472 
-0.147219 -0.018728 0.091477 -0.327600 -0.020690 -0.150751 -0.267560 0.131268 0.154402 -0.013610 -0.090178 -0.290536 0.026969 0.188876 0.100316 0.111254 -0.185014 -0.236364 -0.126807 -0.243415 0.029869 0.063089 0.244554 -0.195991 0.005419 -0.208180 -0.180960 -0.196827 -0.131567 0.261059 -0.125137 -0.006370 -0.108282 0.172731 -0.099280 0.198533 -0.084006 -0.096519 0.271630 0.169873 -0.105913 -0.141789 0.259817 0.160423 0.217431 0.048661 -0.000565 0.229348 0.150245 0.057267 0.011022 -0.032906 -0.080668 -0.114754 -0.097103 -0.209053 -0.092288 0.036110 -0.138333 -0.056201 -0.100305 0.105235 0.044983 0.016926 
-0.036372 0.301991 -0.076114 0.153337 -0.157837 0.021095 0.130716 -0.198019 -0.135473 0.029487 -0.191236 -0.098669 0.217786 -0.006076 -0.191038 -0.024929 0.060968 -0.150453 0.148053 0.094627 0.014831 -0.110601 -0.291203 -0.229735 0.004177 0.092681 0.010869 0.078304 -0.135250 -0.181414 -0.041398 0.100503 -0.157709 0.068966 0.030785 -0.162447 -0.269996 0.075277 0.062284 -0.045706 -0.206969 0.122888 -0.042261 0.122217 0.014443 0.090616 0.062367 0.075579 -0.204761 -0.087428 0.010585 -0.005629 0.119369 0.117151 0.215109 -0.148923 -0.026812 -0.097769 0.244970 0.190782 -0.013374 -0.036003 -0.026339 -0.078463 
-0.247407 0.115958 0.053843 -0.094678 -0.041769 -0.070666 -0.004382 -0.055856 -0.201960 0.167954 -0.082713 0.086139 0.031412 0.107618 -0.086020 -0.035313 0.026148 0.110292 -0.092976 0.208329 -0.084121 0.205806 -0.185666 0.098331 -0.226876 0.218576 0.015489 -0.049479 -0.018551 0.042062 0.159007 -0.150913 -0.039134 0.019993 -0.061328 -0.271212 0.109411 -0.007484 0.030393 0.176664 0.010283 0.177500 -0.089214 0.173014 0.116242 0.013343 0.003378 -0.214722 -0.069050 -0.042662 -0.199802 -0.226494 0.038253 -0.129199 0.214197 0.044590 -0.073948 -0.009836 -0.108864 -0.015383 -0.072501 0.188810 0.052938 0.172829 
0.054813 0.157370 -0.125885 -0.015925 -0.112657 -0.029842 -0.082110 0.181983 -0.053530 -0.052676 0.097257 -0.155262 0.249071 -0.138028 -0.055431 0.006911 0.068616 -0.065216 -0.038725 -0.118771 0.033652 0.027440 0.020568 0.078395 0.175953 -0.175467 -0.219609 -0.157747 -0.251157 0.110045 -0.094825 -0.013896 0.008014 -0.104699 0.111079 -0.201524 0.055757 0.137787 0.237290 -0.227211 -0.140418 0.056693 -0.180349 -0.116590 -0.203447 0.081252 0.011748 0.139432 0.102406 -0.178145 0.143258 0.052018 0.068722 0.209084 -0.039407 -0.094963 0.152566 -0.053169 0.073493 0.217206 0.273419 0.102878 -0.008626 0.107618 
-0.175979 -0.090023 0.085058 0.133347 -0.264736 0.077181 0.168897 -0.157639 -0.062332 0.197042 -0.097589 -0.135527 0.012151 -0.279452 -0.133355 -0.131586 -0.017351 -0.289667 -0.018833 0.039403 0.207312 0.166892 -0.246813 0.027881 -0.078710 0.065870 0.009313 -0.300154 -0.077567 -0.141284 0.036686 0.069990 -0.117954 -0.110899 -0.002341 -0.099144 0.133650 -0.161369 0.103958 -0.128085 -0.154016 0.201814 0.073131 -0.037992 0.253524 0.271202 -0.050196 -0.078951 0.227241 -0.155303 0.037173 0.182285 -0.148548 0.223982 0.164140 -0.249741 0.044870 -0.044715 -0.116177 -0.071880 0.056713 0.187196 0.006615 0.106582 
-0.051696 -0.156573 0.097354 0.197050 -0.121708 0.065868 -0.063622 -0.102445 -0.039577 0.182079 0.057554 -0.039028 0.122710 -0.127227 0.026762 0.147647 -0.048833 -0.026753 0.086200 -0.032737 -0.120951 -0.053788 -0.095380 0.039238 0.242471 0.047559 0.059814 -0.030821 -0.155590 -0.104642 -0.181849 -0.050608 -0.025517 -0.195501 -0.062658 -0.045110 -0.008671 0.109838 -0.063524 0.172289 -0.024907 -0.218849 -0.099552 -0.077557 -0.109888 0.196936 -0.130410 0.091223 -0.068943 0.211616 -0.182427 -0.083336 -0.012035 -0.009047 0.054050 0.020130 -0.147033 -0.127286 0.169998 0.104566 0.085891 0.138784 -0.149635 0.040383 
0.238068 0.042908 0.142678 0.027494 -0.100194 0.043207 0.028141 0.063340 0.021962 0.166448 -0.122278 0.069597 0.119914 -0.053205 0.007579 -0.161687 -0.033394 -0.007574 -0.101863 0.085417 -0.082541 0.094378 -0.145909 -0.077617 -0.062071 -0.178078 0.160359 0.016537 -0.260454 0.169393 -0.129567 -0.155055 0.063039 -0.127500 0.058532 0.107264 0.056514 -0.101489 -0.000568 -0.092384 -0.194936 0.051165 -0.123248 0.097420 -0.102787 0.142040 0.134689 0.047249 0.008822 -0.094171 -0.036541 -0.029276 -0.130640 0.060561 0.079206 -0.099475 0.045981 -0.002400 0.115601 0.159623 0.080035 -0.148430 0.076676 -0.164426 
-0.212827 -0.203143 0.261973 -0.007160 -0.187959 0.146838 -0.157600 -0.140118 
-0.145858 0.085479 -0.118458 -0.263491 -0.205679 -0.171687 0.257725 0.258699 
0.002382 -0.333426 -0.137330 -0.065422 0.124054 -0.098263 0.035539 -0.048607 
-0.262642 -0.021258 0.104916 0.248551 -0.167249 -0.172491 0.313015 0.258274 
0.021094 0.113844 0.009879 -0.257449 -0.191611 -0.046523 -0.249095 -0.356346 
-0.039713 0.381632 0.370837 0.175479 -0.078311 0.098924 -0.058368 -0.011942 
-0.085956 0.162302 0.020952 0.124815 -0.209652 -0.003978 0.196678 0.265261 
0.093738 -0.342994 -0.037840 0.226412 -0.040222 0.122378 -0.030521 -0.255524 
0.108632 -0.173815 -0.222164 -0.000015 0.161974 0.215914 -0.266088 -0.102357 
-0.001187 0.181257 0.185642 0.053205 -0.062003 -0.105845 0.120360 0.130790 
-0.033600 0.022161 -0.320493 0.133987 -0.191816 -0.250843 -0.102491 -0.217115 
0.012308 -0.123773 -0.141018 -0.038517 -0.426682 -0.374840 0.182214 0.079682 
0.035172 -0.113801 0.084364 0.335227 -0.089166 0.145028 0.159552 0.144760 
0.221285 0.021977 -0.410994 -0.185849 -0.274823 0.043029 -0.065698 -0.167414 
0.102554 -0.034067 0.015474 0.032354 -0.013634 0.016690 -0.372093 -0.193067 
0.209169 -0.130111 -0.003246 0.194239 -0.130489 0.198435 -0.163999 -0.215658 
0.217393 0.230563 0.342269 0.211666 0.261227 0.352618 -0.023870 0.043821 
0.149233 -0.194019 -0.036436 0.263488 -0.438977 -0.311359 -0.187297 -0.345876 
-0.015646 0.183641 -0.189579 -0.073355 -0.402604 -0.001482 0.246458 0.062748 
0.027863 0.075864 0.274551 0.013183 -0.107344 -0.418697 0.402620 0.188726 
-0.239138 0.005895 0.226390 0.014335 0.269202 0.131165 -0.126282 -0.099077 
0.365834 -0.004445 -0.095107 -0.029342 0.095439 0.190278 0.132664 0.086775 
0.106329 0.068966 -0.301651 -0.335414 0.254083 0.002560 -0.280495 -0.284227 
-0.195951 -0.354668 0.265104 0.118814 -0.204805 -0.192605 0.079724 -0.063052 
-0.182737 0.136193 0.129891 0.382127 0.135891 0.271969 -0.332699 -0.295572 
0.054288 0.238774 -0.277359 0.184132 -0.072670 -0.355403 0.137819 0.239387 
0.017109 0.219694 0.306714 -0.309336 -0.363475 -0.269541 0.117824 -0.170414 
-0.170425 0.177135 -0.041627 -0.344126 -0.447471 0.098186 0.083472 0.001849 
0.292709 -0.087080 -0.457004 -0.249671 0.008725 0.011808 0.061112 0.111833 
-0.065538 0.123285 -0.385335 -0.202775 0.152066 0.139606 -0.092965 -0.139113 
0.140054 -0.134225 -0.214711 -0.205288 -0.094003 -0.203467 0.159757 0.229117 
-0.048491 0.135924 -0.036322 -0.301301 0.116729 0.078357 0.069505 0.154737 
-0.353011 0.225360 0.227113 0.054717 -0.017625 -0.037647 -0.172256 -0.057631 
0.325937 -0.025208 -0.139412 -0.097579 -0.051028 0.288772 -0.065726 -0.078545 
-0.034676 -0.099199 0.247035 -0.472709 -0.170259 0.096255 0.118648 0.244813 
-0.324706 0.182159 -0.034385 -0.215663 0.248715 0.034963 0.043207 -0.237450 
0.207507 -0.189008 -0.000311 0.233899 0.310252 0.038335 -0.110855 -0.127440 
-0.136608 -0.082977 0.021924 -0.027706 -0.316377 -0.154447 0.123119 -0.025942 
0.188667 -0.158623 -0.424919 -0.111374 0.376789 0.087127 0.065964 0.117704 
0.390675 0.233265 -0.369696 0.059502 -0.287784 -0.186786 -0.087530 -0.284028 
0.240831 0.036694 -0.044983 -0.247288 0.050924 -0.133347 -0.134498 0.043838 
0.204978 0.314599 -0.050666 0.008183 0.063474 0.074808 0.081496 0.137718 
0.121212 0.273274 -0.248351 -0.178349 0.247142 0.238454 -0.191439 -0.024347 
0.252015 -0.128630 -0.093796 -0.000722 -0.101211 0.004676 -0.088104 0.084766 
0.134580 0.362831 -0.187790 -0.105586 0.333951 -0.128309 -0.193971 -0.099345 
-0.124242 -0.114716 0.230445 0.269248 0.191357 -0.123807 -0.090343 0.168350 
0.063385 -0.150344 -0.041342 -0.208163 -0.210422 0.059085 0.025011 0.148562 
-0.258302 0.105049 -0.052918 0.184680 0.240204 0.165750 -0.258215 -0.232497 
-0.054213 0.157961 0.220275 -0.190576 0.484645 0.031710 -0.168830 -0.214089 
-0.087753 0.064644 0.226342 0.079188 -0.159824 0.042158 -0.201490 -0.267987 
-0.159590 0.181428 -0.241230 -0.313930 0.009748 0.239622 -0.043108 -0.001285 
0.027691 -0.050492 -0.167339 0.290690 0.226877 0.194044 -0.095619 -0.112374 
-0.076104 -0.324689 -0.047945 -0.166946 -0.280797 -0.131943 0.157507 0.233306 
-0.251972 -0.007550 0.115952 0.143497 0.332782 0.283332 -0.046825 0.274083 
-0.052816 -0.215920 0.002724 0.052769 -0.172521 0.039397 0.251385 0.253653 
-0.317185 -0.014441 0.495296 0.159086 -0.228587 0.088092 -0.195644 -0.165721 
-0.103836 0.079233 -0.142012 0.142328 0.217294 0.035245 0.258864 0.206414 
0.073529 -0.119265 -0.200458 -0.225644 -0.141039 -0.005490 -0.007596 0.017385 
-0.235258 0.127498 0.030504 0.237023 -0.106481 -0.092743 0.164723 0.260166 
-0.160967 -0.282991 0.278610 0.300065 -0.273366 0.170046 0.053349 0.233606 
-0.145448 -0.232461 0.150467 0.357322 -0.015086 -0.194121 0.040628 -0.087898 
0.079753 0.089575 0.002981 -0.326661 0.166467 -0.116562 0.040219 -0.019523 
0.058845 -0.324514 -0.327822 -0.114417 -0.086744 -0.183784 0.085263 0.191041 
-0.042626 -0.300135 0.020455 0.261201 0.175481 -0.033407 0.091283 0.012935 









0.000000 
0.000000 
0.000000 
0.000000 
0.000000 
0.000000 
0.000000 
0.000000 
0.324230 
-0.057219 
-0.092816 
0.094923 
0.273217 
0.206220 
-0.279323 
0.020478 
0.069141 
0.253269 
0.177353 
-0.155693 
-0.114762 
0.144726 
-0.332145 
-0.135269 
0.278847 
-0.017415 
0.217942 
-0.171135 
0.027711 
-0.173872 
0.400977 
0.256019 
-0.159409 
-0.127355 
0.135244 
-0.196056 
0.310945 
-0.142350 
0.093832 
0.237475 
0.143937 
0.291985 
-0.039967 
0.139961 
0.128507 
0.048380 
-0.201470 
-0.008080 
-0.073618 
0.342644 
0.176831 
0.170982 
0.145297 
0.092557 
-0.303395 
0.063991 
-0.194952 
0.218181 
0.165428 
0.172497 
-0.227846 
0.127939 
0.018540 
-0.110423 
-0.318425 
-0.237583 
-0.011448 
-0.321923 
0.030389 
-0.200021 
0.241627 
-0.162766 
-0.167225 
-0.057567 
0.235018 
0.071892 
0.065080 
-0.054859 
-0.091682 
-0.018842 
-0.152938 
-0.038670 
-0.182173 
0.111180 
-0.036765 
-0.048288 
-0.039952 
-0.103488 
-0.087437 
-0.073110 
0.041919 
-0.085697 
0.071173 
-0.018871 
0.044361 
-0.137777 
0.017413 
-0.130453 
-0.116617 
-0.065433 
-0.098924 
0.071775 
-0.236312 
-0.043891 
0.104627 
-0.165319 
-0.087620 
-0.051103 
-0.054420 
-0.100962 
0.206454 
-0.177938 
0.005442 
0.088803 
-0.155818 
-0.133143 
0.121434 
0.150083 
-0.221178 
0.195172 
0.324243 
0.334453 
-0.301389 
0.145386 
-0.221351 
0.128597 
0.358702 
0.027107 
0.101760 
0.341078 
0.017504 
0.254269 
0.167504 
-0.421910 
-0.153562 
-0.211020 
-0.257779 
-0.385310 
-0.257524 
-0.012079 
0.123356 
0.174277 
-0.327596 
-0.198431 
-0.097736 
-0.078055 
-0.062359 
-0.082614 
-0.180815 
0.091317 
-0.097894 
-0.021541 
-0.090918 
-0.027044 
-0.169087 
-0.027020 
0.192265 
-0.273346 
-0.042382 
-0.029831 
0.342870 
-0.204009 
-0.158366 
0.188026 
-0.031067 
0.048621 
0.047232 
-0.060003 
0.099277 
0.154306 
-0.313089 
-0.169180 
-0.013454 
-0.162336 
-0.087391 
0.190909 
0.064944 
-0.044013 
-0.167894 
0.157448 
0.212991 
-0.206910 
-0.128380 
-0.234881 
-0.097197 
0.036207 
0.183547 
-0.161800 
-0.046852 
0.050742 
-0.165797 
0.083440 
-0.032996 
0.068531 
-0.195656 
0.135277 
-0.259822 
0.330740 
-0.121859 
0.083866 
0.212009 
-0.225389 
0.192929 
-0.017875 
-0.157154 
-0.074097 
-0.147461 
0.191756 
-0.016109 
0.276626 
0.328092 
0.589678 
0.684379 
0.461477 
0.078670 
0.449476 
3.508000 0.094817 0.102596 
