-0.532495 0.121052 0.009423 -0.122760 -0.033402 0.260854 -0.068243 -0.257938 -0.175626 0.132499 0.032157 0.501794 -0.094365 0.687471 -0.165008 -0.027526 0.019185 -0.371852 0.056499 0.347298 0.279870 0.102181 0.183483 -0.383624 -0.146813 0.181397 -0.087102 -0.423792 0.213376 -0.483878 -0.364492 -0.442741 
-0.141643 -0.338159 -0.050713 -0.021744 0.313569 0.067916 -0.217068 -0.329340 0.165024 -0.438605 -0.431967 0.172628 0.248985 0.062738 -0.275984 -0.009773 0.158199 0.267630 -0.044300 -0.215116 0.150640 0.155523 -0.115167 -0.017442 -0.166204 0.004715 0.167563 -0.466267 0.170533 -0.084967 -0.269209 -0.553733 
-0.169154 0.086095 0.195077 0.657984 0.132930 0.135276 -0.648063 -0.470735 -0.044355 -0.101424 0.216325 0.009597 0.245338 0.347299 0.091302 1.568788 0.330203 -0.253124 0.070179 0.090502 -0.250063 -0.203823 -0.068425 -1.113811 0.107163 -0.252309 -0.619441 -0.012102 -0.114877 -0.053442 0.072305 -0.066061 
-0.322842 0.042272 -0.238688 0.226791 -0.188198 1.007682 -0.111479 0.047902 -0.085662 -0.116940 -0.811101 0.182983 0.043517 0.478650 -0.179750 3.275784 -0.294914 0.107874 0.198451 -0.165339 0.646964 -0.033685 -0.194812 -2.897017 0.105324 0.031424 -1.522314 -0.021049 0.185330 0.119627 -0.391646 0.075748 
-0.278197 0.134070 -0.274396 0.096942 0.292687 0.562090 0.556871 -0.199414 0.242254 0.051543 -0.050964 0.491930 0.328898 -0.354570 0.175962 0.566986 -0.174328 0.378550 -0.300614 -0.358483 0.376653 0.317184 0.085499 -0.287567 0.179022 -0.132194 -0.256488 -0.092312 -0.184220 -0.145304 0.117739 -0.160426 
-0.060269 0.173074 0.286672 0.230580 -0.159011 0.520889 0.127360 -0.439984 0.096003 0.158195 0.183651 0.349404 -0.196572 -0.171855 0.178814 0.558509 0.143157 0.263998 -0.169904 -0.552680 -0.178267 -0.176451 0.020537 -0.110639 -0.084608 0.088863 0.054088 0.178457 -0.341131 -0.056613 0.145163 -0.071808 
-0.386135 -0.275168 -0.318363 -0.012796 -0.392425 0.027515 0.064351 0.426238 -0.052095 0.106947 0.221225 0.008306 -0.094759 -0.019483 -0.364270 -0.388519 0.140584 0.057278 0.127180 0.113149 0.256392 0.151023 -0.374275 0.146273 -0.217884 -0.250170 0.012850 -0.318001 -0.029480 -0.317744 -0.186202 0.098923 
-0.099181 -0.187685 -0.247776 -0.214814 -0.118344 0.066273 -0.067710 0.169648 0.055808 -0.284908 -0.014155 0.129459 0.048068 0.239682 0.169080 -0.302895 -0.331600 0.074765 0.088929 0.226501 0.023971 0.180958 -0.306583 -0.197960 0.309970 -0.125694 0.024673 -0.166842 -0.308850 0.057428 -0.239046 -0.019410 
-0.015540 0.272858 0.099548 0.210193 0.031649 -0.431527 -0.021316 0.160385 -0.107212 -0.223723 -0.034156 0.084945 0.277829 0.030334 0.157351 -0.049369 
0.020042 -0.037321 0.248342 -0.081179 -0.117936 0.514522 -0.198255 -0.270491 0.055589 0.192458 -0.027952 -0.193378 0.196477 -0.073394 0.101395 -0.287433 
0.051686 0.240774 0.010307 0.043509 -0.180081 -0.014412 -0.069989 -0.102706 0.108207 -0.497595 0.075026 0.059746 -0.028962 -0.038332 0.267574 0.037811 
0.285972 0.065698 -0.176949 -0.118212 -0.209505 0.137270 -0.265642 -0.121649 -0.038096 -0.170562 -0.114580 0.347184 -0.103484 0.108675 -0.104527 -0.219378 
0.169332 0.085516 -0.340959 0.010168 -0.095356 -0.167326 0.133713 0.028986 -0.022628 -0.210716 -0.157359 0.003109 0.063063 -0.265908 -0.207721 -0.052741 
-0.124940 -0.146600 0.045220 -0.099960 -0.005960 0.191637 0.025618 0.065889 -0.144596 0.227731 -0.048600 -0.030879 0.020450 0.050745 0.008484 -0.175477 
-0.028449 0.338442 0.125837 -0.119903 0.074475 -0.038864 -0.011155 0.292370 -0.037198 0.165093 -0.212129 -0.267340 0.093983 -0.113334 0.029475 -0.057658 
-0.254129 0.066582 0.073493 0.543086 0.372513 -0.191249 -0.294619 0.010815 0.050831 -0.078118 -0.436456 0.103728 0.120096 0.059998 0.365437 0.124448 
0.201604 0.047147 -0.140576 -0.064382 -0.120114 -0.140641 -0.238471 0.249823 0.099434 0.014060 -0.413966 0.067111 0.060741 -0.016988 -0.085193 0.249190 
0.022915 0.049860 0.252995 0.271845 0.067573 0.127253 -0.222594 0.061878 -0.031352 -0.091918 -0.121311 -0.087741 -0.043096 -0.146696 0.388664 -0.223936 
0.013368 -0.318172 0.086549 -0.272131 -0.053699 0.126183 0.093643 0.106886 0.140860 0.050660 0.298064 -0.055727 -0.376955 0.110700 -0.197255 -0.077416 
0.072215 0.158633 0.104258 -0.280363 -0.416772 0.050395 0.220021 0.144440 0.215666 0.031110 0.124939 -0.152594 0.055721 0.019965 -0.115585 -0.116818 
0.120075 -0.116450 -0.315253 -0.297133 0.047660 0.080159 0.094103 0.065095 -0.162883 0.110715 0.057492 0.055219 -0.094599 0.176484 -0.281885 0.182439 
-0.114989 -0.243131 0.103090 -0.059044 -0.148339 0.098529 0.380824 -0.223552 0.190942 -0.154575 0.474168 0.046267 0.094289 0.007088 -0.146655 -0.037643 
-0.119263 0.087145 0.021320 0.059374 0.079091 -0.224939 -0.119683 0.242760 0.256726 -0.175691 -0.336636 -0.196402 -0.155590 -0.145695 0.299317 0.189756 
-0.078481 -0.041999 0.012517 -0.020863 0.032045 0.067732 0.154563 0.007886 0.026176 0.092512 0.062737 0.087979 0.020315 0.019658 -0.019679 -0.093081 
0.096698 -0.035876 -0.147154 0.083280 0.040620 0.068805 0.101258 0.049434 0.138221 -0.287785 0.228156 0.217648 0.075518 0.083512 0.062955 0.067043 
-0.016674 -0.095679 -0.075280 -0.332192 0.155497 -0.172301 0.106906 0.313654 -0.145087 0.162843 -0.047743 -0.182188 -0.031433 0.002083 -0.300483 -0.158288 
-0.102766 -0.054017 0.054132 0.025004 0.006921 0.020275 -0.012609 -0.242288 -0.040672 0.054564 0.319291 -0.153367 -0.081198 0.146998 -0.040566 -0.026690 
-0.135298 0.151662 0.086363 0.415850 0.088613 0.132981 -0.052838 0.032081 0.127152 -0.147148 0.147796 0.216725 -0.098347 -0.213717 0.026283 0.512588 
-0.167232 -0.176562 0.124027 -0.187074 -0.010185 0.167526 0.373998 0.114253 -0.067886 0.275197 0.202367 -0.232395 0.072075 -0.026799 -0.221924 -0.077350 
-0.154444 -0.360221 -0.045333 -0.095819 0.288983 -0.193878 0.118536 0.174999 0.046195 0.076735 -0.086160 -0.253742 -0.118371 -0.142678 -0.338258 0.266115 
0.127480 0.212616 0.104533 -0.118212 -0.236755 0.186669 0.297527 -0.025660 0.029887 0.031938 0.092259 -0.172358 0.170175 -0.074999 0.190685 -0.223022 
0.039334 0.077214 -0.046223 0.071677 0.156748 -0.022058 -0.061416 -0.008445 -0.025418 0.034617 0.037986 0.022644 -0.045578 0.048582 0.003520 -0.083514 
-0.042029 -0.144435 0.145581 -0.296268 -0.013729 0.041264 -0.118024 -0.050885 -0.138625 0.229279 -0.003034 -0.113609 -0.173054 0.279274 -0.307142 -0.150312 
-0.186515 0.184868 -0.024305 0.215047 -0.059937 0.070695 0.070709 0.136942 0.209146 -0.012487 0.037177 -0.112398 0.131550 -0.286529 0.033243 -0.042120 
0.031078 0.077137 0.025244 -0.068888 -0.161383 -0.160322 -0.063367 0.129087 0.195253 0.041816 0.122963 -0.169296 -0.026296 0.003854 0.060102 -0.078602 
0.046469 0.295512 0.165001 -0.151896 0.171290 0.027004 -0.270888 -0.034024 -0.104609 0.113491 -0.123792 -0.051360 0.146267 -0.040320 0.126088 -0.088441 
0.052100 -0.148749 0.035389 -0.134397 0.183850 0.111326 0.381719 -0.121263 -0.070805 0.243443 0.412984 -0.081100 0.083978 0.134944 -0.215754 0.138281 
0.022751 0.063615 0.081724 -0.087752 0.001028 -0.091171 -0.291030 -0.168435 -0.084670 0.071151 -0.021623 0.185391 0.319637 0.340649 -0.001808 -0.094922 
0.156580 0.246537 0.035909 -0.255791 0.036556 0.084649 -0.367125 -0.064091 -0.156926 -0.218843 -0.139063 0.054304 0.009543 -0.013300 -0.062820 0.048128 
-0.119942 -0.007338 0.073072 -0.122140 0.433467 0.136348 -0.421262 0.030317 -0.017600 0.120498 -0.196249 -0.079120 -0.045591 0.053735 0.066080 0.311356 
-0.267619 0.088530 0.205245 0.252819 -0.516927 0.364442 0.196171 -0.235375 
-0.521794 0.117763 -0.001689 -0.021904 0.085883 0.504028 0.022706 0.122890 
-0.062283 0.286178 -0.248714 -0.019340 0.354411 -0.146753 -0.359877 0.344522 
0.179889 -0.018743 0.381081 -0.375865 0.345520 0.033816 0.182241 0.369401 
0.092225 0.061880 -0.342347 0.198839 0.484066 -0.029303 0.134748 0.153983 
-0.027203 0.788783 -0.013142 -0.534931 -0.292706 -0.204311 -0.603915 -0.209201 
-0.112629 -0.390852 0.420487 -0.450901 -0.310279 -0.264509 -0.377401 -0.039525 
-0.132921 -0.494734 -0.001268 0.039337 -0.242848 0.246663 0.318530 0.595712 
0.006318 0.022120 0.514667 -0.286656 -0.161379 -0.373614 0.014114 0.318804 
-0.233614 0.115852 -0.633134 0.022810 -0.033713 -0.279894 -0.311445 0.035440 
0.181906 0.250437 0.511224 0.067840 -0.251129 -0.134459 -0.441471 -0.357679 
0.270021 0.198452 0.323968 0.241296 0.224868 0.250077 0.233287 -0.350744 
-0.451295 -0.133671 -0.134519 -0.076759 0.347728 0.440172 -0.333281 -0.196847 
0.329697 0.124004 -0.101495 0.604279 -0.057261 -0.261840 -0.216661 -0.320248 
-0.141907 0.378167 0.127399 -0.254883 0.336736 0.445163 0.146835 0.201095 
0.322650 -0.115991 0.191805 -0.073053 0.310695 -0.096722 0.070532 0.109267 
0.409314 -0.205221 0.729939 0.232482 0.824180 0.000918 0.588496 0.108770 -0.499309 0.685999 -0.142722 0.642410 -0.663536 0.721955 0.506839 -0.497739 -0.148593 0.089139 -0.084344 -0.096132 0.317508 0.290541 0.082081 
0.380998 0.002437 -0.463673 0.967837 0.071347 0.003826 -0.265828 0.253358 -0.344957 0.470249 -0.052213 -0.854390 0.397063 0.778110 0.637745 0.444828 -0.032222 0.344900 -0.362397 0.064540 -0.019254 0.320610 0.345700 
-0.492705 -0.443190 -0.525359 0.217445 0.950560 0.309793 0.686309 0.101104 0.118147 -0.546201 0.029803 -0.138180 -0.461318 -0.436387 0.795246 -0.591626 0.041976 -0.155084 0.169443 -0.020029 -0.126921 0.156543 -0.007881 
0.580590 -0.021630 0.258177 -0.630948 0.195502 0.420250 -0.172238 -0.565950 0.465401 0.237359 -0.827527 0.708841 0.594470 0.177387 0.385961 -0.092234 -0.168433 0.303728 0.052470 -0.166279 -0.048023 0.006129 0.357699 
0.065040 -0.418367 0.532650 -0.095248 1.064792 -0.882585 -0.863678 -0.080808 -0.874548 0.100713 -0.233430 -0.416018 -0.122835 0.487946 0.230152 -0.673252 0.015418 -0.118997 0.017996 -0.017439 0.133170 -0.116083 -0.222785 
-0.217772 -0.110811 -0.780334 0.150855 0.175634 -0.491460 -0.344538 -0.460746 0.510201 -0.522266 -0.629466 -0.576554 0.702804 -0.626177 0.307700 -0.167716 0.099882 0.183776 0.072075 -0.083822 -0.135100 0.049112 -0.192438 
-0.602132 -0.489242 0.022243 -0.104502 0.283694 -0.095794 0.480458 -0.830922 0.151687 -0.496155 -0.716347 0.732215 -0.467915 -0.607428 0.166644 -0.444629 -0.069937 0.326890 -0.088890 -0.037800 -0.310895 0.008616 -0.245255 
-0.790995 -0.902041 0.778143 0.366358 0.055555 -0.873851 -0.467384 -0.182362 0.086701 -0.282094 0.481996 -0.165619 -0.298708 -0.369304 -0.779814 -0.137168 0.085289 0.306754 -0.188034 0.328655 -0.124330 -0.184683 -0.136803 
0.754661 0.004774 -0.032944 -0.014721 -0.239894 -0.156924 0.056057 -0.066338 -0.420686 0.340366 0.168573 -0.480112 -0.216666 0.180621 0.585057 0.359278 -0.045858 -0.269776 0.207087 -0.117506 0.115518 -0.068178 0.108889 -0.041637 -0.005972 0.208770 0.053344 0.525707 0.192994 -0.214135 0.510661 0.005373 
0.573762 0.099514 -0.334096 -0.011331 0.115525 -0.041694 -0.029171 0.046835 -0.129769 0.108117 -0.301261 -0.021104 0.320795 -0.013743 0.307525 0.211262 0.344660 -0.107031 0.141010 -0.096611 -0.506263 0.033064 -0.152698 -0.083164 0.219631 0.459642 -0.113551 -0.080682 -0.318454 -0.218943 0.391745 -0.238832 
-0.043467 -0.289338 -0.335316 0.426289 0.301819 0.805721 0.419704 -0.620674 0.278522 0.011714 0.369307 0.157945 -1.021935 -0.001889 -0.189726 0.381798 -0.135670 -0.175819 -0.266012 0.235285 -0.321948 -0.405433 -0.208606 -0.044262 -0.312430 0.410753 0.168629 0.071928 0.474580 0.249169 -0.111802 -0.035236 
0.055142 0.216017 0.240270 -0.213060 -0.006199 -0.119601 -0.057035 0.165402 0.525934 -0.200697 -0.224319 -0.139969 -0.214193 0.155000 -0.505547 -0.173910 -0.292567 -0.551748 -0.144000 0.209522 0.330280 0.248651 0.382902 0.215758 0.044317 -0.387503 -0.327733 -0.274571 0.025013 -0.013911 -0.066419 0.071469 
-0.041851 -0.540977 0.344235 -0.045341 -0.546402 -0.050011 0.107250 -0.153468 -0.192147 -0.667741 -0.298746 -0.032532 0.047005 -0.259801 0.002709 -0.279759 -0.439813 -0.081375 -0.095992 -0.247108 0.941128 0.330999 -0.258567 0.385531 -0.346802 0.043753 0.223150 0.342627 0.779637 0.151024 -0.509525 0.468592 
0.598645 0.141862 0.129882 -0.476068 -0.150735 -0.232843 -0.356412 -0.328013 -0.424742 0.063362 -0.188551 0.064656 -0.121249 -0.350953 0.741718 -0.076101 -0.020116 0.260362 -0.112570 -0.237291 -0.408150 -0.054996 -0.110263 -0.111245 -0.007568 0.351724 -0.386806 -0.000745 -0.333201 -0.215576 0.356154 -0.345022 
0.088995 -0.317844 -0.320295 -0.507745 -0.098085 0.095311 -0.239203 -0.183657 -0.279081 0.294836 -0.008717 0.476491 -0.202121 -0.117293 -0.005050 -0.183325 0.062400 0.359620 -0.087840 -0.299528 0.131639 -0.059421 -0.179811 0.120034 0.248009 0.040482 -0.721710 -0.449278 0.307743 0.110117 -0.149259 -0.020341 
0.574609 0.218429 0.174743 0.075998 0.080425 -0.116362 0.075460 -0.220865 -0.056754 0.212622 -0.413857 -0.371988 -0.053868 -0.063144 0.323018 0.198766 -0.071650 0.084939 -0.065360 0.266027 0.084931 0.389962 -0.042644 0.004808 0.094065 0.160155 0.130165 -0.178700 -0.481243 0.326160 0.123344 0.151137 
-0.296761 -0.222195 -0.006120 -0.248652 0.269380 -0.140442 -0.181540 0.084176 -0.137234 0.085524 0.382816 0.157113 0.466684 -0.347425 -0.034310 -0.299622 0.337618 0.243115 0.197398 -0.093408 -0.138775 -0.406466 -0.090482 -0.423732 -0.096987 -0.005213 -0.079348 0.024065 -0.577912 0.028934 0.062385 -0.157280 
0.143539 0.128010 -0.379334 -0.048775 -0.302465 0.200878 0.236066 -0.299623 -0.152366 0.279251 0.151939 -0.416285 -0.126896 0.426752 0.083578 0.240438 0.095819 -0.657604 0.154787 -0.033693 0.044378 0.040291 0.160746 0.254083 -0.009573 0.432573 -0.136965 0.400312 0.388078 -0.408613 0.032856 -0.017886 
0.413194 0.287490 -0.244490 -0.005890 -0.124369 0.207881 0.346480 -0.341506 0.104916 -0.014893 -0.421092 -0.134925 -0.127162 -0.142317 0.007547 0.476825 0.117919 0.121109 -0.342034 0.451440 -0.005402 0.331557 0.120420 -0.323555 0.309235 -0.032927 0.168153 -0.398630 -0.503042 0.600505 -0.189338 -0.306341 
-0.003479 -0.470283 -0.411563 -0.107534 0.278853 0.179024 -0.036296 -0.641401 -0.437471 0.180845 0.171414 0.187050 -0.839454 -0.262067 0.244653 -0.051975 -0.040944 0.545711 -0.021712 -0.437470 -0.531574 -0.660680 -0.573833 -0.213752 -0.300392 0.496040 -0.055815 -0.031193 0.552156 0.212197 0.079286 -0.233662 
0.202136 0.167324 0.304301 -0.034333 0.340900 -0.532954 -0.083938 0.227875 0.239949 0.300179 0.233221 -0.430432 0.379342 -0.228423 0.369638 -0.227310 0.399853 -0.253889 0.023805 -0.051192 -0.447566 -0.220447 -0.078713 -0.116293 -0.256124 0.091504 0.403408 0.433889 -0.620870 -0.294789 0.100963 -0.031298 
0.748852 0.178022 -0.199973 0.023134 -0.504935 0.287972 0.145622 -0.446298 0.080989 0.166359 -0.140804 -0.352305 -0.422503 0.340224 0.283519 0.137700 -0.305515 -0.267558 0.109011 -0.056400 0.415437 0.261134 0.300111 0.375166 -0.040006 0.392019 0.001624 0.462268 0.296434 -0.359406 0.273117 -0.091164 
0.404167 -0.079600 0.356927 -0.538246 -0.378734 -0.137653 -0.298162 -0.190128 -0.392258 -0.074533 -0.005588 -0.174265 0.278766 0.102418 0.408273 -0.122018 -0.014434 -0.660385 0.223983 -0.450994 0.618570 0.286330 0.056463 0.393228 0.069358 0.404490 -0.431315 0.229349 -0.062731 -0.757772 0.049141 0.449251 
0.178058 0.110384 -0.334195 -0.032909 0.403843 -0.309476 0.241788 0.267163 0.237518 0.292649 0.066718 -0.308274 0.446816 0.078681 0.065652 0.283687 0.601129 -0.413237 0.152687 -0.090006 -0.067749 -0.206844 0.259824 -0.475016 -0.105174 0.167788 -0.274653 -0.186667 -0.344233 -0.202460 -0.037850 -0.056115 
-0.369708 -0.061167 0.574954 1.598874 -0.660440 -0.027434 -0.240924 -0.895780 
0.433681 -0.499757 0.085475 0.478135 0.167225 0.123081 -0.300186 -0.247058 
-0.202792 -0.360695 -0.028687 -0.624791 -0.880565 0.196894 -0.229555 -0.667795 
-0.209883 -0.138628 -0.770138 0.227237 -0.089022 -0.218148 0.123229 0.002133 
-0.071223 0.048179 -0.703539 -0.878846 0.421168 0.155112 0.075090 -0.027478 
0.296192 -0.199786 -0.391592 -0.298232 0.147973 0.128126 0.874755 0.544688 
0.020916 -0.127567 -0.540322 0.451750 0.083490 0.062751 0.233029 0.162286 
0.099260 0.030921 -0.433199 -0.137506 0.316883 -0.107746 -0.398993 -1.002665 
0.307084 -0.636472 -0.544134 -0.501357 0.012086 -0.067196 -0.140858 0.185142 
-0.146626 -0.255672 0.402853 0.581948 0.560583 -0.330121 0.059357 -0.086161 
-0.613668 0.083690 -0.094739 -0.461929 0.387178 0.194841 0.247052 0.139502 
0.272589 0.617878 -0.222448 -0.664221 0.399759 -0.160368 0.171812 0.469460 
-0.573477 0.611753 -0.013873 1.725830 0.474101 -0.257502 -0.451138 -1.316690 
-0.072900 -0.534946 0.384246 0.671580 0.408494 -0.074776 0.318426 0.237581 
-0.586509 0.192205 0.760778 0.944822 -0.397049 -0.099768 -0.303534 -0.377043 
0.208130 0.051280 -0.063389 1.126823 0.144076 -0.079413 0.255967 0.624276 
-0.117828 0.403133 0.151116 0.641103 -0.071126 0.639825 -0.340198 0.183887 
0.361861 1.300170 -0.667784 0.032911 -0.302617 -0.270592 -0.220385 -0.548527 
-0.341979 -0.050285 0.232724 0.017991 0.093415 0.034137 -0.095715 -0.244002 
0.429969 -0.212415 -1.009194 -0.357050 -0.342263 0.150186 0.104604 -0.458789 
-0.066841 0.280742 0.286984 0.823276 -1.188765 0.940858 0.357943 0.382254 
0.503568 -0.387204 -0.107400 1.019968 -0.238668 0.179418 -0.197935 -0.257104 
0.204849 -0.679532 0.245745 0.138103 0.335857 0.108535 -0.056449 -0.195813 
-0.060622 -0.230574 0.229400 -0.056549 -0.310490 -0.668520 -0.020837 0.119258 
0.566779 0.073629 0.196470 0.388710 0.337880 0.096485 -0.139234 -0.093617 
-0.430873 0.204552 0.586273 0.679772 -0.171510 0.022267 0.501853 0.747810 
-0.409068 -0.243783 -0.714471 0.179724 -0.162812 -0.300321 -0.294846 -0.158231 
-0.937599 -0.191170 -0.043671 0.390767 -0.342306 -0.060243 0.075058 0.010695 
-0.220692 0.442672 -0.301502 -0.109089 -0.190239 -1.448439 0.263828 -0.111639 
0.816250 0.379343 -1.042261 0.261751 -0.218952 0.047779 -0.096582 -0.020552 
-0.161522 -0.176859 0.593374 0.613491 0.343175 -0.117067 -0.248486 -0.224847 
-0.100231 -0.025675 0.074025 -0.285640 -0.701596 0.345546 0.197684 0.129575 









0.000000 
0.000000 
0.000000 
0.000000 
0.000000 
0.000000 
0.000000 
0.000000 
0.737518 
-0.229957 
0.810445 
0.285991 
0.469730 
-1.144403 
0.013295 
0.611761 
0.494457 
1.105799 
-0.331470 
-0.551541 
-0.898401 
-0.671355 
1.135774 
-0.793451 
0.098173 
-0.642709 
-0.355369 
0.460175 
-1.274528 
-0.396438 
-0.150280 
0.643940 
-0.880492 
0.054441 
0.462538 
-0.108781 
-1.332245 
0.318985 
0.258500 
-0.032784 
0.041421 
0.332364 
-0.014298 
0.707673 
0.320961 
-0.362437 
-1.069465 
0.147564 
-0.276053 
-0.781857 
-1.115052 
0.522704 
0.036724 
-0.270752 
0.916389 
0.429131 
0.250393 0.717480 
0.553557 0.547579 
0.174202 0.614237 
0.095497 0.556724 
0.470982 0.541932 
0.531787 0.259413 
0.720764 0.439911 
-0.097991 0.745532 
-0.263153 
0.172116 
-0.792399 
-0.302141 
0.294508 
-0.242841 
0.169517 
-0.266694 
0.042913 
0.536807 
0.129808 
-0.443943 
-0.175451 
0.051789 
0.606010 
0.326807 
-0.569007 
0.199343 
-0.817975 
-0.142518 
-0.411285 
-0.353024 
0.330178 
-0.165534 
-0.184673 
0.244680 
-0.173668 
0.291197 
1.067056 
0.755109 
-0.390800 
0.957915 
0.616359 
-0.717236 
-0.215825 
-0.720633 
0.817296 
0.537905 
0.276938 
-0.268448 
0.488283 
0.117563 
-0.241703 
0.110052 
0.054836 
-0.232385 
0.275545 
-0.255590 
-0.200333 
0.596779 
0.263489 
2.229030 
1.398384 
0.243082 
0.141738 
0.784141 
0.688000 0.139202 0.118075 
