0.014178 0.018258 0.026327 0.050561 0.011864 -0.100662 -0.085921 -0.013499 0.073070 -0.043448 0.016336 0.002714 -0.003929 0.010265 -0.102505 0.063249 0.007314 -0.026253 -0.107428 -0.033478 -0.011179 0.015285 0.093104 0.108143 -0.204930 -0.136253 0.041472 0.016256 -0.049884 -0.064183 -0.055275 0.098843 
-0.080750 -0.085122 -0.010505 -0.003469 -0.240840 0.116564 -0.105603 -0.006986 -0.105748 -0.408453 0.226443 -0.032659 -0.033464 -0.026917 -0.060474 -0.093687 0.034726 0.374671 0.154619 0.498777 -0.095911 -0.063848 -0.109164 -0.001785 0.652446 0.333670 -0.066169 -0.071716 0.235555 -0.055855 0.398751 -0.088800 
-0.042047 0.050670 -0.029102 -0.092203 -0.127357 0.019948 -0.106553 0.004198 -0.168073 -0.263136 0.148737 -0.012514 0.042343 -0.067040 -0.057236 -0.071455 -0.082302 0.241837 0.151947 0.362959 -0.106612 0.059387 -0.010221 -0.029038 0.351188 0.187939 -0.009446 0.032881 0.155918 -0.018253 0.214450 -0.065870 
-0.056896 -0.047493 -0.064355 0.059520 0.036104 0.023017 -0.029655 0.054350 -0.089228 -0.059824 -0.051781 0.049808 -0.037329 -0.004261 -0.024698 -0.018911 -0.008164 -0.026602 -0.034131 0.063207 -0.029882 0.061339 -0.059983 -0.078842 -0.000450 0.024463 0.052487 -0.024436 -0.081941 0.002426 0.004424 -0.047753 
0.048285 0.031963 -0.079802 -0.007907 -0.037692 -0.016867 -0.045974 -0.034514 0.016282 -0.006357 -0.077057 0.071630 0.081187 -0.009466 -0.039845 -0.019175 0.054906 0.018578 -0.048816 -0.067233 -0.012297 -0.015822 -0.052818 0.077648 -0.084195 0.091819 -0.038706 -0.074643 0.002947 0.057230 -0.029710 -0.040969 
-0.003078 -0.017538 0.042975 0.051367 0.058109 0.089982 -0.075569 -0.017699 -0.009194 -0.060775 -0.037734 -0.019884 0.022231 0.014250 0.052924 -0.014297 -0.059737 -0.086891 0.010015 0.020761 -0.011581 0.049734 0.004909 -0.004591 0.050989 0.059692 0.013977 -0.040172 0.024789 0.075598 0.011947 -0.071510 
-0.013780 -0.012463 0.050534 -0.020703 -0.039310 0.096312 -0.020450 0.062776 -0.066224 0.032627 -0.061663 0.055712 0.022056 0.072848 -0.058814 -0.013492 0.043542 0.059311 -0.059023 -0.033380 0.007173 0.001457 0.039195 -0.047252 0.035783 -0.038959 0.031902 -0.063423 -0.023817 -0.074302 -0.024804 0.027916 
-0.007813 -0.059540 0.044524 0.094706 -0.061188 -0.236834 0.003242 -0.061137 -0.062257 0.179437 -0.069696 0.017945 -0.003190 -0.092040 -0.064558 -0.064667 -0.078567 -0.025894 -0.174138 -0.207109 -0.080557 0.023080 0.044071 0.006210 -0.541664 -0.295443 0.031465 -0.013178 -0.243171 -0.083065 -0.075554 -0.039711 
-0.015160 0.085310 0.094489 -0.000970 -0.059199 -0.051316 0.082999 0.002541 0.066752 -0.082177 0.100450 -0.028334 -0.092725 -0.013753 0.023101 -0.027715 -0.017091 -0.004369 -0.030678 0.020217 -0.036976 0.002895 -0.217248 0.019567 -0.087808 0.087107 0.046565 0.026305 0.075868 0.087244 0.046355 -0.032672 
0.021845 0.034865 0.017236 0.063184 0.078183 -0.033146 -0.053707 0.039276 -0.058642 -0.063722 -0.081328 -0.026951 -0.043637 0.048890 0.012669 0.034536 -0.039990 -0.016645 -0.054776 -0.005522 -0.060919 -0.036480 0.035857 -0.023118 -0.055143 -0.023642 -0.050294 -0.064258 -0.067477 -0.068712 -0.028142 0.045685 
0.061424 0.078082 -0.005408 0.031219 -0.039952 0.054729 0.038245 -0.022738 0.132052 -0.041226 0.060004 -0.047284 -0.035926 -0.013937 0.073812 0.024260 0.052863 -0.063149 -0.077330 0.059773 0.019910 0.014890 -0.043065 0.038312 -0.081911 -0.019618 0.049051 -0.031821 0.013272 -0.063468 -0.087582 0.000487 
-0.051127 0.028409 -0.055752 0.021337 -0.018732 -0.110330 0.125473 -0.053641 -0.018350 0.104790 0.072942 0.040084 -0.078903 -0.024333 -0.050302 0.026295 -0.004389 -0.053496 -0.112183 -0.243596 0.111614 -0.044954 0.020946 -0.072824 -0.326509 -0.201348 -0.044726 0.014183 -0.155394 -0.022129 -0.066574 0.123321 
0.089408 -0.013597 -0.023322 -0.020101 -0.054160 -0.049995 0.044936 -0.003198 0.078805 -0.030477 -0.069273 -0.089678 0.071305 -0.041263 0.072544 0.011911 -0.000430 0.051429 0.045625 -0.000600 -0.082624 0.016288 0.017394 0.070389 -0.037544 0.090580 -0.006242 -0.062952 -0.017282 0.015906 -0.065412 -0.022192 
-0.088733 0.001961 0.020075 -0.014063 0.025442 -0.067953 0.057933 0.031015 0.052701 0.116637 0.043343 0.070673 -0.069765 -0.002128 -0.048253 -0.010955 -0.031166 -0.069546 -0.157059 -0.098531 0.050826 0.023471 -0.052306 -0.093830 -0.144803 -0.052927 -0.079878 -0.071721 -0.129621 -0.039139 0.001766 0.014507 
0.026596 -0.043893 0.052709 -0.001517 0.077370 -0.020793 -0.040349 0.044512 -0.052060 0.086348 -0.014137 -0.029244 0.011273 0.044898 0.087237 -0.090039 0.114338 -0.075024 -0.008591 -0.018110 0.076633 0.029562 0.018699 0.002642 0.012518 0.042542 0.015876 -0.091390 -0.079908 -0.068786 -0.011584 0.071862 
-0.019450 -0.084461 0.009107 -0.057283 -0.002501 0.025871 0.058851 0.021801 0.039908 -0.054791 -0.084550 -0.025320 -0.091663 0.105577 -0.039672 0.058957 -0.081341 0.039211 -0.015829 0.071341 0.026664 -0.092187 -0.025342 -0.055805 0.036317 -0.086927 -0.049625 0.040774 -0.054366 0.032139 0.034789 0.035332 
0.043110 -0.055549 0.048114 -0.057055 0.084842 0.019030 0.067784 0.038795 0.066210 0.070841 -0.080755 0.068818 0.067290 -0.014556 0.045686 0.078165 -0.048357 -0.056163 0.052956 0.065148 -0.050553 -0.059444 -0.078344 -0.090859 -0.053516 -0.035991 0.063941 -0.022153 0.085435 0.012926 0.083511 0.036344 
0.049579 0.039424 0.071490 0.042219 -0.033746 0.047073 -0.011187 -0.059737 0.025714 0.000259 -0.083120 0.000802 0.077903 0.054767 -0.013233 -0.062655 0.090804 -0.052478 -0.089708 -0.051949 -0.019721 -0.075851 -0.050607 0.018964 -0.019641 -0.078867 0.089012 -0.026407 0.026260 0.080322 -0.082264 -0.016363 
0.037678 0.111600 -0.083184 0.132326 0.037250 0.034671 -0.098457 -0.013217 -0.076618 -0.077616 0.071199 -0.090002 0.118930 -0.044405 -0.041137 0.053545 -0.027534 -0.046718 -0.059130 0.059260 -0.042593 -0.045598 -0.022832 0.018340 0.059676 -0.005977 -0.071675 -0.070309 -0.011318 -0.088713 0.028802 -0.088444 
-0.094606 0.007991 -0.091248 0.032087 -0.040869 -0.074930 -0.095163 -0.044767 -0.034861 0.224098 -0.056292 -0.031949 -0.081154 -0.010200 -0.029207 0.019687 0.055190 -0.026170 0.120879 0.041937 0.036980 0.122163 0.175211 -0.045033 0.044181 0.011363 -0.001628 0.070290 0.021513 -0.088552 0.083953 0.009942 
0.050002 0.046960 -0.013874 -0.081538 -0.074616 -0.019823 -0.024778 -0.038818 -0.032753 0.207941 0.012879 -0.002951 -0.053592 -0.089648 -0.062732 -0.091473 0.034478 0.001072 0.211112 -0.026186 -0.017253 0.051365 0.243761 -0.103194 0.005434 -0.002051 0.070202 0.080937 0.023324 0.050174 0.042823 -0.027947 
0.090616 -0.081855 0.020783 0.105333 0.005070 -0.199571 -0.001409 0.063613 0.082341 -0.063829 0.032458 -0.060080 -0.071603 0.009880 -0.061288 0.017863 -0.077864 -0.043744 -0.168342 -0.033879 0.067401 -0.046060 -0.107215 0.061442 -0.195400 -0.235802 0.068398 -0.005455 -0.059296 0.003934 -0.080941 0.057084 
0.074799 0.011635 0.020383 -0.018733 0.023242 -0.059000 -0.029771 -0.012610 0.104446 0.022149 0.079122 -0.073077 -0.072510 0.068027 0.053880 -0.049801 0.054268 -0.057870 -0.180572 -0.078198 0.000697 -0.035650 0.004007 -0.077916 -0.300113 -0.132693 0.028325 -0.061503 -0.201597 0.025454 0.078230 0.102006 
-0.026643 -0.031771 -0.097515 -0.094045 0.002969 -0.095003 -0.006035 -0.043663 0.074132 -0.076439 -0.009686 0.069700 -0.092942 -0.047524 -0.078036 -0.081605 -0.055286 0.041634 -0.010035 0.006488 0.061633 -0.012030 0.060596 0.020789 -0.131137 -0.049603 -0.004045 -0.037351 -0.025677 -0.043603 -0.048655 0.062299 
0.064073 -0.054481 0.000124 -0.061090 0.046326 -0.112703 -0.010212 -0.023262 -0.015010 0.042241 -0.010914 -0.039175 -0.092171 0.040394 -0.067200 -0.021725 -0.058020 -0.042792 -0.145846 -0.076961 0.009994 0.061032 -0.023982 0.119072 -0.066204 0.019453 -0.061837 0.036873 -0.022732 -0.041034 -0.018366 -0.028385 
0.047378 -0.080199 -0.014246 -0.030026 -0.060361 0.058348 0.037576 0.005802 0.031005 -0.132745 0.046375 0.024588 0.043483 -0.028176 0.086808 -0.066015 -0.023749 -0.085156 -0.035249 -0.068679 0.070767 0.037206 0.039769 -0.000404 0.039557 0.074842 -0.055577 0.093962 -0.022511 0.014155 -0.050901 -0.078686 
0.005093 -0.011946 -0.040808 0.046908 -0.051663 -0.077194 -0.054150 0.048111 -0.082761 -0.026897 0.003349 0.057791 -0.024451 -0.030248 0.068267 0.033851 0.002152 -0.070159 0.064601 -0.029778 0.061835 0.037803 0.078917 -0.025455 0.042665 0.085110 -0.015544 -0.095878 0.004721 0.005106 -0.073618 -0.075897 
0.064707 -0.004674 0.049983 -0.067570 -0.003025 -0.043071 0.059688 0.018927 -0.041922 -0.026681 0.002867 0.030078 0.064230 -0.052734 0.033428 -0.038239 -0.045205 0.012585 0.026868 -0.054999 -0.087791 -0.027072 -0.005537 0.014247 0.027287 0.097909 0.031881 0.070902 0.028852 0.023680 0.113059 -0.017430 
-0.070773 0.072115 0.021262 0.033271 0.072670 0.041617 -0.089149 -0.039015 0.052088 0.112493 0.105071 0.059711 0.070763 -0.026857 -0.028175 -0.076577 0.083876 0.038785 0.010960 0.076455 -0.100394 0.068865 0.081958 -0.107663 0.120410 0.007623 -0.056626 -0.058232 0.109408 -0.098790 0.072674 -0.095929 
0.095033 -0.081932 0.169304 0.057709 0.067612 -0.018607 -0.053832 0.052515 0.041814 -0.061712 0.054174 0.026779 -0.042083 0.068081 0.040829 0.038272 -0.022972 -0.051498 0.039087 0.064653 0.018960 0.107984 0.038744 -0.011182 0.093628 0.185455 0.003430 -0.134554 0.161915 -0.034270 0.019253 0.085709 
-0.003720 -0.114657 0.137590 -0.065765 -0.033239 -0.059691 -0.075559 -0.088151 -0.049123 -0.004459 0.030097 0.079062 -0.130059 0.051515 -0.054171 0.037243 0.017917 0.067583 0.128243 0.034050 0.029202 0.028786 0.026427 0.112736 0.057803 0.030306 -0.097338 -0.104696 0.035446 0.005579 -0.085232 0.083369 
-0.023986 0.086058 -0.109441 0.024962 0.060982 -0.089888 0.018477 -0.073425 0.047914 0.046513 -0.094177 -0.086755 0.131388 -0.036909 0.019167 -0.033756 -0.000331 -0.024858 0.005002 -0.098663 0.095672 -0.034591 -0.013041 -0.074885 -0.044495 -0.088281 -0.013585 -0.055003 -0.003703 -0.015550 0.088149 0.057406 
-0.032473 0.076989 0.012929 -0.063910 -0.074704 -0.001006 -0.021974 0.049884 0.051819 0.038517 0.046303 0.029697 -0.059265 -0.047180 -0.043954 -0.014020 0.067413 0.049959 0.041522 0.027098 -0.033287 0.070656 0.123293 0.031118 -0.043418 -0.031300 0.044584 0.051586 0.069435 0.017865 0.019491 -0.044923 
0.023011 -0.055317 0.025769 0.031908 0.019317 -0.081028 0.026121 -0.041192 0.017202 -0.056423 -0.080818 0.003155 0.067826 -0.059555 -0.090848 0.024648 0.079113 0.062427 -0.049211 -0.028812 0.048776 -0.058290 -0.109467 0.048803 0.061064 0.082812 -0.020972 -0.004870 0.031649 0.078887 0.051934 -0.029915 
-0.072702 -0.016424 0.051186 0.069533 -0.035494 0.029559 -0.089741 0.086938 0.060560 -0.096964 0.002796 0.041354 -0.053691 0.011765 -0.044342 -0.076972 -0.045151 0.046732 -0.018913 -0.077272 0.064185 -0.003733 0.024086 -0.035859 -0.070833 -0.035637 0.058506 0.088104 -0.054337 0.001526 -0.056264 -0.009238 
0.074389 -0.055910 -0.097765 -0.024141 0.023589 -0.079025 -0.039114 0.026996 -0.077923 0.044124 -0.050656 -0.020413 -0.043793 0.010882 -0.019119 0.007755 -0.084031 0.067267 0.023297 0.054822 -0.039020 0.024062 -0.065092 0.012184 -0.008746 -0.106063 0.011580 -0.062254 -0.006432 0.036111 -0.013853 0.032282 
0.078770 0.018509 0.074686 0.011817 0.063158 -0.071049 -0.066613 0.056643 0.070654 -0.026200 -0.046787 -0.087038 0.073318 0.030700 0.009119 -0.074318 -0.025959 -0.028630 -0.105207 0.037422 0.060788 -0.035291 -0.044522 0.078806 -0.018863 0.059315 0.056069 -0.080059 0.021773 -0.035969 0.040584 0.042393 
-0.086702 0.003317 -0.078410 0.051180 0.093179 -0.110355 0.036652 0.017982 0.059031 0.064721 0.060455 0.014136 -0.015206 -0.006599 -0.015574 0.083261 0.027736 0.039526 -0.043476 -0.028931 -0.097263 -0.102875 -0.050577 0.089761 -0.053223 -0.156886 0.013961 0.002570 -0.012217 -0.034201 -0.063042 0.068262 
0.091450 -0.019471 0.021566 0.026960 0.033376 -0.030758 -0.008420 -0.017501 0.070385 -0.098319 0.097896 -0.015324 0.034086 0.054636 -0.013899 0.021766 0.011724 -0.054451 -0.079196 0.085684 -0.051191 -0.012561 -0.114514 -0.030227 0.146165 0.113276 0.053981 -0.069847 0.163354 0.109280 0.079906 0.083864 
-0.040404 -0.070510 0.004172 0.086963 -0.064408 -0.059839 -0.047694 -0.078641 0.009769 0.001407 0.013861 -0.039536 0.099123 0.040633 0.049513 -0.021769 -0.071886 0.055729 0.061321 -0.089962 -0.016670 0.087428 -0.007017 -0.107709 -0.012906 -0.059732 -0.039833 0.008418 -0.097012 -0.078901 -0.042130 -0.031668 
-0.016096 -0.029602 -0.006363 0.009186 0.001061 0.037202 0.051374 -0.059979 0.073441 -0.277626 0.002083 0.059453 0.082819 -0.015668 -0.070316 -0.057314 0.067083 -0.049503 -0.160834 0.002966 -0.028911 -0.020029 -0.212092 0.124481 0.009572 0.045954 -0.012409 0.042402 0.056180 0.096661 -0.080793 -0.043187 
-0.110211 -0.019049 -0.020951 -0.008365 -0.080554 -0.108513 -0.017342 0.046134 -0.092971 0.275213 -0.010953 -0.089448 -0.077032 0.019463 -0.059370 -0.108202 -0.063637 -0.035974 0.116881 -0.065866 0.046943 0.112400 0.107624 -0.029938 0.063609 -0.040651 -0.013612 -0.005132 -0.056481 0.002720 0.022140 -0.088594 
-0.056754 -0.017461 0.006723 -0.058047 0.147666 -0.202885 -0.076369 -0.091043 0.043688 0.086902 -0.077477 -0.000755 0.017245 -0.065350 -0.105202 0.012276 -0.007657 -0.079191 -0.123489 -0.167250 0.031437 -0.006620 -0.060672 0.162719 -0.413459 -0.240963 0.083338 -0.042116 -0.027134 -0.049922 0.043346 0.069891 
-0.065184 -0.013265 -0.372223 -0.080339 -0.021559 -0.680527 -0.117687 -0.028920 -0.028268 -0.141864 -1.271400 -0.054070 -0.045535 -0.007007 -0.533528 -0.069095 -0.041124 -1.177150 -0.051186 -0.786410 -0.009751 -0.059316 -0.005691 0.741727 -1.438925 -0.975166 -0.063958 -0.061023 -1.061591 0.540290 -1.636574 -0.071683 
-0.056275 -0.006135 -0.058014 -0.075344 -0.031693 -0.045643 -0.012681 0.079320 -0.022513 -0.038181 -0.067380 0.025513 0.045882 0.089557 -0.026303 -0.047509 0.036817 -0.003952 0.025803 -0.041102 0.036400 0.002579 -0.081483 0.006821 -0.049488 -0.053386 0.038807 -0.054820 0.087296 -0.016218 -0.032915 -0.061180 
0.007184 0.001011 -0.046423 -0.054850 0.076889 -0.023393 -0.069062 -0.065698 0.129921 -0.046345 -0.013819 0.023027 -0.018669 -0.065505 0.081329 0.075815 0.073100 -0.049129 -0.050977 -0.031677 -0.068121 -0.038245 0.046912 -0.008153 0.009195 -0.062756 0.013346 0.023357 0.009980 0.089781 -0.051608 0.042697 
-0.019981 0.074493 -0.082215 -0.064353 0.017489 -0.056942 -0.039037 0.014505 -0.006847 -0.080410 -0.034798 0.040603 -0.055884 -0.039410 0.032670 0.056890 0.073982 0.075835 -0.070538 -0.086649 -0.054684 0.085458 -0.020166 0.038014 0.003658 0.083697 -0.058594 -0.002159 0.062444 0.060220 -0.030329 -0.049738 
0.042512 -0.020343 -0.021891 -0.032200 0.014916 0.031273 0.074506 -0.084132 0.043064 -0.052493 0.048671 0.079381 0.000298 -0.010860 0.044070 -0.017921 -0.027226 0.065733 -0.012369 0.010291 0.058990 0.059666 -0.043896 -0.029553 0.051162 -0.010290 0.060489 0.021405 -0.042270 -0.062041 0.063868 -0.091959 
0.009817 -0.050223 -0.031958 -0.067469 0.073250 -0.049653 -0.059400 0.024113 -0.009945 0.081472 0.011293 0.082554 -0.021588 -0.036838 -0.027568 0.043387 -0.063306 0.052264 -0.038523 0.087885 0.019729 0.009781 -0.033869 -0.021310 0.091693 -0.065581 -0.092106 -0.042779 -0.035421 0.063963 -0.042537 0.066597 
-0.078461 0.017706 0.091329 0.086990 0.060254 -0.060272 0.018902 -0.041892 -0.071000 -0.062006 -0.051540 -0.000387 -0.006643 0.013094 -0.049202 0.022252 -0.026843 0.004476 0.017936 0.085087 -0.077944 0.076268 -0.028424 -0.078452 -0.081513 -0.028329 -0.029030 -0.024733 -0.056567 0.020634 -0.050338 -0.042828 
-0.053861 -0.051209 -0.048039 -0.085808 -0.019280 0.063064 -0.035500 0.001921 -0.091143 0.005162 -0.090668 -0.005585 -0.073946 -0.047668 -0.075534 -0.008588 0.049009 0.034603 -0.015702 0.063266 0.018670 0.048075 0.077014 0.029358 -0.072455 -0.044217 -0.087577 -0.036821 0.068618 -0.045713 0.012552 -0.077445 
-0.004722 0.056714 -0.071052 0.068199 0.027577 -0.014351 -0.022081 0.028635 0.083011 -0.020547 -0.069151 -0.083136 0.023985 -0.052485 0.000477 -0.019207 0.074319 0.076976 -0.048142 0.000788 0.032850 -0.063329 -0.062055 0.052595 -0.015345 -0.057431 -0.076427 -0.038929 -0.010943 0.028326 -0.024173 0.076536 
-0.007334 -0.002093 0.062187 -0.072113 0.066983 -0.060692 0.075940 0.075608 0.011991 0.045156 0.098580 -0.057973 -0.073651 -0.016137 0.014486 -0.089655 -0.032254 0.069538 -0.016541 -0.090151 0.098942 0.034327 0.019636 -0.022295 0.052698 0.092396 0.034524 -0.036339 0.015915 -0.085051 -0.049830 0.099303 
-0.027208 -0.106956 -0.088429 -0.018367 -0.056947 0.037453 -0.061725 0.019490 0.039881 0.101227 0.049344 0.062043 0.005354 -0.036158 0.079678 0.063264 -0.035740 -0.010344 0.218709 -0.047368 -0.121834 0.088903 0.194562 0.029491 0.063047 -0.041961 -0.057356 -0.061579 -0.012081 -0.039513 -0.035328 0.045840 
-0.006846 -0.052609 -0.022654 0.024771 -0.077408 0.031750 -0.025906 0.062093 0.068655 -0.042691 0.036807 -0.003664 0.047410 0.013254 -0.016029 -0.080349 0.084422 -0.027791 -0.028291 -0.088347 -0.078555 -0.088365 0.082924 0.031854 -0.022897 -0.058115 0.055159 0.051738 0.026077 0.076400 0.040317 -0.072970 
-0.069026 -0.076524 0.020537 -0.050018 0.037417 -0.070332 -0.086838 0.033601 -0.026239 0.061241 -0.063577 -0.068185 -0.019585 -0.022412 -0.058244 -0.042832 0.090504 0.024143 -0.041385 0.066453 0.011151 -0.050742 0.027217 0.052940 0.002119 -0.008086 0.046707 -0.081167 -0.023290 -0.020047 -0.054161 -0.009052 
0.004458 0.082508 0.022463 -0.038667 -0.089320 0.046205 0.070182 -0.021123 -0.007380 -0.085837 0.005631 0.054691 0.012051 0.025544 -0.080573 -0.005569 -0.050532 -0.024546 -0.017190 0.049462 0.020270 -0.081554 0.032931 -0.090314 0.005422 -0.010858 -0.071642 0.064435 0.071131 -0.043743 -0.033362 -0.024292 
-0.055037 0.088905 0.032309 -0.052615 0.038591 0.020220 0.017414 -0.058642 0.030334 -0.074145 0.087062 -0.045580 0.053364 -0.085281 0.041291 -0.089353 -0.018613 -0.064211 0.054744 -0.091013 -0.053630 0.001754 -0.083995 0.035994 0.080018 -0.063682 0.004455 0.053250 -0.010845 0.059948 -0.060887 0.026319 
0.056651 0.063622 0.065905 0.003041 -0.008358 -0.008882 0.036600 -0.070226 0.009174 0.031462 -0.023605 -0.029663 0.038381 -0.074515 -0.026815 -0.072433 -0.046525 -0.064271 -0.071245 -0.007954 0.029684 -0.063039 -0.064161 0.017501 -0.034520 0.032495 -0.021449 0.046836 0.000242 0.009864 -0.019045 -0.035308 
-0.026588 -0.048342 0.047938 0.053823 0.077129 0.019578 0.074572 -0.044694 -0.058311 -0.032643 0.024127 0.089570 0.031273 0.051398 -0.091191 0.047161 -0.072933 -0.060727 -0.068421 0.013383 -0.037108 -0.037346 -0.032582 -0.006237 0.134182 0.028929 -0.027604 -0.003617 -0.032136 0.064173 0.071211 0.037191 
0.102187 0.048701 -0.009870 0.084259 -0.063627 0.024123 0.051381 -0.014903 0.065754 -0.011821 -0.041578 -0.034891 0.028678 -0.049967 0.112974 -0.014676 -0.049752 -0.054078 -0.028801 0.018741 -0.010478 0.009559 -0.071921 -0.033341 0.055511 0.016931 0.090187 0.042088 -0.024028 0.020323 0.009960 -0.034738 
-0.041894 0.143216 -0.095651 -0.018882 -0.014782 0.182875 0.081428 -0.025286 0.016564 0.009707 0.069473 -0.082270 -0.010700 0.022104 0.112916 0.018171 0.009756 -0.044057 -0.069094 -0.029223 0.086195 -0.020541 -0.039150 -0.094857 -0.046705 0.018043 0.106956 0.025228 -0.042582 -0.059895 0.088733 -0.020805 
-0.014462 0.037280 0.066088 0.080460 0.035930 0.015871 -0.034404 -0.047412 0.007667 0.090934 -0.037671 0.043219 0.030128 0.083755 -0.039175 -0.005717 0.088551 -0.003250 0.038146 0.042505 0.076135 -0.027647 0.082156 0.078755 0.068786 0.077305 -0.042457 -0.081383 -0.028761 0.081093 0.002757 0.048978 
0.026172 -0.023356 0.037238 -0.030099 0.084716 -0.089367 0.014690 0.000182 -0.090634 0.069219 -0.048800 0.031695 0.060774 0.004226 -0.066223 0.057124 -0.091225 0.064124 0.007429 0.077111 -0.055724 -0.002616 0.063665 -0.079139 -0.017512 -0.070993 -0.068320 0.045929 -0.082101 0.026638 0.002706 0.036273 
-0.061648 -0.082734 0.023943 0.069888 -0.034732 0.068155 0.013206 -0.036120 -0.003692 -0.051796 0.120814 -0.032726 -0.120813 -0.024763 -0.116340 -0.017408 0.084981 0.043027 -0.092627 0.010117 -0.060137 -0.081743 -0.138301 0.065599 0.012621 0.081144 -0.041903 -0.136961 0.145630 0.115126 0.093833 0.136611 
-0.084942 0.074710 0.080876 -0.042164 0.003373 -0.015347 0.002181 -0.090946 -0.068169 -0.013980 -0.032289 -0.024564 -0.004163 -0.008710 0.020018 -0.022423 -0.069902 0.049509 -0.004206 -0.041509 0.050465 0.027073 0.061573 0.072628 0.082233 -0.066019 -0.079510 0.071830 0.085698 0.081228 0.064708 -0.091445 
0.063683 0.053207 -0.041679 -0.025194 -0.054098 0.053307 -0.024110 -0.029980 -0.053353 0.035530 0.038072 0.034936 -0.065171 -0.034399 -0.079856 -0.042278 -0.077373 0.009069 0.007907 0.065752 -0.056886 -0.022462 0.045174 -0.067642 0.004988 0.058862 -0.087229 -0.002992 0.047942 0.069006 -0.001549 0.018634 
0.030826 0.048756 0.086087 0.068862 0.009529 -0.029949 -0.053472 0.048522 -0.086073 0.076233 -0.008848 -0.058706 -0.050647 0.003559 -0.009040 -0.035817 -0.080441 0.091318 -0.062723 -0.045166 -0.023355 0.075201 -0.019859 0.072556 0.041413 -0.014924 -0.022437 -0.003347 -0.037481 0.067727 -0.076571 0.085546 
0.024282 -0.082685 0.062207 -0.058390 -0.020433 -0.083467 0.082334 -0.014305 0.084968 -0.018716 0.019190 -0.057880 0.077044 -0.082051 -0.001496 0.088805 -0.082934 0.027982 -0.048562 -0.014088 0.010982 0.023779 -0.033733 -0.039805 -0.083345 0.036031 0.049048 -0.028625 0.011557 0.064678 -0.035280 -0.056362 
0.074194 -0.065274 -0.022551 -0.038440 -0.056540 -0.032418 0.039457 -0.063773 0.041067 -0.033554 -0.029452 0.025911 -0.023404 0.061253 0.022514 -0.014137 -0.002966 0.066153 0.063975 -0.084185 -0.002268 -0.061959 -0.031789 0.006588 0.066273 -0.074942 0.070164 -0.014371 0.081937 -0.057317 0.021468 0.063929 
-0.030390 0.091118 -0.066711 0.005271 -0.033501 0.064947 0.033699 -0.084635 -0.060809 -0.087955 0.033477 0.007988 0.065499 -0.036210 0.086052 -0.029668 -0.062257 0.057826 -0.021652 0.027675 0.088068 0.038759 -0.057938 0.062140 0.056018 -0.079975 -0.044432 0.045754 -0.045092 0.069237 0.017482 0.016719 
0.068154 0.042972 -0.070211 -0.057548 0.015718 0.055689 -0.049982 0.047110 0.059935 0.075696 -0.037103 0.033233 -0.052715 -0.043252 -0.088636 -0.022771 -0.077626 -0.018088 -0.087297 -0.081759 -0.071529 -0.053034 0.072582 0.076690 -0.040809 -0.064051 0.030243 0.006301 -0.087014 -0.044475 -0.069181 0.073341 
0.090698 -0.047191 -0.076408 0.014215 -0.083703 -0.034189 -0.030876 0.068433 -0.050694 0.024222 0.009465 -0.011207 0.073172 0.013030 0.058223 0.087746 0.087143 0.063127 -0.086213 -0.076587 -0.082108 0.078570 -0.092098 -0.030716 -0.077682 0.030346 0.067786 -0.072495 0.078072 0.090806 -0.091356 0.076569 
-0.048585 -0.075562 -0.001418 -0.040087 -0.017550 0.059907 -0.063855 0.023957 -0.008072 0.037811 -0.079451 -0.027101 -0.041360 0.070973 -0.031555 -0.046418 0.041899 -0.025568 -0.030804 0.051992 -0.039199 -0.030701 -0.070925 -0.024680 0.091846 0.089063 -0.004974 0.077717 0.087668 -0.004129 0.062085 -0.053118 
0.012510 -0.031533 -0.001004 0.087161 -0.063827 0.027342 0.018917 0.020302 -0.027048 0.031667 0.085402 0.023793 0.010439 -0.038354 0.069575 -0.039864 0.028279 -0.053430 -0.080073 0.081281 0.008070 -0.058796 -0.035600 0.007715 -0.061935 0.051627 -0.006768 -0.066467 -0.044703 -0.036884 -0.027384 0.060008 
0.023784 0.063813 0.054968 0.052158 -0.001046 -0.018317 -0.019741 0.064108 -0.078851 -0.026540 -0.004300 0.023789 0.027307 -0.026926 0.076126 -0.036615 0.011845 0.088254 -0.047536 -0.072285 -0.062743 0.009065 0.027631 -0.032477 -0.031509 -0.071338 -0.006743 0.015989 -0.016021 0.058074 -0.016204 -0.084438 
0.029686 -0.053438 0.059921 -0.063560 0.020447 -0.052021 -0.091654 0.033797 0.013640 -0.003753 -0.034616 -0.051254 0.061522 -0.050691 0.004332 -0.018833 -0.054637 0.048997 0.001082 -0.025179 -0.034139 -0.063488 0.034545 0.026553 -0.042625 -0.064399 -0.049659 0.033555 0.085876 0.026337 0.041318 0.023362 
0.065101 0.009038 0.052002 -0.006654 0.049218 0.052550 -0.065058 -0.029343 -0.043404 -0.007473 0.011604 -0.074083 0.034037 -0.076265 -0.000715 0.071601 0.064934 -0.091833 -0.045779 -0.061406 -0.063120 0.080967 0.057348 -0.013544 -0.075633 -0.084512 -0.072190 -0.081957 0.034026 0.061329 0.033605 0.006926 
-0.021834 -0.006594 -0.091929 -0.064817 -0.046245 -0.064786 -0.001959 0.002552 0.019942 -0.082556 0.020670 -0.038222 -0.066620 -0.072246 -0.058821 0.090515 -0.071879 -0.012400 -0.063092 -0.042798 -0.023634 0.086457 0.035859 -0.007065 -0.090256 0.055870 0.003178 0.035971 0.024998 -0.055417 -0.049304 -0.089037 
0.030190 -0.049032 -0.061653 0.076146 -0.021617 0.028589 -0.013504 0.090527 0.038234 -0.085035 -0.039896 0.063815 -0.065080 -0.006516 0.062129 -0.044758 0.073285 0.091238 0.004645 -0.042550 0.085494 -0.051697 0.042586 0.087439 -0.088028 -0.046437 0.031209 0.029171 -0.009653 0.074106 0.032335 -0.071665 
-0.067126 0.062884 -0.087720 0.003458 -0.000728 -0.009023 0.001784 -0.054696 -0.001856 0.054089 -0.083082 0.025264 -0.044629 0.071248 0.072708 -0.063545 0.070284 -0.014849 -0.013894 0.063577 0.025655 -0.063509 0.058815 0.029828 -0.017745 -0.002177 -0.033202 0.064803 -0.020271 0.091335 0.085339 0.004804 
0.094751 0.089725 -0.085724 -0.031595 -0.010963 0.004361 0.003460 0.077034 -0.029025 -0.019789 0.016736 0.007682 -0.007458 -0.002881 0.049309 -0.026489 0.041469 -0.052214 -0.057429 0.038462 -0.028978 -0.089104 -0.062671 0.021410 0.013882 0.002900 0.026044 0.077983 0.002382 -0.011914 -0.011397 -0.033367 
-0.003375 -0.011923 0.021936 0.052676 -0.086781 -0.055017 0.039129 -0.028617 0.034881 0.111842 0.057036 -0.042072 0.100504 0.007016 0.025516 0.033370 0.123019 0.027695 -0.024417 -0.071756 0.062357 0.009408 0.026520 -0.055001 -0.079984 0.021307 -0.075694 0.021143 -0.066130 0.020525 0.073260 0.024315 
-0.072168 0.000653 0.035858 -0.068471 0.037430 0.019770 -0.000639 -0.002282 -0.076515 -0.005503 0.044967 -0.088087 -0.054406 -0.027143 0.062405 -0.069042 -0.062831 -0.060388 -0.020717 0.088916 0.034366 -0.019377 -0.035082 0.036863 0.091981 0.005909 -0.053762 -0.062309 -0.059911 -0.083293 0.068579 -0.039879 
0.009561 0.012237 -0.016148 -0.045210 -0.060194 0.075413 0.044709 -0.044508 -0.022291 -0.002525 -0.040394 0.015504 0.062533 -0.070190 0.038663 0.091902 -0.038378 -0.074255 0.088617 0.088189 -0.001431 -0.038666 0.032852 -0.001651 0.059444 0.071290 0.028242 0.091734 0.080199 0.004620 -0.040346 -0.002441 
-0.075719 0.042365 0.008665 -0.044052 0.020338 -0.030374 0.019532 0.067078 0.123242 0.047876 0.016651 0.040876 0.102861 -0.039479 0.059411 -0.050634 -0.013395 0.010794 -0.058141 0.049037 -0.077410 0.011004 -0.030321 0.066610 -0.003051 -0.087411 0.070800 0.064374 -0.037039 -0.063450 -0.055562 0.023594 
0.068852 0.077830 0.072041 -0.004430 -0.017313 -0.015804 -0.007802 -0.022781 -0.051843 -0.087871 -0.057918 -0.065870 -0.037077 0.091049 -0.026075 0.031664 0.052030 0.009708 0.006773 0.066546 -0.013858 0.072433 0.048305 -0.058335 0.074133 0.029596 0.069588 -0.011747 0.062742 -0.081533 -0.080771 0.039393 
0.088075 0.085859 -0.061468 -0.021900 -0.025237 0.048176 0.039431 0.019913 0.027991 0.070582 0.044299 0.076017 0.092839 -0.070966 0.043285 0.038570 0.025752 -0.049011 0.022347 -0.073124 -0.078495 -0.029135 -0.051659 0.060323 -0.069463 -0.062010 -0.016744 0.072631 -0.050517 -0.015270 0.017031 -0.067413 
-0.014032 0.046308 0.009133 0.053635 -0.018731 -0.034664 -0.022741 -0.079441 -0.044178 -0.072787 -0.085027 -0.054843 -0.056707 0.033252 0.078723 0.061281 0.066102 0.002232 0.073211 0.079185 0.066247 -0.065395 0.074199 0.067657 -0.042212 -0.034734 0.039608 -0.008360 0.052164 -0.041249 0.021789 -0.054069 
-0.087142 -0.061279 0.091768 -0.013672 -0.003741 -0.023174 -0.000912 0.044282 -0.003760 0.006263 0.081640 0.031734 -0.052687 0.068162 0.000814 -0.078785 -0.021807 -0.018176 -0.091802 -0.047762 0.008630 0.074599 -0.072306 0.058619 -0.052337 0.059503 -0.041943 0.092028 -0.073947 0.072047 -0.054241 -0.068887 
-0.081495 -0.054877 0.009329 0.006907 0.014429 -0.083085 -0.041210 -0.081432 0.014825 -0.052084 0.042981 0.054630 -0.075881 -0.048738 0.067851 -0.004802 0.024961 0.069324 0.039052 -0.058080 0.050766 0.059247 -0.092824 0.089721 0.028013 -0.041414 0.090453 0.044561 -0.061507 -0.056767 0.068669 -0.051714 
-0.005933 0.019170 0.005055 0.110496 -0.033605 -0.061215 -0.087200 -0.074881 -0.045927 0.007718 0.129015 -0.026542 0.130991 0.043211 0.131330 0.045754 0.010260 0.087445 0.044380 0.009864 -0.021756 0.036323 -0.059960 -0.128216 -0.002779 -0.000875 0.057099 0.004480 0.069981 -0.026173 0.037844 0.048246 
-0.085868 -0.049154 0.076449 0.000610 -0.042135 0.082889 0.009881 0.005632 0.039455 -0.018542 0.070107 0.039159 -0.071243 0.037282 -0.028374 0.036579 -0.048403 -0.062314 -0.081481 0.017348 0.088158 -0.016757 0.017437 -0.079905 0.046178 -0.029884 -0.033451 -0.039119 0.083103 0.053887 -0.050719 0.089435 
-0.087538 -0.066697 -0.002505 -0.037535 -0.075696 -0.084045 0.060076 0.056071 -0.011005 0.037632 0.003565 0.010278 -0.017017 0.067020 -0.045562 0.027547 -0.087859 -0.033641 -0.047961 -0.091309 0.040735 0.062012 -0.080312 -0.006305 -0.058436 -0.020274 0.047789 -0.069442 -0.058520 0.088401 -0.071320 -0.054877 
-0.069446 0.018096 0.000366 -0.053027 0.025821 -0.031404 -0.089355 -0.077198 -0.085268 0.005678 0.025144 -0.009650 -0.019864 0.071864 -0.074635 -0.015520 -0.055098 -0.030072 -0.015218 0.077786 -0.060273 -0.002621 -0.019755 -0.028157 0.068726 -0.064213 -0.005140 -0.082642 -0.067189 0.015112 -0.044875 -0.044435 
-0.058994 0.047692 -0.005261 0.059028 -0.075912 -0.002415 0.074031 -0.068980 -0.088938 0.006974 0.013572 -0.016601 -0.013362 0.031137 0.060080 0.023741 -0.091135 -0.047339 0.009326 -0.059208 0.042241 0.081772 0.004836 0.018766 -0.074642 0.091897 0.028326 -0.049630 0.014808 0.075652 -0.001864 0.048015 
0.031143 0.085076 0.014842 0.047432 -0.009540 -0.003327 0.070653 -0.006276 -0.088554 -0.007976 0.069324 -0.009715 -0.069040 0.037203 -0.078176 -0.067974 0.082066 0.023351 -0.034981 0.032106 0.012922 0.062056 -0.041329 0.030481 0.061752 0.079197 0.073052 -0.015641 0.062649 -0.021013 -0.059826 0.001591 
-0.019919 0.063376 -0.057594 0.114547 -0.057051 -0.148987 -0.011637 -0.047378 0.011392 -0.041371 0.069953 0.057502 0.065052 0.034986 0.071495 0.015884 -0.034562 -0.045920 -0.111724 -0.001482 -0.080758 0.025423 -0.022482 0.021409 -0.164453 -0.101082 -0.054110 -0.011870 -0.041478 -0.041613 -0.081716 -0.029152 
-0.056991 -0.041103 -0.079847 -0.013151 -0.013386 -0.030994 0.034215 -0.086002 -0.006103 -0.020436 0.049274 -0.035478 -0.060580 0.023672 -0.075409 0.015211 0.055296 0.010065 0.010623 0.057517 -0.039748 -0.054918 0.027824 0.081877 0.045802 0.076694 -0.008881 0.030563 -0.027407 -0.007304 0.081553 0.007012 
0.044537 -0.090938 0.086160 -0.061181 -0.029753 0.029229 -0.055356 0.056602 -0.083480 0.085200 -0.070648 -0.051198 0.016662 -0.054165 0.055739 -0.019474 0.046870 -0.024388 -0.055271 -0.084526 0.011816 0.065637 0.089001 -0.036877 0.051318 -0.010829 0.087098 -0.070698 0.074774 0.075093 0.029746 0.026089 
-0.006128 -0.030982 -0.035268 -0.042540 -0.039672 -0.087987 -0.084298 -0.030368 0.114054 -0.062114 0.011513 0.037273 -0.023478 -0.025088 -0.055896 -0.066084 0.093090 -0.054745 -0.056943 -0.038666 -0.090075 -0.062627 -0.014440 0.113075 -0.276605 -0.131588 0.053097 0.033187 -0.000764 0.027590 -0.059149 -0.012669 
-0.056735 0.071284 -0.008464 0.004760 0.086108 0.006839 0.058518 0.068853 0.075349 0.030218 0.011507 -0.041188 0.050048 -0.025865 -0.015350 -0.023025 0.029210 -0.031155 0.008219 -0.007983 0.052086 -0.039635 0.018759 -0.039123 -0.005265 -0.015561 0.055059 -0.033052 0.047046 0.093876 -0.025505 -0.068530 
0.080834 -0.023600 0.023978 0.075585 -0.076732 -0.010943 0.066726 0.087130 0.056133 -0.020849 -0.047547 0.004423 0.069658 0.027116 0.085022 0.006695 -0.050600 0.033091 -0.051912 0.085616 0.089323 0.035707 -0.036647 0.064165 -0.077491 -0.066661 -0.058666 -0.085787 -0.070095 0.074838 -0.057957 -0.081461 
-0.040963 0.058223 0.086325 -0.025494 -0.044921 0.060849 -0.030565 -0.080989 -0.052200 0.014089 0.015635 -0.074743 -0.050996 0.008456 0.024152 -0.009395 -0.050654 0.064441 -0.015980 -0.053532 0.007946 0.039574 -0.081568 0.022656 0.065114 -0.048033 0.029070 0.087221 -0.065396 0.063314 -0.086442 -0.014158 
0.029336 0.092084 0.052549 0.076616 0.060732 -0.070217 0.087828 -0.083669 0.036073 0.011262 -0.066212 0.077278 -0.072483 0.050141 -0.024318 -0.030936 0.022381 0.051903 0.007734 -0.061874 -0.000724 0.018367 0.052983 -0.027811 0.062535 -0.010148 -0.032791 0.089339 -0.039034 -0.027032 -0.017020 0.082503 
-0.027150 -0.056672 0.066918 -0.058619 -0.034687 0.062545 -0.050087 -0.090815 -0.018394 -0.024098 0.078664 0.001324 -0.066158 -0.037855 0.062590 0.048424 -0.078152 -0.021878 0.078751 0.013325 0.088690 0.039533 0.077715 0.059024 -0.062815 -0.047277 0.056162 -0.009648 0.017892 -0.053058 -0.019346 0.082943 
-0.017606 -0.044878 -0.068259 0.039838 -0.074191 -0.025291 0.040982 -0.000262 0.042135 0.027061 -0.090552 0.068533 0.081704 0.063832 0.024517 -0.087809 -0.050646 0.012383 0.016999 -0.053506 -0.041455 0.002881 -0.088106 -0.013183 0.049597 0.061667 0.070478 -0.026801 -0.083517 -0.042023 -0.035086 -0.010039 
0.011925 -0.016554 -0.071825 0.021820 0.064676 0.077195 -0.075663 0.000238 0.006768 -0.080358 -0.004580 -0.014832 0.082434 -0.078928 -0.012102 -0.049936 -0.004612 -0.053892 -0.023204 0.079926 0.012653 -0.001091 -0.049685 -0.001270 -0.009343 -0.052990 0.041726 -0.041155 0.004607 -0.101822 0.043986 0.113203 
-0.011169 0.060260 0.036891 -0.029456 0.075474 0.044685 0.059876 -0.025923 0.075143 -0.101183 0.071926 0.066938 -0.051604 -0.026249 -0.079175 0.070606 -0.009401 -0.002488 0.032827 -0.076599 0.079641 0.092351 -0.038971 -0.051291 -0.049951 -0.056477 -0.004211 0.008219 -0.048934 -0.049701 0.033474 0.046333 
-0.059134 -0.043745 0.086025 0.090798 -0.088498 0.049645 -0.028437 0.075885 0.086774 -0.058058 0.051838 -0.054585 0.005964 0.065320 -0.086672 0.088781 -0.030024 0.041201 -0.083344 -0.044920 0.040308 -0.001614 -0.010537 0.073274 0.030850 0.081100 0.006780 0.070473 -0.056165 -0.060523 0.013603 -0.023099 
-0.012403 -0.059840 -0.096784 -0.018432 0.034368 -0.179734 -0.026377 -0.039612 0.144456 -0.040395 0.000563 -0.014980 -0.094001 0.002979 -0.159278 -0.033946 -0.048425 -0.003298 -0.202650 -0.085483 0.034936 -0.180931 0.079567 0.211358 -0.320800 -0.311524 0.031033 -0.061503 0.014522 -0.082421 0.017435 0.148662 
0.049686 0.049001 0.006329 0.096194 0.025215 0.051980 -0.057239 -0.006029 0.069421 -0.001735 0.082509 0.083985 -0.058194 0.003124 -0.042823 -0.015116 0.029002 0.061872 -0.021661 0.061208 0.082891 -0.046145 -0.022214 0.074095 0.016602 0.097363 -0.075501 -0.057019 0.092826 0.032275 -0.050916 0.054340 
0.044464 0.031735 -0.000900 -0.022809 -0.013118 -0.107521 0.107457 -0.029372 0.025114 0.060424 0.028737 0.024259 -0.089822 0.026110 -0.081960 0.030016 -0.010696 0.000137 -0.140452 -0.144555 0.074806 -0.085528 -0.029106 -0.043608 -0.261445 -0.195447 -0.008430 0.059330 -0.244948 0.029876 0.006749 0.068173 
-0.019546 -0.092057 0.077212 0.062986 0.039405 0.023493 -0.042650 -0.068144 -0.041436 0.021751 0.063586 -0.034467 -0.024683 0.052874 -0.061471 0.099831 -0.051522 0.082910 0.001910 0.080404 0.065340 0.082017 -0.050429 0.034432 0.010117 0.053140 0.036589 0.044797 0.013886 -0.062954 -0.010231 0.056735 
-0.058544 -0.029676 0.042460 0.072843 0.084837 -0.089892 -0.087305 -0.047623 0.032927 0.045982 0.012027 -0.081350 0.006731 0.040960 -0.085930 0.049206 0.004422 0.012437 0.031460 -0.022211 0.004906 0.077598 -0.067662 -0.086599 0.042320 0.062421 0.044999 -0.056397 -0.090108 -0.062676 -0.075592 -0.058908 
-0.021147 0.087353 -0.059521 -0.020552 0.034363 0.018601 0.024408 0.012025 0.048887 -0.023126 -0.022347 -0.002988 0.096504 0.004586 -0.014892 0.005242 -0.028230 0.045306 0.170950 0.098147 0.055907 -0.079128 0.061865 -0.053416 0.222238 0.100626 0.031530 0.075757 0.065568 0.065918 -0.093478 -0.116116 
0.018280 -0.070757 0.014105 -0.021048 -0.047920 -0.032514 0.056350 -0.068807 0.010139 -0.010976 0.000935 0.001434 -0.086064 0.046806 -0.080508 -0.058897 0.022033 0.094680 0.088927 -0.018803 0.068189 0.011734 0.091859 0.023167 -0.087855 0.005150 0.019722 0.044028 -0.036168 0.010570 0.076011 0.053186 
0.085004 -0.045461 -0.080165 -0.173712 0.091676 -0.143749 -0.110913 -0.080813 0.045010 0.064393 0.099324 0.056425 -0.050372 0.123531 0.106203 -0.173346 
0.118979 -0.009580 0.001448 0.101408 -0.046470 -0.098923 0.169963 -0.084235 0.186683 -0.124783 0.065685 -0.138288 0.109435 -0.018544 -0.190857 -0.024269 
-0.187984 -0.112009 0.008228 0.095039 -0.011858 0.036157 -0.164435 -0.187113 -0.011970 0.189834 -0.017053 0.120392 0.024878 -0.099193 0.148548 0.050052 
-0.151464 -0.086736 0.007632 -0.082384 0.040703 -0.160001 0.065995 -0.011580 -0.074382 -0.057535 0.041401 -0.130657 -0.155026 0.046099 0.072284 -0.153955 
0.138360 -0.071904 0.118333 -0.045027 -0.162848 0.142626 -0.025713 0.009581 0.122515 0.184188 -0.065217 0.043961 -0.074408 -0.115581 -0.069584 -0.031945 
-0.060288 0.056058 0.097977 -0.152151 0.177584 -0.159766 0.119684 -0.112369 0.093891 -0.100873 -0.153222 0.062975 -0.023036 0.057173 0.076764 0.016369 
-0.113689 0.091372 -0.121803 -0.079903 0.074888 0.047079 0.162754 -0.054516 0.028302 0.168843 -0.081307 0.142615 -0.155795 0.037201 -0.049020 -0.002552 
-0.092424 -0.124230 0.095916 -0.132938 -0.007023 -0.079478 -0.045505 -0.096039 -0.006978 0.014834 0.109773 -0.081146 0.035263 0.044190 -0.167090 0.077804 
-0.061926 -0.156906 -0.158117 0.161070 0.090306 0.052275 -0.021092 -0.077977 0.141449 -0.030655 -0.240598 0.137979 0.048521 -0.106577 0.033902 -0.210425 
0.054419 -0.117334 0.078824 -0.118609 -0.008766 0.146587 -0.023653 0.272743 -0.147378 -0.118668 -0.159534 0.036299 0.385076 -0.151350 -0.053511 -0.121359 
-0.110359 -0.039629 -0.159634 -0.143729 -0.071147 -0.066496 -0.011404 -0.172256 0.113687 -0.017039 0.150459 0.007852 -0.050639 -0.059888 -0.017720 -0.011865 
0.074026 0.066127 0.113867 -0.124074 -0.100499 -0.160874 -0.161631 -0.084352 -0.072721 -0.116931 0.090689 -0.124395 -0.043426 -0.132906 -0.046446 0.089668 
0.052345 -0.017788 0.169209 0.148743 0.195024 -0.110767 0.259264 0.070185 0.067122 0.098483 -0.067408 0.000656 -0.022737 0.128126 -0.148115 -0.147516 
0.029231 0.109505 -0.068922 0.086821 -0.168878 -0.106148 -0.140516 -0.070907 -0.000980 0.133979 -0.080578 0.123572 -0.154692 0.043644 0.029235 0.067782 
-0.091759 -0.092066 0.075527 -0.114665 0.098417 -0.048917 0.203132 -0.080706 0.072170 -0.138550 -0.071544 -0.164693 0.096928 -0.036367 -0.140877 -0.005380 
0.105498 -0.028975 -0.046798 0.150214 0.073927 -0.042888 -0.059941 -0.081639 -0.075639 0.071668 -0.126608 -0.079056 -0.062699 0.066868 -0.195644 0.003852 
-0.098505 0.112318 0.137411 0.155568 0.007925 0.078237 -0.093070 -0.146001 0.149284 -0.160711 -0.148095 0.141386 0.157741 -0.091826 -0.027415 0.137620 
0.001647 0.064979 0.120634 -0.000880 -0.135454 -0.164799 0.160499 -0.036652 0.108157 0.116820 0.079308 -0.131555 -0.171533 0.076391 -0.279108 -0.002743 
0.010044 0.128780 0.214430 -0.104617 0.052543 0.260158 -0.062664 0.138623 0.168069 -0.002401 -0.037619 0.098845 0.216847 0.086497 0.054362 -0.082566 
-0.029470 -0.098628 -0.167979 0.037524 0.086960 -0.089301 -0.115624 0.027184 0.044194 0.096394 -0.124846 -0.160732 -0.137055 -0.159051 0.088330 -0.149495 
0.048828 0.009178 0.015816 -0.038418 0.000414 0.134044 0.200082 -0.001858 -0.092171 -0.041393 -0.054405 0.133840 -0.115846 -0.118479 -0.059646 0.002756 
0.107830 -0.036951 0.001977 0.041129 -0.112756 -0.014390 -0.114347 0.140036 -0.157195 0.180143 0.096632 0.020762 0.182601 0.044386 0.109810 -0.009571 
-0.087364 -0.113183 0.354649 0.097728 -0.134713 0.181509 -0.084257 0.093312 -0.104379 0.016020 -0.216468 -0.102614 0.286258 -0.067761 0.134780 -0.019405 
-0.120239 -0.121551 -0.129804 -0.054003 0.022388 -0.092779 -0.149432 0.072826 -0.027923 0.166849 -0.204362 -0.103316 -0.001593 -0.219052 0.138105 0.126013 
-0.108024 -0.120855 0.118701 0.009244 -0.007619 -0.050001 0.209642 0.121102 -0.018702 -0.087818 -0.108755 -0.162132 -0.104646 -0.196925 0.007611 0.073545 
-0.191550 0.041565 -0.086003 0.047900 -0.048672 -0.173027 -0.053367 0.057621 -0.072774 -0.003364 -0.034861 0.137268 -0.225962 -0.153813 0.091293 0.102944 
-0.072819 -0.067248 -0.027397 0.111597 -0.031889 -0.118455 0.086991 0.072460 0.020702 -0.019922 0.034501 -0.078797 -0.064192 -0.067261 -0.101055 -0.047882 
-0.020679 0.031361 -0.068724 0.083154 0.227396 -0.014827 0.047772 -0.061340 0.114561 -0.077133 -0.140728 -0.126317 0.197007 0.129026 -0.171628 -0.117323 
-0.139412 -0.071175 -0.191162 0.038537 0.102818 -0.070634 -0.026635 -0.117596 -0.160394 -0.077799 -0.082381 -0.031850 -0.165826 -0.024809 0.155207 -0.163156 
-0.042714 -0.166347 0.129088 -0.040662 0.013757 -0.083498 0.048992 -0.130776 0.065718 0.121112 -0.109650 0.058130 0.029388 -0.088553 0.164678 0.199728 
0.038329 0.096097 0.056641 0.017830 -0.016879 0.124235 0.167204 -0.009175 -0.134599 -0.102718 0.096041 0.060462 0.011095 0.031630 0.070794 -0.121655 
0.129633 0.055604 0.009323 -0.073744 -0.114629 -0.109448 0.001297 0.093247 -0.130483 0.153157 -0.149023 0.117604 -0.163483 -0.192607 0.116926 0.147382 
-0.225817 -0.046116 0.002616 -0.006333 -0.078135 -0.133003 0.207187 -0.040808 
-0.020584 0.129298 -0.152186 0.064484 -0.513239 -0.178447 0.146286 -0.069348 
0.356467 -0.022543 0.066556 -0.155459 0.176246 -0.180401 0.155281 0.425214 
0.205291 -0.109548 0.121098 -0.221722 -0.015426 -0.001922 0.225085 0.042786 
0.247650 0.036200 -0.219969 -0.157075 0.069282 0.271501 0.018108 -0.282003 
0.153581 -0.058817 0.027250 -0.048650 -0.285688 -0.068834 0.056311 0.292007 
0.337893 -0.094337 0.247935 0.212136 -0.066387 0.285853 0.106680 -0.150075 
-0.065870 -0.058185 -0.112374 0.155949 0.248405 -0.119543 -0.101804 0.371484 
0.190235 -0.025481 0.232687 -0.002193 -0.061293 0.036341 0.015344 -0.183615 
-0.116187 -0.256935 -0.032467 -0.161637 -0.039888 -0.197104 -0.248991 -0.047630 
-0.045237 -0.033973 -0.178445 0.322831 -0.890522 0.193169 -0.221102 -0.167285 
-0.086565 0.056103 0.250227 -0.074797 0.107558 -0.063581 -0.149826 -0.148335 
0.300996 0.074051 0.087093 -0.083340 0.005495 -0.133829 -0.111547 0.519328 
-0.039366 0.122818 -0.198334 0.364029 -0.820711 -0.186113 -0.176695 -0.092441 
-0.364449 0.107153 -0.198176 -0.332778 -0.113485 -0.193464 -0.140188 0.013280 
-0.045193 0.055131 0.226071 -0.211654 0.118836 -0.178769 -0.053878 -0.078646 
-0.134799 -0.286715 0.108428 -0.336105 -0.162461 -0.434987 0.464905 0.085688 0.260450 -0.331324 -0.039515 0.431910 -0.153928 -0.022001 -0.247530 -0.402428 
-0.460497 -0.360742 -0.128673 -0.307974 -0.350363 -0.155991 -0.152429 -0.509373 -0.349950 -0.552034 -0.296021 -0.143270 0.122608 -0.183545 -0.049507 -0.521350 
0.039355 -0.040484 -0.286583 0.284414 0.062982 -0.303657 0.047326 -0.083327 -0.244681 0.318461 -0.203788 -0.126342 0.067730 -0.087066 0.139463 -0.051758 
-0.086944 0.244109 0.022823 -0.283837 -0.074572 -0.397119 -0.324928 -0.385119 0.013178 -0.427723 0.110107 -0.021755 0.102932 -0.099942 0.024112 -0.345823 
0.151266 0.120766 -0.279279 -0.078507 0.167765 0.201393 0.232981 0.159709 0.137760 0.380168 -0.195880 -0.250154 0.185700 0.058416 -0.197893 0.008481 
0.196217 -0.193048 -0.289088 -0.164949 -0.072788 -0.276397 0.064555 -0.247692 -0.135777 -0.215402 0.101288 0.322968 0.129505 -0.217183 -0.248023 -0.023364 
0.260509 -0.173908 0.300365 0.072386 0.274260 0.117981 0.004725 0.024428 0.120824 0.149043 0.179667 -0.323583 0.044033 -0.046846 -0.344773 -0.144135 
0.099113 -0.281231 0.093043 -0.304631 -0.287017 -0.219067 -0.276030 0.034182 -0.131717 0.203851 0.006804 0.732224 -0.329010 0.068711 0.016083 0.455308 
0.201406 -0.027493 -0.036145 0.088094 -0.180410 -0.233830 -0.059696 0.186749 0.115722 -0.067821 0.160385 -0.365626 -0.016411 0.132181 0.061245 -0.150584 0.418147 -0.140930 -0.106264 -0.149199 -0.260860 0.009825 -0.089742 0.089020 -0.045842 -0.156746 0.076729 -0.047637 -0.091040 -0.163842 -0.044904 0.183745 
0.058090 0.209004 0.079182 0.124866 0.224513 -0.243674 0.031802 0.080219 -0.192230 -0.055633 0.242871 0.080656 -0.134167 0.053074 0.191291 -0.163874 0.157584 -0.163114 -0.063767 -0.160890 0.076664 -0.178637 0.177202 -0.225778 -0.039370 0.002851 -0.007464 -0.070109 0.083023 0.180602 -0.144499 -0.100192 
0.133152 0.185229 -0.229058 0.115466 0.192138 0.044166 -0.038178 0.248828 -0.241234 -0.042139 0.084842 -0.130652 -0.246491 0.022429 -0.040504 0.182878 0.102534 0.138517 -0.236669 -0.042126 0.214166 0.183377 -0.033086 -0.073791 -0.059989 0.214260 0.101571 -0.216811 0.151855 0.206399 -0.065174 0.036489 
0.135247 -0.039554 -0.097371 0.086368 -0.231458 0.114179 0.074573 -0.227973 -0.175661 -0.090148 -0.107381 -0.169619 0.193343 0.094829 -0.244649 0.048079 -0.014137 -0.231992 0.235114 -0.052414 0.219835 -0.026514 0.119267 -0.096249 -0.056991 -0.028489 -0.060276 -0.176660 -0.083278 0.123876 0.123372 -0.177186 
-0.185635 -0.230957 0.142507 -0.168927 0.125270 -0.004948 0.008551 0.270978 0.101534 0.013770 -0.395019 -0.026263 -0.151633 -0.219013 -0.203815 0.049865 -0.143800 -0.204663 -0.256410 -0.210302 0.038749 0.150372 -0.181796 -0.228343 -0.201764 0.062481 -0.120117 -0.005857 -0.187688 0.209686 0.151921 0.065591 
-0.234955 0.043208 0.153625 0.127374 -0.212047 -0.206947 0.433569 0.214061 -0.014734 0.079505 0.005894 0.070247 0.202235 0.189123 -0.072435 0.287876 -0.203402 -0.108400 0.225690 0.281288 -0.091878 -0.033725 -0.309347 0.080812 -0.503355 -0.128183 -0.087839 -0.048483 -0.257334 -0.220513 -0.189470 -0.097572 
0.066870 0.231723 -0.222017 0.096131 -0.227101 0.152887 0.027115 0.192918 0.009114 0.009714 -0.190351 -0.205912 -0.225588 -0.250572 -0.117184 -0.187099 0.262609 -0.040331 -0.155868 -0.254011 -0.003549 -0.137356 0.003245 0.105691 0.131129 -0.263610 -0.118763 0.131809 -0.368068 -0.081880 -0.166165 0.182675 
-0.063069 -0.115932 0.004366 -0.098782 -0.212285 -0.111204 -0.184723 0.159606 0.008745 0.213186 -0.210456 -0.201811 0.035218 -0.050772 -0.224532 -0.112274 0.409874 -0.085714 -0.074641 0.038650 -0.120468 -0.189753 -0.327509 -0.142339 -0.142501 -0.001568 -0.212280 -0.051681 -0.057361 -0.129975 -0.118286 -0.055350 
0.003335 0.190529 0.097042 -0.022260 -0.170001 0.206857 -0.133731 -0.086981 0.010540 -0.047744 -0.053044 -0.297279 0.125800 -0.064720 -0.022595 0.075964 0.161041 0.151814 -0.130227 -0.050562 -0.052836 0.036633 -0.052946 -0.182139 -0.162341 0.047124 0.015742 -0.167966 -0.028563 0.146121 0.027253 -0.023182 
0.051864 -0.077685 -0.277194 0.120725 -0.122613 -0.129749 -0.009711 0.264429 0.043894 0.313402 0.223851 -0.306342 -0.078482 -0.070756 -0.232371 -0.191817 0.060012 -0.117440 -0.027686 -0.176250 0.115830 -0.172637 -0.308048 -0.244785 0.195891 0.118746 -0.164588 0.086651 -0.216016 0.101472 -0.133947 -0.106898 
-0.227999 -0.147544 -0.194833 -0.101285 -0.022962 0.069052 -0.208924 -0.237809 0.029263 -0.229799 -0.055053 0.209247 -0.023944 -0.041213 -0.224753 0.084441 0.091689 0.038664 0.154563 0.011365 0.109182 -0.206781 0.014743 0.023845 0.195597 0.099481 -0.097994 -0.003883 -0.048374 -0.003590 0.133287 -0.027046 
-0.042909 0.076075 0.054915 -0.174096 0.001994 -0.031652 -0.361959 -0.231981 0.258362 0.123305 0.569360 -0.151716 0.157750 -0.226998 0.361452 0.201074 0.140500 0.433907 -0.168300 0.022378 0.104223 0.055962 0.216289 0.171654 0.169202 -0.190314 -0.117734 0.130120 0.187763 -0.274574 -0.143193 -0.059765 
0.194179 -0.245318 -0.050595 -0.114251 0.159221 0.102214 0.047486 -0.348832 -0.164725 -0.094658 -0.377995 -0.132981 -0.013589 0.205548 0.120118 -0.198140 -0.024443 -0.258729 -0.036321 0.108088 -0.255129 -0.078573 -0.068493 -0.144204 0.025444 0.019076 -0.221782 -0.142993 -0.181528 -0.107735 0.116568 0.079739 
-0.143018 -0.207617 -0.232563 -0.170154 0.172347 -0.013454 0.226689 0.136800 -0.263879 0.294708 -0.032537 -0.182481 0.142025 -0.098133 0.087410 0.087685 0.186885 -0.077549 -0.141002 -0.092661 0.072492 0.109136 -0.165011 -0.176038 -0.000801 -0.038668 -0.035616 -0.249850 0.054356 -0.271160 0.169028 -0.169030 
-0.150753 0.196227 -0.088872 -0.202939 -0.025211 -0.161036 -0.126154 0.385803 -0.223375 0.191959 -0.206581 -0.005048 0.186073 0.161738 0.019610 -0.101696 0.059399 0.176834 0.006225 0.079665 0.213084 0.251620 -0.017096 -0.218588 0.044530 -0.115819 -0.125055 -0.118467 -0.186458 -0.211257 0.040213 0.025079 
0.134440 0.091090 0.038848 -0.036744 -0.246370 0.091026 0.412448 -0.093040 0.011859 -0.263594 0.461856 -0.188900 0.209798 -0.003645 0.146955 0.315824 0.004828 -0.064059 -0.019138 0.359949 -0.046751 0.010239 -0.298499 0.144745 -0.043658 -0.122441 -0.184387 0.113340 -0.136872 0.025469 0.010422 -0.091343 
-0.004845 -0.178607 0.041717 -0.006519 -0.161866 0.057980 0.007832 0.024352 0.069344 -0.002821 0.152095 0.008089 0.163887 0.065747 -0.024117 -0.063502 0.162543 0.166882 -0.095407 -0.073144 -0.006040 -0.058942 -0.167787 -0.153171 0.020120 -0.114090 -0.163479 0.121140 0.106817 0.020073 -0.108202 -0.087807 0.094753 0.145692 0.074759 0.101248 0.046442 -0.087192 -0.053105 -0.073049 0.069939 -0.058724 0.129242 0.180068 0.155605 -0.077618 0.178115 0.166825 -0.069197 -0.092645 -0.121287 0.064715 0.016739 -0.105547 0.089200 -0.154151 -0.051095 0.092330 0.162550 -0.144320 -0.048523 -0.115729 -0.061962 -0.139089 -0.148100 -0.136049 0.136317 0.083651 -0.053525 -0.100603 -0.154663 -0.149495 0.013003 0.139143 0.081377 0.001471 -0.100841 0.056856 -0.023312 0.004948 0.147425 0.045798 -0.113190 -0.023337 0.108906 0.161389 -0.016139 -0.118205 0.063467 -0.027001 -0.080461 -0.172863 0.024270 0.032461 -0.133124 0.084141 0.080411 0.178846 -0.020335 -0.148514 -0.093120 0.000514 -0.124909 0.075547 -0.033099 0.120206 -0.092540 0.040771 0.006525 0.062645 -0.124324 -0.023507 -0.058542 -0.056478 0.123633 -0.143753 -0.050666 
-0.053498 -0.105474 0.155025 0.111289 -0.000213 0.163461 -0.012710 -0.125948 -0.163747 -0.124207 0.121795 -0.152558 0.030687 0.156463 -0.070205 -0.148694 -0.159869 -0.175533 -0.004635 0.202528 -0.013227 -0.134666 -0.036498 0.129805 -0.097004 0.129788 -0.119591 -0.007161 0.114261 -0.072910 0.098015 -0.141724 0.004973 0.068894 0.141018 -0.178590 0.061007 -0.057627 -0.137880 0.095050 -0.044392 -0.111367 0.114708 -0.161859 0.161454 -0.139034 -0.124770 -0.157694 -0.131003 0.025158 0.136671 -0.038034 0.064821 -0.021652 -0.064972 0.143199 -0.123083 -0.011990 -0.030487 0.123534 0.104807 -0.109154 0.159178 -0.076521 0.111447 0.155212 -0.073749 0.036439 -0.078402 -0.008791 -0.047738 0.089619 -0.007315 -0.097649 0.108165 0.002891 -0.034880 0.135742 0.000549 0.016667 -0.002899 -0.025542 0.143861 -0.110760 0.062009 -0.106306 -0.170915 0.124727 0.061014 -0.024109 0.092500 -0.026058 0.047547 0.067273 0.088213 0.024277 0.061367 -0.165183 -0.111263 0.147886 -0.005754 0.024764 0.056141 0.161209 0.099128 0.001702 -0.008264 -0.113187 -0.049370 0.144874 0.076755 0.132332 -0.047769 0.043234 -0.161198 -0.154461 0.102454 
-0.140310 0.123452 -0.025116 0.025183 0.053213 0.134399 -0.096985 -0.035218 0.032026 0.100192 -0.161012 0.032920 0.156323 0.165275 -0.147015 0.000424 0.046920 -0.154603 -0.074410 -0.125507 0.029696 -0.001090 -0.004968 -0.010835 -0.109021 -0.039701 0.106594 0.099078 -0.018526 0.128959 0.037247 0.010354 0.094427 -0.156397 -0.141422 -0.029242 0.160159 -0.063079 0.110876 0.011787 -0.145373 0.137282 -0.129019 -0.130018 0.112043 -0.101277 0.015750 -0.007251 -0.071541 0.114441 0.021643 0.113025 -0.064986 -0.151555 -0.069919 -0.001519 -0.024527 -0.140149 -0.071229 0.120323 0.168669 0.142111 -0.045396 0.085166 0.160328 0.001950 -0.118945 0.149206 0.113776 0.169306 -0.012993 0.149689 0.123155 0.035957 0.161682 0.065068 0.120806 -0.009878 -0.125721 -0.126514 -0.067749 0.077716 0.157573 0.040874 0.092142 -0.086052 -0.145008 -0.107692 -0.053124 -0.038896 -0.157695 -0.066344 -0.073748 -0.029075 -0.153890 -0.077867 0.154546 -0.097990 -0.107089 0.089902 -0.105122 0.057423 0.061784 -0.163593 -0.082300 0.045808 0.079754 -0.138227 -0.141095 0.126983 -0.090261 -0.030131 0.032855 -0.102866 -0.169260 -0.055167 -0.019038 
-0.124932 -0.022206 0.082020 0.015880 0.025434 -0.136474 0.116654 -0.166619 -0.113716 -0.134149 0.155357 -0.044007 -0.069884 0.070687 0.024061 0.163588 -0.045079 0.039043 -0.103702 0.171184 -0.053755 -0.051348 -0.141244 -0.098716 0.028147 0.009842 0.102531 0.093705 0.013811 -0.134332 -0.097594 0.064909 0.059159 -0.171887 -0.097965 -0.094176 -0.123004 -0.152487 -0.082652 -0.071134 -0.111537 -0.108928 0.068104 0.056391 0.133310 -0.080625 -0.019726 -0.077996 0.142560 0.058072 -0.086602 -0.093241 0.180529 -0.054619 -0.017568 0.025719 0.135498 -0.095949 -0.048765 -0.031550 -0.050015 0.031713 -0.145687 -0.168952 0.040377 -0.058660 -0.088728 0.090695 -0.037236 -0.005348 -0.149773 0.027252 0.070721 0.090146 -0.160714 0.027738 -0.164507 -0.013540 0.122034 0.152397 -0.130532 -0.136022 -0.119035 -0.132959 -0.007623 0.046704 0.066417 -0.050310 0.119146 -0.157293 0.093832 -0.109808 0.045445 0.125221 -0.103840 -0.081743 -0.108513 -0.016003 -0.174445 0.033190 0.155536 -0.150468 -0.116603 0.043018 0.119415 -0.110363 -0.102728 0.130529 0.057386 -0.151220 0.106079 0.101030 -0.107860 0.171230 0.142468 0.051363 0.034441 
0.042589 0.172822 -0.019607 0.063695 0.090082 0.051186 -0.059651 0.044097 0.124642 0.027608 0.113652 -0.070126 0.030365 -0.031542 -0.092393 0.056155 0.022050 0.127208 0.000527 0.088656 -0.152461 -0.047726 -0.031531 -0.131141 -0.117652 -0.105961 -0.069451 -0.126213 -0.134501 0.156850 0.083254 0.084374 0.153972 -0.112029 -0.027984 0.067889 0.115586 0.085881 -0.064509 0.063735 -0.062670 -0.126927 0.169976 0.143913 0.017938 -0.098708 0.023862 -0.136322 -0.147788 -0.154691 0.128712 -0.123767 -0.026455 -0.079229 -0.078468 0.032283 -0.008324 0.027973 0.082639 0.033310 0.011946 -0.009574 -0.058707 -0.012880 0.054315 0.089234 -0.121219 -0.005838 -0.001116 -0.009182 -0.118346 0.112462 0.040268 -0.124644 0.080127 -0.118125 -0.047039 -0.072315 -0.078147 -0.018530 -0.050699 -0.124599 0.033928 0.099137 -0.028493 0.131816 -0.044827 0.139479 -0.016498 -0.138471 -0.003448 0.168888 0.028218 0.114146 -0.020144 -0.093272 0.027113 0.035001 0.077180 -0.150288 -0.150557 0.135092 0.138480 0.066032 -0.165803 0.042291 0.124201 -0.036662 0.146269 -0.130226 0.121192 -0.080734 -0.079694 -0.021081 -0.157938 0.068267 -0.065657 
-0.033081 0.022324 0.093233 0.009832 -0.149018 0.084004 -0.125722 0.143239 -0.118998 -0.049402 -0.012822 0.100584 -0.148570 0.020628 0.132802 0.162603 -0.020483 0.016009 0.174289 -0.108805 0.019394 -0.034701 0.168034 0.002232 -0.094282 -0.083380 0.100366 0.043632 -0.044919 0.001028 0.165947 0.080296 -0.147419 0.078806 -0.090524 -0.125247 -0.010083 -0.047090 -0.164210 0.060205 0.054252 0.053004 -0.019312 0.099001 -0.142323 -0.070332 0.091935 0.026010 0.129145 0.073575 0.036425 -0.074185 -0.139202 0.062392 0.118200 -0.057780 0.121836 0.039023 0.168561 -0.130792 -0.124951 0.160103 0.124957 -0.104024 0.045281 -0.118970 -0.049543 -0.113943 0.009651 -0.019228 0.119599 -0.089463 0.167525 -0.067790 -0.163927 -0.132456 0.058873 0.086683 0.054065 0.016459 -0.006725 -0.075684 0.110888 0.032952 0.119098 0.046234 0.130801 0.072600 -0.089391 0.123798 0.131991 -0.049099 0.110055 0.074694 0.033069 0.007733 0.143138 0.157553 0.073358 -0.031863 -0.044127 0.022735 0.051286 -0.054504 0.127396 0.073814 -0.007782 0.009618 -0.023292 -0.147644 -0.152519 0.152233 -0.039768 0.132864 0.004045 -0.092243 -0.005758 
-0.016468 0.134200 0.097096 -0.070647 0.112914 -0.159891 -0.181687 0.035170 0.148229 0.028908 0.016966 0.056532 -0.046596 0.115104 0.122978 0.123220 0.008095 -0.073423 0.031362 -0.190829 -0.010159 -0.054998 0.104907 0.227445 0.032695 0.081492 -0.121175 -0.082284 -0.269749 0.168702 0.232458 -0.108158 -0.077769 0.042616 0.087099 -0.083808 0.074433 0.212716 0.150918 -0.127383 0.190011 -0.267506 0.107913 0.137789 -0.131714 0.048523 0.076588 0.010084 -0.162168 -0.015682 0.093655 0.107118 0.078750 -0.168927 0.039563 -0.133567 0.118680 0.132116 -0.040378 -0.125611 -0.083587 -0.286717 0.042761 0.126502 0.255118 -0.046031 -0.152214 0.165439 -0.065639 0.101075 -0.122295 0.092178 -0.134521 0.132019 0.064958 -0.134601 0.024799 0.006848 0.031726 -0.005804 0.119413 -0.066902 -0.111724 0.051665 0.108413 -0.173938 0.109460 0.016905 0.142852 -0.115547 0.057189 -0.155517 -0.092209 -0.066878 -0.129877 0.017638 0.049511 -0.117014 -0.005235 0.141797 -0.124087 0.019514 0.090737 -0.107202 0.029589 -0.041653 -0.100708 -0.033841 0.123103 0.135225 0.086187 0.098396 -0.070595 -0.132867 0.004860 -0.249009 -0.069696 
0.058856 0.689145 0.439528 -0.004112 -0.038569 -0.071660 0.016625 0.200339 0.038911 -0.079752 -0.042050 0.098774 0.068514 -0.034692 0.065026 -0.024176 -0.134738 0.102455 0.086512 -0.028431 -0.105492 -0.031691 0.000446 -0.088018 0.104519 -0.064726 -0.039418 0.019288 0.032716 -0.153767 0.036182 0.186375 -0.091575 0.067733 -0.034575 0.011901 -0.076189 0.183513 -0.054447 0.039774 -0.110191 0.013321 0.092919 0.999562 0.072905 -0.030350 -0.090268 -0.102769 -0.043888 -0.147566 0.003035 -0.044203 -0.077663 0.088656 0.000832 0.091965 -0.068765 0.073125 0.061127 0.074973 -0.105752 0.018806 0.015880 -0.104887 -0.099429 -0.093794 0.037691 0.007856 -0.138674 0.062129 -0.065718 -0.079040 0.035946 0.030650 0.137791 -0.071510 0.156636 0.090359 -0.048351 -0.088088 0.132326 -0.158523 0.020583 0.142446 -0.133938 -0.057931 0.024741 -0.058584 0.077882 -0.068834 -0.169522 0.056024 0.046926 0.034790 0.117665 -0.068938 0.134790 0.024681 0.010549 -0.141011 -0.073728 0.129007 -0.055066 -0.001929 -0.008685 0.130861 0.142753 -0.043832 0.115837 -0.001497 0.162590 0.058725 0.101746 -0.003878 -0.016411 -0.061167 0.001496 
-0.043614 -0.097706 -0.068612 0.106830 0.042230 -0.132985 0.085526 0.006086 -0.151220 0.076825 -0.050752 -0.003100 -0.042851 -0.056585 0.007852 -0.167702 0.000674 -0.172884 0.022945 -0.041277 0.195622 0.141303 -0.094613 -0.085692 0.009677 0.103073 0.082571 0.117740 0.027870 -0.175061 -0.077157 0.143478 0.062457 0.066570 0.056940 -0.125796 0.129303 -0.083945 0.053136 -0.158101 -0.138714 -0.106530 -0.026391 -0.056543 -0.013816 -0.150958 0.027921 0.176241 -0.120714 -0.201908 -0.058115 -0.099922 0.121854 0.001986 -0.005592 -0.003474 -0.105803 -0.139734 -0.025312 0.089232 -0.045540 0.092949 0.053643 0.172401 -0.048278 0.002133 -0.107416 -0.013663 0.116137 0.157169 -0.040982 0.131095 -0.154968 -0.179297 -0.044021 0.025016 -0.095601 0.131858 -0.045366 -0.072729 0.102846 0.068897 0.019943 0.093616 -0.113364 0.150816 -0.127695 0.024068 -0.147604 -0.005493 -0.077573 -0.078824 -0.058824 0.101437 -0.065147 0.081554 -0.008531 0.005482 -0.119486 -0.123059 0.035313 0.074494 -0.149590 0.003871 0.087189 -0.028176 0.173417 0.125307 -0.105406 -0.069939 -0.088292 -0.121966 -0.105094 0.064961 0.125851 -0.086573 -0.000647 
-0.075407 -0.116039 -0.008401 0.070436 0.165994 0.139377 0.166954 0.179135 -0.070405 0.077064 -0.063714 0.115462 0.174217 -0.032517 -0.114087 0.038020 -0.014264 0.065928 -0.037301 0.071594 0.065458 -0.070324 -0.124355 -0.159230 -0.037464 -0.097262 -0.081432 -0.128835 -0.072807 -0.107740 0.000063 -0.001210 -0.124696 -0.084230 -0.130058 -0.174948 -0.082584 -0.201662 0.149699 0.036795 0.111134 -0.109042 -0.028526 0.144270 0.028092 0.070251 -0.028482 -0.145144 -0.006322 0.061129 0.124504 -0.082425 -0.176834 0.109421 -0.055663 -0.001700 -0.143340 -0.023758 0.072340 -0.056055 0.153292 -0.024544 0.070836 0.189591 0.034032 0.120951 -0.173804 -0.137722 0.129203 0.150242 0.053403 0.030139 -0.095446 -0.134459 -0.053856 0.098639 0.136645 0.073997 0.067116 -0.073819 -0.050264 0.018238 0.071214 -0.020987 0.012579 0.138766 0.141149 0.089794 -0.050592 0.028428 -0.157384 -0.079419 0.171856 0.056760 -0.106092 0.067281 0.046464 -0.084800 0.073235 -0.034232 -0.075560 0.001480 -0.145406 -0.051276 0.049825 -0.070650 -0.154550 -0.039985 -0.174908 0.098557 0.129844 -0.038446 0.005041 -0.026768 0.087062 0.152349 -0.102970 
0.049812 -0.115250 0.074205 -0.008623 0.033594 0.080025 0.059960 0.005189 -0.404459 -0.103361 0.088720 -0.065305 0.198839 -0.032933 0.034840 -0.013165 -0.056734 0.069276 -0.148942 0.424706 0.610526 0.073862 0.099387 -0.019213 -0.022307 -0.198051 0.169775 -0.054535 0.108513 0.095809 0.151020 0.138699 -0.061630 -0.041152 -0.094751 0.006671 -0.068168 0.102847 -0.205402 0.043881 -0.508655 0.474510 0.042319 -0.215979 0.069188 -0.055319 0.068991 -0.047373 -0.130916 -0.053352 0.098656 -0.093914 -0.142976 0.416393 0.144043 0.042322 0.003343 0.024858 -0.109262 -0.005196 0.034153 -0.228131 -0.001331 0.126873 -0.225280 -0.002993 0.061563 -0.125258 -0.063277 -0.076102 -0.030288 -0.062487 0.014064 0.021752 -0.012969 0.066948 -0.030099 0.079996 0.006745 0.010535 -0.083076 -0.010287 0.088653 0.009029 0.037780 -0.127838 0.008976 0.084531 0.160339 0.039262 -0.051823 -0.158205 0.150336 -0.014326 0.003328 0.007919 -0.009430 -0.126451 0.085616 -0.041991 0.046318 0.033282 0.055180 0.109275 -0.138162 -0.062037 -0.029364 -0.039877 0.107574 -0.012005 0.143257 -0.041817 -0.056890 -0.047157 0.074162 0.088040 0.054317 
0.103669 0.102077 0.111077 0.004298 -0.032554 0.035799 -0.031044 -0.055539 0.136307 0.149744 0.008534 0.197202 0.075468 0.104087 -0.097795 -0.150296 -0.010498 -0.115478 -0.058713 -0.037854 -0.020757 0.029624 0.031646 -0.035603 -0.004408 0.137735 -0.037686 0.105704 0.087320 -0.158485 -0.103378 -0.041497 -0.100355 0.044149 0.172255 0.042556 -0.036201 -0.051149 0.093045 -0.061074 -0.031436 -0.124071 -0.082497 0.208635 0.165475 0.016218 -0.158225 -0.049361 0.124221 -0.092029 0.144988 0.001768 0.143776 -0.066119 0.061834 -0.034153 -0.106653 -0.184426 -0.087290 -0.150911 -0.132894 -0.064800 -0.004798 -0.042435 -0.142521 -0.025882 0.114009 -0.004863 0.099964 0.065548 0.057052 -0.165458 0.165193 -0.160515 -0.160193 0.130036 0.076127 -0.125412 -0.132206 -0.015054 -0.074693 -0.169180 0.180128 -0.074119 -0.007107 0.025946 0.076754 0.075440 0.059098 0.123546 0.054880 0.059184 -0.051195 -0.163082 -0.179576 -0.074651 0.025166 0.158490 0.056690 -0.078557 0.078702 -0.011990 -0.039980 0.031505 0.029162 -0.060292 -0.040788 -0.073926 -0.047451 0.026436 0.099020 0.086198 0.067595 0.072154 -0.115239 -0.194395 -0.007015 
0.127213 0.923156 0.331855 0.078682 -0.039212 0.065664 -0.154724 0.026340 -0.056342 -0.041628 -0.184162 0.094959 -0.115009 -0.065911 -0.025789 0.044947 0.029130 0.140814 -0.134913 0.373292 0.220668 -0.014726 -0.028789 0.162055 -0.076903 -0.109918 -0.025201 0.025784 0.051770 0.015970 -0.114963 -0.121415 -0.107537 -0.149972 0.122425 -0.022542 0.158796 0.192646 -0.240994 0.054142 -0.270552 0.136132 -0.047609 0.122252 -0.051543 0.107339 -0.136845 0.201005 0.094343 -0.141540 0.137752 -0.102229 0.013718 0.174232 -0.129332 0.062316 -0.030952 -0.004808 -0.038103 0.087297 -0.159322 -0.065424 -0.189573 -0.100344 -0.096735 -0.126590 0.073741 -0.003269 -0.154042 0.133169 -0.148665 -0.061853 0.162575 0.030405 0.090005 0.001069 0.041365 0.054247 -0.047726 -0.037778 0.113995 -0.060557 0.012614 -0.029326 -0.003214 -0.005070 0.116098 -0.130330 -0.146513 -0.106018 0.152666 -0.223135 0.089965 0.093273 -0.043646 -0.050415 0.211684 -0.147298 0.122000 -0.167179 0.173690 -0.167424 -0.063436 0.120833 0.052160 -0.119278 -0.055719 -0.041548 0.082537 0.006463 0.045870 0.064722 0.181750 -0.136349 -0.160095 -0.066565 0.019578 
-0.153986 -0.069836 0.000280 -0.054241 -0.051296 0.062662 -0.144245 -0.050283 0.159643 -0.017349 -0.062201 0.164398 -0.086915 -0.061165 0.127188 -0.078079 0.053530 0.093548 0.151268 0.065711 -0.150508 -0.098686 0.002135 0.078979 0.088777 -0.105867 0.034344 0.100835 -0.094888 -0.175287 -0.039934 -0.076037 0.011690 -0.172054 0.040270 0.131797 0.085610 0.075801 -0.099214 0.050210 -0.121478 -0.003088 0.055792 0.076568 0.101880 0.003991 0.061737 -0.001174 -0.062933 0.040199 -0.117556 -0.047158 0.109176 0.050292 -0.149768 0.006751 0.130686 0.052099 -0.051383 -0.148496 0.072038 0.095580 -0.057706 -0.103365 0.104438 0.173875 -0.152143 0.010685 0.066790 -0.092333 -0.103571 0.120169 0.099903 0.110282 -0.101998 0.025233 -0.057479 0.117463 -0.160191 0.052142 -0.016330 -0.092231 -0.175735 -0.096390 0.149378 -0.131215 0.082160 0.099532 0.078208 -0.142807 0.125710 -0.039312 0.116806 -0.106732 0.032082 0.065072 -0.106678 0.061013 -0.114749 0.141560 0.141778 -0.043861 0.084189 0.051781 -0.106270 0.139914 -0.093938 0.010364 0.090910 -0.066226 -0.103293 -0.103072 0.028073 -0.097042 -0.029701 -0.024988 -0.069911 
-0.136876 -0.162656 -0.140811 -0.069781 -0.166613 -0.038558 -0.057672 -0.056559 -0.237140 0.130451 -0.039361 0.069428 -0.144992 -0.023922 0.055142 -0.023740 -0.156265 -0.103030 0.049677 0.313529 0.211212 -0.092534 0.087351 0.057065 -0.060139 0.121403 -0.084242 -0.055355 0.090609 0.054240 0.069275 0.040600 0.142845 0.077657 0.104616 0.107841 -0.107400 -0.175410 -0.144447 -0.059419 -0.004580 0.306569 -0.221378 0.112387 -0.149126 0.012241 -0.029944 -0.051948 0.113756 0.094880 -0.120378 -0.030824 0.171213 0.297837 -0.080906 -0.049625 0.101637 -0.035465 0.086630 -0.138735 -0.073214 -0.022192 0.054226 -0.151867 -0.191254 0.123019 -0.177405 0.030563 0.116189 -0.055387 0.089939 0.070683 -0.165415 0.133857 0.052536 -0.046349 0.079418 0.097110 -0.016955 0.025048 0.062341 0.079078 0.170438 0.083638 -0.033556 0.162715 0.080237 -0.014770 -0.012307 -0.014321 0.073327 0.001220 -0.138803 -0.106220 0.120004 -0.017435 -0.061776 0.108252 -0.144750 0.157807 -0.132331 0.193305 0.044713 -0.157280 0.134259 -0.039076 -0.031342 0.021168 -0.160917 0.023194 -0.136778 0.131174 -0.006158 0.168666 -0.014529 0.117698 0.133295 
-0.041832 -0.238804 -0.059917 -0.150667 0.101584 0.095984 -0.126490 -0.077683 -0.069869 0.038880 -0.063470 -0.071616 0.079773 -0.048629 -0.075802 0.043332 0.156662 -0.048857 -0.031943 -0.012537 0.228093 -0.086535 -0.004241 0.048816 -0.011730 -0.100668 0.078480 -0.177587 0.130709 0.142340 0.271420 -0.166437 0.059980 -0.052967 -0.119871 -0.051022 -0.077084 0.047443 0.078584 0.061232 -0.198998 0.028152 0.136189 0.036245 -0.005569 -0.129250 -0.004883 0.008177 0.047225 0.119248 0.040738 0.005299 -0.165251 0.272314 0.164064 -0.056796 -0.164494 0.041804 -0.031742 0.138796 -0.105885 -0.173611 -0.140501 -0.134388 0.096260 0.042483 0.037263 0.103653 -0.142595 -0.006423 -0.053443 -0.133539 0.045763 -0.031851 0.164982 -0.078880 0.124469 -0.060999 0.002580 -0.026042 -0.108761 -0.112472 0.128031 -0.042636 -0.172090 0.067968 -0.011346 -0.077068 -0.011644 0.108820 -0.106223 -0.040947 -0.075472 -0.135459 0.163374 0.104304 0.159766 0.017312 0.043824 0.111258 -0.114461 -0.135074 0.164024 0.051213 0.035082 0.179486 0.113011 0.039783 -0.076100 -0.127455 0.137087 0.044926 0.024618 0.081378 0.137254 -0.108195 -0.066969 
0.089517 -0.312999 -0.122666 0.003630 0.076805 0.001545 0.108102 -0.059627 -0.046015 0.040889 0.122913 0.151972 -0.114426 0.086834 0.130538 -0.056230 0.076389 -0.000389 0.143328 0.067469 0.057654 0.013315 0.168526 0.083223 -0.158920 0.017212 -0.106260 0.000839 0.026812 -0.142151 -0.271720 -0.090745 -0.045803 0.090261 0.017226 0.128257 -0.004891 -0.116941 -0.187021 0.128399 0.034853 0.189132 0.169794 0.688866 -0.045465 0.161426 -0.086607 -0.013591 0.019822 0.172095 0.125957 0.134510 -0.028725 0.114309 0.060060 -0.051250 -0.022250 0.036700 -0.130847 0.075438 -0.026459 -0.048662 0.055584 -0.037528 -0.278580 0.006752 -0.097005 0.040140 0.046720 -0.131376 0.003537 -0.034014 -0.106254 -0.077078 -0.117655 0.050749 -0.089836 -0.163060 0.133535 0.084676 -0.139567 0.133861 0.054406 -0.041817 0.084511 -0.024953 0.011031 -0.085370 0.092290 0.068501 0.167574 0.140857 0.110416 0.028790 -0.087576 -0.102676 -0.083496 0.012158 0.038420 0.136620 0.073735 -0.078678 -0.073937 0.022230 0.005707 -0.113019 -0.080644 0.041035 -0.075308 -0.097139 0.063706 -0.029733 -0.041866 -0.106126 0.061274 0.088180 -0.073435 
0.005435 0.043699 -0.114915 -0.023279 0.067166 -0.136168 0.043624 0.028439 -0.175744 0.004450 0.065885 0.072948 -0.123447 0.049642 -0.059031 -0.086074 0.062726 0.117745 0.118738 0.284789 0.074154 0.000699 -0.117455 -0.164027 0.094987 -0.024269 -0.046124 0.100448 0.171665 0.058122 -0.197329 -0.043174 0.121736 -0.080078 0.016242 -0.060306 -0.036066 -0.223353 -0.242024 0.167003 -0.208666 0.392151 0.000673 -0.010718 -0.011684 0.145146 0.146495 -0.049898 0.076073 -0.020061 -0.146049 0.130247 0.156602 0.106828 -0.091133 0.137564 0.144318 -0.049840 0.069776 -0.058017 0.012956 0.191201 -0.002052 -0.127541 -0.277155 -0.047719 0.051946 0.138131 -0.068383 0.109791 0.058310 0.103090 0.041653 -0.034237 -0.031595 -0.061035 -0.000939 -0.147887 -0.008073 -0.084720 0.058542 0.049556 -0.089804 0.059930 0.072061 -0.115055 -0.096737 0.154159 0.022762 -0.196390 -0.048339 0.155193 -0.175519 0.072697 -0.094616 -0.033602 -0.064845 0.113107 -0.042177 -0.018610 0.029701 -0.067830 -0.104055 -0.123501 0.025445 0.076825 -0.013434 -0.208394 0.065356 0.057927 -0.089240 -0.009728 -0.011475 -0.074348 -0.180976 -0.085169 -0.071622 
0.007287 0.122560 0.147181 0.009278 -0.112507 0.075496 0.011177 -0.145891 0.100419 0.150854 -0.086241 0.039167 -0.075796 0.057267 -0.153488 -0.039836 0.139222 -0.074504 -0.167926 -0.030086 0.060453 -0.160085 -0.060381 0.038672 -0.071158 0.085281 0.142127 0.010987 0.115305 -0.161421 0.126724 -0.078904 0.146826 0.084015 0.114593 -0.149196 0.016860 -0.037978 -0.135921 -0.054797 -0.049488 -0.068738 0.138719 0.008748 0.169303 -0.189745 0.166621 0.121805 -0.058564 0.157204 -0.059152 -0.140574 -0.177490 0.021057 0.030399 -0.074796 -0.075311 -0.014720 0.107529 -0.108368 -0.003960 0.021424 -0.013088 -0.023221 -0.032683 -0.076347 -0.017114 0.140036 0.055592 0.028945 -0.113434 0.159968 0.153206 -0.133576 0.020130 0.137167 -0.121165 0.017416 0.066992 -0.020299 -0.015456 -0.173301 0.025491 0.002025 0.047547 -0.138721 0.102021 0.151995 0.039348 0.017099 -0.153721 -0.155591 -0.101065 -0.004387 -0.005033 0.008829 0.109694 0.171304 -0.044623 -0.023440 0.040453 0.036798 -0.025170 0.002376 0.091796 0.154302 -0.046226 0.155441 -0.017849 -0.149254 -0.040300 0.158769 -0.121388 0.147030 -0.009196 0.050743 -0.131358 
-0.088536 0.031240 0.055334 0.122733 0.070250 0.092062 -0.168663 -0.091262 -0.092311 0.024747 -0.179227 -0.083762 0.172387 -0.015121 0.117777 0.039619 0.116905 -0.063841 -0.069296 0.135199 0.106335 -0.055356 -0.059193 0.122233 0.090555 -0.084204 0.098826 -0.017165 0.072067 0.091219 0.083879 -0.214159 -0.139599 -0.100861 0.103895 0.125335 0.191577 0.177583 -0.117056 -0.110561 -0.034675 -0.082254 0.002355 -0.031664 0.038892 -0.103329 -0.155328 -0.004710 0.035730 -0.044428 -0.089746 -0.077256 0.043533 0.052268 -0.154848 -0.084512 0.081683 0.124842 0.070035 -0.018055 -0.039030 -0.157835 -0.007019 0.033049 0.032096 -0.033512 0.001677 -0.057644 -0.076501 0.052881 0.015844 0.071467 0.107251 -0.175663 -0.128300 -0.009900 -0.057670 -0.124879 0.138134 0.155802 0.012293 -0.115931 -0.128060 -0.111299 0.046121 -0.100147 -0.056530 -0.040242 -0.136416 -0.154743 0.154019 -0.048094 -0.066879 -0.034107 -0.110468 0.076051 0.119300 0.054534 -0.144683 -0.150681 -0.059665 0.036335 0.093244 -0.139443 0.049166 0.158889 0.021103 0.216425 -0.140187 -0.040795 0.164650 0.057905 0.044644 -0.120347 0.102726 -0.141891 -0.052191 
-0.035105 1.354083 0.677972 -0.069205 0.023027 0.142350 0.042843 -0.105672 -0.104728 -0.061975 0.106364 0.088556 -0.051012 0.152008 -0.191464 0.152567 0.087143 -0.153304 0.035065 0.010606 0.055824 0.077468 0.092044 -0.114705 -0.015320 -0.048209 0.108157 -0.005566 -0.114148 0.084283 0.091015 -0.053067 0.061177 -0.065481 0.056175 -0.100324 -0.046614 -0.121467 -0.096187 -0.004186 0.035614 -0.191683 -0.057561 0.679063 0.123503 -0.036260 0.128496 0.083850 0.015686 -0.022348 -0.070681 -0.099793 -0.121598 -0.218916 -0.047452 0.007185 -0.028149 -0.163819 -0.089061 -0.008396 0.213066 -0.089622 0.113884 0.058735 0.001140 0.033939 0.099452 -0.152873 0.096309 0.143431 0.025206 -0.078984 -0.128504 0.095308 -0.151297 0.154560 -0.123839 0.089735 0.030428 0.042559 -0.111942 0.164500 0.111373 -0.100920 -0.147595 -0.092029 0.068419 0.005644 -0.109898 0.154043 0.161953 -0.128117 -0.144456 0.092031 0.077169 0.108961 -0.022178 0.034907 0.066345 -0.090936 0.035129 -0.052034 0.008570 -0.005937 -0.128626 -0.033900 -0.017126 -0.108356 -0.101993 -0.116792 0.162820 -0.021528 -0.099447 0.096825 0.041100 -0.134941 0.189503 
-0.001456 -0.051876 -0.106423 -0.002476 -0.012514 -0.062279 0.073602 -0.034878 -0.165287 -0.040389 0.107936 0.065212 -0.111878 0.179927 -0.134142 -0.029974 -0.037969 0.023811 0.017902 0.160591 -0.083025 0.092711 -0.151896 -0.145117 0.047429 -0.026146 -0.095753 -0.068958 -0.047246 -0.092096 -0.076453 0.060739 0.066919 -0.022407 -0.120618 -0.132603 0.109552 0.100514 -0.021648 -0.164013 -0.146826 0.034913 0.041089 -0.067524 -0.051925 0.095824 0.111121 0.095247 -0.034110 -0.095819 0.012127 0.007415 -0.172996 0.084354 0.044684 0.065446 -0.187544 0.092848 -0.145562 -0.113521 -0.131968 -0.064060 0.136220 0.108691 0.077737 -0.111210 0.153299 0.088812 0.179616 0.010454 0.069041 -0.106226 0.134596 -0.020868 0.035058 -0.071153 -0.048277 -0.050614 0.153035 0.079136 0.031299 0.001652 -0.085329 0.056480 -0.174308 0.092993 -0.085196 -0.138807 0.037338 -0.074396 -0.081303 0.032381 0.078669 -0.154224 -0.006378 0.010814 -0.048911 -0.013552 -0.076328 -0.081262 0.173848 -0.142031 -0.007393 0.113454 0.014960 -0.140020 -0.151138 0.120541 -0.043535 0.154140 0.037593 -0.150298 0.011929 0.098841 0.077901 -0.006067 0.014966 
-0.162047 0.003613 -0.111782 -0.040216 0.084628 0.108476 -0.126292 0.145594 -0.090161 0.045962 -0.117758 0.058750 0.148864 -0.014536 0.051967 0.175915 0.148464 -0.011811 0.035516 0.183013 0.023850 -0.031831 -0.025883 -0.002662 0.166256 -0.008357 0.167365 0.078751 -0.069940 -0.042548 -0.081721 -0.056058 0.148672 -0.011932 0.069585 0.052320 -0.077919 0.092751 0.021036 0.020101 -0.050030 0.115703 -0.104437 -0.068665 -0.099129 0.128200 -0.064842 -0.114332 -0.063507 0.116755 -0.124220 0.121518 -0.092179 0.033124 -0.044866 -0.100787 -0.145342 -0.066829 0.155452 -0.060861 0.104865 -0.085806 0.046669 0.053974 0.063626 -0.046381 -0.060824 -0.169061 -0.131995 0.148435 0.014187 0.006690 0.065732 0.097268 0.117133 0.155465 0.056439 -0.137636 -0.145218 0.171494 0.163344 -0.087270 0.123155 -0.103679 0.102474 -0.117200 -0.044903 0.146143 -0.004207 -0.064372 -0.082102 -0.100105 0.032536 0.132778 0.141572 -0.058315 -0.076033 -0.099360 -0.046811 -0.040788 -0.125792 0.161561 0.139720 0.109762 0.070910 0.085871 0.088758 -0.051501 0.116418 0.105373 -0.056072 0.114304 -0.152620 -0.121062 -0.176102 0.126053 -0.068345 
-0.049138 0.066314 0.109659 0.085603 -0.180859 -0.180858 -0.026128 0.150237 0.085381 0.070983 -0.135761 -0.146577 -0.154969 0.026055 -0.086596 0.169510 -0.022777 -0.166064 0.070241 -0.031660 0.217775 -0.147295 -0.165737 0.012581 -0.053296 0.104207 0.052017 -0.030493 0.192996 -0.011256 0.093422 -0.074959 -0.088151 0.016265 -0.185752 -0.110748 0.019791 -0.064020 -0.147147 -0.001976 -0.250453 0.063513 0.004272 -0.163323 0.130109 0.099144 -0.149034 -0.031505 0.111684 0.051806 0.002062 0.051701 0.075745 0.110454 -0.069825 -0.142782 -0.042896 0.133480 0.010153 -0.109482 -0.013400 -0.072417 -0.017316 0.053229 0.077904 0.035601 0.140783 0.008596 0.149783 -0.135816 -0.194272 0.160360 -0.028499 0.023112 -0.164076 -0.029947 -0.014700 -0.183346 0.075105 -0.071484 0.068522 -0.079805 0.153015 -0.023992 0.073365 -0.132616 -0.050384 -0.104291 -0.164030 0.137007 -0.010291 -0.043292 -0.080463 0.124002 -0.120267 -0.098253 0.024328 0.190587 0.097616 -0.031848 -0.126717 0.111967 -0.055249 0.005277 -0.054174 -0.021983 0.152295 0.095707 -0.051444 0.003111 -0.150407 -0.130653 0.124630 0.163441 -0.005694 0.025007 -0.163377 
0.154369 0.025763 -0.145199 0.139442 -0.122403 -0.030761 -0.045453 -0.134082 -0.035981 -0.040967 0.037699 0.018749 -0.104999 0.153749 0.043534 0.141888 -0.050522 -0.122722 0.003253 0.069711 -0.128226 -0.167741 -0.131834 -0.008723 -0.202190 -0.143830 0.041386 -0.149932 0.179889 -0.326710 -0.289298 0.167026 0.104372 -0.158126 0.069902 0.104921 -0.014259 0.036882 0.085940 -0.090712 -0.148917 0.073610 0.031063 -0.075947 0.001923 -0.026606 -0.056813 0.129727 0.011734 0.014056 0.025294 0.061997 0.053586 0.095293 -0.057788 0.120568 0.114782 0.092438 0.142308 0.053985 0.176395 0.252444 -0.038953 0.016540 -0.307293 -0.142287 -0.052308 0.107615 0.137634 -0.065095 0.135662 -0.138335 0.122264 0.065770 0.017540 -0.046754 -0.132813 0.124546 -0.124541 0.033666 -0.040547 0.070628 -0.026560 -0.135947 -0.047270 0.039373 0.133269 -0.042358 -0.044969 0.084623 0.157461 -0.041920 0.103120 -0.087117 0.070622 0.135581 -0.010404 -0.150021 0.057816 -0.080068 -0.017823 0.084832 -0.023397 -0.094667 -0.038913 0.150028 0.015508 -0.080587 0.063852 0.050087 -0.165764 -0.123639 -0.021490 -0.059734 -0.082398 0.144207 0.196120 
-0.072023 0.126838 -0.093646 -0.170991 0.162281 -0.046923 0.093512 -0.056154 -0.135355 0.057621 0.074213 -0.101696 -0.033327 0.146498 0.006459 -0.159880 -0.056898 0.078672 -0.010724 -0.109091 -0.083185 0.131454 0.188284 0.170916 0.151037 -0.104477 -0.041882 -0.087946 0.013617 -0.153737 -0.135542 0.093396 -0.149392 -0.047037 0.100743 -0.176778 0.114345 0.001330 -0.070777 0.155189 -0.081936 0.154541 -0.132129 0.070052 0.128563 0.054809 0.061578 -0.104595 -0.009069 -0.151998 -0.024441 0.106002 0.164987 -0.037799 0.078193 0.145462 0.030997 -0.154276 -0.092020 -0.120442 -0.105946 -0.058347 0.142998 -0.086474 0.097192 0.072632 -0.102182 0.051337 -0.090207 0.000037 0.020429 -0.019644 0.000206 0.077349 -0.153655 -0.055698 -0.019034 0.079069 -0.003947 0.127055 0.091499 0.145936 0.068498 0.092952 -0.037308 -0.044894 0.064878 0.173650 -0.013795 0.132267 -0.136083 0.031520 -0.084327 -0.182489 0.111016 -0.172500 0.082085 -0.151103 0.029855 0.156937 0.041240 -0.109241 -0.024719 -0.156538 0.159508 -0.027189 -0.041983 -0.052115 -0.133052 0.140659 -0.079573 0.148978 0.133173 0.147676 0.068515 -0.107552 -0.055858 
-0.020751 -0.116727 0.102432 -0.058607 -0.071488 -0.030725 0.025800 -0.060708 -0.087730 0.029762 -0.163349 -0.065409 -0.099834 0.166259 0.137976 -0.024299 -0.050916 0.151490 -0.046974 0.101950 -0.070835 0.079640 0.151743 -0.111213 0.169300 0.132986 -0.173285 0.139779 0.038801 -0.108186 -0.101723 -0.158251 -0.048613 -0.175591 -0.040557 0.056199 -0.030016 0.161543 0.171791 0.058555 0.015004 -0.167857 0.169445 0.091470 0.174702 0.131121 -0.109130 -0.052515 0.106311 0.020197 -0.126865 -0.140824 -0.076464 -0.151422 -0.075737 -0.083465 0.157865 -0.072723 -0.119986 0.020365 -0.004608 -0.045408 0.038415 0.123079 -0.044700 0.174157 0.002977 0.101585 0.159400 -0.001532 -0.016161 -0.001896 0.006912 -0.023016 -0.086727 0.005314 -0.068195 -0.019556 0.129100 -0.138185 -0.175659 -0.174065 -0.102709 -0.075823 -0.149187 -0.002146 0.017013 -0.167622 0.101432 0.073327 0.029043 -0.079476 -0.148382 -0.108843 -0.132698 -0.016781 -0.110986 0.046580 -0.091496 -0.127886 -0.131252 0.068644 0.046518 0.051960 -0.130673 0.136091 -0.119026 -0.022568 -0.059764 -0.166227 0.015548 -0.059123 -0.163992 0.089139 0.041354 -0.136878 -0.089307 
-0.121567 -0.149777 -0.148583 0.127133 0.085515 -0.090483 0.164657 0.159649 -0.037730 -0.036641 -0.131791 -0.140650 0.066913 -0.090006 -0.102890 -0.055121 0.134011 0.105034 -0.005298 0.136509 -0.111508 0.148271 -0.130170 -0.163180 -0.011733 -0.012446 -0.163787 -0.109024 -0.141831 -0.104371 -0.015960 -0.127288 -0.073137 -0.011479 -0.145766 -0.177120 0.093746 -0.179036 0.122746 -0.103929 -0.033950 -0.129571 -0.090068 -0.155831 -0.078221 -0.007577 -0.019496 -0.115065 -0.069053 0.117687 0.138103 -0.044903 0.095936 0.191177 -0.046684 -0.085091 -0.059754 -0.034709 -0.002546 -0.036138 0.041852 0.132222 0.033484 0.154406 -0.062660 0.077888 0.143374 -0.111096 0.077663 0.134230 -0.060362 -0.136762 0.154092 0.058266 -0.101021 -0.089034 -0.103612 0.040984 -0.062863 -0.010604 -0.020705 -0.093534 0.109226 -0.077981 -0.108706 -0.124139 -0.006432 0.024521 0.033344 0.150211 0.168634 -0.119691 0.135637 0.002661 -0.134409 -0.098772 -0.063963 -0.156987 -0.047515 0.164291 0.174739 0.092010 -0.136949 0.127764 -0.011142 -0.068528 -0.145304 0.055549 0.122676 -0.047503 -0.128002 -0.045467 0.061425 0.162649 0.050032 0.101114 -0.109463 
-0.064499 0.875023 0.604891 -0.115739 -0.048335 0.098045 -0.163928 0.186242 0.161923 -0.091482 -0.092813 -0.165190 0.064067 -0.113217 0.131918 -0.040798 -0.080819 0.084138 0.150525 0.025655 0.169849 0.006891 -0.017416 -0.075405 0.035854 0.116061 0.151693 0.007758 0.040697 0.044266 0.025124 0.075866 -0.160557 -0.084193 0.144088 -0.047248 -0.102472 0.110635 -0.089504 -0.111353 -0.120806 0.022688 -0.110022 0.331855 0.046525 -0.107840 -0.083419 0.154205 -0.165769 -0.149484 -0.021955 0.159259 0.049835 0.122700 -0.108308 -0.078236 0.039924 -0.156144 0.160519 -0.136501 0.113473 0.024772 0.121694 0.128388 0.121653 0.102612 -0.112929 -0.093922 0.057583 -0.004722 -0.048319 0.096727 -0.139037 0.047831 0.031874 0.072020 0.138359 0.099986 0.015449 0.121620 0.113401 -0.178425 0.118171 0.005110 0.139774 0.155778 0.097609 0.023747 -0.161830 0.065640 0.059569 0.092358 -0.061487 -0.021089 0.027149 -0.090932 -0.054439 0.107696 -0.051548 0.159963 -0.033915 0.111007 0.099619 -0.043882 0.005217 -0.084332 -0.156162 -0.056338 -0.178976 0.047054 -0.094472 0.137330 0.077380 -0.153098 -0.040934 0.007457 -0.183774 
-0.057507 0.166559 -0.150418 -0.155217 0.062410 0.120027 -0.050173 -0.092777 -0.014568 0.029311 0.010776 -0.080457 -0.168433 -0.020247 0.026068 0.118937 -0.120473 0.148697 -0.057821 -0.031528 0.162133 0.061385 -0.005535 0.028265 0.143244 -0.030044 -0.101425 0.155855 0.144809 0.063403 0.159415 -0.094823 0.056819 -0.174997 -0.072554 -0.059226 0.126024 0.047310 0.019616 -0.059662 -0.086780 -0.145934 0.030424 -0.089887 0.009782 -0.110124 -0.140022 0.062596 -0.134782 -0.028732 -0.141463 -0.142111 -0.141954 0.022442 0.057646 -0.170117 0.162711 0.130989 0.169369 0.135312 0.021453 0.145409 -0.136125 -0.095488 0.155481 -0.030732 0.019068 0.110606 -0.155067 -0.135294 -0.129270 -0.072082 -0.102935 0.085818 0.021313 0.080993 0.154487 0.056841 -0.038125 -0.163299 -0.151610 -0.004326 -0.127147 -0.111075 -0.152474 0.101681 -0.105250 -0.164480 0.061295 -0.117632 0.143120 -0.099799 -0.138683 -0.172696 -0.018632 -0.167112 -0.022830 -0.171551 0.114523 -0.006200 -0.124972 0.165804 0.102636 -0.057011 0.080786 -0.056960 -0.154992 0.054376 0.171073 -0.016882 0.071105 -0.144256 0.160638 0.118275 -0.084068 -0.173758 0.050092 
-0.001246 -0.204018 -0.080398 0.053694 0.157892 0.013167 0.083924 0.166937 0.223093 0.091628 -0.032985 -0.173483 0.041873 0.122352 -0.137665 0.026599 0.057576 -0.012298 -0.059663 0.126606 -0.050629 0.169995 0.176068 0.155887 0.054199 -0.148991 0.146363 0.002858 -0.063659 0.152369 -0.123114 0.118767 0.153101 -0.023880 0.010455 0.154956 0.167924 -0.103299 0.161340 0.163749 -0.119705 -0.138166 0.162219 0.029137 -0.113806 -0.154771 -0.102225 0.107064 0.033764 0.012413 0.114203 -0.137030 0.012004 0.050608 -0.147871 -0.106289 0.115337 -0.178079 0.083115 -0.096282 0.152903 0.144711 -0.149877 0.139697 -0.018885 0.011557 0.111375 -0.054699 0.094655 0.063155 -0.056367 0.087008 0.170620 -0.062136 -0.041188 -0.133594 -0.017995 0.043032 0.144675 -0.167234 -0.127382 0.072080 -0.119899 0.058623 0.018537 -0.096607 0.140660 -0.033455 -0.091589 0.050318 0.049300 -0.100852 0.010176 0.075748 -0.159570 0.121446 -0.088330 0.126925 -0.107277 -0.172799 0.018743 0.006932 0.099440 0.012997 0.128310 -0.122059 0.042275 -0.072746 0.094446 0.021595 -0.061843 0.157003 -0.072630 -0.002701 0.035870 0.126871 0.060620 
-0.001216 -0.096667 0.157013 -0.133821 0.148960 -0.125343 0.043598 0.050002 -0.101177 -0.003627 0.135943 -0.151583 0.066816 0.141569 0.042982 -0.095227 0.065200 -0.129147 -0.147886 0.123330 0.094360 -0.032627 0.044559 -0.061608 0.087720 0.020688 0.041549 -0.091198 -0.122160 -0.016720 0.169153 0.053124 0.080209 0.158585 0.094569 0.051711 -0.139095 -0.036134 -0.072663 -0.068642 0.136236 -0.115515 -0.040788 0.054613 -0.152031 -0.171861 0.107019 0.093931 -0.121244 0.137723 0.039399 0.146846 -0.071824 -0.093146 -0.091739 -0.163178 0.105588 0.124057 -0.074525 0.157667 -0.067330 -0.081021 0.033323 -0.164231 -0.096830 -0.044568 0.062989 -0.060996 0.094793 0.161915 0.049739 0.054639 -0.126090 -0.168653 -0.097771 -0.101810 -0.163205 -0.171211 0.166649 -0.109020 0.143364 0.031899 -0.139290 -0.107706 0.117989 -0.051646 -0.095773 0.046460 -0.107392 0.006604 0.027537 0.000435 0.099529 -0.115095 0.011867 -0.169807 0.017180 -0.101723 -0.057639 -0.063162 -0.115458 0.167277 0.167445 -0.068317 0.176441 -0.110758 0.007427 -0.163351 -0.103463 0.000325 -0.097101 -0.137340 -0.143347 -0.055845 -0.069592 0.147732 0.065630 






















































































































0.000000 
0.000000 
0.000000 
0.000000 
0.000000 
0.000000 
0.000000 
0.000000 
0.000000 
0.000000 
0.000000 
0.000000 
0.000000 
0.000000 
0.000000 
0.000000 
0.000000 
0.000000 
0.000000 
0.000000 
0.000000 
0.000000 
0.000000 
0.000000 
0.000000 
0.000000 
0.000000 
0.000000 
0.000000 
0.000000 
0.000000 
0.000000 
0.000000 
0.000000 
0.000000 
0.000000 
0.000000 
0.000000 
0.000000 
0.000000 
0.000000 
0.000000 
0.000000 
0.000000 
0.000000 
0.000000 
0.000000 
0.000000 
0.000000 
0.000000 
0.000000 
0.000000 
0.000000 
0.000000 
0.000000 
0.000000 
0.000000 
0.000000 
0.000000 
0.000000 
0.000000 
0.000000 
0.000000 
0.000000 
0.000000 
0.000000 
0.000000 
0.000000 
0.000000 
0.000000 
0.000000 
0.000000 
0.000000 
0.000000 
0.000000 
0.000000 
0.000000 
0.000000 
0.000000 
0.000000 
0.000000 
0.000000 
0.000000 
0.000000 
0.000000 
0.000000 
0.000000 
0.000000 
0.000000 
0.000000 
0.000000 
0.000000 
0.000000 
0.000000 
0.000000 
0.000000 
0.000000 
0.000000 
0.000000 
0.000000 
0.000000 
0.000000 
0.000000 
0.000000 
0.000000 
0.000000 
0.000000 
0.000000 
0.000000 
0.000000 
0.000000 
0.000000 
0.000000 
0.000000 
0.000000 
0.000000 
0.000000 
0.015118 
0.030957 
0.106432 
-0.066967 
-0.078598 
-0.063299 
0.101134 
-0.056508 
0.097764 
0.138578 
-0.008519 
-0.081024 
-0.011135 
-0.097160 
-0.027539 
-0.092956 
-0.066606 
-0.091681 
-0.027373 
-0.091774 
-0.072835 
-0.054320 
0.076775 
0.121171 
-0.176826 
-0.031986 
0.035357 
0.077360 
0.018187 
0.107670 
-0.070116 
0.043472 
-0.127473 
-0.139626 
0.127582 
-0.082895 
0.224221 
-0.033364 
0.176109 
0.171902 
0.004354 
0.050079 
-0.080063 
0.060035 
0.152266 
-0.281036 
0.250090 
0.137569 
0.297544 
-0.106620 
-0.198919 
0.273052 
-0.543814 
0.066731 
-0.083462 
0.075045 
-0.326957 
-0.222717 
-0.158787 
-0.200045 
0.363803 
0.598222 
0.187210 
-0.506936 
-0.413292 
-0.300884 
-0.128770 
0.008179 
0.368534 
0.288853 
-0.046427 
0.304879 
-0.214481 
-0.214304 
-0.087264 
-0.281336 
-0.081310 
-0.294999 
0.171430 
-0.378113 
0.056915 
0.091857 
0.010371 
0.092210 
-0.082633 
-0.018398 
-0.210194 
0.018459 
0.049586 
0.209789 
0.054170 
0.101585 
-0.442807 
-0.017848 
0.051033 
-0.045067 
0.314026 
-0.011785 
-0.062116 
-0.131757 
-0.114303 
0.017687 
0.063823 
-0.181010 
-0.037927 
-0.001352 
-0.003606 
-0.014716 
-0.077680 
0.015802 
0.113158 
-0.033668 
0.286314 
-0.033480 
0.011979 
-0.009395 
-0.012327 
-0.056895 
-0.030546 
-0.007476 
-0.036573 
0.039504 
0.047724 
-0.341071 
-0.371341 
0.063198 
0.030100 
-0.073214 
0.023375 
0.058390 
-0.036157 
0.050801 
-0.074501 
-0.100058 
-0.092475 
0.105291 
-0.008312 
0.066189 
-0.060044 
-0.016052 
-0.042023 
-0.024862 
0.121407 
-0.008123 
0.328233 
-0.227179 
-0.023512 
-0.086802 
0.031951 
0.024192 
0.018992 
0.003944 
0.029268 
-0.008681 
-0.040012 
-0.011084 
-0.019881 
-0.344566 
0.029642 
0.035638 
-0.078078 
-0.037383 
-0.007877 
0.006192 
0.077728 
0.142956 
-0.027636 
-0.066800 
0.122002 
0.032224 
0.039744 
-0.053173 
0.001919 
-0.049794 
-0.005383 
-0.021435 
0.012081 
-0.004564 
-0.004383 
0.069441 
0.010399 
-0.020774 
-0.017885 
0.023746 
-0.015235 
-0.007139 
-0.026813 
0.011172 
-0.026548 
0.119231 
-0.068786 
-0.031319 
0.003113 
0.004556 
-0.000208 
0.140480 
0.013455 
-0.018026 
0.083539 
-0.043321 
-0.002200 
0.004873 
0.021189 
-0.017173 
0.036187 
0.014756 
-0.028626 
0.034506 
-0.041387 
0.010528 
0.017709 
-0.026403 
0.076885 
-0.058367 
-0.023282 
-0.020120 
0.063848 
0.051806 
-0.070176 
0.056246 
0.011390 
1.488000 0.459726 0.529929 
