0.204827 0.326138 -0.286662 0.068125 0.348442 0.021450 0.179577 0.137390 -0.037330 -0.034689 -0.231037 -0.127996 -0.346282 0.015959 0.236799 0.300906 -0.085868 -0.196173 0.345303 0.106673 0.218371 -0.019832 0.029876 0.084371 -0.384928 0.109897 -0.299483 -0.090300 0.051851 -0.099700 0.025651 -0.019152 -0.118562 0.106558 -0.376400 -0.176212 -0.243147 0.130365 0.281360 0.006190 -0.168437 -0.208809 0.158360 -0.135629 0.191199 0.242332 -0.218948 -0.185128 0.337051 -0.303539 0.154797 0.253032 0.148183 -0.086596 0.066673 0.222812 0.227773 0.121621 -0.266408 -0.038554 -0.160549 -0.048209 0.209205 0.044463 
-0.161947 0.248173 0.155875 -0.097887 0.045700 0.206506 0.184533 0.196584 0.298315 0.138742 0.260136 0.175716 -0.105708 -0.189971 0.187966 -0.147021 -0.081210 0.157359 -0.086638 -0.263272 -0.297143 0.321194 0.273199 -0.341552 0.167386 0.337864 0.000381 0.218074 0.016806 -0.108977 -0.103106 0.085702 -0.201420 -0.223417 0.265557 0.189533 0.224238 0.058531 0.021105 0.200260 -0.037281 0.074150 0.062126 0.194428 0.196849 0.077518 -0.318750 -0.263025 -0.102488 -0.181703 -0.333355 -0.043950 -0.138967 0.257975 0.011581 0.282055 0.112409 0.251135 0.261971 -0.154265 -0.111873 -0.265189 0.280073 -0.017512 
-0.129706 0.227103 -0.064410 -0.252911 0.052628 0.285547 0.301252 0.225303 -0.011609 -0.021135 0.013037 -0.185688 -0.276980 0.167249 -0.053064 -0.039351 0.205188 -0.094976 0.240480 -0.198364 -0.030771 -0.189032 -0.284498 -0.160489 -0.224043 0.237642 -0.069417 -0.059082 -0.328094 -0.156213 0.301609 -0.174132 -0.191738 -0.114716 -0.137432 0.214647 -0.229167 -0.075062 0.269024 0.124246 0.219657 -0.162573 -0.186209 0.237979 0.347720 -0.126738 -0.123700 0.246320 0.154297 -0.098553 -0.264996 -0.277357 0.011676 -0.239358 -0.175871 0.089838 -0.154132 -0.000149 -0.292312 -0.207197 0.076575 -0.176171 -0.023850 0.305158 
-0.021901 0.165541 0.158775 0.073062 0.295686 -0.029007 0.034500 0.108851 0.179955 -0.021506 0.107166 0.244952 0.267907 -0.242526 0.255970 0.182500 -0.131003 0.233794 0.121619 0.170630 -0.195280 0.235873 -0.000433 -0.143328 -0.100773 -0.020819 -0.113051 -0.136568 0.128736 0.055637 -0.246465 -0.186756 -0.082429 0.248431 0.169758 -0.026962 -0.076612 -0.063157 -0.161047 -0.186517 0.248598 0.152409 -0.099586 0.189846 0.245262 0.262733 0.081706 -0.095931 0.139069 0.076479 -0.212767 0.194195 -0.067152 0.080701 0.338343 0.233017 -0.119642 -0.146612 0.290333 0.238278 0.104660 -0.192120 0.316290 -0.216882 
-0.242729 0.184582 -0.114639 0.055578 -0.300517 0.039733 0.276356 0.296819 -0.071321 -0.272435 0.220539 -0.099617 -0.257476 0.125723 0.046370 0.230358 -0.203868 0.150661 0.231377 -0.013582 -0.073628 0.117727 -0.078203 0.064685 0.280685 -0.098124 -0.117346 0.192202 -0.123195 -0.115617 0.348951 -0.071934 -0.271003 0.035587 -0.281677 -0.232473 0.277071 0.240379 -0.219830 -0.116995 -0.326198 -0.254609 0.020502 -0.304033 0.065852 -0.161185 0.215618 0.278339 0.303896 0.106978 -0.097994 -0.204761 -0.073882 0.015198 0.222312 -0.023691 0.169736 -0.253119 -0.222802 -0.149734 -0.031053 -0.180509 0.162719 -0.007946 
0.136182 0.150465 0.007814 0.130124 0.116075 0.140997 0.269448 0.088396 0.120256 0.058824 0.092892 -0.037355 0.179429 0.167132 -0.222832 0.140657 0.000470 -0.078897 -0.242657 0.241414 0.365830 0.198839 -0.110082 0.266485 0.218113 -0.069982 -0.234201 -0.154847 0.012003 0.284340 0.125437 -0.235742 0.123385 -0.156347 0.196278 -0.047583 0.227087 0.008120 -0.256284 0.145291 -0.172913 0.244397 -0.311173 -0.333859 0.011782 -0.151193 0.061421 -0.251020 0.066389 0.232336 0.341269 0.123222 0.163015 -0.243665 0.074289 0.070622 -0.031470 0.153396 0.164481 -0.279187 0.036637 0.029246 -0.213948 -0.206570 
0.037418 0.315743 0.023943 0.000955 0.013376 0.033687 -0.235560 0.165957 -0.023116 -0.131635 0.170566 0.333845 0.082840 0.017377 -0.361330 -0.105558 -0.050419 0.293617 0.260894 -0.248534 -0.298521 -0.022285 0.049858 0.045688 -0.233606 -0.060989 0.063962 0.064923 0.224256 0.226243 0.151392 0.021389 0.167795 -0.147159 -0.287538 -0.201501 0.255012 -0.089161 0.249703 -0.211085 0.060788 0.093081 -0.146667 -0.145739 -0.253868 -0.217347 0.108861 0.010987 -0.179236 -0.066825 0.061714 -0.145273 0.173470 -0.081890 0.202469 0.231026 0.201814 -0.058962 0.034185 0.167264 -0.155598 -0.251970 -0.178035 -0.343385 
-0.027161 -0.061969 -0.124428 -0.117295 0.138511 -0.179492 0.011225 -0.087308 0.208654 0.206253 0.004668 0.261452 -0.244904 0.310361 -0.041217 -0.100096 -0.075979 -0.288390 -0.031628 -0.228777 -0.003276 -0.083174 -0.329768 -0.142688 0.292206 -0.020450 0.294788 -0.202361 0.128197 -0.199910 -0.165787 -0.155413 0.045543 0.132569 0.081497 -0.164952 0.209472 -0.182888 0.059973 0.056953 0.304051 -0.198560 0.071790 -0.205197 -0.266876 0.300566 -0.027736 -0.007726 -0.235330 0.208407 0.038265 0.104785 -0.224483 0.149242 0.151257 -0.343293 -0.203434 0.164236 -0.134071 -0.263765 -0.324475 -0.001428 -0.134371 0.036747 
-0.089395 0.086872 0.069844 0.107928 -0.063060 0.030739 0.028274 -0.089418 0.043827 -0.089720 -0.100555 0.072030 -0.128761 -0.074274 -0.046086 -0.067444 -0.067235 0.149533 0.041825 -0.029389 0.005165 0.063408 -0.023333 0.074790 0.018909 0.000049 0.079642 -0.013997 -0.051156 -0.100620 -0.084448 -0.030075 
0.064533 -0.075142 -0.078789 0.207608 0.009901 0.121246 0.113694 -0.099245 -0.129965 -0.056621 0.138124 -0.043944 0.024776 0.120166 -0.032352 0.165204 0.100753 -0.130116 -0.051155 -0.070591 0.112146 0.118300 -0.112615 -0.023004 0.040678 0.108424 0.099424 0.063241 0.119660 -0.131908 0.234084 0.134297 
-0.124346 -0.062632 0.087996 0.013583 -0.124021 0.014340 0.003661 -0.077960 0.055092 0.012477 0.020180 -0.028771 -0.018299 0.123130 -0.122391 -0.059772 -0.066893 -0.084941 0.018343 0.124559 0.135986 -0.017586 -0.036907 -0.081426 -0.048066 -0.038957 0.072020 -0.012497 -0.053853 0.111130 -0.007754 -0.092138 
-0.054440 0.091212 0.077458 -0.028698 0.056647 -0.062867 0.128462 0.033900 0.025554 -0.073075 0.118672 -0.129823 -0.121290 -0.132074 -0.079732 -0.115000 -0.031458 0.098502 -0.052270 -0.023563 -0.073433 0.066073 0.036646 0.119374 0.086989 0.018065 -0.094105 -0.168423 0.037347 0.001194 -0.136561 0.082118 
-0.047563 0.156607 -0.064503 -0.114877 0.010517 -0.036121 0.000907 0.151336 0.062027 -0.027141 -0.122332 0.052073 -0.004497 -0.044736 -0.050628 0.147195 -0.103538 0.057085 -0.046061 -0.069149 -0.057111 -0.110713 -0.051028 -0.125426 0.083371 -0.014984 -0.048501 -0.012367 0.097824 -0.022247 -0.109932 -0.051957 
-0.037906 0.013790 0.002958 -0.009671 0.024373 0.050011 0.029768 -0.073978 -0.087436 0.038241 -0.036999 0.088883 0.150730 -0.004031 0.051316 -0.145126 0.046020 -0.150791 0.025332 0.112423 -0.054940 0.021339 0.095492 0.092212 -0.101756 0.184646 -0.073382 -0.087155 -0.070036 -0.032624 -0.077486 0.007408 
0.080445 0.019251 -0.006741 0.033395 0.000255 0.081271 0.160518 0.064873 -0.097899 -0.097444 0.173642 -0.015944 -0.025638 0.103637 -0.064346 -0.135702 0.097954 -0.012819 0.153850 -0.051880 -0.004412 0.081191 -0.086298 0.090675 0.062391 0.052289 0.058351 -0.114325 0.033623 -0.105293 -0.023751 0.035725 
0.049782 0.100172 -0.051068 -0.020164 0.029107 -0.046560 -0.091658 -0.089374 -0.063079 0.086948 0.071272 0.044073 0.036906 -0.076549 0.015154 0.042973 0.113270 -0.053190 0.076251 -0.013769 -0.017631 0.139617 -0.061171 -0.072832 -0.020628 -0.049760 -0.097153 0.140025 -0.057875 0.048002 0.054945 -0.064699 
0.018105 0.094849 -0.041362 -0.031815 -0.023924 -0.042395 -0.052146 0.044248 -0.066090 0.101448 -0.050362 0.069921 0.045705 0.102014 -0.043459 0.056265 0.018384 0.081944 -0.074359 0.131275 0.056777 -0.019202 -0.082275 0.116640 0.045876 -0.092573 0.103360 0.120167 0.028091 0.006225 0.036847 -0.004388 
0.005633 -0.045627 -0.026895 0.115892 -0.019145 0.111782 -0.071252 0.013291 0.090623 0.076499 -0.103005 0.018653 0.067957 -0.025731 -0.015069 -0.008729 -0.048204 0.025682 -0.098873 0.085892 -0.070357 -0.083889 0.108350 -0.013851 -0.027725 0.057497 0.036711 -0.030196 -0.010380 0.011833 0.118638 0.113998 
0.047413 -0.043258 0.040436 0.028607 -0.184173 -0.085330 0.010131 0.040299 0.095363 0.170969 -0.050027 0.041361 -0.008479 0.056358 0.055475 0.068392 -0.066591 -0.209763 -0.009801 -0.115560 -0.004013 -0.032302 0.063317 0.003644 -0.042724 -0.064965 0.067128 0.071294 0.044725 0.021336 0.160967 -0.014680 
0.093556 -0.021357 -0.090429 -0.024207 -0.019099 0.036179 -0.139301 -0.018487 0.187760 -0.003003 -0.190051 -0.081569 -0.100706 0.093496 0.079851 -0.091886 0.092882 -0.062652 -0.103690 -0.105285 0.035112 0.002877 0.055777 -0.041270 0.120533 0.010037 -0.009593 0.093273 0.111747 0.100710 0.092734 0.023838 
-0.087618 -0.084403 -0.052540 0.067858 -0.123382 -0.036192 -0.078743 -0.107533 -0.122415 -0.079673 -0.080812 -0.147469 0.079185 0.088419 -0.104089 0.034268 0.153499 -0.030605 0.071533 -0.048344 -0.093357 -0.019233 -0.105655 -0.123592 -0.139770 -0.075118 -0.013590 -0.147468 -0.086989 0.054647 0.033962 -0.092856 
0.046616 0.112519 0.080783 0.142840 -0.074577 -0.091666 0.076313 -0.036149 -0.000023 -0.070441 -0.040364 -0.014059 0.161497 0.021773 -0.086109 0.129204 0.114654 -0.135741 -0.034111 0.070753 0.032162 0.028295 0.107393 0.036944 0.095075 0.016127 0.055626 0.063797 -0.062003 -0.000218 -0.064868 0.096730 
-0.133379 -0.127395 0.023410 -0.008615 0.010827 0.063292 0.117978 0.007399 -0.046863 -0.088814 0.119064 0.012399 0.014199 0.058839 0.017465 0.031634 0.061637 0.117583 0.010400 0.033911 -0.046669 0.043775 -0.082449 -0.050600 -0.081968 0.089715 0.075320 -0.078772 -0.095033 0.010699 -0.099910 -0.028966 
0.043720 0.044127 0.067779 -0.056508 -0.106017 0.000247 0.050152 0.042027 -0.029481 -0.057408 -0.008574 -0.063265 -0.086138 0.051447 0.063267 -0.098449 0.057474 -0.036924 0.065304 -0.146925 0.074030 0.172216 -0.132287 0.156723 0.084484 0.106583 -0.109266 0.070038 0.107655 -0.042738 -0.033366 0.046034 
0.080980 0.101706 0.080059 -0.027511 -0.022884 -0.119844 -0.004509 -0.105134 -0.010293 -0.005098 -0.020759 -0.011788 -0.017821 0.013403 0.067323 -0.158962 0.078307 0.015903 -0.086436 0.059233 -0.044808 -0.175074 0.071239 -0.111689 -0.179622 0.155402 -0.081165 0.065151 -0.091047 -0.032421 -0.170704 -0.163806 
-0.025338 -0.104242 0.108608 0.077677 -0.117100 -0.054995 0.096555 0.036965 -0.098719 0.017377 -0.014647 0.023171 0.129000 -0.038219 0.004955 0.122369 0.075883 0.007396 0.044301 -0.105501 0.118180 -0.052472 -0.068491 0.072860 -0.050672 0.004676 0.033590 0.033756 0.085203 -0.092597 0.100933 -0.093080 
-0.071779 0.081511 -0.001605 -0.050709 -0.079571 0.098673 -0.154206 -0.040471 0.039839 -0.053282 0.033615 -0.083887 0.095137 0.063016 -0.076992 0.046065 -0.039673 0.072584 0.001636 -0.148725 -0.067521 0.065093 -0.114362 -0.063996 -0.081242 0.094584 0.187786 0.125076 0.123363 -0.005602 0.124121 -0.073919 
-0.143718 0.080177 0.035325 -0.052069 -0.022526 0.001372 0.015571 0.100440 -0.157369 -0.062150 -0.029774 -0.005772 0.075616 -0.019760 -0.168252 -0.148521 -0.086901 -0.008554 -0.017136 -0.140915 -0.107090 0.032869 -0.051680 -0.065028 -0.058521 -0.061469 0.052760 -0.112163 0.086239 0.133674 -0.026895 0.032024 
-0.036171 0.088105 0.104225 -0.034892 0.045462 0.018778 0.177147 0.028405 -0.002338 -0.052544 -0.030832 0.004202 -0.037213 -0.100642 0.048411 -0.038892 0.068582 -0.065675 -0.030943 -0.063053 0.002695 0.144097 -0.055908 0.181845 -0.076294 -0.131348 -0.101376 0.005478 0.075799 0.031784 0.006379 -0.022844 
-0.049745 -0.002370 0.010488 0.178427 0.028353 -0.051466 0.036192 -0.045423 -0.046538 0.110241 0.156986 -0.084279 -0.100322 -0.013377 0.020362 -0.107584 0.059003 -0.093343 -0.074394 -0.057553 -0.067898 0.015506 -0.067105 -0.022932 0.017179 0.015664 -0.144854 -0.041504 -0.065951 0.066197 0.163393 0.028240 
-0.106567 -0.090166 -0.028800 0.103787 0.095028 0.176595 -0.052219 -0.039151 0.043961 0.140193 -0.016164 0.133555 -0.066635 -0.168019 0.152283 -0.061328 -0.041137 -0.059644 -0.074054 0.083615 -0.023933 0.051307 0.117635 0.119405 -0.095456 -0.149322 -0.053445 -0.104139 0.057505 -0.144076 0.131322 0.121241 
-0.032846 -0.098151 0.101064 -0.096243 -0.059771 0.121529 0.019863 0.114811 0.073917 0.040802 0.092119 -0.031282 0.017802 -0.005486 -0.024492 -0.137126 0.058485 0.110115 0.078315 -0.040799 -0.089001 0.152626 -0.103869 0.071194 -0.086512 -0.081739 0.011534 0.004462 -0.025468 0.014836 -0.008672 0.093169 
0.039495 0.034192 0.142288 0.183492 -0.036647 -0.084552 0.054949 0.006429 0.057342 0.054091 0.163396 0.111124 -0.091122 -0.026944 -0.113930 0.085495 -0.036283 -0.176124 -0.085554 0.051732 -0.124641 -0.048174 -0.084315 -0.081320 0.042990 0.064514 -0.205316 -0.123272 -0.048507 0.133582 0.178012 0.118282 
0.035838 0.091224 0.066934 -0.146105 -0.052644 -0.019027 0.011407 -0.121216 0.080604 0.008401 0.067967 0.093016 0.128337 -0.109443 0.138166 -0.089557 -0.144348 -0.101003 0.061848 -0.032494 -0.012661 0.008613 -0.028928 0.093728 0.017005 -0.031455 -0.046384 0.172249 -0.177579 -0.142260 -0.000281 0.021565 
-0.062990 0.004703 0.029381 -0.121447 0.065634 -0.027048 -0.143477 0.025787 -0.018721 -0.097323 -0.066774 -0.066257 -0.085475 -0.012472 -0.032791 -0.052192 -0.001168 0.141752 -0.080885 0.081574 0.115271 -0.044726 0.082433 -0.033967 0.070767 0.078743 0.044950 0.142689 -0.129576 -0.018654 0.033496 -0.113867 
0.115482 -0.054700 -0.093516 0.106636 0.082703 -0.016425 0.002673 0.091658 -0.066981 0.154166 0.140142 0.017753 -0.018165 -0.081324 0.006733 0.126996 -0.085161 0.051576 0.028243 -0.036610 -0.025746 0.003944 0.035213 -0.065571 -0.036355 -0.092404 -0.103904 -0.038879 -0.013828 -0.007026 0.044075 0.014855 
-0.080170 0.020188 -0.103288 0.130861 0.092165 0.079561 0.050367 -0.039422 0.124723 0.092162 -0.016550 -0.058220 -0.139939 -0.119671 0.153752 0.002127 0.146029 0.091553 -0.051341 -0.066312 -0.075539 -0.093715 -0.001676 -0.020989 -0.020387 -0.039771 0.101903 0.057481 -0.014514 -0.038020 -0.035390 -0.000579 
0.042014 -0.000273 -0.035979 -0.016612 -0.078204 -0.162010 0.049156 -0.101044 0.084742 -0.060449 -0.051474 0.094094 -0.063948 -0.085564 -0.074501 -0.093548 0.112899 0.059309 0.043231 0.083050 0.044931 -0.081953 -0.034581 0.078068 0.059068 -0.078571 -0.018753 -0.137542 -0.001053 0.115932 -0.034756 -0.128112 
-0.046201 0.022193 0.075693 -0.034017 0.040048 -0.096709 0.054670 0.003699 -0.041500 0.083230 0.059026 0.083642 -0.067251 0.124926 -0.101503 0.047223 0.000804 0.025909 0.122828 -0.011351 -0.132784 -0.077468 -0.071552 0.106805 -0.027084 0.125033 0.089614 0.083426 -0.033533 -0.043970 0.006439 0.052266 
-0.084968 -0.069768 -0.004694 0.039594 0.138514 -0.079534 0.040162 -0.049567 0.053080 -0.082607 -0.044752 0.172879 0.057962 -0.092039 0.128872 0.000402 -0.104284 0.082190 0.073331 0.069835 -0.138172 -0.118769 -0.036935 0.061443 0.067979 -0.069266 -0.034380 -0.071361 -0.022341 -0.122666 -0.144105 0.070670 
0.132109 -0.015050 0.004459 0.029094 -0.012997 -0.112412 0.069003 -0.022698 -0.023922 -0.094016 -0.105337 -0.086283 -0.021317 -0.079942 0.070100 0.051141 -0.100938 0.062158 -0.110642 -0.079603 0.028239 -0.033547 0.066884 -0.055860 0.077686 -0.136425 0.072276 0.011885 0.002246 0.122127 -0.056257 -0.039690 
-0.074804 0.144220 -0.148770 0.017419 0.095101 0.061996 -0.104290 -0.100845 -0.086722 -0.072503 -0.123594 -0.072489 0.070644 0.100734 -0.050794 0.063602 -0.013208 0.066535 0.137087 0.011578 -0.083423 0.063869 -0.088101 0.096489 0.073003 -0.101608 0.032348 -0.022838 0.163746 0.124555 0.102007 -0.098172 
0.080896 0.053468 0.180401 0.091678 0.042089 -0.108411 0.091070 0.072300 0.014848 -0.077629 -0.015254 -0.025411 0.057063 0.065473 -0.067015 -0.132022 -0.027583 -0.085210 -0.124620 0.047882 0.107749 -0.107321 0.027020 0.037328 -0.089651 -0.106280 -0.125920 -0.076690 0.052670 0.125102 -0.051045 0.016803 
0.028523 -0.044333 0.037655 0.056782 0.015765 0.011000 0.022064 -0.115331 -0.082377 0.113214 0.035357 -0.050471 0.038087 0.040405 -0.025186 -0.097147 0.080626 -0.025912 0.016175 0.100363 0.087583 -0.137037 0.031547 -0.051119 -0.166953 0.088339 -0.027983 0.088574 0.016769 0.051496 0.049178 -0.018497 
0.003909 -0.096148 -0.071147 0.138190 -0.053971 -0.024271 0.100304 0.102315 0.014321 0.058978 -0.056851 -0.015343 -0.068463 0.016303 -0.056240 -0.082695 -0.064179 0.006525 -0.120206 0.141732 0.076800 0.042801 -0.048825 0.074076 0.036030 0.040920 0.039635 -0.068251 0.033088 0.029950 0.048070 0.149910 
0.003090 0.072212 0.078343 -0.048375 0.036084 0.113758 0.164127 -0.094872 -0.118543 -0.085773 -0.010966 0.012034 -0.006614 -0.039383 0.029818 0.051217 -0.075466 0.036685 0.013301 -0.048197 -0.058941 0.137011 0.107894 0.114136 0.031185 0.017632 0.067045 -0.116521 -0.096256 0.004257 -0.071603 0.083060 
0.013468 0.075322 0.008537 -0.151484 0.076471 0.095643 -0.128595 0.094786 0.111277 -0.027598 -0.079760 0.007336 0.095988 0.071505 0.164422 0.018666 -0.010124 0.066665 -0.069846 0.083446 0.003540 -0.087671 0.025778 0.116479 0.107234 -0.011357 0.000065 0.134977 -0.080089 -0.107027 0.083042 0.076311 
-0.081851 -0.044917 0.108589 0.064500 -0.065270 0.098556 0.023788 0.089501 -0.129660 0.092587 -0.017714 0.156049 0.024398 -0.075939 -0.092008 -0.090096 0.046955 -0.097969 -0.106124 0.004208 -0.030953 0.034679 -0.045742 -0.059173 -0.071421 -0.010394 -0.121321 -0.027480 -0.033332 0.021619 -0.132054 0.068765 
-0.087066 0.050473 -0.007935 -0.110716 0.015836 0.024800 -0.085658 0.041850 0.021285 -0.028153 0.074138 -0.039329 0.045410 0.111553 -0.045597 -0.014659 -0.069975 -0.056551 0.100387 -0.100810 -0.132951 0.091615 -0.009506 -0.056412 -0.059185 0.121335 0.067648 0.119723 0.003758 0.079351 -0.015924 0.015519 
0.046965 -0.117243 0.174789 -0.080048 -0.140264 -0.113464 -0.097328 0.023643 0.018280 0.050731 0.095244 -0.081733 -0.040568 -0.075763 0.051457 -0.040392 0.061347 -0.001778 -0.106546 0.099729 -0.057497 0.007319 -0.047857 0.017236 -0.046942 -0.116110 -0.025054 0.087392 0.075008 -0.026734 -0.059623 -0.016945 
-0.033258 -0.016672 0.100096 -0.020032 0.168366 0.169870 -0.068136 0.008307 0.048672 0.102795 0.078329 -0.008165 -0.150989 -0.075862 0.151935 0.091628 0.061158 -0.057705 0.043412 0.013514 0.053759 0.138044 0.107327 0.023380 0.131729 -0.040411 -0.050139 0.065185 0.036521 0.031602 0.012905 -0.068016 
-0.005817 -0.069287 0.046803 -0.175078 -0.007188 0.021703 0.086832 -0.099151 -0.026372 -0.025503 -0.016023 -0.009207 -0.082995 0.035624 -0.027255 -0.067687 -0.018147 -0.077435 0.016568 -0.026391 -0.101510 -0.118747 0.076870 -0.113725 0.013015 -0.031597 0.138741 0.047225 -0.149799 -0.073914 -0.039415 -0.022942 
0.007353 -0.023074 0.153809 -0.022483 0.111102 0.125309 0.029528 -0.039195 -0.103916 0.073222 -0.045411 -0.021201 -0.014313 0.040942 -0.009636 0.117777 0.044369 -0.147390 0.006931 0.029853 -0.031328 -0.041789 0.074593 -0.012446 -0.095265 0.143330 0.077310 -0.075032 -0.026693 0.027695 0.082423 -0.095466 
-0.111066 0.102888 -0.055202 0.041875 0.093229 0.071262 -0.059616 -0.070289 0.100255 -0.091479 0.004912 -0.134344 0.055990 -0.032529 0.167166 0.002649 -0.005899 0.020815 -0.033423 0.073814 -0.016929 -0.078651 -0.056070 0.009533 -0.084765 -0.075563 0.129828 0.000184 0.096043 0.035864 -0.061341 0.101017 
-0.024365 0.144126 0.070726 -0.062495 -0.048813 -0.159302 -0.076874 -0.027749 -0.010250 0.071795 0.008110 -0.096080 -0.035383 0.054386 0.027625 0.039898 0.143205 -0.099325 0.071067 -0.150897 -0.001121 0.140350 0.045555 0.001946 -0.072794 0.039474 0.055522 -0.122419 0.032281 0.062286 0.170079 0.049293 
-0.065599 0.071220 0.053988 -0.166868 0.040140 -0.161058 -0.039111 -0.006806 0.095369 0.106527 0.114746 -0.084787 0.072892 0.172991 0.053105 0.008918 -0.037594 -0.034209 0.034119 -0.055848 0.022831 -0.036634 -0.129513 0.016689 0.056594 -0.037711 0.073453 -0.104684 0.066534 0.059317 0.142282 0.061556 
-0.045677 0.042173 0.082575 0.052489 0.035795 -0.036189 -0.050398 0.004749 -0.158196 -0.139486 0.110691 -0.024980 0.107535 0.047652 0.035519 -0.114539 -0.061201 -0.084668 0.075400 0.026580 -0.015059 0.163671 -0.032219 -0.009520 0.125694 -0.033051 -0.071244 -0.040814 0.151716 -0.104854 -0.068968 0.017056 
0.044477 0.156620 -0.098642 0.016896 -0.157391 -0.137562 0.027605 -0.036210 -0.083617 0.008035 0.113977 -0.111077 0.146223 0.107795 -0.130529 -0.111458 -0.057865 0.033764 0.112992 -0.030299 0.073291 -0.023466 0.086346 0.009921 0.054404 -0.084958 -0.150562 0.034098 -0.018285 0.034777 -0.024156 0.084137 
-0.034359 -0.027630 0.080481 0.063881 0.003472 0.064864 0.058296 0.030560 -0.081317 0.086493 0.026574 -0.100473 -0.039437 0.012073 -0.045845 -0.041066 0.047529 -0.039411 -0.176310 -0.004804 0.026093 0.099991 -0.096561 -0.072063 -0.075138 -0.159528 0.073122 -0.084869 -0.017735 0.173709 0.176158 0.054543 
-0.093733 0.102928 -0.088908 0.065564 0.095778 0.128461 -0.021069 0.060628 0.023611 0.086038 0.052683 -0.099236 -0.023471 -0.002419 0.049671 -0.058957 0.100227 0.104123 0.063737 0.000151 -0.040538 0.157343 0.032345 0.037879 -0.076472 -0.061724 0.022570 -0.038019 -0.007739 0.042042 -0.099226 0.051647 
0.020105 -0.061027 -0.011223 -0.106445 -0.023781 0.024724 0.137297 0.117692 -0.029021 -0.024315 -0.084420 -0.064499 -0.088847 -0.003976 0.037142 -0.101336 -0.071699 0.044093 0.057608 0.062764 -0.043409 0.012902 -0.083263 0.067448 0.101777 0.078098 -0.107344 -0.091322 0.003227 -0.032771 -0.200241 -0.087706 
0.069785 -0.040505 -0.063042 0.185618 0.172914 0.017983 0.095546 0.019286 0.090851 0.141510 0.029682 -0.036015 -0.012509 -0.053310 0.030607 0.144334 0.097721 -0.060186 -0.024208 0.050800 0.050983 0.069951 -0.080027 0.022597 0.064960 -0.117353 0.104254 -0.057904 -0.031243 0.053811 0.034839 -0.017347 
-0.023045 0.117003 -0.143647 -0.005236 -0.130090 -0.166934 0.045883 0.100533 0.163036 0.011191 0.073637 0.009273 0.117047 -0.027189 -0.035504 0.123195 0.050357 0.106706 -0.013400 -0.161913 0.067895 0.057830 0.003172 -0.070454 0.108951 -0.006330 0.017406 -0.038804 0.044851 0.138405 0.096824 0.100834 
0.010216 0.044352 -0.112618 0.050468 0.104799 0.122872 0.000597 0.053598 -0.055684 0.001747 -0.012684 -0.018139 0.044142 -0.004647 -0.050774 -0.008739 -0.020609 0.029998 -0.034048 -0.093814 -0.063738 0.131748 -0.041951 0.090759 -0.005965 0.102665 -0.074422 0.103224 0.040458 -0.006457 0.076599 -0.023209 
-0.021370 0.035976 -0.122898 -0.057570 0.056413 0.041415 0.096990 0.117245 0.102562 -0.060945 -0.028933 0.081496 0.014813 -0.047013 0.118396 -0.084536 -0.107033 -0.046754 -0.092643 0.035913 -0.064883 0.052288 -0.053841 0.063975 0.018670 -0.061820 -0.009794 -0.089434 -0.128338 -0.139700 0.077032 0.002488 
0.085232 -0.016844 -0.003080 -0.005755 -0.013024 0.040175 -0.074665 -0.105937 0.024315 0.047726 0.026737 -0.032891 -0.150742 -0.047951 0.015261 -0.064885 0.030982 0.026833 -0.032311 -0.016582 0.125853 0.048634 0.083237 -0.016105 -0.045917 -0.155127 0.039679 -0.031209 -0.193877 -0.150581 -0.008308 0.103358 
0.020387 -0.104773 -0.034620 0.058450 -0.057852 -0.080692 0.057057 0.062765 0.059721 0.001466 0.124588 0.092364 -0.160549 -0.121165 -0.079686 0.046633 0.019575 0.090140 0.100785 0.003508 0.064388 -0.022026 0.092953 -0.140665 0.014658 -0.018736 -0.095516 0.081434 0.001566 -0.085242 0.069221 -0.135640 
-0.088867 0.039451 0.098733 -0.115132 -0.026522 -0.065602 0.016072 -0.064241 0.096564 -0.110998 -0.090942 -0.157377 -0.098856 -0.052006 0.096256 0.015638 -0.060253 0.153227 -0.040219 -0.093063 -0.054915 -0.118630 -0.105340 -0.061397 -0.051148 0.018273 -0.113459 0.078277 0.008815 0.050575 -0.199656 0.000269 
0.029717 0.109595 -0.033362 -0.108402 -0.085284 0.032671 -0.031560 -0.066152 0.083305 -0.027787 -0.042002 -0.094914 0.134951 -0.013137 -0.115569 -0.079023 -0.062310 -0.015584 -0.014340 -0.027367 0.026761 0.020442 0.065526 -0.111325 -0.168078 0.134467 -0.116300 -0.009080 0.090498 -0.042317 -0.064616 -0.026531 
-0.121739 -0.023320 0.058446 -0.037506 -0.078253 -0.104276 0.073326 -0.096051 -0.017491 -0.091828 -0.003796 -0.008772 -0.068019 -0.013038 0.062705 -0.052279 -0.104510 -0.042960 -0.127876 0.063928 0.027053 0.094118 0.061413 0.058377 0.058731 0.061851 -0.077458 -0.018838 -0.085837 0.017260 -0.042625 -0.130201 
-0.147145 0.080927 0.026239 -0.100207 0.141756 -0.056891 -0.000554 -0.014752 -0.112523 0.050630 0.148537 0.016673 -0.035557 0.026454 -0.115666 0.018037 0.031104 -0.075148 -0.028389 0.006978 -0.109675 -0.073024 -0.084892 0.147782 0.109425 0.026388 0.014010 -0.115362 -0.121925 0.014343 -0.089616 -0.106570 
0.057149 0.007368 -0.039301 -0.071588 0.113002 0.039695 0.116999 -0.101410 -0.049385 0.054238 0.054224 0.048822 0.031090 0.132818 -0.038691 -0.087753 -0.145826 -0.002005 0.037033 0.004190 0.010038 0.011116 -0.054059 0.005053 -0.111578 0.110541 0.042930 -0.033130 -0.053523 -0.011296 -0.144190 -0.097128 
-0.005616 -0.018561 0.110819 -0.177559 -0.207664 0.049797 0.055992 -0.012627 -0.084849 -0.108014 -0.146872 -0.080425 -0.010759 0.011091 -0.130902 -0.117394 
0.096929 0.148037 0.046673 -0.055884 0.200410 0.094556 0.018114 -0.178425 0.128006 0.027181 -0.039515 -0.097182 -0.163640 0.016192 0.069405 0.083398 
-0.102912 -0.097593 0.085425 -0.152402 -0.206480 -0.106654 0.079522 0.083409 0.051793 -0.002741 0.150245 0.202199 0.059974 -0.152959 -0.079105 0.096213 
-0.207149 0.203896 0.188209 0.173623 0.262835 0.060784 0.123116 -0.061921 -0.114554 -0.117808 -0.019867 -0.065352 0.209815 -0.131884 -0.276216 -0.140487 
0.007526 0.125468 -0.082666 0.003263 -0.157315 0.107264 -0.125299 0.167435 -0.049633 0.250885 0.126756 -0.141715 -0.118886 -0.133223 0.108659 -0.159922 
0.128427 0.068376 -0.182471 0.186657 0.008281 0.172554 -0.212959 0.099828 -0.024296 0.206464 -0.105753 -0.085458 0.163755 -0.147303 0.046639 -0.067778 
-0.185450 0.147483 0.066034 -0.095559 0.034001 0.118273 -0.093734 0.203642 0.060140 0.126223 0.170703 0.154477 0.157274 0.020078 -0.179760 0.105950 
-0.154557 -0.070733 0.103165 0.019971 0.019684 0.065692 -0.125508 -0.003310 -0.047797 -0.078799 0.002127 -0.107564 0.057442 -0.177551 0.041451 -0.025533 
0.024679 -0.026848 0.001626 0.076440 -0.096469 0.080376 -0.105869 -0.185493 0.082274 -0.054627 -0.203801 -0.124387 -0.140846 -0.102661 -0.202241 -0.148741 
-0.002205 0.074627 0.092462 -0.040392 0.010699 0.144682 0.154662 0.162024 -0.213793 -0.016347 -0.059105 0.039992 0.050841 0.191922 -0.150866 -0.082263 
-0.060939 0.063116 0.225647 0.001004 0.067654 -0.047106 0.120585 0.227598 0.017626 0.131151 -0.003274 0.146036 0.168531 0.022927 0.203009 -0.059367 
0.016034 0.032134 0.070042 0.019743 -0.111755 -0.009238 0.142771 0.122249 -0.219913 0.157020 -0.019693 0.103064 0.121004 -0.025726 -0.111556 -0.185132 
0.231013 -0.183129 0.038406 -0.120693 0.068554 -0.047122 -0.083948 -0.073293 -0.206211 0.074707 -0.114838 0.207022 -0.110923 -0.150891 0.013166 -0.005173 
0.138734 -0.224922 -0.035575 -0.219029 0.096850 0.141397 0.109460 0.084431 0.025060 -0.153326 -0.039182 0.077825 -0.093002 0.003985 0.124655 -0.132010 
-0.047059 -0.063695 -0.048762 0.246941 -0.027526 0.177061 -0.158779 -0.010639 0.079524 0.023335 -0.009163 0.056017 -0.024704 0.064513 -0.052366 -0.202222 
0.151625 0.035740 -0.027935 -0.056907 0.231219 0.201272 -0.192439 -0.049188 -0.220333 0.004531 0.122198 -0.141002 0.120001 0.015697 0.100530 -0.127282 
-0.014875 -0.116044 -0.010742 -0.058010 0.168083 0.039521 0.089707 0.090477 0.110484 -0.036085 -0.044572 -0.102891 0.200946 -0.015361 -0.048309 0.119955 
-0.133473 -0.007406 -0.197990 0.165637 -0.063052 -0.070138 -0.255762 -0.132965 0.188462 -0.164220 0.010866 -0.115659 -0.032908 -0.161012 0.049935 -0.067483 
-0.042182 0.117011 0.044831 -0.213872 0.021215 -0.116839 0.064677 -0.004943 -0.058367 0.141843 0.087280 -0.055706 -0.114027 0.065401 0.299363 0.049687 
-0.085454 -0.135042 -0.156412 0.032847 -0.171850 -0.065377 -0.167479 0.065350 -0.049974 0.008682 -0.109410 0.137192 0.145944 0.183619 -0.197992 -0.182243 
0.107177 0.066989 -0.099225 -0.011238 0.203397 0.022565 0.077306 -0.092734 -0.122883 -0.045187 -0.068950 0.042098 -0.072327 -0.043720 -0.210781 -0.142971 
-0.063557 0.002679 0.191609 0.107865 0.247124 0.153570 -0.041719 0.169204 0.056047 0.139335 0.098350 -0.023063 0.065294 -0.250211 0.075088 0.080756 
0.083885 0.107127 -0.236454 0.028892 -0.061628 0.088346 0.079597 0.050461 -0.126048 -0.178124 -0.028050 -0.112292 -0.036670 0.098183 -0.110265 0.047206 
-0.170252 0.024746 -0.046020 0.108476 -0.078827 0.122935 0.039865 0.170217 0.046241 0.063991 -0.018659 -0.107642 0.055023 -0.162664 0.123158 -0.055576 
0.164588 0.160477 0.170460 0.020974 0.180667 0.102004 -0.145122 0.056137 0.147733 0.147492 -0.211086 -0.160610 0.027788 0.005907 -0.141765 0.006347 
0.284259 -0.078927 -0.025652 -0.183385 -0.085025 -0.116754 -0.055754 0.153050 -0.029092 0.129679 -0.087206 -0.032198 0.105886 0.157102 0.145523 0.076152 
0.201519 -0.023627 -0.060797 0.027106 0.009613 0.095136 -0.105189 -0.172988 -0.000207 0.019049 -0.076509 -0.150635 -0.123020 -0.005786 0.162569 -0.206071 
0.209618 -0.136049 -0.048662 -0.115952 -0.126479 0.042237 -0.196425 0.071460 -0.075847 -0.148206 -0.169121 -0.138010 -0.154158 0.120739 0.150646 -0.241516 
-0.114886 -0.105455 0.110033 0.035801 0.296434 -0.072650 0.002131 -0.018206 0.061632 -0.123975 0.078967 0.092396 -0.020420 -0.057292 0.231353 0.008939 
-0.008973 -0.086970 0.049383 -0.141418 0.158924 0.018668 0.139265 -0.149533 0.170769 -0.151531 -0.100775 -0.173984 0.060831 -0.109176 -0.197930 0.236451 
0.101210 0.009966 0.143651 -0.143303 0.418030 -0.095597 0.062155 -0.021866 -0.373764 -0.077273 -0.147553 0.031351 0.166782 -0.055858 -0.120670 -0.116566 
-0.048137 0.149635 0.104975 -0.009859 0.070281 0.074354 -0.048847 -0.045889 0.061216 0.073634 -0.104207 -0.065636 0.177375 -0.081356 -0.048501 -0.142944 
-0.134130 0.377479 0.073154 0.199764 -0.187040 -0.318607 -0.352883 -0.139174 
-0.051725 -0.116023 0.115649 0.048490 0.071268 0.245747 0.259794 -0.244278 
0.026175 -0.231652 -0.069461 0.249218 -0.369454 0.325831 -0.081840 0.255384 
0.068687 0.036781 0.083776 -0.057713 0.449416 0.282898 0.242016 0.139247 
0.445118 -0.162434 0.411382 0.450941 -0.322851 0.309130 -0.291764 0.083265 
-0.053847 0.130261 0.202894 0.327238 0.203598 0.193934 0.238482 -0.216862 
-0.010611 -0.203621 -0.291194 -0.034987 -0.331281 -0.109167 -0.027044 0.261450 
-0.476571 -0.167024 -0.120471 0.229682 -0.189256 0.164963 0.250753 0.135190 
0.342513 -0.021043 0.394895 -0.465255 0.071314 -0.195253 0.209857 0.363847 
-0.522752 -0.036789 0.222339 0.107642 0.010605 0.122339 0.326365 0.121151 
-0.224776 -0.288393 0.181994 -0.163561 0.025848 -0.022626 0.091936 0.199858 
-0.266647 -0.113956 -0.137087 -0.228778 -0.197321 -0.047147 -0.107094 0.016934 
-0.180265 -0.322135 -0.100696 0.268661 -0.154500 0.414426 0.223303 -0.089936 
-0.089923 0.050364 -0.276287 0.031450 -0.118876 -0.331253 -0.042971 0.034480 
-0.190558 -0.067506 0.552321 0.032454 -0.194416 -0.181725 -0.156633 0.292193 
0.190469 -0.302314 0.237575 -0.368074 -0.174481 -0.178978 -0.037452 0.346909 
0.013556 0.061088 0.056585 0.120268 0.363534 0.140308 -0.170398 -0.440928 0.529644 -0.247845 -0.540715 -0.178222 -0.077024 0.302587 0.305352 0.375766 0.019564 -0.070330 0.013854 -0.053076 0.342923 -0.009866 0.253751 
-0.038564 -0.525197 0.006747 0.034557 0.161561 0.436068 -0.070387 -0.120947 -0.271953 -0.515531 -0.407572 -0.665521 0.379702 -0.111340 -0.579853 0.590123 -0.340151 -0.024278 0.278632 0.019142 0.349490 0.184889 0.228715 
0.030875 0.126229 -0.518270 -0.231259 0.357732 0.570224 -0.325945 0.289409 0.029018 -0.178579 0.018889 -0.205127 -0.572145 -0.364494 0.197443 0.038544 -0.170062 0.155302 0.022355 -0.035943 -0.059420 0.022068 0.122587 
-0.244101 -0.341683 -0.435016 0.001028 0.328032 -0.362831 -0.558292 -0.067786 -0.070129 0.269084 -0.435431 0.625551 0.109682 -0.263868 -0.181109 -0.277421 -0.066322 -0.021134 0.168607 -0.268836 0.043797 -0.302302 0.235698 
-0.447184 0.276219 0.010306 0.442566 -0.269912 -0.049847 -0.111546 -0.498855 0.214089 0.182061 0.025836 -0.617034 -0.214714 -0.261731 -0.508252 0.152534 -0.152181 0.064161 0.154396 -0.120521 -0.079359 0.053001 -0.035237 
-0.543158 0.180640 -0.308080 0.673112 0.233687 0.253205 -0.550286 0.065121 -0.116911 0.359605 -0.095111 0.331884 -0.374405 0.102205 0.066619 -0.296465 -0.067836 -0.251712 -0.280584 -0.147806 -0.168500 -0.159958 0.176154 
-0.336921 0.674991 0.014275 0.620003 -0.512853 -0.236135 0.007125 -0.080961 0.018597 0.036404 0.517943 -0.259523 -0.295950 -0.077202 -0.134554 0.136157 0.291040 -0.119347 -0.087052 0.106486 -0.323538 -0.191598 -0.207898 
0.423908 0.060572 0.008899 -0.342411 0.173023 -0.269570 -0.169808 0.083003 -0.052166 -0.371758 -0.004921 -0.165884 -0.453393 0.092291 0.621000 -0.028622 -0.213103 0.040041 -0.229976 -0.127055 0.168646 0.198381 0.277001 
-0.083436 -0.005932 -0.109395 0.224728 -0.319493 0.008309 0.214835 0.004093 -0.080569 -0.298294 0.207105 0.150642 0.215109 0.300874 0.230891 0.074995 -0.209280 0.364640 0.027905 -0.195870 0.269572 -0.158548 -0.222564 -0.072883 0.005191 -0.100922 -0.060723 0.028198 0.353306 -0.100407 -0.027906 -0.176519 
0.070933 0.047458 -0.386460 0.040068 -0.043613 0.081156 -0.094352 -0.004312 0.090657 -0.292616 -0.205849 -0.127419 -0.274941 -0.205975 0.215053 -0.163760 -0.216135 0.055978 0.181472 -0.154144 0.401653 0.262943 0.323225 -0.327761 -0.157840 -0.019584 0.238564 -0.225241 -0.069839 -0.348654 -0.149922 0.233774 
0.089365 -0.126717 -0.003451 -0.432644 -0.266990 0.151041 0.136378 0.346364 0.367102 -0.189998 0.132697 -0.244359 -0.099693 0.109877 -0.055773 -0.030675 -0.093069 0.166666 -0.099848 -0.375483 0.094625 -0.240976 -0.047485 0.155855 -0.166374 -0.100297 -0.219556 0.117840 0.147646 -0.036474 0.011188 -0.062462 
-0.238397 -0.220283 -0.286080 -0.312178 0.424428 -0.312906 -0.096447 0.233808 -0.158276 0.234829 0.244861 -0.000500 -0.224541 -0.121485 0.205242 -0.120281 -0.088160 -0.170314 0.091175 0.353911 0.044323 0.204643 0.465427 0.185178 -0.395872 0.371999 0.262153 -0.145010 -0.139700 -0.582979 0.210719 0.103268 
-0.262807 -0.020613 0.282858 0.472299 -0.116877 -0.254988 0.229089 -0.097232 -0.433668 0.175958 0.186700 0.005196 -0.249984 0.142518 0.112096 -0.095766 -0.191798 0.142081 -0.128498 0.205919 -0.061907 0.256489 0.086024 0.063349 0.423813 -0.137997 0.114619 -0.183384 -0.098419 0.398368 0.260268 -0.107149 
0.237666 0.152017 -0.121619 -0.134654 -0.162843 -0.168110 0.188108 -0.166773 -0.307952 0.235037 0.016315 -0.157619 -0.064100 0.034896 -0.190053 0.049813 0.281145 0.166708 -0.011527 0.050707 0.054821 0.003816 0.159856 0.041979 0.183950 -0.005612 0.121021 -0.332265 -0.166833 0.179603 0.130912 -0.236227 
-0.008427 -0.280391 -0.044086 -0.105001 -0.131462 -0.115275 0.159789 0.061127 0.378006 -0.208000 0.096234 -0.191296 0.162513 0.333564 0.186214 0.095223 0.113104 -0.204154 0.004140 -0.348857 -0.033097 -0.188031 -0.064250 -0.304771 -0.038838 -0.176933 -0.116466 0.317151 0.317267 0.044017 -0.237474 -0.106991 
0.302937 0.054374 0.310841 0.172866 0.049633 0.082103 0.103405 -0.154038 0.068480 -0.167725 -0.113526 -0.059589 0.036360 -0.215100 0.327640 0.300826 -0.206322 0.176939 0.337392 0.130178 -0.131578 -0.040081 -0.371309 0.163040 0.033797 -0.165377 0.158551 -0.053339 -0.121182 0.273500 -0.025939 -0.127001 
-0.188257 -0.044977 0.014894 0.187000 0.151616 -0.118949 -0.005264 0.101609 0.156870 0.172814 -0.149387 -0.051072 -0.331123 -0.170684 -0.011428 -0.067507 0.156480 -0.037363 -0.102595 -0.313542 0.229665 -0.155613 0.341242 -0.086846 0.138711 0.216156 0.067354 0.169621 0.172689 -0.158470 -0.111328 -0.205307 
0.048343 0.171054 -0.184314 -0.035709 0.040136 0.037440 -0.267796 -0.091013 -0.095899 -0.143771 0.147107 -0.095773 -0.105523 -0.261797 0.116611 -0.267411 0.045263 -0.008597 -0.101816 -0.069329 -0.221672 -0.159583 0.060880 0.304502 -0.304657 -0.107245 0.214924 0.285350 -0.268223 -0.286414 -0.245918 0.301658 
0.292913 -0.108521 0.016846 -0.137653 0.074418 0.199396 -0.032668 0.079980 0.415870 -0.376951 -0.402421 -0.197649 0.007220 0.011525 0.091806 0.295890 0.058598 0.059006 -0.074965 0.227510 0.286178 0.267881 0.173296 -0.504808 -0.343384 0.114089 0.217565 0.137728 0.187093 -0.529507 -0.193641 0.141221 
-0.112793 0.352449 0.355846 0.376909 0.164787 0.009750 -0.279272 0.189185 -0.076648 -0.112268 0.170859 0.483372 -0.194277 -0.231963 0.435223 0.212025 -0.509436 -0.404694 0.242549 -0.069393 -0.361179 0.046319 -0.396567 0.018836 -0.215035 -0.315396 0.308613 -0.089993 -0.469666 -0.095749 0.237169 -0.036921 
-0.205496 0.078185 0.273864 0.126084 -0.267788 -0.140695 0.102271 0.257137 0.374389 0.098246 0.316568 0.395311 0.127562 0.235803 0.167312 0.237983 0.326021 -0.105873 -0.488413 0.181757 -0.406327 -0.345206 -0.212758 0.057710 -0.130338 -0.240349 0.125930 0.066067 0.000598 -0.021215 0.370056 0.099549 
-0.182993 0.185228 0.210806 -0.046345 -0.187258 -0.072714 -0.202540 -0.162645 0.247829 0.000002 -0.144956 0.075532 -0.167534 0.212845 0.151275 -0.232297 -0.109976 -0.007264 -0.251309 -0.223793 0.237026 -0.188758 0.219461 -0.178188 -0.027786 0.092104 0.130994 0.331395 -0.081516 0.097277 0.137979 0.023994 
-0.058135 0.236555 0.333955 0.481484 -0.215687 -0.325673 -0.228068 -0.389348 -0.043593 -0.330064 0.033109 -0.266316 -0.314843 -0.087021 0.015050 -0.057240 -0.395635 -0.031316 0.302115 -0.430405 0.259992 0.124381 -0.076658 -0.267311 0.200054 -0.181727 -0.243720 0.176393 0.279735 0.395526 -0.119957 -0.042949 
0.019230 -0.148757 -0.145831 -0.023943 -0.111904 -0.099742 0.428375 -0.162742 0.223970 0.221900 0.000705 0.082483 -0.139871 0.236857 -0.294941 -0.108585 0.473267 -0.060032 -0.213257 0.034934 0.263797 0.074562 0.275155 -0.043412 0.272377 0.232019 -0.162940 0.117207 0.308461 0.069767 0.013762 -0.091256 
0.179038 0.164743 -0.053618 -0.091198 -0.058050 -0.071463 0.019950 -0.158733 -0.109630 0.168671 0.159099 -0.086450 -0.046136 -0.173619 0.053912 -0.082141 -0.076091 0.113310 0.218819 -0.120883 0.173473 0.091030 0.087137 0.108315 -0.050262 0.171254 -0.044107 -0.128527 0.063462 0.157716 0.130374 0.059531 0.148242 -0.170175 0.198399 -0.116331 0.003822 0.008301 0.032486 -0.063679 -0.076970 -0.021312 -0.049641 -0.006244 -0.101580 -0.094042 -0.238872 0.058356 -0.155580 -0.185443 0.057170 0.071010 0.000084 -0.071304 -0.040794 -0.066846 -0.165438 0.109328 0.094413 0.115081 0.154474 -0.001904 -0.029680 -0.000716 
0.013748 -0.157745 0.108553 0.150999 0.032162 -0.141775 -0.106242 0.093530 -0.005160 0.242066 -0.017850 0.149004 0.165071 0.093598 -0.061143 0.134118 0.095564 -0.141497 0.043297 0.104197 -0.170814 0.126387 -0.230937 0.034949 0.061247 0.129551 -0.103751 -0.080985 -0.191726 0.086045 0.089607 0.115624 0.100392 -0.189562 0.040788 -0.058605 0.002740 0.104693 -0.158250 -0.125973 0.031273 -0.011250 0.157784 0.021335 -0.059767 -0.072185 0.020891 -0.147244 -0.142040 0.203048 0.136171 0.078007 0.152094 -0.171508 -0.047716 0.020777 0.153894 0.094261 -0.041123 0.146073 -0.114994 -0.058494 0.042849 -0.134405 
0.204583 -0.050601 -0.118626 0.118310 -0.173630 -0.084211 0.075049 0.024511 0.212706 0.181465 -0.243110 -0.123282 -0.146855 0.135249 0.075149 0.053928 -0.038032 -0.117064 0.130384 -0.038447 -0.137234 0.046138 -0.077022 -0.113867 -0.108136 -0.070543 -0.298811 -0.055993 -0.109376 0.298325 0.163427 0.060332 -0.123504 -0.249928 -0.098753 -0.159145 -0.017862 -0.083815 0.111143 0.024049 0.180221 -0.117782 0.116399 -0.212326 0.122228 -0.190303 0.135200 -0.194408 -0.121643 -0.063075 0.005622 0.183519 0.122160 -0.073833 -0.094141 -0.151296 0.111275 -0.099964 0.041702 -0.234942 -0.103353 0.048889 0.114839 0.031642 
0.074278 -0.224546 -0.009684 -0.001514 -0.141921 -0.135751 -0.127470 -0.132659 -0.016119 0.053920 -0.127950 -0.195536 -0.017918 0.265457 0.009302 -0.205752 -0.254813 0.105230 0.325367 0.090173 -0.230637 -0.152124 -0.263896 0.012064 -0.154641 0.156949 -0.069508 -0.068164 -0.155593 0.022644 0.172772 -0.129399 0.043370 -0.235692 -0.078706 0.002267 0.086590 0.180530 0.082254 -0.183274 -0.071374 -0.114129 -0.032698 0.028410 -0.039417 -0.046041 0.174896 -0.280040 -0.190619 0.227569 -0.225493 -0.074297 0.159948 -0.086902 0.108281 -0.162207 0.368108 -0.061951 -0.074249 -0.113939 0.042176 0.077171 0.116365 -0.008537 
0.064416 -0.130488 -0.137163 -0.062214 -0.141349 0.114090 -0.015169 -0.063871 0.207755 0.031896 -0.088071 -0.087501 0.188727 -0.213541 -0.183960 -0.209359 0.083156 -0.079762 -0.226584 0.032083 0.008038 0.123739 0.087859 0.001725 -0.090985 0.000513 0.209991 0.226163 0.105570 0.071872 -0.105784 0.014493 0.092085 -0.164771 0.178812 0.138060 -0.155923 -0.022032 -0.037279 -0.150132 0.142700 -0.035440 -0.177594 0.081344 -0.042379 0.007264 0.076241 -0.080221 0.111259 0.129262 0.145810 -0.024065 0.101421 -0.036580 0.075358 0.212052 0.095844 0.091521 0.102395 0.078972 -0.019112 -0.129092 -0.052359 -0.132313 
0.001622 -0.070873 -0.175464 -0.033397 0.009292 -0.017619 0.110306 -0.036416 0.135928 0.142547 -0.107108 -0.014786 -0.079161 -0.157986 0.062910 -0.077710 0.208180 -0.057232 0.000481 0.084237 0.216865 -0.081935 0.092583 0.141833 0.121660 0.028568 -0.041614 -0.134787 0.111232 0.101869 0.004481 -0.072397 0.132951 0.001157 0.121696 -0.055090 0.149384 -0.008529 0.152273 0.092764 -0.072348 -0.126292 -0.202059 0.008669 -0.216204 0.058151 0.033122 0.209466 -0.127203 -0.121938 0.100867 -0.144628 -0.084594 -0.023556 0.134332 -0.031068 0.125871 -0.051204 0.106160 0.080067 0.214645 -0.139605 0.151745 0.130268 
0.045303 -0.012594 -0.139512 -0.017054 0.080586 0.127914 -0.113221 -0.082864 0.121731 -0.141346 0.116594 0.098698 0.068100 -0.002725 0.259613 0.122014 0.072070 0.095543 0.316028 0.030501 -0.147753 0.122930 0.105510 -0.144870 -0.266978 -0.076326 0.039946 0.067253 0.049980 0.010986 0.162824 -0.221714 -0.058351 0.261690 0.007876 -0.151006 0.218800 0.088560 -0.163509 0.186093 0.014657 0.177670 0.182147 0.043131 0.040538 0.185998 0.010613 -0.036503 0.064107 -0.060626 0.131671 -0.010199 -0.127831 0.156348 0.074978 -0.278138 0.054867 -0.099371 -0.138657 -0.130854 -0.199216 0.164655 -0.106902 -0.096918 
0.165747 -0.070809 -0.164960 -0.002147 0.156364 0.009095 0.258164 0.072274 -0.124488 0.013939 -0.081177 0.150918 -0.075774 0.112217 -0.080066 0.258972 -0.052965 -0.034057 -0.086405 -0.038700 -0.102004 -0.080410 -0.061340 0.112759 0.076500 -0.104763 -0.117433 0.031104 -0.006654 0.026767 0.089919 -0.127125 0.074963 0.198398 0.194409 0.088992 -0.081068 0.048021 -0.107594 0.138082 -0.164566 0.007420 -0.041222 0.154451 -0.149814 0.094688 -0.006713 0.072283 -0.076892 -0.228468 0.096646 -0.041449 -0.133250 0.155848 -0.046284 0.126851 -0.119438 -0.022058 0.044149 0.101254 -0.213631 -0.162299 0.012404 0.089623 
-0.054596 0.208142 -0.183896 -0.125154 -0.080790 0.012085 0.286129 -0.085463 0.163932 -0.199941 -0.200883 -0.200660 -0.199427 0.262218 0.053637 0.057845 0.223507 -0.147525 0.093588 0.043326 -0.029902 -0.112779 -0.097785 0.020834 -0.007046 0.065282 -0.144814 0.011319 0.149973 0.242776 0.061968 -0.095191 0.051750 0.301396 0.030516 -0.129617 -0.139015 0.015476 0.106727 0.293165 0.238137 0.216991 -0.174237 0.133828 -0.011558 -0.117546 -0.090745 0.088117 -0.026526 -0.168650 0.169061 0.219368 -0.117701 -0.154254 0.002071 -0.235327 0.068372 -0.014112 0.329909 0.104078 0.077330 -0.106803 0.282011 -0.037036 
0.110861 -0.160948 -0.068141 -0.100670 0.037292 0.054320 0.161845 -0.026118 -0.050154 -0.172114 -0.091225 -0.214525 0.031800 -0.145412 -0.002534 -0.098654 0.000751 0.049845 -0.149247 -0.175828 -0.029741 -0.044899 -0.138583 -0.029701 0.178764 -0.236283 -0.005970 0.033457 -0.035346 -0.123320 -0.041200 -0.168102 0.011200 0.058804 -0.133986 -0.128184 0.032205 -0.163857 -0.199095 -0.159231 -0.287264 -0.040897 -0.035096 0.197346 0.232364 0.229778 -0.060617 -0.002789 0.105128 -0.021818 -0.031554 -0.196589 0.174061 0.076837 0.090544 0.081014 0.049681 -0.103274 -0.291810 0.171451 -0.045670 0.057596 -0.316806 -0.145356 
0.026510 0.028686 -0.042454 -0.101452 0.169691 0.075278 -0.078647 -0.050719 -0.104424 -0.007159 -0.147129 -0.132135 -0.017840 -0.071248 0.029027 0.158391 0.090051 -0.158095 -0.042714 0.018067 -0.006602 -0.136039 -0.124282 -0.058581 0.072066 -0.067604 -0.066608 -0.107615 -0.168966 0.164202 -0.040634 0.043475 -0.055323 0.081414 0.062715 -0.067650 0.003561 -0.194748 -0.042027 0.131190 -0.082316 0.055669 0.180936 0.179689 -0.041972 0.044451 0.180094 -0.177660 0.093165 -0.101651 0.036380 -0.061712 -0.003510 0.142452 -0.174081 0.162429 -0.086589 0.000456 -0.238447 -0.061896 -0.078676 -0.020447 -0.290130 0.094627 
0.008687 0.170165 -0.182818 -0.184161 0.179993 0.071959 0.169343 0.014169 -0.029378 0.137322 -0.103285 0.076510 -0.013363 -0.091455 0.045660 -0.050233 -0.026751 -0.135178 0.137146 0.087035 -0.270475 0.150581 -0.042641 -0.106156 0.065840 0.005496 -0.007142 0.103586 -0.156152 0.199305 0.066966 0.031763 0.031581 0.045492 0.024041 0.034242 -0.047170 -0.008103 -0.189865 0.179291 -0.128589 -0.033665 0.007896 0.116235 0.122747 -0.132051 0.206999 -0.097072 -0.016824 0.094766 0.201444 -0.027344 0.116887 0.030517 0.109904 -0.035924 -0.079643 0.012460 -0.169029 -0.041750 -0.069923 0.071311 -0.235603 0.199092 
0.119768 0.172209 -0.045152 -0.169072 -0.114638 0.053363 0.255324 0.004431 -0.133103 -0.058535 -0.134167 0.107113 0.091150 -0.119258 -0.118046 -0.049553 -0.166243 -0.216116 0.186190 0.126563 0.032065 0.105657 -0.172602 0.082358 -0.095554 -0.161052 -0.149460 -0.017295 -0.157300 0.067877 0.124516 0.051377 -0.122900 0.065132 0.116198 -0.048008 0.180806 0.195299 0.142180 0.231407 -0.033368 -0.054826 0.073603 -0.094014 -0.010350 0.111051 0.009628 0.019526 0.213884 -0.085660 -0.006594 0.017424 -0.130269 -0.003316 -0.052219 -0.068694 0.073507 -0.008817 -0.033670 0.100138 0.217641 0.115071 0.031240 -0.088003 
-0.048804 0.054477 -0.032310 -0.126098 -0.037350 -0.059149 -0.133248 0.109850 0.023606 -0.029779 -0.148944 -0.249381 0.005056 0.148585 0.114712 0.094637 -0.142687 -0.157366 -0.046083 -0.014511 -0.018679 -0.019669 0.123877 -0.169352 -0.260143 -0.210999 -0.173267 -0.183907 -0.189327 0.077985 -0.036338 -0.131017 -0.043346 0.301194 -0.121047 0.114112 -0.043426 -0.040461 0.071193 0.236903 -0.178954 -0.097062 0.272231 0.149720 0.174550 0.045562 0.021098 0.110233 0.054498 0.104700 -0.079184 -0.092933 -0.049980 -0.065420 0.012890 -0.236620 -0.010463 -0.076891 0.041752 -0.100693 -0.157705 0.111098 0.016834 0.096246 
0.006809 0.184453 -0.009415 0.000686 -0.056292 -0.068561 -0.012509 -0.121734 -0.024107 -0.014108 -0.179126 -0.070077 0.154077 0.090855 -0.203808 0.074281 0.037576 -0.066539 0.016911 0.086024 -0.020253 -0.150115 -0.154284 -0.175075 0.104592 0.131065 -0.046820 0.123420 -0.077869 -0.061958 -0.089985 0.261975 -0.188522 -0.027809 -0.010710 -0.071833 -0.253114 0.072368 0.086623 -0.012306 -0.121292 0.072430 -0.039081 0.203345 -0.029080 -0.029553 0.013907 0.172380 -0.308335 -0.030741 0.066131 0.064037 0.044045 0.047310 0.086975 -0.039412 -0.117326 -0.047416 0.135657 0.057533 -0.052547 -0.147495 -0.008356 -0.018111 
-0.073163 0.135728 0.029858 -0.194110 -0.050666 -0.086196 0.024551 -0.090661 -0.109939 0.160590 -0.095360 0.021460 -0.014255 0.130460 -0.052753 -0.009748 -0.052438 0.120617 -0.077029 0.189230 -0.031071 0.188291 -0.216824 0.131722 -0.148451 0.157179 -0.042553 -0.050200 -0.158863 0.233769 0.174009 -0.040709 0.059258 -0.010706 -0.056054 -0.146108 0.073683 0.113824 0.025312 0.164564 0.016972 0.116812 -0.151187 0.159965 0.067224 0.002472 -0.055592 -0.114434 -0.076779 -0.030338 -0.088862 -0.132198 0.010000 -0.124413 0.185952 0.011851 -0.136331 0.011366 -0.063171 -0.051961 -0.008555 0.131861 0.047848 0.217619 
-0.034474 0.196933 -0.251155 -0.104284 -0.026144 0.052684 -0.109590 0.263310 -0.125338 -0.236904 0.134121 -0.125962 0.163706 -0.214820 -0.013707 -0.011424 0.061659 -0.084376 0.060376 -0.159897 0.172058 -0.003131 0.226974 0.082353 0.123936 -0.304334 -0.147456 -0.181553 -0.163892 0.105307 -0.072140 -0.222142 0.029307 0.187534 0.002592 -0.185476 0.162259 0.109308 0.119714 -0.187548 -0.127175 0.154173 -0.131673 -0.168121 -0.162876 0.002479 0.029236 0.130818 0.344558 -0.223321 0.198441 -0.044556 -0.042260 0.167611 -0.210024 -0.059936 0.119650 -0.186968 0.082398 0.120589 0.299801 0.125588 -0.069246 -0.002477 
-0.137987 -0.106873 0.056269 0.082947 -0.162870 0.050992 0.072579 -0.065210 -0.015421 0.159941 -0.003593 -0.027305 -0.066449 -0.183851 -0.042087 -0.123290 -0.118049 -0.105337 0.125397 0.046722 0.183142 0.113844 -0.136908 0.127864 -0.162753 0.067511 0.051987 -0.178866 0.047500 -0.182105 0.059228 0.067529 -0.082012 -0.079079 -0.029512 -0.082664 0.137065 -0.118502 0.045295 -0.098392 -0.151694 0.156708 0.063045 -0.073430 0.135726 0.152701 0.001904 -0.125669 0.157699 -0.114278 0.062183 0.126678 -0.203535 0.101661 0.105235 -0.164223 -0.028708 -0.016121 -0.079726 -0.140149 0.016615 0.113327 0.042491 0.054820 
-0.122088 -0.234721 0.236085 0.165341 -0.139761 -0.054734 -0.160521 -0.178570 0.048553 0.321024 0.054824 0.002084 0.092829 -0.085181 0.006967 0.038200 -0.026482 -0.040605 0.080329 -0.008398 -0.201807 0.028481 -0.039566 0.055521 0.130037 0.147931 0.036190 0.023551 0.007007 -0.156978 -0.139343 0.157305 -0.069830 -0.389846 0.093148 -0.059336 -0.008657 0.093867 0.083765 0.134573 0.040027 -0.160963 -0.063519 -0.057802 -0.126976 0.192047 -0.169001 0.014972 -0.227955 0.177607 -0.199568 -0.087105 -0.041817 -0.021691 0.149691 -0.014214 -0.124587 0.013804 0.102343 0.053936 -0.067069 0.192810 -0.091906 0.053405 
0.196522 0.009271 0.162272 0.000320 -0.147931 -0.027795 0.039684 0.100882 0.064694 0.196779 -0.068135 0.201034 0.260821 -0.117677 -0.104947 -0.191773 -0.147954 0.039578 -0.182893 0.128173 -0.168107 0.221893 -0.142552 -0.079944 -0.121926 -0.187043 0.224918 0.090625 -0.203995 0.207974 -0.080591 -0.311274 0.023255 -0.136088 -0.007038 0.106630 0.081670 -0.066743 0.008434 -0.058267 -0.159571 0.037258 -0.201302 0.177367 -0.153743 0.101391 0.206077 -0.052536 0.038356 -0.155592 0.019359 0.067426 -0.088690 -0.002841 0.075531 -0.101859 0.143113 0.054901 0.114347 0.094190 0.023136 -0.183760 0.111636 -0.135579 
-0.134529 -0.121298 0.146560 0.201269 -0.074407 -0.078010 -0.146125 -0.044281 -0.130597 -0.040104 0.056160 -0.136511 -0.132444 0.063104 0.234296 0.044743 -0.021908 0.054728 -0.149084 0.011746 0.321158 0.103119 0.149489 0.111822 -0.176178 0.041625 0.103742 0.182151 0.109487 -0.281396 0.207532 0.094981 0.072626 0.242897 0.095054 -0.148978 -0.029126 -0.157602 0.058883 -0.062947 0.111619 0.223558 0.190759 0.117307 -0.091587 0.101951 -0.019101 0.040713 -0.148644 0.120566 -0.188588 0.278961 -0.040808 0.148630 0.146174 -0.020590 0.028981 -0.101884 0.232153 0.176412 -0.056918 0.202364 0.217552 -0.171364 
0.015723 -0.096080 -0.057864 0.104521 -0.060636 0.011089 -0.175176 0.127098 0.095149 0.248963 0.204204 0.168720 0.064980 -0.051372 0.018332 -0.058383 -0.160185 0.187371 0.002088 0.069760 0.165010 -0.042925 -0.000306 0.016039 -0.065098 -0.019086 0.043149 0.197482 -0.106914 -0.211303 0.146661 0.079903 0.036705 -0.317064 0.043429 0.136016 0.086244 0.074861 0.185416 -0.091192 -0.019069 0.049434 -0.126556 -0.203183 -0.168795 0.231297 -0.016907 -0.104022 0.098337 -0.127258 0.115065 0.143401 -0.055379 -0.091148 -0.078139 0.114693 0.062448 0.057917 0.063994 0.114667 0.005738 0.115072 0.015659 -0.181917 
-0.022777 0.032176 0.217284 0.006713 -0.010296 0.136903 0.102268 0.196754 -0.064038 -0.206748 0.278166 0.078088 -0.055825 -0.062185 -0.252097 -0.190157 0.062816 0.248342 -0.075181 -0.197697 0.053451 0.113818 0.279925 -0.180751 -0.015588 0.057420 0.286949 0.245433 0.073658 -0.323235 0.028317 -0.231750 -0.181827 0.226848 -0.018096 0.023852 0.039060 -0.100484 -0.114665 -0.207687 0.056949 -0.138231 0.176866 0.210467 0.065218 0.214005 0.159332 -0.016102 0.251304 0.069838 -0.062561 -0.118004 0.049679 -0.060084 -0.150803 0.155056 -0.196999 -0.179032 0.061659 0.028426 -0.151382 0.002432 -0.042198 -0.213902 
-0.118056 0.187793 0.059185 0.098144 0.055092 0.203350 -0.129174 -0.028358 -0.129208 0.158740 -0.150113 0.160543 0.109941 -0.280927 -0.151558 0.062883 0.120815 -0.012986 0.124870 -0.142580 -0.266644 -0.144397 0.169807 -0.216061 0.010853 -0.010357 -0.097625 -0.026464 -0.135339 0.155757 -0.011398 -0.099823 0.058776 -0.131695 -0.177302 -0.083340 -0.069761 -0.199140 -0.071506 -0.020868 -0.337045 -0.012224 -0.056902 0.114203 0.081337 0.080263 -0.022580 0.024704 0.029602 -0.061942 0.052854 -0.199085 0.022130 0.042551 -0.110025 0.199509 -0.207656 0.057003 -0.250066 -0.100321 0.010855 0.043483 -0.243815 -0.094982 
-0.128107 -0.046820 0.062449 0.110527 -0.019004 -0.185080 -0.284514 0.104866 0.063039 -0.031640 0.014155 -0.103635 -0.122194 0.103224 0.179133 -0.076399 -0.110823 -0.041129 0.296349 -0.202224 0.075467 -0.095841 0.084326 0.127534 -0.217179 0.104183 -0.162887 0.001356 0.077336 -0.030586 0.156874 -0.274186 0.194771 0.088563 -0.072886 -0.009086 0.126761 0.001811 -0.160958 -0.077354 -0.251775 0.056232 0.201372 -0.177889 0.148453 0.098731 0.087263 -0.211087 0.197637 0.035030 -0.186945 0.019967 0.116281 0.179995 0.035734 -0.000101 0.231278 0.026314 -0.131043 0.043869 -0.097167 -0.042074 0.022888 -0.096603 
0.052086 -0.120860 0.159278 0.022270 0.127277 -0.129550 -0.158172 0.194005 0.046275 0.080181 -0.053204 0.008354 0.029170 -0.023415 0.035137 -0.041695 0.153510 0.185221 -0.188922 0.004870 0.184331 0.134603 -0.001647 0.068667 0.036810 -0.034503 0.098073 0.172198 0.196284 -0.262746 -0.196943 -0.064523 0.026037 0.229269 -0.126274 0.003979 0.204876 -0.140861 -0.093495 0.058798 -0.178732 -0.074468 -0.034406 0.085784 0.110647 -0.080749 -0.161233 0.148659 0.253204 -0.105397 -0.061758 0.033054 -0.149895 0.045158 -0.096358 0.056344 -0.142445 0.053061 0.011487 0.191759 0.105353 0.031408 -0.034998 -0.093275 
-0.038192 0.054848 0.143333 -0.062527 0.151254 -0.112295 -0.108315 -0.200415 0.037796 0.058500 0.049571 0.022193 0.108870 0.089306 -0.204855 -0.018335 -0.154196 0.033787 -0.271604 -0.121089 -0.115632 -0.038024 0.088019 -0.021758 -0.097983 -0.019122 -0.003505 0.243227 0.060066 0.162850 -0.061719 -0.093888 -0.024319 -0.205961 0.015394 -0.027498 -0.096159 0.078496 -0.001067 0.128860 -0.016230 -0.179678 -0.134631 0.148972 0.125015 -0.030431 -0.038893 0.151408 -0.177330 -0.044966 -0.069361 0.042570 0.126831 0.107553 0.135789 0.179674 -0.095858 -0.013214 0.062750 0.179002 -0.119834 -0.143812 -0.070347 0.051806 
-0.014897 0.124632 -0.205138 0.104324 -0.039413 0.041861 0.120366 0.009575 0.026499 -0.276310 -0.096096 -0.020175 -0.018571 0.209800 0.042751 0.176356 -0.092434 0.005381 -0.113901 0.087382 0.082031 -0.173587 0.048582 0.067109 -0.012901 -0.049882 0.039588 -0.009917 -0.014611 0.173648 -0.063731 0.177927 -0.041273 0.125488 0.074987 0.126756 0.103474 0.012699 0.018986 0.013871 0.182731 0.198710 0.178509 -0.110740 0.051760 -0.151521 0.175554 0.091916 -0.200082 -0.090360 0.009578 0.065932 -0.085435 -0.138757 -0.066899 0.075598 -0.060217 -0.174102 0.055334 0.083837 0.183064 0.016969 0.177037 0.022775 
0.169680 -0.016477 -0.049663 0.129644 0.072436 0.035971 -0.188015 -0.091584 0.090171 -0.040851 0.052672 -0.227105 -0.163572 0.168397 -0.107298 -0.077394 0.121568 -0.008733 0.151962 -0.059773 0.097251 -0.184153 0.199257 0.081308 -0.260257 -0.050261 0.031880 -0.137703 0.167063 -0.112835 0.103225 0.160931 0.067167 0.414521 -0.008105 0.017297 0.164010 0.062508 -0.083884 0.074169 0.033004 0.263007 0.180251 0.039850 0.119432 0.074231 -0.188055 -0.031145 -0.141056 0.213145 0.029995 0.176226 -0.141533 0.094183 0.116763 -0.267876 -0.137849 -0.141886 0.102050 -0.226840 0.009406 -0.069940 0.199865 -0.029105 
-0.194594 -0.015189 0.101906 0.203090 0.096425 -0.115726 -0.226664 0.023173 -0.052811 -0.162673 -0.208585 0.049046 0.027454 -0.097137 0.194201 -0.229197 -0.164836 -0.242723 0.457003 -0.155037 0.265355 -0.125470 -0.008703 -0.126622 -0.036534 -0.149590 -0.443446 -0.412139 -0.162774 0.301043 -0.034582 -0.121986 -0.087372 -0.131658 -0.192287 -0.248505 0.018803 -0.060397 -0.006320 -0.100743 -0.036638 0.128127 -0.023611 -0.381573 0.194538 0.094256 -0.121442 0.105895 0.172496 0.222817 -0.210495 0.075291 -0.191390 0.085037 0.116946 0.135949 0.094498 0.025643 -0.025178 0.046782 0.266320 -0.122795 -0.153116 -0.174547 
-0.096950 -0.134420 -0.124814 0.073074 0.044727 0.027860 -0.128683 -0.131489 -0.099350 0.042680 -0.104745 -0.157676 -0.022231 -0.034084 -0.197950 -0.061899 -0.127966 -0.094783 -0.103384 0.057265 -0.046851 -0.142358 -0.143325 -0.074224 0.176691 -0.172394 -0.056999 0.106709 -0.161294 -0.012309 0.079210 -0.123717 0.040735 0.110414 -0.241937 -0.050092 0.016914 -0.141844 -0.147604 0.161110 -0.001798 -0.039945 -0.112735 0.217945 0.206040 -0.153778 0.004152 -0.125960 -0.079072 -0.003130 0.148072 -0.184622 0.075208 -0.078601 -0.037094 -0.056489 0.074606 0.046527 -0.189188 0.027356 -0.226962 0.104430 -0.238899 0.079752 
0.090405 -0.106641 0.150503 -0.067059 -0.064214 -0.028835 0.010596 0.114428 0.131390 0.004515 0.072440 0.165748 0.045465 0.143386 -0.178754 0.130913 -0.031778 -0.193838 0.035898 0.035181 0.036521 -0.079307 0.198402 0.164177 0.242796 -0.108033 0.013765 -0.145617 0.194616 0.095897 0.078201 0.131034 0.044802 0.030829 -0.052228 0.144539 -0.188657 0.054013 0.116448 0.096234 -0.071182 -0.013350 -0.036517 0.057237 -0.092190 0.053146 -0.011041 0.103167 0.141218 -0.068081 -0.055270 -0.062477 0.002837 -0.118854 -0.142049 0.174162 -0.144619 0.095437 0.090573 -0.058563 0.011692 -0.024860 0.212137 -0.185236 
0.076164 0.031862 0.125281 -0.204092 0.041588 -0.087676 0.012830 -0.051276 
-0.230531 0.287122 0.276107 -0.098871 -0.278872 -0.054851 -0.072953 -0.044837 
0.318684 -0.109683 -0.239094 -0.019512 0.070238 0.180583 -0.066082 0.063274 
0.093799 -0.186650 -0.114511 0.218068 0.119228 0.209173 -0.000932 0.027064 
-0.167229 0.089689 -0.079874 -0.025921 -0.077103 -0.088183 0.100821 0.180720 
-0.064997 0.108857 -0.093349 -0.143780 -0.238467 -0.137747 0.044082 0.038635 
-0.182861 0.267991 0.145035 -0.367908 0.079041 -0.032012 0.011706 -0.140274 
-0.054048 0.041141 -0.246110 0.040661 -0.274300 -0.279275 0.002529 0.039960 
0.137093 0.038870 0.073179 0.042705 0.082181 0.123984 -0.121360 -0.102845 
0.193984 -0.087536 -0.303933 -0.332407 0.156453 -0.319133 -0.183015 -0.370030 
0.303109 -0.160000 -0.389961 -0.075200 -0.052498 -0.048348 -0.037690 0.008895 
0.207637 0.253595 -0.124454 -0.037743 -0.174093 -0.302783 -0.068370 -0.006229 
0.249935 0.317155 -0.031029 0.143371 0.192322 -0.049524 0.013278 0.207791 
-0.417060 -0.096450 -0.078687 0.125055 0.447638 0.088228 -0.232414 -0.158036 
-0.169469 -0.232789 0.008687 0.188018 -0.237853 -0.255195 -0.082567 -0.333785 
-0.333604 0.047735 -0.020423 -0.217340 -0.038802 -0.026197 -0.053797 -0.093710 
-0.091096 0.025571 -0.104739 -0.281287 -0.359213 0.040166 -0.038087 -0.088204 
0.154932 -0.143107 -0.324789 -0.147029 0.154243 -0.067752 0.091509 0.005735 
-0.094271 -0.064415 0.269425 0.658949 -0.316548 -0.198418 -0.264853 -0.326592 
-0.021255 0.146915 0.141712 -0.003551 0.317118 0.188316 -0.103736 -0.168199 
0.162293 -0.254923 -0.179405 0.372766 -0.368700 0.098907 -0.103113 -0.211496 
0.207744 0.007939 -0.053254 -0.082776 0.055716 -0.250475 0.010007 -0.095773 
0.160743 -0.142795 -0.232765 0.019086 -0.544765 0.055417 -0.066910 0.105454 
0.080963 -0.053684 -0.037415 0.021444 -0.063390 -0.122461 -0.100134 -0.281791 
-0.055444 0.375770 -0.269576 -0.074517 -0.225363 -0.034410 -0.000722 -0.017456 
0.168373 -0.021807 -0.082776 0.072184 0.051648 0.349035 -0.243515 0.044419 
0.322746 -0.015131 -0.436947 -0.427733 0.295887 -0.029301 -0.051454 0.229546 
0.202588 0.015367 -0.247572 -0.385571 0.295132 0.098936 0.066537 0.241115 
0.087384 -0.182978 -0.339623 -0.226469 -0.225245 0.157982 -0.140255 -0.374088 
-0.160904 0.451941 0.523836 0.215594 0.006829 -0.038156 -0.112255 -0.139677 
-0.056241 -0.174494 0.192126 0.063660 0.065287 -0.156712 -0.012498 -0.086279 
0.019526 -0.043985 0.038418 -0.296102 -0.154706 0.484467 -0.284529 -0.025722 
0.074781 -0.071114 0.002610 -0.053609 0.004118 -0.127969 0.025542 -0.093600 
-0.107861 0.096788 0.692170 0.385446 -0.503986 0.341073 0.264895 0.511467 
0.054540 -0.006479 -0.010086 -0.221836 0.014876 -0.056962 -0.151913 -0.293683 
0.046991 0.119698 -0.181097 -0.189732 0.188335 0.017319 -0.010774 -0.000598 
0.041459 -0.306221 0.109766 0.093391 -0.051054 -0.264396 0.084539 0.036668 
0.065967 0.065590 0.211659 0.047190 0.190317 -0.051069 -0.196091 -0.121405 
0.067971 0.031073 0.082518 0.017369 -0.027648 -0.032235 -0.326280 -0.217380 
-0.258366 0.031060 0.338602 -0.221507 0.244245 0.058258 -0.101169 0.012385 
-0.000487 0.205526 -0.148660 0.372024 0.231790 0.015548 -0.294165 -0.283465 
-0.190050 -0.217826 0.160964 0.097439 -0.175438 0.040356 0.058757 -0.181425 
-0.258274 -0.406757 -0.050605 -0.062163 -0.027380 0.036246 0.057201 0.249300 
0.021954 0.096984 -0.144201 -0.442386 0.209281 -0.078829 0.256842 0.162790 
-0.216135 -0.134389 0.062222 0.179038 -0.064054 0.160465 0.234946 0.188911 
0.262802 -0.262573 -0.065212 -0.161817 -0.094609 -0.123179 0.039268 0.038220 
-0.120757 0.246311 -0.044205 0.208374 0.307767 -0.027363 0.164869 0.151233 
-0.075582 0.154393 -0.082601 -0.291702 -0.431950 0.052786 -0.063908 -0.230796 
0.096453 -0.013731 -0.191319 0.292836 -0.297187 -0.578244 0.213513 0.166475 
-0.034830 -0.214858 -0.084618 0.326211 0.276506 0.297267 0.068231 0.155414 
-0.043573 0.252276 0.129783 -0.197230 -0.085820 -0.133675 -0.058333 0.055403 
-0.049708 -0.097765 0.120064 0.357019 0.350830 0.047322 -0.190004 -0.177303 
0.148129 0.175429 -0.040723 0.104258 0.382226 0.181098 0.220755 0.382486 
-0.023959 -0.114151 -0.009643 0.052330 -0.163531 -0.208978 0.133089 0.213764 
0.052743 -0.182520 0.124013 0.001362 0.238924 0.120719 -0.141518 -0.083991 
0.093193 0.342162 -0.355058 0.147634 -0.289403 0.004107 0.062460 0.053164 
-0.075756 -0.126093 0.095040 0.342547 0.304919 -0.200082 0.061798 0.133822 
0.144346 0.049548 -0.097331 -0.169781 0.043087 -0.113634 -0.053233 -0.085668 
0.202339 0.158170 -0.137098 0.024453 0.220724 -0.074979 -0.254003 -0.546042 
0.178032 0.112207 -0.198772 -0.109797 -0.118916 -0.012033 0.002038 -0.129005 
0.123040 0.123388 0.118708 0.206930 -0.375662 -0.062240 -0.106033 -0.203283 
0.015005 -0.264614 0.006640 0.063782 0.033956 -0.137200 0.003431 0.086460 
-0.059490 0.046095 0.042584 0.530319 0.220431 -0.100926 -0.320640 -0.427490 
-0.183692 0.064835 0.231703 -0.117641 0.094653 -0.042258 -0.114477 0.014134 









0.000000 
0.000000 
0.000000 
0.000000 
0.000000 
0.000000 
0.000000 
0.000000 
0.020121 
-0.421266 
-0.120249 
0.269200 
0.049020 
0.239925 
0.255678 
-0.092260 
0.115836 
-0.218771 
-0.277453 
0.024361 
-0.096270 
-0.131087 
-0.057286 
-0.151253 
0.434629 
-0.129575 
-0.287605 
-0.140892 
-0.167646 
-0.166199 
-0.267953 
0.182774 
-0.055745 
0.271617 
0.047717 
-0.124293 
-0.032586 
0.080227 
0.175534 
0.280531 
0.065602 
-0.325069 
0.067091 
-0.214542 
0.264220 
0.024604 
0.054256 
0.222105 
-0.013972 
0.182955 
-0.037967 
0.354605 
-0.251622 
0.166911 
-0.252300 
-0.302218 
-0.151272 
-0.051659 
-0.209591 
-0.027690 
0.261306 
-0.153481 
-0.303976 
-0.212733 
-0.101729 
0.097353 
-0.060321 
0.226589 
-0.171270 
-0.045941 
0.094137 
0.225887 
0.046988 
-0.159538 
-0.024258 
-0.120205 
0.098547 
0.019148 
-0.009396 
-0.043959 
-0.011671 
-0.004015 
-0.091251 
-0.013890 
-0.059965 
-0.042895 
0.026726 
-0.053089 
-0.010306 
0.079987 
-0.073863 
0.073340 
-0.154503 
-0.086876 
0.078939 
0.045351 
-0.118274 
-0.110256 
-0.064352 
-0.067302 
-0.186514 
0.039957 
-0.426393 
0.056243 
0.105396 
0.002653 
-0.259262 
0.049423 
-0.388779 
0.071118 
-0.010685 
-0.030346 
0.317495 
0.080038 
0.104588 
-0.011518 
-0.171907 
-0.113523 
-0.058733 
0.031880 
0.050791 
0.080269 
-0.100870 
-0.206391 
0.392643 
-0.060672 
0.291710 
0.059336 
0.186137 
0.174984 
-0.138873 
0.519491 
0.026608 
-0.049103 
0.270634 
-0.019679 
0.126431 
0.036810 
0.499401 
-0.170743 
0.581268 
0.074045 
-0.123829 
0.271303 
-0.271023 
0.067424 
-0.016826 
-0.015179 
0.013190 
-0.095254 
-0.035009 
-0.249183 
0.110390 
-0.369542 
-0.123853 
-0.054223 
0.120982 
0.255880 
-0.083315 
0.086311 
0.141739 
-0.018627 
-0.097775 
0.207115 
0.091868 
-0.317508 
0.026198 
-0.332769 
0.196434 
-0.178045 
0.078876 
0.134232 
0.146669 
-0.397914 
0.118746 
-0.340707 
-0.104138 
-0.131801 
-0.057800 
0.159197 
0.096365 
-0.138865 
-0.024182 
-0.186836 
0.042309 
-0.392812 
-0.068371 
-0.117067 
0.245887 
0.175877 
-0.327096 
-0.148588 
-0.305247 
0.019195 
-0.325229 
0.158143 
0.080496 
-0.129126 
-0.120757 
-0.023688 
-0.086914 
0.170670 
0.200156 
0.099862 
-0.364959 
0.028955 
0.020054 
-0.215065 
-0.067998 
0.424670 
-0.054721 
-0.043978 
-0.042106 
0.143760 
0.051377 
0.195040 
0.311207 
-0.084324 
0.047960 
0.041473 
-0.026869 
-0.184568 
0.273562 
-0.333167 
0.177532 
0.228612 
-0.060924 
0.381116 
0.429264 
0.004759 
0.043563 
-0.133877 
0.249139 
-0.113320 
0.231625 
-0.135354 
0.018964 
0.035833 
0.348710 
-0.018512 
-0.068190 
0.242145 
0.398875 
0.804937 
0.803454 
0.422184 
0.055629 
0.385963 
1.466000 0.137594 0.088461 
