0.198531 0.297607 -0.233496 0.071611 0.368877 0.087924 0.168153 0.113171 -0.065078 -0.032746 -0.200699 -0.126359 -0.308367 0.113853 0.252010 0.306227 -0.091740 -0.179164 0.332601 0.155633 0.199693 0.000104 -0.028727 0.058028 -0.355024 0.042171 -0.260714 -0.160352 -0.004520 -0.137636 0.008473 -0.074568 -0.156889 0.091041 -0.329984 -0.140101 -0.257800 0.105606 0.334949 0.047991 -0.232002 -0.196325 0.114981 -0.133632 0.237219 0.186190 -0.193423 -0.216712 0.334292 -0.215728 0.164063 0.269551 0.234092 -0.167659 0.102717 0.204023 0.186424 0.115317 -0.292692 -0.082128 -0.207564 0.060999 0.225590 -0.012568 
-0.153405 0.250753 0.196499 -0.136085 0.110885 0.211573 0.129520 0.182490 0.305635 0.072216 0.338042 0.197797 0.019748 -0.256057 0.245042 -0.108876 -0.107563 0.188305 -0.090091 -0.267424 -0.289576 0.299976 0.167211 -0.333473 0.077060 0.297929 0.003303 0.168847 0.051728 -0.112426 -0.161510 0.057551 -0.174029 -0.230028 0.255984 0.202503 0.232011 0.108816 0.059204 0.232138 -0.053293 -0.048300 0.055783 0.186149 0.126724 0.037250 -0.239091 -0.346541 -0.088528 -0.150392 -0.291307 -0.027161 -0.123684 0.244348 0.003635 0.363679 0.152339 0.319893 0.267235 -0.174782 -0.132484 -0.197515 0.302354 0.034172 
-0.105194 0.252787 -0.162664 -0.261821 0.091995 0.255722 0.270427 0.255374 0.051967 0.070864 0.050829 -0.180456 -0.345513 0.090294 -0.167905 0.019178 0.260029 -0.118118 0.213727 -0.228988 0.010672 -0.197627 -0.217343 -0.182056 -0.190259 0.275882 -0.119964 -0.008561 -0.334654 -0.029209 0.324447 -0.139143 -0.156816 -0.120111 -0.127954 0.218474 -0.167361 -0.087164 0.226401 0.173552 0.235949 -0.118478 -0.198598 0.165226 0.309933 -0.090975 -0.132386 0.236986 0.202489 -0.183234 -0.262328 -0.302319 -0.032168 -0.252767 -0.214724 0.126248 -0.123604 -0.013568 -0.325579 -0.198826 0.169870 -0.282544 -0.083915 0.307876 
0.002082 0.192655 0.219243 0.090520 0.299649 -0.036244 -0.003140 0.129797 0.179202 0.057928 0.158059 0.237851 0.254743 -0.256016 0.127423 0.167479 -0.075059 0.220158 0.114349 0.162005 -0.221714 0.259770 0.033179 -0.200316 0.008195 0.062427 -0.102106 -0.155596 0.069754 0.130378 -0.174927 -0.198821 -0.077926 0.205491 0.173920 -0.089495 -0.067054 -0.096422 -0.254774 -0.191234 0.254406 0.176967 -0.114832 0.194218 0.309019 0.251801 0.037303 -0.093523 0.171252 0.038967 -0.267346 0.148389 -0.041106 0.033470 0.333731 0.199760 -0.046832 -0.123319 0.319318 0.266269 0.206553 -0.231031 0.335313 -0.244701 
-0.209610 0.146591 -0.045722 0.020525 -0.326504 0.066339 0.216646 0.300519 -0.184792 -0.241789 0.293576 -0.154156 -0.272509 0.094049 -0.037558 0.236448 -0.147157 0.139871 0.196787 -0.051411 -0.184022 0.089887 -0.078266 -0.033996 0.274920 -0.129853 -0.072563 0.175527 0.019971 -0.082856 0.287491 0.085381 -0.220968 -0.044442 -0.303382 -0.158667 0.307180 0.211096 -0.241756 -0.169800 -0.339722 -0.313879 0.090139 -0.288374 0.111651 -0.095339 0.244705 0.219444 0.280766 0.136466 -0.179725 -0.159216 -0.028016 0.065370 0.169208 -0.111483 0.154887 -0.243854 -0.241820 -0.161838 -0.061433 -0.163709 0.096569 -0.050086 
0.136201 0.208799 0.046047 0.038128 0.146778 0.173916 0.248095 0.097387 0.118575 0.082195 0.166679 -0.007221 0.219522 0.208656 -0.289485 0.189757 -0.000714 -0.101805 -0.266527 0.201575 0.330705 0.181358 -0.193255 0.196781 0.198193 -0.133637 -0.234612 -0.242911 0.054326 0.258233 0.046485 -0.294652 0.176848 -0.197944 0.186135 0.003337 0.257536 -0.003117 -0.237154 0.079642 -0.197053 0.162571 -0.273450 -0.326099 0.043230 -0.147030 0.116286 -0.332367 0.071917 0.275460 0.298970 0.139978 0.219169 -0.234480 0.000926 0.049766 -0.067071 0.193213 0.159438 -0.328885 0.036064 0.021625 -0.312520 -0.256732 
0.026499 0.295885 0.013709 0.077028 -0.017157 0.034924 -0.208002 0.133051 -0.048264 -0.152952 0.109656 0.262528 0.019959 0.003081 -0.286190 -0.142443 -0.012892 0.316695 0.273498 -0.254652 -0.245826 -0.021483 0.159148 0.101168 -0.263240 -0.063225 0.090577 0.131175 0.274520 0.223942 0.198793 0.041635 0.108255 -0.209343 -0.292627 -0.198720 0.230455 -0.056369 0.254018 -0.211460 0.058720 0.132897 -0.149208 -0.163556 -0.245780 -0.236223 0.023305 0.037933 -0.169666 -0.079067 0.078813 -0.159582 0.205795 -0.114388 0.274047 0.284291 0.267756 -0.092936 0.046944 0.218318 -0.108886 -0.217480 -0.106512 -0.272346 
-0.054637 -0.062934 -0.132962 -0.080138 0.137233 -0.171351 0.018187 -0.121346 0.186580 0.204913 -0.026186 0.176197 -0.297309 0.324407 0.001526 -0.128516 -0.052307 -0.284170 -0.007504 -0.220427 0.050485 -0.098360 -0.238360 -0.139202 0.252363 -0.039823 0.285997 -0.143705 0.193227 -0.225557 -0.172603 -0.136005 0.014024 0.037684 0.059955 -0.152709 0.169024 -0.143816 0.037926 0.047383 0.319011 -0.191491 0.091573 -0.207420 -0.224062 0.281137 -0.116881 -0.082619 -0.218477 0.219736 0.035736 0.087981 -0.199399 0.124654 0.247205 -0.283519 -0.115932 0.164896 -0.107536 -0.287280 -0.323320 0.032163 -0.089957 0.098844 
-0.105858 0.049311 0.116708 0.052396 -0.120840 0.041054 0.043847 -0.079791 -0.049966 -0.107553 -0.154012 0.059581 -0.137115 0.011873 -0.083588 -0.051583 -0.092521 0.040492 0.069285 -0.016027 -0.005692 0.063904 0.033301 0.065098 -0.010339 0.069334 0.046560 0.026196 -0.030723 -0.121168 -0.137812 -0.017171 
0.091331 -0.111315 -0.065283 0.094514 -0.014702 0.124275 0.109695 -0.085220 -0.054784 -0.138061 0.082904 -0.095041 0.006710 0.163194 -0.015543 0.071242 0.055248 -0.014482 -0.092064 -0.004404 0.118162 0.028030 -0.069122 0.020188 -0.049673 0.164509 0.029078 0.034312 0.107861 -0.144639 0.070473 0.057945 
-0.072328 -0.037936 0.099697 0.036809 -0.095428 0.018492 0.019193 -0.081141 0.119042 0.012754 0.051301 -0.014100 -0.016744 0.119438 -0.123144 -0.114115 -0.039263 -0.032526 0.006571 0.109331 0.115546 0.034798 -0.079167 -0.052975 0.000887 -0.117778 0.120413 -0.052884 -0.110355 0.121969 -0.010662 -0.091946 
-0.077177 0.059772 0.085027 -0.036160 0.045625 -0.047670 0.118487 0.009658 0.035203 -0.082311 0.097846 -0.107312 -0.053233 -0.085134 -0.055798 -0.034051 -0.057486 -0.005632 -0.004441 -0.039480 -0.020187 0.079205 0.071249 0.068671 0.065725 0.022051 -0.030695 -0.117143 0.018914 -0.046145 -0.083791 0.110610 
-0.047250 0.114672 -0.005262 -0.153869 -0.124941 -0.016035 0.018961 0.150972 -0.022286 -0.042821 -0.115336 0.115505 -0.043501 0.023470 -0.098706 0.096146 -0.107320 0.031324 -0.105112 0.002672 -0.114102 -0.089208 -0.023598 -0.082758 0.070160 0.030210 -0.161585 -0.016703 0.135354 -0.035259 -0.131523 -0.111412 
-0.005789 0.016325 -0.008989 0.034895 0.030925 0.055567 0.020584 -0.041142 -0.020823 0.069104 -0.101939 0.100450 0.121209 -0.068893 0.117284 -0.128896 0.101077 -0.033276 -0.011840 0.136602 -0.087701 0.038248 0.070859 0.153949 -0.083470 0.114720 -0.067382 -0.114644 -0.053618 -0.007503 -0.069383 0.057820 
0.168823 0.029971 -0.058928 0.048551 -0.026744 0.071762 0.109614 0.074291 0.026260 -0.115879 0.076299 -0.029519 0.003535 0.069767 0.004001 -0.159018 0.145539 0.110954 0.085743 -0.000466 0.006095 0.043281 -0.086009 0.132654 0.030271 -0.041448 0.049064 -0.141072 0.074887 -0.048116 0.033702 0.058511 
0.040521 0.064768 -0.044604 -0.082516 0.024684 -0.041889 -0.097356 -0.082962 0.009275 0.035353 0.010497 0.003215 0.028717 -0.102120 0.072035 0.005799 0.096567 0.034742 0.062774 0.021837 -0.003308 0.099047 -0.041436 -0.045236 -0.087968 -0.047728 -0.120595 0.104330 -0.058399 0.038511 -0.033651 -0.081997 
-0.023519 0.105673 -0.073503 -0.077001 -0.090129 -0.008918 -0.060210 0.031805 -0.065938 0.067030 -0.048802 0.045731 0.044150 0.176965 -0.115951 0.057746 0.033114 0.122279 -0.095550 0.092292 0.071419 0.017308 -0.085629 0.124286 0.036071 -0.057796 0.039104 0.111643 0.082321 0.000651 0.070216 -0.074330 
0.009656 -0.046945 0.022918 0.086947 -0.054448 0.108014 -0.066618 0.012653 0.005337 0.039272 -0.068973 0.012322 -0.041112 -0.005446 -0.074412 -0.073171 -0.042812 0.055006 -0.145278 0.124407 -0.154765 -0.070429 0.118083 0.008745 0.023151 0.084300 -0.026906 -0.012807 0.018823 0.012615 0.012530 0.064649 
-0.007318 -0.075278 0.072689 -0.090917 -0.143398 -0.071503 0.008137 0.015198 0.149937 0.060030 -0.043520 -0.044763 -0.079226 0.038254 0.080594 0.003748 -0.101777 -0.097798 -0.013036 -0.089400 -0.042964 -0.034725 0.065207 0.019071 -0.079138 -0.048399 0.071053 0.046908 0.037622 -0.022912 -0.027395 -0.086004 
0.013820 0.012569 -0.037473 0.040709 -0.009355 0.094932 -0.096948 -0.056681 0.140216 -0.023844 -0.033932 -0.047322 -0.127054 0.111807 0.035827 -0.114709 0.061062 -0.039381 -0.108584 -0.116273 -0.006384 0.066320 0.056750 -0.013209 0.153539 0.015549 -0.074364 0.051848 0.150293 0.081093 0.135915 -0.086296 
-0.011333 -0.093399 -0.050292 0.098853 -0.123210 -0.021717 -0.069563 -0.142019 -0.123897 -0.062201 -0.020226 -0.127719 0.110772 0.144718 -0.116854 0.026624 0.186367 -0.064216 0.059180 -0.016648 -0.100539 0.019591 -0.132364 -0.135268 -0.065449 -0.114419 0.050657 -0.126336 -0.114262 0.035313 0.109097 -0.081922 
0.037725 0.063707 0.112400 0.058769 0.028536 -0.072881 0.102433 -0.017604 -0.036794 -0.080643 -0.066856 -0.082276 0.100396 0.015103 -0.045305 0.144265 0.060189 -0.108578 -0.017418 0.131752 0.047640 -0.051350 0.159376 0.058735 0.025787 0.085650 0.004750 0.086793 -0.058313 -0.053059 -0.181998 0.103468 
-0.135232 -0.173753 -0.038574 -0.056692 -0.110623 0.043330 0.089432 0.017301 0.001795 -0.133782 0.059161 0.053709 0.091540 0.109718 -0.031451 0.032246 0.046885 0.037724 0.011147 -0.054400 -0.016388 0.057008 -0.065795 -0.087428 -0.129423 0.097618 0.082336 -0.085143 -0.133746 0.021789 -0.120741 -0.044952 
0.190340 0.016644 0.074044 -0.102201 -0.113592 -0.026957 0.016342 0.030297 0.046511 -0.030446 -0.082139 -0.009825 -0.028800 0.054181 0.116974 -0.121990 0.060256 -0.017864 0.040409 -0.064100 0.073273 0.062872 -0.115351 0.169520 0.035292 0.068696 -0.069657 0.081808 0.046225 -0.048927 -0.043704 0.064928 
0.114833 0.157108 0.120563 0.116001 -0.042391 -0.126967 -0.006583 -0.094456 -0.063714 0.088940 -0.007803 0.044643 -0.043686 -0.043372 0.097636 -0.132524 0.157058 0.034587 -0.132340 0.107295 -0.093970 -0.104458 0.029928 -0.082737 -0.083437 0.081110 -0.067827 0.078012 -0.035537 0.041373 -0.012542 -0.088146 
-0.031966 -0.088121 0.153204 0.109231 -0.089566 -0.067912 0.105543 0.016769 -0.011592 0.034328 0.035413 0.058857 0.137098 -0.081525 0.036131 0.065933 0.072773 0.091732 0.037817 -0.119524 0.101306 -0.039034 -0.108815 0.095501 -0.048690 -0.041075 0.080832 -0.009306 0.010653 -0.104923 0.068762 -0.128429 
-0.099743 0.079313 0.113420 -0.024737 -0.120007 0.046320 -0.119988 -0.036737 -0.004303 -0.024695 0.142326 0.012073 0.034992 -0.003203 -0.045234 -0.027644 -0.066976 0.126605 -0.036078 -0.050885 -0.142557 0.018633 -0.114359 -0.009416 -0.098491 0.127135 0.122296 0.074796 0.123020 -0.004698 0.050720 -0.131826 
-0.004323 0.030989 -0.007268 -0.064029 0.022078 0.017770 -0.012202 0.084957 -0.110727 -0.043033 -0.056951 0.037333 0.106987 -0.012466 -0.109016 -0.108460 -0.093948 -0.025558 -0.043748 -0.074607 -0.070811 -0.022748 -0.030351 -0.080157 -0.030152 -0.118254 0.128360 -0.067195 0.030049 0.081800 0.001396 0.078103 
0.028576 0.056055 0.060994 -0.137721 0.015049 -0.000021 0.111159 0.027234 -0.048794 -0.088335 -0.122216 -0.091923 -0.015350 -0.014846 0.034304 0.025115 0.057411 -0.144535 -0.010409 -0.062121 0.035221 0.080794 -0.004697 0.102754 -0.091461 -0.091507 -0.067440 0.120260 0.138745 0.035043 -0.004214 0.018419 
0.020667 -0.056636 -0.003283 0.099645 0.032436 -0.035376 0.029513 -0.066248 0.085532 0.062821 0.114022 -0.087783 -0.031635 0.053079 0.039578 -0.134166 0.041419 -0.063333 -0.066276 -0.044262 -0.049646 -0.025387 -0.048040 -0.017529 -0.043022 -0.009401 -0.103403 -0.068592 -0.126087 0.029838 0.103131 0.002931 
-0.173426 -0.126202 0.057643 0.033525 0.001994 0.138385 -0.040292 -0.034600 -0.030360 0.159546 -0.096023 0.173560 -0.044228 -0.111777 0.055795 -0.072528 -0.048826 -0.183556 -0.010120 -0.054271 -0.041673 0.109475 0.123033 0.089412 -0.119383 -0.113950 -0.032281 -0.074368 0.019684 -0.139661 0.002575 0.151260 
-0.023054 -0.121858 0.111212 -0.150242 -0.060768 0.117500 -0.026168 0.089621 0.048121 0.078930 0.002494 -0.077917 0.074765 0.062292 -0.007571 -0.026409 0.041548 0.017012 0.129216 -0.042336 -0.016352 0.099327 -0.054278 -0.017684 -0.127359 -0.041240 0.083760 0.122863 0.016141 -0.008570 0.040033 0.149752 
0.035754 0.012911 0.066115 0.084364 0.058666 -0.039141 0.038197 -0.020890 0.157537 -0.018549 0.104612 0.019344 -0.076160 0.008237 -0.112258 0.108814 -0.058896 -0.126696 -0.058353 0.016913 -0.068296 -0.056615 -0.070043 -0.114426 0.002818 0.069998 -0.152519 -0.110982 -0.063667 0.073284 0.121911 0.104875 
0.008337 0.136654 0.044102 -0.073613 -0.146908 -0.041810 0.012463 -0.107084 0.037258 0.027970 0.101954 0.129997 0.112885 -0.138321 0.078409 -0.093312 -0.075002 -0.053788 0.023810 -0.089045 -0.079098 0.086346 -0.087979 0.140836 0.073516 -0.058470 -0.114438 0.124318 -0.090042 -0.068394 0.120621 0.008599 
-0.182324 0.033453 0.052331 -0.091418 0.122464 -0.008857 -0.096290 0.015701 -0.104799 -0.108714 0.013502 -0.115134 -0.147926 -0.040736 -0.071536 -0.054145 -0.031150 0.129882 -0.041056 0.021905 0.118753 0.014099 0.078277 -0.053238 0.096789 0.123093 0.007337 0.128617 -0.110545 -0.044556 0.024911 -0.155083 
0.064251 -0.036028 -0.125513 0.099778 0.109892 -0.051815 -0.010870 0.100164 -0.029555 0.156072 0.109769 -0.003257 0.002012 -0.119578 -0.026132 0.115202 -0.100438 0.059717 0.076555 -0.163970 -0.006998 -0.000441 0.011523 -0.094868 -0.060381 -0.094484 -0.092970 -0.053632 -0.054471 0.004951 -0.005854 0.012280 
-0.198276 -0.058895 -0.063283 0.045176 0.104920 0.118079 0.116844 -0.060394 0.094709 0.043798 0.026661 -0.112170 -0.147607 -0.023365 0.107959 0.012249 0.044455 0.010781 0.013087 -0.098464 -0.017899 -0.065956 0.060559 -0.034041 -0.102760 0.104542 0.053659 0.053081 -0.055123 -0.155260 -0.150820 -0.056098 
0.115954 -0.004075 -0.028860 0.017959 -0.057449 -0.143582 0.061189 -0.133006 0.114953 -0.052599 -0.034511 0.089174 -0.016427 -0.026621 -0.050037 -0.079485 0.121943 0.047116 0.038670 0.152268 0.067606 -0.091489 -0.026115 0.088986 0.078657 -0.089312 0.019011 -0.119506 -0.005932 0.102296 0.033643 -0.111263 
-0.022956 0.062358 0.070737 0.036586 0.089694 -0.112869 0.045182 0.031684 0.012998 0.135232 -0.008099 0.065907 -0.076603 0.047021 -0.018102 0.105616 0.050915 0.125279 0.111811 0.007766 -0.106343 -0.095800 -0.088939 0.134622 -0.030063 0.076158 0.126072 0.076143 0.017518 0.011590 0.059395 0.131129 
-0.154829 -0.023447 0.011517 0.058070 0.073166 -0.130052 -0.000509 -0.045440 0.023699 -0.027423 -0.149525 0.173861 0.097252 -0.097083 0.064680 0.058415 -0.084300 0.033001 0.123238 -0.092712 -0.114776 -0.078911 -0.049045 0.001644 0.056598 -0.072590 0.012316 -0.037209 -0.005694 -0.074321 -0.134938 0.107766 
0.089091 -0.009655 0.006783 0.040654 0.006546 -0.081772 0.095934 -0.033321 -0.142828 -0.078380 -0.068071 -0.113856 -0.065378 -0.048793 0.009172 0.083028 -0.111032 -0.009617 -0.096507 -0.102130 0.022062 0.010900 0.078335 -0.071823 0.118167 -0.076860 0.034536 0.045043 0.027743 0.091390 -0.039713 -0.047841 
-0.026672 0.105255 -0.021175 0.040166 0.073118 0.072520 -0.060396 -0.101391 -0.117117 -0.026469 -0.048178 0.072248 0.087820 0.083419 0.018721 0.053882 -0.019423 0.002332 0.136183 0.119936 -0.141699 0.080585 -0.087714 0.135179 0.091096 -0.160874 0.095345 -0.047007 0.106128 0.117857 0.060891 -0.067681 
0.105489 0.079692 0.136453 0.106895 0.022630 -0.080447 0.073480 0.055396 -0.000620 -0.089245 -0.013076 -0.043745 0.041770 0.097845 -0.136365 -0.110497 0.033556 -0.079856 -0.138501 -0.017549 0.083524 -0.012804 -0.007732 0.028940 0.005469 -0.172034 -0.100103 -0.059614 0.080587 0.140461 0.020034 0.018224 
0.096226 -0.012619 -0.004292 0.056126 -0.025195 -0.042977 -0.016062 -0.079311 -0.083171 0.152517 -0.029444 -0.073343 0.016646 0.021338 -0.051040 -0.109746 0.153192 0.016818 -0.009346 0.077746 0.064675 -0.120747 0.002753 -0.057408 -0.089678 0.051551 0.003443 0.097583 0.035774 0.120478 0.037799 0.032145 
-0.107123 -0.099467 -0.067289 0.073410 0.013559 0.056461 0.089950 0.055574 0.068861 -0.001770 -0.088279 -0.112909 -0.087617 0.053085 -0.068849 -0.068837 -0.114477 0.074111 -0.092061 0.113485 0.102435 0.041584 -0.015569 0.058841 -0.053197 0.079476 0.021089 -0.061580 0.050665 -0.036135 0.006486 0.071533 
0.012398 0.052510 0.033079 -0.123528 0.017445 0.074371 0.120927 -0.096374 -0.077033 -0.091663 -0.092969 -0.035959 0.038588 -0.005234 0.008985 0.064650 -0.082957 0.002907 0.059324 -0.115447 -0.034691 0.092013 0.110008 0.069328 -0.032027 0.058899 0.101165 -0.094830 -0.126574 -0.004203 -0.106435 0.102754 
-0.027916 0.106185 0.019732 -0.138248 0.029826 0.067764 -0.134906 0.085176 0.056041 -0.047209 -0.044598 -0.013158 0.072430 0.091633 0.104425 -0.056706 -0.047065 0.055624 -0.071434 0.069542 -0.004599 -0.114583 0.054025 0.102361 0.078775 0.048037 -0.108701 0.126916 -0.050885 -0.072415 0.062595 -0.000874 
-0.079041 -0.029241 0.010100 0.051748 -0.075504 0.105524 -0.004962 0.127956 -0.126594 0.094718 -0.114848 0.090800 0.009644 -0.090027 -0.138265 -0.060042 0.083891 -0.042894 -0.117437 -0.078491 -0.027922 0.035817 -0.064621 -0.064051 -0.072636 -0.013866 -0.168913 -0.024100 0.017249 0.053675 -0.100002 0.089348 
-0.073204 0.074985 0.112560 -0.064024 -0.006208 0.053253 -0.004472 0.043041 0.047529 -0.028324 0.066991 0.028047 0.057837 0.087126 0.025042 -0.070843 -0.041859 -0.012246 0.073962 -0.010092 -0.099176 0.144772 0.008761 0.008136 -0.054164 0.015642 0.076999 0.071907 0.016428 0.139813 0.025829 0.027001 
0.068468 -0.115896 0.217257 -0.044536 -0.177404 -0.093706 -0.067661 0.016810 -0.002091 0.102780 0.075207 -0.047189 -0.016222 -0.030071 0.050413 0.005754 0.112700 -0.026794 -0.103906 0.104241 -0.072156 0.093671 -0.070813 0.029455 0.012974 -0.162601 0.033696 0.107084 0.105708 -0.013861 0.027687 0.044835 
-0.082913 -0.013142 0.114585 -0.075018 0.084073 0.132205 -0.091034 0.017754 0.044723 0.113133 0.034046 0.015761 -0.067538 -0.013689 0.099347 0.127867 0.045426 -0.147111 0.105314 -0.103850 0.093939 0.148178 0.112468 -0.031441 0.067729 0.001382 -0.015920 0.081319 0.026080 0.040302 -0.051964 -0.058184 
-0.016188 -0.008063 0.022294 -0.022727 -0.083248 0.016960 0.095128 -0.063505 -0.020256 0.019653 0.011632 0.034073 -0.087915 -0.023843 -0.007670 -0.091805 0.055061 -0.071033 -0.031756 -0.044753 -0.116818 -0.005108 0.008046 -0.082947 0.126114 -0.105201 0.170282 0.001542 -0.136307 0.006514 0.068079 0.044002 
0.075902 -0.066513 0.086812 -0.078184 0.063844 0.129528 0.009530 0.022689 -0.015453 0.040958 -0.150948 -0.006802 -0.018425 0.011814 0.060034 0.102567 0.062822 -0.113553 -0.059291 0.089386 -0.011514 -0.068930 0.075495 0.031805 -0.086334 0.120476 0.106121 -0.095863 -0.087519 0.027760 0.019459 -0.031133 
-0.161130 0.087860 -0.014243 0.077188 -0.011362 0.106707 -0.052012 -0.090461 0.051655 -0.092944 0.074522 -0.031930 0.059720 0.006102 0.128890 0.000144 -0.018489 -0.032453 -0.070693 0.092572 -0.046854 -0.030400 -0.047649 0.028480 -0.083097 -0.066486 0.079223 -0.019433 0.103784 0.017106 -0.029751 0.040956 
0.077286 0.109824 0.080825 -0.026286 0.087683 -0.141429 -0.070200 -0.056628 0.065806 0.127693 0.044085 -0.058792 -0.023176 -0.011305 0.133759 0.017850 0.123360 -0.043472 0.035353 -0.034029 0.023502 0.058530 0.049475 0.006691 -0.085898 -0.002297 0.114414 -0.121047 -0.084573 0.003339 0.161997 0.069463 
-0.033659 0.141523 0.144264 -0.086505 0.128837 -0.193918 -0.025216 -0.017225 0.113893 0.126942 0.133324 -0.076033 0.012062 0.013613 0.171266 -0.081665 -0.039758 0.059379 0.003644 0.070186 -0.030986 -0.111220 -0.138379 0.038564 0.091479 -0.149777 0.152942 -0.132973 0.019513 0.131744 0.085671 0.095044 
0.081618 -0.005960 0.076400 0.020288 0.014793 -0.076224 -0.066656 0.019135 -0.085738 -0.124361 0.024331 0.032700 0.148727 0.016865 0.103617 -0.142723 -0.042362 -0.062449 0.035772 0.109360 -0.014770 0.073535 -0.023544 0.020526 0.084452 -0.084016 -0.049467 -0.052465 0.090823 -0.099512 -0.089124 0.067711 
0.028130 0.114327 -0.055760 -0.068613 -0.054194 -0.089204 0.040673 -0.063051 -0.049764 -0.013824 0.094824 -0.112218 0.093143 0.086705 -0.065980 -0.099220 -0.083792 0.087566 0.108212 0.030935 0.054841 -0.035169 0.096963 0.023858 0.025530 -0.101733 -0.112410 0.048532 -0.061577 -0.050798 -0.125249 0.071625 
-0.027379 -0.079403 0.104332 -0.038127 0.014393 0.057015 0.055730 0.031642 -0.137368 0.066669 0.022234 -0.160105 -0.043660 0.131579 -0.080947 0.017504 0.004077 -0.086239 -0.143620 0.015628 0.025351 0.044279 -0.041269 -0.096736 -0.124084 -0.056008 0.047592 -0.029053 0.030237 0.113007 0.096251 0.039581 
-0.063334 0.080388 -0.105781 0.002051 0.015113 0.135232 -0.072597 0.049032 -0.000126 0.064656 0.024136 -0.092164 0.035779 0.127241 0.003220 -0.004719 0.071505 -0.001014 0.065829 0.003238 -0.000974 0.124729 0.079830 -0.012625 -0.099640 0.005207 0.034355 0.033556 -0.007253 0.009087 -0.103402 0.042309 
0.055865 -0.097062 -0.039905 -0.119527 -0.044504 0.037487 0.150678 0.120577 -0.008159 -0.041557 -0.120558 -0.094310 0.007997 0.079530 0.066537 -0.055457 -0.076006 -0.052123 0.109304 0.074956 0.023252 0.010256 -0.053388 0.049807 0.067023 0.098036 -0.093028 -0.072506 0.034780 -0.035405 -0.093740 -0.047494 
-0.068319 -0.037078 -0.084654 0.104199 0.132541 -0.002561 0.072225 0.007303 0.067496 0.099513 0.038683 -0.078631 -0.027729 -0.036673 -0.074508 0.137257 0.060632 -0.098835 0.024257 -0.104433 0.068849 0.104729 -0.084587 -0.028818 0.034308 -0.034335 0.081845 -0.059997 -0.051206 0.016296 -0.086117 -0.091853 
-0.051681 0.073059 -0.014025 -0.062499 -0.122863 -0.152255 0.071518 0.052186 0.189925 -0.022239 0.176102 0.068411 0.119461 0.005814 -0.009019 0.084860 -0.026900 0.132852 -0.011148 -0.084634 0.048969 0.002044 0.046835 -0.045214 0.037982 0.016365 0.000004 -0.042972 0.001497 0.071854 -0.002788 0.006941 
0.055582 0.043060 -0.066461 0.027699 -0.007343 0.088016 0.008494 0.066837 -0.025012 -0.022788 -0.036314 0.012973 0.075100 0.054421 -0.093971 -0.088741 -0.000881 0.063702 -0.049223 -0.099230 -0.106103 0.139862 -0.044626 0.138209 -0.019848 0.088232 -0.115374 0.065248 0.044240 0.044453 0.056525 -0.061236 
-0.077652 0.012109 -0.157541 -0.122713 0.019056 0.038599 0.070244 0.106297 0.102085 -0.124514 -0.067974 0.060800 0.048323 0.009204 0.052976 -0.073092 -0.147858 -0.100264 -0.064610 -0.076748 -0.045612 0.039543 -0.029270 0.015193 -0.044697 -0.015715 -0.029041 -0.053838 -0.144745 -0.170565 -0.000261 -0.048850 
0.008296 0.014381 -0.112729 -0.065075 -0.111838 0.063008 -0.124687 -0.099498 -0.082090 -0.038265 0.015241 -0.133285 -0.187520 0.061604 -0.158318 -0.028857 0.038230 -0.016134 -0.026203 -0.152691 0.132970 0.104036 0.105786 -0.050139 -0.019809 -0.054003 -0.085225 0.011757 -0.063964 -0.137968 0.036291 0.020304 
0.052683 -0.117414 -0.023330 0.065902 -0.085863 -0.045623 0.074175 0.041132 0.103927 -0.000397 0.144841 0.134482 -0.121314 -0.039150 -0.118404 0.051426 0.047601 0.077201 0.100363 -0.034756 0.064098 0.072236 0.077730 -0.140082 0.070893 -0.083222 -0.038718 0.086456 -0.030052 -0.102970 0.132624 -0.139891 
-0.045140 0.134325 0.073462 0.053877 -0.072476 -0.059752 -0.020806 -0.108990 0.099380 -0.071477 -0.016811 -0.112001 -0.012976 -0.035941 0.093935 0.057126 -0.044123 0.091197 -0.069293 -0.098622 -0.008145 -0.097732 -0.109961 -0.127303 0.049225 -0.041605 -0.020106 0.124124 0.003961 0.117610 0.002601 0.007970 
0.124150 0.128073 -0.069990 -0.051109 -0.052920 0.026087 -0.049413 -0.041652 0.110077 -0.000678 -0.024214 -0.096228 0.115474 -0.074347 -0.053735 -0.085326 -0.019232 0.012731 -0.072565 0.078475 -0.011321 -0.018389 0.033492 -0.081380 -0.066593 0.086617 -0.059324 -0.006163 0.077702 -0.018386 -0.026016 0.042789 
-0.048641 -0.030064 0.045610 -0.043903 -0.081737 -0.129505 0.074751 -0.094887 -0.037457 -0.095391 0.007614 -0.017121 -0.014348 0.053114 0.047887 -0.020705 -0.100085 -0.135440 -0.085944 0.056642 0.025961 0.101318 0.073297 0.030709 0.078495 0.049452 -0.024260 0.016093 -0.082949 0.030810 0.010852 -0.088978 
-0.133266 0.076903 0.079231 -0.117585 0.025823 -0.104440 -0.025693 -0.014953 -0.039897 0.070077 0.111088 0.118620 0.030983 0.026518 -0.101576 0.003262 0.058480 -0.082596 -0.024333 -0.020711 -0.134207 -0.068033 -0.116832 0.154600 0.069383 -0.025192 0.068582 -0.142238 -0.165694 0.041397 -0.099958 -0.098296 
0.021729 0.053219 -0.098882 0.017439 0.096558 0.027339 0.115992 -0.050619 -0.106698 0.089465 0.038516 0.065718 0.008379 0.038595 -0.058466 -0.064805 -0.079607 -0.013129 0.034283 -0.085653 -0.016971 0.087408 -0.101550 0.022082 -0.045323 0.045030 0.017448 -0.054826 0.008527 0.076974 -0.031909 -0.028489 
0.050752 0.150618 0.194397 -0.254429 -0.282526 0.112729 -0.184854 -0.308448 
-0.006729 -0.160590 -0.229867 -0.103706 -0.058671 -0.017277 -0.171336 -0.115580 
0.080953 -0.033264 0.063028 -0.098808 0.135850 0.299779 0.282945 -0.283455 
0.196734 0.043809 -0.018579 -0.111580 -0.186708 -0.061381 0.033597 -0.015171 
-0.217261 -0.119142 0.093816 -0.180054 -0.204353 -0.083995 0.087218 0.148647 
0.007586 -0.004924 -0.000774 0.257828 0.210263 -0.181677 -0.102324 0.061830 
-0.185262 0.248578 0.244208 0.114173 0.045575 0.102983 0.157998 0.042618 
-0.171303 0.040975 0.078152 0.045123 0.073189 -0.143862 -0.156467 0.016572 
0.009561 0.242286 -0.113305 -0.063409 -0.118473 0.207073 -0.159421 0.249165 
-0.002199 0.115530 0.050359 -0.273573 -0.218486 -0.188742 0.090843 -0.185039 
0.100133 0.217932 -0.212451 -0.073100 -0.038247 0.164038 -0.196427 0.158061 
-0.011564 0.167824 -0.140425 -0.266610 0.259442 -0.095207 0.101461 -0.286271 
-0.180898 0.095215 0.017855 -0.224529 0.124813 0.148523 -0.154483 0.048918 
0.057707 0.198085 0.159920 0.213776 0.084554 0.127121 -0.246200 0.139429 
-0.277521 -0.131900 -0.083223 -0.102277 -0.000406 0.125929 -0.023663 0.028103 
-0.129208 -0.076060 -0.001472 0.007766 -0.081763 -0.092283 0.018151 0.205703 
0.081536 0.118491 0.098433 -0.086796 -0.001063 0.062731 -0.025741 -0.127426 
-0.022616 -0.002172 -0.171965 0.014472 -0.250316 -0.025870 -0.196889 -0.073115 
-0.194946 0.025283 0.054825 -0.149036 0.019089 0.192717 0.195247 0.163153 
-0.113037 -0.112759 -0.031469 0.069583 -0.057589 0.182833 -0.216532 -0.134118 
-0.033736 0.098132 0.220339 0.083368 -0.227287 -0.065506 0.013145 0.241577 
0.032172 0.141499 -0.023441 0.135069 0.293040 0.018120 0.192265 0.024298 
-0.004402 -0.161291 0.103915 0.229956 -0.087165 -0.043987 0.114055 0.026522 
-0.263530 0.222572 -0.106782 0.028922 0.084376 -0.035601 -0.098639 -0.148470 
0.142128 -0.168167 -0.054046 -0.027352 -0.026844 -0.037398 -0.106394 0.002561 
-0.314481 0.139572 -0.180410 0.213370 -0.174727 -0.177386 -0.184740 0.056994 
-0.044977 -0.160638 -0.122932 -0.195063 0.034556 0.242577 0.066583 0.123413 
0.070079 -0.280186 -0.066359 0.162581 -0.116135 -0.099289 0.011704 -0.157547 
-0.021474 -0.143729 -0.011867 0.211640 0.019439 0.133477 -0.174609 -0.110492 
0.064026 -0.114543 -0.013643 -0.013822 -0.005891 0.135800 -0.040848 -0.191382 
0.196686 0.152493 -0.062951 -0.123239 -0.103170 0.133335 -0.299987 -0.078017 
-0.284919 -0.063498 0.260251 -0.076278 -0.003801 -0.018811 0.039332 -0.074501 
0.160110 -0.395360 -0.126450 -0.273680 0.422882 0.065361 0.128278 0.014383 0.365698 -0.333519 -0.285803 -0.296665 0.351149 0.052862 -0.217596 0.195497 -0.245448 -0.016893 -0.223785 0.206378 0.015098 -0.332258 -0.430816 -0.009968 0.024353 -0.457481 0.221249 -0.104545 -0.024303 -0.285774 0.164065 -0.058800 0.065152 0.304384 0.067514 0.087897 -0.086780 0.041108 0.165522 
-0.113834 -0.291491 0.271048 0.115753 -0.294178 -0.245264 0.293712 0.434822 -0.075245 -0.313236 -0.587560 -0.246906 0.040876 -0.198420 -0.298723 -0.524888 0.239178 -0.245733 0.271476 -0.313595 0.368265 0.587778 0.490560 -0.240319 -0.232351 0.498273 0.157389 -0.260945 0.086825 0.322076 0.281001 0.086116 0.130297 -0.148622 0.058636 -0.153071 0.004413 -0.223902 0.053178 
-0.345323 -0.185243 -0.094246 -0.138151 0.288361 0.136448 0.101284 0.465123 0.012998 0.413739 -0.011642 0.177715 0.254716 -0.011476 0.147362 -0.415891 0.164783 -0.007446 0.242803 0.267963 -0.237791 0.075853 0.068149 0.245324 0.107140 0.385418 -0.274326 -0.370498 0.021972 -0.303720 -0.146321 -0.006288 0.172127 -0.072881 -0.185428 -0.125530 0.168959 -0.076378 -0.164396 
0.283006 0.080440 0.269941 0.030866 0.157008 0.011477 -0.185645 0.079282 -0.280900 0.368548 0.029073 0.299027 0.361406 0.402853 0.022238 0.128408 0.266344 -0.131871 0.367566 0.348195 0.410008 -0.374771 -0.162066 0.131472 0.109684 -0.226253 0.301580 0.297092 -0.100367 -0.133976 -0.223743 -0.145480 -0.153937 0.177955 0.187068 0.010090 0.290680 -0.277145 -0.345711 
0.313641 0.366802 0.108697 0.345467 0.327120 0.171320 -0.228966 0.081403 -0.140261 0.253552 -0.165668 -0.411154 -0.010839 0.050587 -0.012932 -0.229227 -0.488827 -0.085709 0.327877 -0.373308 0.355845 -0.201141 -0.114363 -0.322326 -0.328785 0.052669 -0.390125 0.405053 -0.290296 -0.356034 -0.298164 -0.374607 0.005908 -0.052730 -0.031447 -0.192503 -0.053363 -0.200215 -0.050347 
0.150248 0.418537 -0.136228 0.106756 0.036816 0.438150 -0.504458 0.141698 0.145817 -0.117707 0.056224 0.464739 -0.025701 0.253319 -0.188446 0.026703 -0.525100 0.376262 0.163625 0.420294 -0.307003 0.477290 -0.325494 -0.337454 -0.323001 0.413072 -0.268789 -0.350570 0.459182 -0.174730 0.202345 0.074306 -0.086978 0.060103 -0.050759 0.233636 -0.024171 0.041550 0.214960 
-0.402769 0.081154 0.266060 -0.328942 -0.357637 0.106703 0.027356 0.254899 0.199402 0.054262 -0.250004 0.107618 -0.069883 -0.290057 0.349412 0.175258 -0.153919 -0.131950 0.143423 -0.160909 -0.002092 -0.508168 -0.331748 0.377343 -0.240230 0.142021 -0.530231 -0.283036 -0.425306 -0.359118 -0.310928 -0.262541 0.192567 -0.204844 -0.041366 0.039344 -0.034010 0.037383 -0.167294 
0.036209 -0.121955 0.455732 -0.309007 0.249163 -0.233723 0.409506 0.020275 -0.164830 -0.083212 0.004795 0.499612 0.353961 0.042182 0.402684 0.299779 -0.490603 0.213893 0.320163 -0.338134 0.403417 -0.228215 0.067262 -0.287259 0.322459 0.477469 0.305063 0.162910 0.305526 0.466975 -0.184985 -0.045273 0.121883 -0.009549 -0.033935 -0.305887 -0.063575 0.285085 -0.096787 
-0.189795 -0.099822 -0.110520 0.252322 -0.210336 0.153431 0.226624 0.207733 0.111239 0.112194 0.203051 -0.076299 0.142075 -0.128061 0.063600 0.200008 -0.153988 0.086758 0.129188 0.145766 -0.116997 0.157048 0.068763 0.084710 -0.178681 -0.032468 -0.021366 -0.057679 0.027457 -0.173701 -0.046699 -0.054205 -0.148025 0.038843 -0.028307 -0.208727 -0.010710 -0.013114 -0.053107 0.026273 -0.100007 -0.079208 -0.078863 0.150234 -0.074441 0.135620 0.139966 -0.079157 -0.078597 -0.006996 -0.187923 0.119055 -0.023454 -0.136574 0.115222 -0.028280 -0.036293 -0.090138 0.199922 0.184209 0.005374 -0.139477 0.015804 0.046158 
0.090032 -0.263777 0.197085 -0.171760 -0.030564 -0.227665 -0.100263 0.207940 0.021389 0.035796 0.049903 0.088596 0.127249 -0.026195 -0.047798 -0.025557 0.101499 0.024161 -0.215549 -0.087896 -0.072466 0.174815 0.126008 0.113072 0.112377 0.021999 -0.021647 -0.141840 0.203478 -0.157962 0.155505 -0.012690 -0.223557 0.129420 0.085504 -0.041287 0.223958 -0.101770 0.032892 -0.078882 -0.099687 -0.200170 -0.184922 0.181853 -0.080704 -0.125576 0.184241 -0.093978 -0.026096 0.142106 -0.023496 0.205661 0.075986 -0.066958 0.034216 -0.006968 -0.180322 -0.031674 0.051839 0.137691 -0.042373 0.039115 0.058444 0.057357 
-0.096871 -0.002384 -0.130164 -0.067978 0.092913 -0.043012 0.029707 0.035231 -0.021719 0.014046 0.034707 0.130717 0.062167 0.010327 -0.150979 -0.136108 -0.034833 0.043042 -0.113143 -0.165918 -0.172062 0.097402 0.127855 -0.180223 0.176095 0.092605 -0.078544 -0.091419 0.041950 0.114525 0.086271 0.151873 -0.164652 0.133260 -0.130755 0.154661 -0.078397 0.055002 0.138122 0.228868 -0.033359 0.000302 0.069004 -0.115713 0.150096 0.049812 -0.075701 -0.152333 -0.054148 -0.103765 -0.088361 -0.037475 -0.137517 0.125352 0.082515 -0.211341 0.086591 0.139404 -0.045224 -0.193198 0.016204 -0.079966 0.143754 0.077579 
0.195017 -0.167082 0.051300 -0.100659 0.104847 0.000289 0.144612 -0.045845 0.052310 0.009725 -0.085426 -0.072602 -0.058345 0.035569 0.067022 0.147571 0.156652 0.172769 -0.113406 0.128928 0.053400 0.194170 -0.220129 -0.051343 0.131840 -0.069904 -0.003697 -0.077268 -0.010946 -0.107846 -0.120553 -0.044013 -0.059632 0.203234 0.076147 -0.172358 -0.009924 0.089929 0.018076 0.237310 -0.066816 0.081899 -0.067130 0.021650 -0.119451 0.095847 -0.118598 -0.160090 0.007281 -0.068795 -0.260380 -0.072282 -0.126001 -0.207658 0.025437 0.118164 -0.075777 -0.159924 -0.114483 -0.092569 0.011817 -0.045596 0.002641 0.104479 
-0.075502 0.004955 -0.147415 0.141465 -0.144902 0.074722 0.143058 0.008964 -0.004880 -0.153276 0.188142 0.173352 0.195460 0.175308 0.138751 -0.015150 -0.116040 0.172737 0.072228 -0.057202 0.113199 -0.041935 -0.158465 -0.070187 -0.075515 0.066619 -0.074588 0.056430 0.191867 -0.133120 -0.020875 -0.097978 -0.009174 0.034997 -0.224971 0.021798 -0.112633 0.040233 -0.063940 0.119477 0.053165 -0.087219 -0.012802 0.046562 -0.148145 -0.117754 0.210651 -0.069710 -0.220265 0.013342 0.037889 -0.115972 0.158962 0.132387 0.083224 -0.096039 -0.037602 -0.125651 0.203757 -0.089313 -0.082521 -0.113968 0.024224 0.134747 
0.153419 -0.042132 0.066247 -0.178161 -0.096829 0.078141 0.021942 0.257061 0.203605 -0.193598 0.046891 -0.135116 -0.045084 0.033914 -0.014343 0.035964 -0.171203 0.214309 0.015016 -0.158399 0.057609 -0.091375 -0.052716 0.188904 -0.080507 -0.139827 -0.195499 0.047050 0.026861 0.024309 -0.010329 -0.090369 -0.155897 -0.130193 -0.057872 -0.077992 0.173801 -0.145798 -0.077966 0.098212 -0.136878 0.081520 0.126222 -0.008307 -0.102812 -0.102290 0.149194 0.006685 -0.136985 -0.001144 0.026231 0.192398 0.046857 0.115702 0.099772 0.178885 -0.183527 0.163465 0.003471 -0.012967 -0.011444 -0.226459 0.153300 0.070609 
-0.203208 -0.011998 0.119608 0.177347 -0.016856 -0.064578 0.163407 -0.162066 -0.188831 0.126901 0.131672 -0.041010 -0.241205 0.075328 0.078022 -0.188322 -0.087693 -0.111160 -0.096799 0.121334 -0.040595 0.094099 0.149058 -0.120050 0.163219 0.030015 0.196213 -0.045866 -0.048296 0.123808 0.137754 0.068688 0.206965 0.074293 -0.006992 0.030388 -0.214399 -0.065392 0.091152 -0.069073 -0.142931 0.107206 0.060402 -0.161529 0.062864 0.009569 -0.081612 0.037956 0.186886 -0.009948 0.027712 -0.166571 -0.008982 -0.081681 0.015099 -0.071164 0.111887 -0.059227 0.118136 -0.156381 -0.147718 0.138144 0.027234 -0.215615 
-0.032113 -0.200459 -0.033615 -0.059582 -0.027728 -0.095303 0.045671 -0.007239 0.112331 -0.124416 0.048271 -0.200553 0.031926 0.254064 0.105168 0.073066 0.018324 -0.117928 0.133450 -0.255444 0.029728 -0.041203 0.024839 -0.167879 0.231924 -0.201796 -0.048666 0.176194 0.102568 0.202376 -0.219218 -0.016188 0.170775 0.039526 0.053820 0.009431 0.032037 -0.012325 0.140966 0.026303 0.065049 0.057391 0.074907 -0.018140 0.011956 -0.118170 0.161688 0.224229 -0.063322 0.134457 0.201530 0.160892 -0.183091 -0.064379 -0.218597 0.120917 -0.024981 -0.069921 0.086948 -0.116583 -0.131145 0.122753 -0.051997 -0.124557 
-0.024802 -0.068863 0.074910 0.158251 0.121751 0.005648 -0.066985 0.107932 0.175930 0.113964 -0.110437 -0.034231 -0.151154 -0.188993 -0.035474 -0.040702 0.109964 -0.023033 -0.131225 -0.116472 0.155855 -0.083818 0.171122 -0.043617 0.066719 0.143554 -0.059332 0.140343 0.054800 -0.080717 -0.108877 -0.113624 0.088144 0.049065 -0.185924 0.082933 -0.049694 -0.023410 -0.149160 -0.188974 -0.125766 -0.106139 0.064256 -0.114456 -0.040510 -0.066467 -0.010239 -0.019669 0.052573 0.183243 -0.045157 0.038210 -0.130601 -0.019754 0.040826 0.181219 -0.096404 -0.122354 0.159324 0.098182 -0.041153 -0.176303 -0.153401 0.205829 
0.075982 -0.140671 0.021444 -0.140455 0.006499 0.027202 -0.002098 0.089811 0.172615 -0.116493 -0.246287 -0.059187 -0.016671 0.061262 -0.003168 0.137102 0.091123 0.015853 -0.053541 0.127089 0.120491 0.221098 0.191217 -0.172622 -0.179765 0.030488 0.137620 0.049797 0.227792 -0.212995 0.023482 0.098049 -0.197606 0.231707 0.217017 0.011697 0.046407 -0.096310 0.024298 -0.000769 0.068835 0.037525 0.168816 0.199370 -0.167214 -0.103048 0.212217 0.045512 -0.218766 -0.132502 0.114265 -0.177213 -0.095926 0.074950 -0.074280 -0.069800 -0.036660 -0.081415 0.087126 -0.118459 -0.226930 -0.038961 0.123318 -0.058354 
-0.014114 0.136113 0.192356 0.190067 -0.108415 -0.106492 0.007088 0.056332 0.141061 -0.050292 0.008496 0.205702 0.101483 0.012069 0.072700 0.128014 0.043049 -0.026545 -0.153233 0.141945 -0.185316 -0.104453 -0.092268 0.064378 -0.143914 -0.132227 0.076876 0.045866 0.055366 -0.016992 0.176018 0.112074 -0.099213 0.139303 0.248212 -0.086929 -0.092327 0.005301 -0.110548 -0.175130 0.160682 0.020305 -0.181559 0.083856 -0.117117 0.104037 0.124839 -0.213773 -0.051826 0.038958 -0.156324 -0.066557 0.250660 -0.074625 0.221591 -0.058569 -0.050589 0.121921 0.101296 0.214721 -0.080086 0.087405 0.196786 0.041081 
0.036445 0.128117 0.262883 0.164912 -0.164863 -0.275203 -0.125704 -0.138303 0.157765 -0.173813 0.042464 -0.118130 -0.092060 -0.026105 -0.100003 -0.048407 -0.169292 -0.191030 0.120657 -0.235592 0.024258 0.201350 -0.063975 -0.133822 -0.028770 -0.149413 -0.221119 0.093604 0.230907 0.206390 -0.021582 0.043289 -0.022210 -0.011314 0.099800 0.101035 -0.071609 -0.013652 0.297328 -0.147425 0.078674 0.073168 -0.062810 0.139816 -0.143866 0.068961 -0.061448 -0.047184 0.077016 -0.244644 0.010862 0.049925 0.261785 0.171467 0.179349 -0.078807 0.187834 0.195323 -0.118392 0.177091 0.081049 0.060023 0.045553 0.069574 
0.115713 0.230036 -0.081899 -0.018909 -0.015203 -0.083759 0.093841 -0.178840 -0.149841 0.112518 0.156584 -0.053224 -0.000505 -0.063151 -0.012250 -0.041850 -0.146293 0.103411 0.245288 -0.209577 0.001594 0.064603 0.031830 -0.036257 0.012962 0.196436 -0.003168 -0.008452 0.078111 0.186245 0.081507 0.025266 0.072337 -0.083487 0.105604 -0.104038 -0.110639 -0.059556 0.022183 0.102031 -0.114439 -0.027319 0.087798 0.083277 -0.028514 -0.213876 -0.037770 0.000632 -0.258480 -0.154430 0.113145 0.016095 0.173473 -0.083508 -0.035061 -0.073134 -0.072566 0.123565 0.101298 0.123885 0.049604 -0.053026 -0.049106 -0.038383 
0.009018 -0.091834 0.093783 0.194731 -0.048670 -0.114285 -0.020201 0.149274 -0.010435 0.111131 -0.002837 0.166622 0.242981 0.081663 -0.028049 0.188749 0.146071 -0.154430 0.040163 0.069112 -0.102582 0.178862 -0.220339 0.010018 -0.000873 0.104646 -0.111471 -0.071769 -0.079767 0.007072 0.104232 0.025939 0.021432 0.075273 0.037059 -0.198284 0.066164 0.087026 -0.105570 -0.086579 0.015287 0.031762 0.164684 0.026802 -0.141448 -0.076283 0.037776 -0.129807 -0.129310 0.127764 0.123671 0.101401 0.151714 -0.125542 0.023704 -0.059877 0.120384 0.099563 0.062396 0.250181 -0.046878 -0.087956 0.086960 -0.116835 
0.077043 -0.090751 0.022383 0.023932 -0.147765 -0.134302 0.089853 0.012934 0.184765 0.078307 -0.141456 -0.068078 -0.138575 -0.017642 -0.066818 -0.067932 -0.003458 -0.158958 -0.080793 -0.054741 -0.058642 0.086892 0.158049 -0.126411 -0.128441 -0.073915 -0.158033 0.047318 0.178503 0.152288 0.135848 0.102349 -0.163438 -0.164719 -0.004274 -0.050595 -0.008207 -0.168562 0.192403 -0.076817 0.211245 -0.095012 0.102106 -0.098528 0.111631 -0.099016 0.066315 -0.119373 -0.000978 -0.210066 0.086649 0.123619 0.110533 -0.050454 -0.111929 -0.157493 0.060690 -0.048080 0.092867 -0.192821 -0.223071 0.099710 0.137510 -0.045549 
0.073733 -0.110546 0.040729 -0.045208 -0.098721 -0.147958 0.028601 -0.102241 -0.030991 -0.072633 -0.046242 -0.033402 0.016115 0.086542 -0.138674 -0.245736 -0.237543 0.102553 0.109165 0.228014 -0.217655 -0.174989 -0.173021 0.066452 -0.219419 0.239548 -0.006801 -0.007752 0.075727 -0.018074 0.174462 -0.143549 0.010701 -0.157018 -0.008893 0.093897 0.039746 0.174932 0.124826 -0.236744 -0.061222 -0.185861 -0.217046 0.097727 -0.134469 -0.029836 0.100561 -0.128622 -0.113262 0.024915 -0.107388 -0.118762 0.145041 -0.098948 0.108590 -0.089573 0.256755 -0.035750 0.100965 -0.032078 0.097233 -0.001938 0.210233 0.003208 
0.089255 -0.082986 -0.252483 -0.040981 -0.108667 0.288765 0.047504 -0.146988 0.077712 0.099017 -0.260818 -0.228589 0.099310 -0.214871 -0.134756 -0.222867 0.281840 -0.209222 -0.034620 0.032425 0.037319 0.108760 0.032879 -0.067938 -0.091065 -0.151812 0.251073 0.232236 0.035998 -0.024689 -0.125542 0.124718 0.138444 -0.067701 0.306740 0.147207 -0.205275 -0.031668 -0.140649 -0.250711 0.121870 0.060696 -0.065319 0.012302 -0.031759 -0.029435 0.093998 -0.110934 0.134877 0.214161 0.126212 -0.182025 0.088241 0.044205 0.106252 0.203511 0.082721 0.007646 0.140699 0.116024 -0.134712 -0.044893 -0.237177 -0.220027 
-0.026723 -0.142897 -0.081864 0.023771 -0.062003 -0.111951 0.061526 0.024432 0.161861 0.110036 -0.095288 -0.063347 0.017825 -0.192309 0.051984 -0.082571 0.132655 -0.050342 -0.056662 0.085719 0.154073 -0.042367 0.042716 0.103463 0.115926 0.028246 -0.127296 -0.144649 0.079952 0.101658 -0.000169 -0.131964 0.086290 -0.014444 0.071643 -0.066598 0.151474 -0.061186 0.171315 -0.006718 -0.081293 -0.188673 -0.162434 0.083000 -0.170279 0.123242 0.097265 0.210150 -0.155881 -0.102366 0.090438 -0.092140 0.037038 0.046053 0.155627 -0.086895 0.205648 -0.040499 0.045999 0.076165 0.182276 -0.152590 0.157371 0.191612 
-0.040316 -0.040389 -0.062921 -0.090428 0.122259 0.124545 -0.164628 -0.105090 0.194262 -0.181590 0.100740 0.133850 0.126303 0.087048 0.180356 0.184585 0.137285 0.057121 0.150018 -0.096290 -0.161506 0.122338 0.203278 -0.200212 -0.087267 -0.012216 0.078592 0.145374 0.143105 0.066396 0.059835 -0.069576 -0.196634 0.244887 -0.002801 -0.179380 0.183691 0.034620 -0.023005 0.258589 0.124126 0.234066 0.198116 0.111439 0.030765 0.091106 0.031895 0.016841 -0.060655 -0.054213 0.161128 0.050014 -0.151376 0.134167 0.042713 -0.200091 0.005512 -0.012345 -0.209149 -0.101945 -0.204688 0.089838 -0.053756 -0.115539 
0.191735 -0.084556 -0.139850 0.153422 0.090228 -0.023927 0.139575 0.114751 -0.051914 0.031262 -0.135625 0.150836 0.046607 0.104702 -0.044850 0.179212 -0.097338 -0.087718 0.048092 -0.110080 -0.063150 -0.092195 -0.136307 0.158356 -0.002635 -0.082143 -0.221035 0.131312 -0.083804 -0.013730 0.075798 -0.123663 0.062782 0.170562 0.238130 -0.052380 -0.151439 0.061882 -0.132857 -0.112490 -0.164136 -0.073915 -0.050308 0.005414 -0.222936 0.073159 0.098029 -0.024602 -0.179808 -0.109691 0.100344 0.028213 -0.006671 0.251828 0.035582 0.204624 -0.055608 0.010799 0.036345 0.142097 -0.186585 -0.155380 0.122917 0.101996 
-0.250090 0.062086 -0.096195 -0.031943 -0.103184 0.026853 0.199272 -0.031154 0.085742 0.002471 -0.091107 -0.132988 -0.055043 0.086031 -0.016646 -0.034072 0.259118 -0.158230 0.156907 -0.033082 -0.154969 -0.019809 -0.100324 -0.107287 0.105751 0.130261 -0.105546 0.003216 0.178320 0.159727 -0.043327 -0.154340 0.017448 0.076087 -0.110530 -0.199710 -0.118257 -0.119642 0.070283 0.282070 0.079617 0.227130 -0.086177 0.174012 0.112363 0.023741 -0.097260 0.029758 0.043578 -0.141278 0.105100 0.084747 -0.070324 -0.109341 -0.055778 -0.186074 0.201511 -0.038083 0.140673 0.100886 -0.029656 -0.039002 0.055515 -0.131469 
0.295398 -0.172835 -0.082281 -0.157507 -0.064620 0.139766 0.141457 -0.028690 0.036074 -0.169223 -0.133952 -0.308164 0.084425 -0.066061 0.137795 0.054975 0.100784 0.049616 -0.224894 -0.276226 0.224982 -0.022291 -0.217180 0.070900 0.376154 -0.278507 -0.044627 -0.156728 -0.262321 -0.021862 -0.069874 -0.126297 0.064826 0.107200 -0.115329 -0.124382 0.103314 -0.035209 -0.024629 -0.178832 -0.099835 -0.092040 -0.125162 0.153105 0.129128 0.270472 -0.174476 0.135880 0.110550 -0.000074 -0.122230 0.043821 0.081708 0.113265 0.129835 0.058069 -0.007211 -0.082252 -0.165184 0.303163 0.259378 0.059061 -0.169202 -0.016476 
-0.006276 0.068005 -0.057445 -0.144557 0.119722 0.138669 -0.074556 -0.199981 -0.128934 0.028458 -0.165311 -0.235668 -0.061154 -0.047464 0.036304 0.131593 0.199129 -0.243467 -0.091474 -0.019818 0.160504 -0.094747 -0.095593 -0.079970 0.093458 -0.072250 0.074244 -0.169386 -0.208861 0.122094 -0.032199 0.120920 -0.033895 0.124359 0.161300 -0.042861 0.032662 -0.162835 0.072733 0.145539 0.046991 0.152970 0.214360 0.158661 -0.013024 0.114220 0.085224 -0.158374 0.173273 -0.148712 -0.019031 -0.011200 -0.069547 0.128522 -0.150422 0.034898 -0.106308 0.008712 -0.175212 -0.011777 -0.007055 0.117689 -0.231091 0.051006 
-0.011168 0.167634 -0.170898 -0.198313 0.282722 0.027813 0.068496 -0.067734 -0.014507 0.071302 -0.085204 0.093129 -0.138683 -0.077591 0.003761 -0.196106 -0.065105 -0.131098 0.160097 0.060528 -0.149988 0.033623 0.127538 0.009518 -0.069592 0.031004 0.141284 0.274957 0.005199 0.043442 0.062358 0.104283 0.097740 0.069747 0.163609 0.110971 -0.092589 0.018286 -0.228357 0.071578 -0.073424 -0.036117 0.000554 0.010418 0.059233 -0.183361 0.212089 -0.169762 0.003873 0.144107 0.237592 -0.069270 0.111969 -0.029673 0.130355 0.049468 -0.135526 0.038026 -0.102454 -0.050339 -0.152153 0.141379 -0.108772 0.107578 
0.031769 0.223041 0.009199 -0.066357 -0.039207 0.031095 0.232129 -0.094282 -0.162666 0.027724 -0.131022 0.198792 0.075145 -0.116515 -0.218864 -0.177903 -0.152761 -0.283336 0.173423 0.102145 -0.015278 0.049282 -0.159673 0.091524 -0.144139 -0.030455 -0.048779 0.114555 -0.069921 -0.076980 0.086813 0.139042 -0.139337 -0.101857 0.266501 -0.039784 0.043608 0.138272 0.182368 0.161656 -0.019604 -0.080971 0.109520 -0.122863 -0.000689 0.119721 0.065618 -0.049885 0.122401 -0.086794 -0.001387 -0.106266 -0.020750 -0.004425 0.023216 0.026388 0.105585 0.057995 -0.038036 0.175448 0.129557 0.205075 0.120347 -0.177456 
-0.154418 -0.013442 0.094953 -0.314966 -0.018402 -0.153570 -0.261895 0.137219 0.167636 -0.008166 -0.102545 -0.285736 0.023117 0.210203 0.108219 0.115998 -0.169016 -0.248284 -0.132800 -0.263629 0.035043 0.072196 0.255767 -0.191944 0.006976 -0.227346 -0.180466 -0.213608 -0.134937 0.265300 -0.129130 -0.020678 -0.123604 0.186051 -0.105311 0.200714 -0.072251 -0.117987 0.302445 0.210787 -0.103262 -0.123662 0.275075 0.192169 0.214485 0.075600 -0.000538 0.232945 0.130194 0.025947 -0.017616 -0.037163 -0.080688 -0.114576 -0.097112 -0.226871 -0.082775 0.040431 -0.141584 -0.073821 -0.094934 0.103294 0.037774 0.024394 
-0.035237 0.333722 -0.088106 0.162542 -0.153077 0.022312 0.130848 -0.192868 -0.142185 0.026978 -0.196650 -0.101468 0.202739 0.017507 -0.195429 -0.025982 0.067554 -0.161465 0.163762 0.096231 0.041533 -0.105969 -0.296892 -0.224246 0.006795 0.100007 0.024972 0.107384 -0.138118 -0.176752 -0.039525 0.123828 -0.162982 0.077754 0.048762 -0.161952 -0.273062 0.079488 0.060993 -0.047536 -0.200513 0.115233 -0.010374 0.116370 -0.015362 0.066747 0.062907 0.087248 -0.199082 -0.089392 0.003081 -0.031063 0.124023 0.128134 0.212555 -0.143068 -0.036120 -0.096784 0.239772 0.196130 -0.013030 -0.026975 -0.032314 -0.088080 
-0.230507 0.112547 0.037459 -0.085885 -0.040955 -0.058902 -0.010163 -0.046534 -0.214275 0.172388 -0.059828 0.095757 0.040889 0.088874 -0.078794 -0.031733 0.013661 0.144885 -0.098101 0.244332 -0.061529 0.200437 -0.197993 0.103355 -0.237178 0.239934 0.017563 -0.055073 -0.034795 0.038913 0.156193 -0.160833 -0.012717 -0.003444 -0.068186 -0.267118 0.117078 0.000437 -0.002034 0.161478 0.015334 0.166753 -0.099407 0.163186 0.104892 0.008142 -0.007371 -0.204676 -0.045912 -0.027754 -0.196524 -0.234388 0.024818 -0.119881 0.199494 0.069347 -0.068025 -0.031560 -0.089643 -0.016641 -0.064301 0.194837 0.051313 0.169113 
0.049503 0.162519 -0.122527 0.006424 -0.141163 -0.023632 -0.070070 0.183289 -0.051477 -0.047731 0.109677 -0.151165 0.265995 -0.137050 -0.052408 0.018720 0.090227 -0.080145 -0.046616 -0.118797 0.047297 0.050523 0.002588 0.066100 0.183746 -0.165890 -0.233759 -0.178366 -0.260251 0.123064 -0.097303 -0.022174 -0.004942 -0.099307 0.104850 -0.214788 0.075103 0.132666 0.263021 -0.203885 -0.128437 0.070526 -0.153464 -0.090265 -0.196944 0.096629 0.010611 0.156754 0.087186 -0.210761 0.125405 0.054258 0.075155 0.228905 -0.035121 -0.113296 0.166459 -0.053894 0.077869 0.224771 0.286831 0.111346 -0.011433 0.116096 
-0.179252 -0.074939 0.073733 0.141088 -0.261749 0.092196 0.174648 -0.168933 -0.079152 0.209061 -0.096883 -0.127079 0.003135 -0.269646 -0.154480 -0.139080 -0.007681 -0.291967 -0.001156 0.062423 0.223015 0.166764 -0.252520 0.030945 -0.083643 0.066765 0.031925 -0.285746 -0.094078 -0.140767 0.041101 0.079910 -0.115307 -0.112397 -0.000371 -0.096273 0.136936 -0.147489 0.095859 -0.123230 -0.150736 0.216703 0.091225 -0.023416 0.243850 0.275053 -0.053658 -0.085638 0.223652 -0.158352 0.032502 0.157357 -0.148500 0.218962 0.160641 -0.244411 0.054617 -0.052905 -0.115941 -0.077450 0.048327 0.204881 -0.004178 0.089076 
-0.059329 -0.143268 0.102667 0.200876 -0.125741 0.058860 -0.069936 -0.104318 -0.043368 0.180605 0.047469 -0.056632 0.104352 -0.111237 0.015638 0.144384 -0.034191 -0.047682 0.092423 -0.039414 -0.109860 -0.051875 -0.096770 0.047444 0.248184 0.050209 0.062704 -0.021743 -0.158306 -0.098987 -0.182170 -0.031419 -0.035853 -0.190108 -0.048959 -0.044858 -0.012296 0.116156 -0.050550 0.163004 -0.022449 -0.221453 -0.083578 -0.080913 -0.115885 0.189167 -0.138154 0.096488 -0.068322 0.202124 -0.205371 -0.090669 -0.006621 -0.005612 0.059723 0.011818 -0.158243 -0.120600 0.159641 0.112014 0.092621 0.136458 -0.152885 0.041857 
0.220248 0.058532 0.151922 0.031296 -0.108390 0.028210 0.028533 0.056945 0.028585 0.162782 -0.133940 0.061927 0.108513 -0.039287 -0.007510 -0.173315 -0.022346 -0.036967 -0.094728 0.071217 -0.091251 0.106728 -0.140438 -0.079176 -0.069304 -0.167808 0.152694 0.020541 -0.244699 0.177118 -0.117365 -0.140401 0.043115 -0.117647 0.071617 0.103096 0.059575 -0.107624 0.024991 -0.087289 -0.184193 0.062226 -0.099938 0.108805 -0.101807 0.139580 0.130382 0.045426 -0.003307 -0.115163 -0.052486 -0.034968 -0.121658 0.067279 0.089292 -0.117079 0.051360 0.012908 0.103633 0.159282 0.076771 -0.147878 0.079255 -0.159754 
-0.156668 -0.304262 0.190507 -0.015252 -0.127993 0.140024 -0.121152 -0.094915 
-0.136317 0.109692 -0.127518 -0.271409 -0.260031 -0.140151 0.244583 0.279711 
-0.013767 -0.285694 -0.102677 -0.026251 0.125989 -0.112469 0.011546 -0.076872 
-0.255776 -0.010774 0.086756 0.250305 -0.201543 -0.132952 0.301144 0.261517 
0.010002 0.069240 -0.001123 -0.301375 -0.193326 -0.037769 -0.249380 -0.361476 
-0.023525 0.367465 0.336071 0.117242 -0.079016 0.155208 -0.053189 0.025417 
-0.104340 0.163119 0.013200 0.090938 -0.214776 0.017652 0.190099 0.272951 
0.104205 -0.348162 -0.060550 0.271020 -0.035361 0.096912 -0.020503 -0.241390 
0.103778 -0.220259 -0.242029 -0.002659 0.203632 0.190345 -0.240233 -0.096096 
-0.015100 0.205223 0.185962 0.004492 -0.068392 -0.111688 0.112565 0.115376 
-0.021512 0.014168 -0.285962 0.198173 -0.216394 -0.246323 -0.095128 -0.208329 
0.011514 -0.117405 -0.147411 0.016029 -0.443823 -0.343130 0.184527 0.101185 
0.080015 -0.135528 0.057758 0.364677 -0.072885 0.155836 0.183211 0.174903 
0.204896 0.004617 -0.386848 -0.152098 -0.299888 0.012866 -0.066804 -0.187210 
0.158635 -0.047192 -0.044034 0.061904 -0.058410 0.076262 -0.365246 -0.152666 
0.246601 -0.176524 -0.023830 0.251006 -0.147994 0.218637 -0.134264 -0.192420 
0.206166 0.235807 0.326776 0.177049 0.252373 0.355485 -0.010108 0.047883 
0.139750 -0.203353 0.005906 0.319639 -0.433688 -0.313955 -0.187216 -0.346698 
-0.040177 0.131224 -0.152763 -0.101977 -0.389912 -0.007901 0.262925 0.053566 
0.006888 0.145039 0.295683 0.067612 -0.114061 -0.449871 0.387529 0.183717 
-0.152049 0.045901 0.157476 0.111892 0.233775 0.192920 -0.123601 -0.060558 
0.368120 -0.037783 -0.086739 0.008364 0.092082 0.144302 0.173645 0.102461 
0.089934 0.046063 -0.317370 -0.345154 0.268363 -0.018069 -0.282514 -0.287869 
-0.207249 -0.346358 0.262869 0.094708 -0.178013 -0.195106 0.061198 -0.082033 
-0.187046 0.135563 0.143291 0.331470 0.126887 0.295081 -0.338317 -0.279058 
-0.012614 0.259282 -0.192208 0.176345 -0.123341 -0.416027 0.131888 0.200944 
0.009701 0.228367 0.301725 -0.346120 -0.383754 -0.236945 0.100029 -0.167523 
-0.185813 0.114059 -0.059567 -0.376067 -0.448088 0.116237 0.094254 0.011387 
0.264438 -0.087899 -0.454110 -0.217763 -0.033362 -0.006224 0.066674 0.102848 
-0.044064 0.071017 -0.404707 -0.201660 0.177995 0.068709 -0.069593 -0.134641 
0.096255 -0.125493 -0.176272 -0.178968 -0.074418 -0.273383 0.166706 0.203213 
-0.061354 0.167480 -0.018921 -0.282456 0.071495 0.086053 0.065961 0.153706 
-0.312855 0.184205 0.171600 0.007556 -0.011185 -0.009222 -0.167302 -0.039160 
0.317369 -0.051173 -0.138877 -0.072747 -0.055310 0.276087 -0.047885 -0.080477 
0.007956 -0.190780 0.189576 -0.464275 -0.158952 0.110152 0.158444 0.281979 
-0.325773 0.160366 -0.074266 -0.242252 0.258835 0.025085 0.032477 -0.247764 
0.209080 -0.161391 0.024883 0.280013 0.331116 0.006534 -0.095086 -0.103423 
-0.151839 -0.098080 0.064601 0.000429 -0.288553 -0.164077 0.129059 -0.031663 
0.188690 -0.110118 -0.419144 -0.093695 0.388450 0.039387 0.055933 0.105602 
0.379228 0.226294 -0.335551 0.073440 -0.353397 -0.158708 -0.084610 -0.271444 
0.234724 0.012509 -0.052182 -0.210460 0.008986 -0.126260 -0.124162 0.057328 
0.193644 0.311083 -0.026873 -0.010740 0.064831 0.087186 0.087241 0.129390 
0.146979 0.272466 -0.273142 -0.145985 0.186491 0.278085 -0.178991 0.013746 
0.260711 -0.180721 -0.092239 0.012636 -0.046950 -0.041079 -0.065128 0.086879 
0.082348 0.379505 -0.128670 -0.157365 0.306914 -0.116596 -0.206660 -0.119521 
-0.112424 -0.103469 0.239310 0.218084 0.246713 -0.140531 -0.088415 0.158782 
0.094039 -0.163322 -0.101068 -0.138133 -0.198049 0.067211 0.034799 0.174035 
-0.208332 0.084069 -0.091071 0.177393 0.194356 0.240738 -0.253852 -0.197369 
-0.045553 0.203264 0.218245 -0.224346 0.452451 0.018299 -0.167317 -0.210319 
-0.125437 0.060926 0.251116 0.030467 -0.165509 0.070315 -0.208492 -0.277027 
-0.113449 0.112588 -0.304383 -0.304606 0.029242 0.246896 -0.006537 0.034639 
0.004317 -0.078169 -0.136505 0.259817 0.231450 0.173094 -0.076798 -0.120966 
-0.082036 -0.346028 -0.051660 -0.108605 -0.247883 -0.141457 0.154794 0.226099 
-0.199095 -0.027411 0.057957 0.160473 0.329413 0.324526 -0.019961 0.312484 
-0.088159 -0.198080 0.040642 0.047177 -0.138418 0.025896 0.250286 0.222619 
-0.292149 -0.071665 0.442644 0.106685 -0.211211 0.130942 -0.197024 -0.146138 
-0.118440 0.090701 -0.145563 0.126790 0.273564 -0.032640 0.259888 0.183600 
0.042174 -0.169476 -0.180447 -0.253307 -0.134026 -0.025147 -0.002827 0.005419 
-0.212836 0.131821 -0.004759 0.252784 -0.123127 -0.068472 0.161866 0.266254 
-0.150568 -0.308649 0.280772 0.308603 -0.231904 0.157333 0.066821 0.245767 
-0.153731 -0.195250 0.195875 0.367975 -0.013115 -0.188835 0.024754 -0.090613 
0.100236 0.119784 -0.004432 -0.294482 0.158619 -0.133162 0.049213 -0.001546 
0.042452 -0.308701 -0.310894 -0.041174 -0.074400 -0.265066 0.088764 0.164264 
-0.055809 -0.270417 0.024028 0.279344 0.169799 -0.033057 0.082594 0.000582 









0.000000 
0.000000 
0.000000 
0.000000 
0.000000 
0.000000 
0.000000 
0.000000 
0.318905 
-0.046548 
-0.105061 
0.099124 
0.269128 
0.213324 
-0.265191 
0.028149 
0.071344 
0.249263 
0.173702 
-0.161692 
-0.122990 
0.140959 
-0.345967 
-0.124002 
0.291476 
-0.013493 
0.190685 
-0.164317 
0.027234 
-0.169033 
0.377621 
0.242100 
-0.147005 
-0.110081 
0.128700 
-0.208310 
0.312593 
-0.125701 
0.103638 
0.228526 
0.140262 
0.274919 
-0.029491 
0.134146 
0.124633 
0.049357 
-0.196001 
-0.007946 
-0.094323 
0.332953 
0.162952 
0.172660 
0.153089 
0.085338 
-0.271424 
0.094183 
-0.188450 
0.210302 
0.151847 
0.144493 
-0.227681 
0.113657 
0.029717 
-0.105660 
-0.323516 
-0.257265 
-0.009894 
-0.327006 
0.037358 
-0.191256 
0.236388 
-0.166072 
-0.163820 
-0.041610 
0.226191 
0.068888 
0.061481 
-0.079884 
-0.084229 
-0.016521 
-0.138746 
-0.057116 
-0.168890 
0.126852 
-0.046891 
-0.097424 
-0.032854 
-0.095427 
-0.088082 
-0.050841 
0.035060 
-0.079854 
0.063403 
-0.024235 
0.033209 
-0.119432 
0.007129 
-0.100505 
-0.123064 
-0.058451 
-0.094771 
0.068143 
-0.223152 
-0.036000 
0.033416 
-0.204256 
-0.140546 
-0.075865 
-0.085988 
-0.123285 
0.235611 
-0.208908 
0.014351 
0.115617 
-0.099882 
-0.135906 
0.154600 
0.147246 
-0.224199 
0.184938 
0.329231 
0.336593 
-0.301360 
0.128409 
-0.233174 
0.132987 
0.373276 
0.057502 
0.123836 
0.327485 
0.026536 
0.217353 
0.188107 
-0.392136 
-0.154292 
-0.204854 
-0.322492 
-0.415927 
-0.265410 
0.011523 
0.118270 
0.195623 
-0.338038 
-0.182355 
-0.102201 
-0.099819 
-0.053218 
-0.104513 
-0.187568 
0.099256 
-0.098445 
-0.035547 
-0.098287 
-0.031013 
-0.151910 
-0.003953 
0.211309 
-0.297582 
-0.049292 
-0.025136 
0.326768 
-0.186475 
-0.158737 
0.211292 
-0.037905 
0.043949 
0.046755 
-0.083663 
0.097742 
0.138313 
-0.316670 
-0.170622 
-0.015728 
-0.174325 
-0.091464 
0.189406 
0.064622 
-0.044136 
-0.185098 
0.148535 
0.219702 
-0.187215 
-0.142473 
-0.243855 
-0.104627 
0.043253 
0.176408 
-0.161340 
-0.025977 
0.055143 
-0.142107 
0.065820 
-0.037470 
0.083440 
-0.146221 
0.142421 
-0.254332 
0.317405 
-0.119819 
0.082686 
0.214065 
-0.234873 
0.194736 
-0.023225 
-0.175860 
-0.057252 
-0.141223 
0.178730 
-0.015180 
0.312785 
0.323829 
0.581872 
0.666521 
0.465728 
0.078826 
0.454900 
3.953000 0.096394 0.105239 
