-0.479648 0.001636 0.556171 -0.331471 0.032698 -0.145192 0.094006 -0.010809 -0.012268 0.029259 -0.203424 0.177011 0.002791 -0.453285 0.102820 0.208202 0.070688 -0.072249 0.114229 0.130610 -0.212668 -0.859697 -0.051515 0.050825 -0.179930 -0.091596 -0.044611 0.158025 0.003522 -0.105544 -0.695974 -0.061378 
0.003199 -0.064767 0.058807 0.071792 0.044812 -0.014597 -0.056389 -0.015675 -0.026298 -0.011324 -0.063692 0.001841 -0.049284 -0.053669 -0.044741 -0.012941 -0.019448 0.021333 -0.052921 -0.025992 -0.025253 0.001647 -0.019599 0.008125 -0.062105 0.032717 0.040041 -0.062625 0.051142 0.082097 -0.011803 -0.050848 
-0.053259 -0.087089 -0.157557 0.368428 -0.613855 -0.056742 0.371779 -0.061858 0.045278 -0.008628 0.459739 0.365398 -0.130317 -0.187701 -0.017129 -0.201664 0.644795 0.052908 -0.027702 0.042770 -0.047364 0.293650 0.090400 -0.205265 0.003119 -0.088309 -0.238872 -0.066418 -0.018066 -0.062610 -0.001888 -0.051595 
-0.021700 0.208141 -0.074293 -0.060826 0.141234 -0.029140 -0.026059 0.049370 0.103820 -0.079328 -0.045637 0.096889 -0.085276 -0.027974 -0.013673 -0.051121 -0.009287 0.157717 0.254649 0.099918 0.108837 0.007985 -0.056323 -0.089473 -0.074743 -0.015837 -0.055358 -0.054833 0.109828 0.143965 -0.023933 0.000331 
-0.081668 0.001703 -0.028123 0.066076 0.064230 0.036668 -0.015589 0.025927 0.047296 0.081345 -0.077430 0.052595 0.077055 -0.000417 -0.018494 0.013418 -0.040413 0.079786 -0.018627 0.060754 0.074074 0.017860 0.063611 -0.091608 -0.020744 -0.083092 -0.054230 -0.055167 0.025028 0.022355 -0.022150 0.035037 
-0.065303 -0.040826 0.093997 0.125213 -0.014426 -0.029045 0.144288 -0.057730 0.066577 0.104754 0.080971 0.158720 -0.054304 -0.023161 -0.016783 -0.005032 -0.034524 0.067406 -0.035755 -0.052333 -0.016000 -0.061609 -0.054343 0.029364 -0.055120 -0.016345 0.108764 -0.000007 -0.084526 -0.024066 0.007804 -0.059648 
-0.030836 -0.277919 -0.133486 0.007699 -0.091262 -0.025659 -0.028159 -0.018411 0.000629 0.038284 0.022921 -0.006993 -0.056725 -0.043139 -0.055255 -0.153511 0.084966 -0.002709 0.000739 -0.014329 0.101817 0.140416 -0.064200 0.102107 -0.073478 -0.137268 0.034363 -0.116669 0.083631 -0.044191 0.009510 0.050633 
-0.013780 -0.036109 0.020293 -0.005138 -0.039477 -0.006808 0.004067 -0.003898 -0.000899 -0.058221 -0.011516 0.000500 -0.041459 0.040096 0.007068 -0.045458 -0.093640 -0.006041 0.010689 0.058589 -0.045988 0.026852 -0.032055 0.047807 0.031672 -0.069071 0.037678 0.004385 0.025336 0.035301 -0.022934 0.064052 
0.126266 0.030678 -0.000886 0.098998 -0.178448 -0.243093 -0.053108 -0.038961 0.049932 0.003435 -0.071719 0.116144 0.070245 -0.065913 0.050092 -0.223217 0.027388 -0.096761 -0.238743 0.069918 0.029865 -0.019057 -0.057255 -0.188118 0.061678 0.096213 0.021779 -0.260951 0.162675 0.179924 0.082546 -0.105801 
-0.078583 -0.071125 0.070591 -0.037121 0.072139 0.012456 0.172557 -0.065118 0.010741 -0.100684 0.030122 0.192925 0.095852 -0.001368 0.099668 0.022155 0.093143 -0.070672 -0.029475 -0.052123 0.096064 -0.005728 -0.166731 -0.116298 -0.063568 0.051218 -0.111720 0.020093 0.167306 0.067690 -0.002635 -0.085045 
0.082168 -0.125152 0.375632 -0.048536 -0.000146 -0.055702 0.267423 -0.069362 -0.058243 -0.082846 -0.066518 0.438834 0.505345 -0.067822 -0.019778 -0.163035 -0.051062 -0.024387 -0.041232 0.125613 0.065797 -0.032394 0.060089 -0.021482 -0.003114 -0.105172 0.080504 -0.044779 0.305773 0.183609 0.056955 -0.026664 
-0.064737 0.034925 0.398333 -0.063160 -0.076376 -0.014770 0.422183 -0.025235 0.005329 -0.004725 -0.003432 0.521227 0.347604 0.065191 0.176856 -0.086295 0.065384 -0.058143 -0.070913 0.273858 -0.066667 -0.048248 -0.001507 -0.076356 -0.001402 -0.106588 -0.049990 0.196807 0.119119 0.143869 -0.049694 -0.041044 
0.014023 -0.063954 -0.005684 0.055545 -0.062013 -0.083895 0.044991 0.053238 0.047691 0.047077 -0.079825 0.295374 0.205226 0.064547 0.069527 0.044180 0.120798 0.046861 0.030444 0.097629 0.077904 0.012879 -0.145133 -0.146970 -0.050112 -0.019975 -0.039183 -0.008120 0.090068 -0.002098 0.175928 -0.075830 
0.104946 0.212580 0.505639 0.067497 0.006915 -0.214430 -0.239204 -0.015702 -0.009223 0.101236 -0.188244 -0.095803 -0.085306 -0.013988 -0.054216 -0.088023 0.002293 -0.019674 -0.019427 -0.112590 -0.315379 -0.004529 0.089217 0.453294 -0.236799 -0.054063 0.106303 -0.032692 -0.157668 0.020362 0.043826 0.072244 
-0.209610 -0.072949 0.029252 -0.017081 -0.069937 -0.267869 0.055946 -0.090360 -0.174565 0.286884 0.053584 -0.021836 -0.053543 -0.016690 0.009267 -0.045844 -0.029199 0.005781 0.011274 -0.054729 -0.138575 -0.019810 0.110682 0.006084 -0.205176 -0.035443 -0.040026 -0.044320 -0.018238 -0.067929 -0.040805 -0.002621 
-0.071080 0.047864 0.056786 0.046880 -0.052890 -0.021601 0.153067 -0.058344 0.209554 0.007814 -0.143616 0.317650 -0.001103 0.041915 0.070852 -0.089936 0.037573 -0.065439 -0.036305 -0.058339 -0.017463 0.007479 -0.115821 -0.280860 0.123052 -0.013725 0.146450 -0.131454 0.136452 -0.097690 0.152135 -0.072689 
0.029777 0.036639 0.001039 0.073633 -0.037253 0.072146 -0.088975 0.007706 0.053855 -0.087940 0.088331 -0.006535 0.067018 0.076288 0.061674 -0.032337 -0.014222 -0.019086 0.018247 -0.036360 0.064532 0.001530 0.052483 0.018041 -0.044689 0.012354 0.084959 -0.069055 0.017730 0.053953 -0.046758 -0.044170 
-0.001085 0.045958 -0.062213 0.053339 0.026427 -0.059512 -0.030632 -0.011394 -0.055775 -0.033978 0.073748 -0.080434 -0.049366 0.043745 -0.021094 0.028088 -0.067017 0.088829 0.083404 0.089191 -0.001317 0.044211 0.015556 0.045670 -0.035112 0.008838 0.068292 0.074294 -0.028886 -0.070143 -0.061552 0.061706 
0.101935 -0.181461 -0.028211 0.006734 -0.009320 0.043797 0.163983 -0.062698 -0.041086 0.025606 0.039814 -0.052699 0.149980 -0.046040 -0.052180 -0.059861 -0.016567 -0.067544 0.029822 0.030037 0.172509 0.002676 -0.022305 0.024701 0.045054 -0.079359 -0.036290 -0.091449 0.135756 -0.039482 -0.055101 -0.033183 
0.089631 -0.052889 -0.043470 -0.073296 0.513204 0.014832 -0.030706 0.036624 -0.055990 0.036987 -0.018378 -0.153393 0.048424 0.159575 0.035431 0.499828 0.008378 0.106856 0.405821 -0.010462 0.054053 0.012248 0.089914 0.235604 -0.110153 -0.028129 0.304657 -0.074450 0.165983 0.148558 0.088857 -0.035327 
0.058193 -0.101528 -0.047469 -0.043013 0.325611 -0.023253 -0.132590 -0.020636 0.008702 0.015452 0.060797 -0.014077 -0.047098 0.114281 -0.053016 0.389347 -0.049320 0.135592 0.329016 0.072110 0.012928 0.059560 0.063778 0.156312 0.004293 -0.040405 0.269071 -0.021098 0.110520 0.060623 0.007972 -0.104214 
0.135021 -0.252356 0.021910 0.149686 -0.096647 -0.332132 -0.233680 -0.192458 -0.137725 0.017902 -0.109799 0.447024 -0.054793 0.036824 -0.287519 -0.005637 -0.207912 -0.005960 -0.039366 -0.128906 -0.246508 -0.189646 -0.131276 -0.163688 -0.015200 -0.160450 -0.036703 -0.196460 0.671648 0.192278 -0.073742 -0.360248 
-0.745053 -0.334022 -0.069657 0.040198 -0.063794 0.715467 -0.059751 0.191835 0.105801 -0.508906 0.213836 0.045645 -0.071275 -0.005236 0.020273 -0.048269 -0.130452 -0.102145 -0.039873 0.047322 -0.284041 0.238180 -0.237034 -0.092067 0.215928 -0.026014 -0.189910 0.305211 -0.590525 -0.489380 -0.068115 -0.054251 
-0.318761 -0.176695 -0.401887 -0.175359 -0.060430 0.748700 -0.009059 0.274872 -0.109950 -0.257258 0.259048 -0.008314 -0.058143 -0.136629 0.188571 -0.151731 -0.020180 -0.108999 0.011927 0.019236 0.000298 0.380334 -0.099985 -0.203991 0.384120 -0.091771 -0.058922 0.449921 -0.607677 -0.300661 0.068098 -0.044232 
-0.059657 -0.201125 -0.217682 -0.108586 -0.111732 0.320346 0.073468 0.099479 -0.119839 0.042173 0.149062 0.078485 -0.075417 0.009441 0.210675 -0.025793 0.112583 0.019129 -0.092684 -0.039073 0.056877 0.172228 -0.074893 -0.109286 0.058727 0.001165 -0.072317 0.175862 -0.063593 -0.089935 0.044500 0.066955 
-0.013075 -0.090549 -0.237568 0.072316 -0.013205 0.004234 0.002341 0.083633 0.073628 0.022943 0.036860 0.092144 0.016558 -0.034626 0.012881 -0.299116 0.087209 0.018712 0.026725 -0.152954 -0.047917 0.039617 -0.102395 -0.318298 -0.006316 0.001431 0.060668 -0.011029 -0.002443 -0.046963 0.044881 0.064936 
0.063641 0.124713 0.276865 -0.071618 -0.087641 -0.011013 -0.065232 0.005764 -0.052232 0.070085 -0.060596 -0.063631 -0.016430 -0.069426 -0.089090 0.240637 -0.007574 0.085219 0.047002 0.147167 -0.029333 -0.093815 0.046950 0.257103 -0.053605 0.078142 0.050171 0.179530 -0.033022 0.066470 -0.023386 -0.060241 
0.051771 0.063711 -0.055849 -0.003229 0.094718 -0.056950 -0.079391 -0.056688 -0.093903 -0.029061 -0.124174 0.047315 -0.146743 -0.040692 -0.123133 -0.094807 -0.038070 -0.019509 0.022308 -0.070357 -0.104683 -0.003590 0.022146 0.043968 -0.064907 0.108844 -0.048599 -0.067056 0.098433 -0.045857 -0.190019 -0.116688 
0.161763 0.130805 0.082629 0.087353 0.227522 -0.223891 0.011586 -0.084157 0.224708 0.172136 -0.057011 0.211451 0.004988 0.103143 0.003368 0.121419 0.017619 0.055175 0.171311 0.040198 0.070037 0.016708 0.124985 0.071856 -0.054991 -0.051970 0.142232 -0.051192 0.058156 0.081397 0.174433 0.020371 
-0.070644 -0.208771 -0.193030 0.061585 0.162770 0.210829 -0.021795 0.018039 0.308129 0.029684 0.122460 0.117257 -0.040258 0.053151 -0.050069 -0.073212 -0.109351 0.058276 0.110504 0.048067 0.114813 0.085279 -0.136423 -0.261001 0.194538 -0.150734 0.108308 -0.013384 0.040674 -0.007270 0.118526 0.076037 
0.046563 -0.367493 -0.196422 0.105049 0.179191 0.258215 -0.096282 0.080352 0.107582 0.029389 0.125306 0.026200 -0.080935 0.164665 -0.050173 -0.088838 -0.008494 -0.034288 0.123022 0.006762 -0.017282 0.122741 -0.173365 -0.246584 0.188076 -0.173070 0.161653 -0.014133 0.024634 -0.034891 0.070346 0.019476 
0.074701 0.156818 0.070947 -0.058695 -0.084922 -0.067105 -0.041973 -0.085063 -0.098461 0.036366 0.044448 -0.127795 0.078187 -0.160647 -0.040000 0.150616 0.206485 -0.041049 -0.004710 -0.026754 0.069872 -0.306340 0.146960 0.330597 -0.154612 0.144446 -0.068566 0.162821 -0.031632 -0.020518 -0.079762 0.066532 
-0.042096 0.110591 0.396650 -0.093651 0.110401 -0.038004 -0.027720 -0.111284 -0.292930 -0.120874 -0.165316 -0.290627 -0.079365 0.072599 0.017595 0.274517 -0.063921 -0.046410 0.071180 -0.053900 -0.132584 0.047031 -0.024556 0.178896 -0.048001 -0.015700 -0.067463 0.109570 0.148944 -0.015332 -0.119117 -0.088477 
-0.245759 -0.028495 -0.229358 0.001971 0.432344 0.208784 0.033550 0.049058 -0.027328 -0.137257 -0.394342 -0.315232 -0.106471 0.101855 0.050667 0.211138 0.084202 0.166086 0.265606 -0.021357 -0.195805 0.226910 -0.089724 0.260285 0.070161 0.072271 -0.033053 0.247592 -0.174148 -0.196755 -0.074779 -0.254664 
0.037086 0.139614 0.360011 -0.062059 -0.104214 -0.054116 -0.003889 -0.034749 -0.013753 -0.058972 -0.096002 0.143904 -0.135598 -0.139494 -0.041733 -0.206265 0.115445 -0.062334 -0.010405 0.038539 -0.086462 -0.038790 0.018594 -0.061184 -0.040145 -0.079411 -0.041011 0.022031 0.204576 0.039247 -0.108673 0.041257 
-0.291374 -0.025471 0.000802 -0.130508 -0.039262 -0.111194 0.116656 -0.201318 -0.475657 -0.015777 0.136630 0.027848 -0.157789 -0.062515 -0.043908 -0.192121 0.089121 0.026622 -0.028327 -0.002549 -0.080264 -0.095737 0.108301 0.049973 -0.088753 -0.092206 -0.122019 -0.087279 0.069384 -0.098442 -0.212470 -0.557782 
-0.348888 -0.034402 -0.262720 0.063488 -0.048424 0.747273 -0.063295 0.412567 0.004017 -0.361512 0.218734 -0.052625 -0.129316 -0.029360 0.223921 -0.037684 -0.012833 0.028783 -0.055260 -0.006161 0.034183 0.447839 -0.005324 -0.042526 0.324131 0.050004 -0.090176 0.388230 -0.578316 -0.389471 0.057872 -0.001018 
-0.439205 -0.088386 -0.423732 -0.202941 -0.116374 0.684054 -0.108816 0.373572 0.060274 -0.345990 0.216239 -0.117954 -0.070426 -0.096481 0.180806 -0.053106 -0.057680 -0.080148 -0.064262 -0.060324 -0.070958 0.283190 0.020285 -0.104888 0.313072 -0.136397 -0.014785 0.381312 -0.667205 -0.340872 -0.024247 -0.074904 
0.076111 -0.016302 -0.041766 -0.051982 -0.260987 -0.096553 -0.117114 -0.020220 0.280984 0.043340 0.082283 0.143684 -0.015981 0.067968 -0.007563 -0.151543 -0.045937 0.097186 -0.007808 0.048231 0.228518 0.124125 -0.003769 -0.033112 0.103969 0.181984 0.019860 -0.069901 0.044255 0.149071 0.014552 0.271785 
-0.048245 0.070690 0.367723 0.020305 -0.076844 -0.063413 0.075847 -0.008399 -0.107941 -0.040954 -0.044646 -0.071324 -0.058108 0.023512 0.010846 0.172794 -0.010068 0.066512 -0.118993 0.113388 -0.020553 -0.051468 0.080134 0.104494 0.003306 -0.008728 -0.073337 0.037483 -0.011715 -0.012202 0.024417 0.071292 
-0.074487 -0.013367 -0.055035 0.065138 -0.291247 0.080311 0.092852 0.019074 0.027005 0.008527 0.078996 -0.002570 -0.044111 -0.110936 -0.011048 -0.330906 0.063068 -0.159385 -0.471380 -0.068075 -0.004039 -0.007262 -0.135123 -0.141666 0.122571 0.010998 -0.014646 -0.056776 0.016448 -0.135478 -0.087632 -0.161342 
0.010041 0.118799 -0.111963 -0.040872 0.244744 -0.047560 -0.080925 -0.037319 0.032908 -0.002701 -0.040495 -0.047682 0.040162 0.165724 -0.020304 0.322878 -0.008534 0.122004 0.424719 -0.150891 -0.070948 0.079804 0.073628 0.161214 -0.081458 -0.091163 0.015889 -0.090841 0.012708 0.065875 -0.012646 0.112408 
-0.720560 -0.041613 0.167171 -0.574327 0.041766 -0.045676 -0.189331 -0.019827 -0.060391 -0.100610 -0.055037 -0.070833 -0.054799 -0.815704 -0.011205 -0.072448 -0.046469 -0.039615 -0.071949 0.078100 -0.060952 -1.108233 -0.043808 -0.178247 -0.093931 -0.104555 -0.033431 -0.052518 0.227954 -0.002026 -0.941593 -0.017525 
0.260133 -0.063230 0.049565 -0.082342 -0.016103 0.119935 -0.037669 0.073982 -0.065900 -0.083864 -0.016734 0.095170 -0.038799 0.067669 0.068171 -0.136890 0.013988 0.004563 -0.005312 -0.038302 0.006645 0.187004 -0.075669 -0.058210 -0.080671 -0.014065 -0.084178 -0.017427 0.053791 0.017859 0.160013 -0.067136 
-0.039773 -0.019498 -0.063327 -0.088122 -0.055848 -0.011680 -0.021720 0.055955 0.004507 -0.089690 -0.056891 0.054238 -0.021073 0.054615 0.027814 -0.079017 0.031182 -0.066706 0.063839 -0.028140 -0.062421 0.083087 -0.086075 -0.089538 -0.021141 -0.077627 -0.057713 -0.011432 0.077166 -0.083892 0.008483 -0.054283 
-0.030831 -0.113560 -0.128094 0.001656 -0.071461 -0.014455 0.157491 0.006569 -0.021049 -0.034955 -0.000482 -0.097715 -0.025262 -0.044014 -0.059048 -0.193467 0.086765 -0.031437 -0.015577 -0.041770 -0.018140 0.011596 -0.010862 -0.032058 -0.031490 -0.011267 0.053497 0.236403 -0.039395 -0.043075 0.004707 -0.068042 
0.080794 0.072643 0.038872 -0.077407 0.000194 -0.064410 0.043929 -0.070268 0.050447 -0.055527 -0.070126 -0.055110 -0.035491 -0.057324 -0.037810 0.009514 -0.072361 0.043028 0.083775 0.087366 -0.053887 -0.023179 -0.049077 0.046601 0.087184 0.078078 -0.050774 0.021978 -0.061314 0.072598 0.036734 -0.072196 
0.053564 -0.016070 -0.057927 -0.037919 0.011197 0.077678 -0.016510 -0.030033 -0.069525 0.005041 0.006533 -0.013340 0.039393 0.060400 0.087851 0.058709 0.011751 0.079949 0.054399 0.049541 -0.034906 -0.086355 0.004466 -0.039398 0.083400 0.045369 0.074256 -0.069590 0.026290 0.019314 -0.050110 -0.011823 
-0.088433 -0.016360 0.041935 0.014440 -0.030359 -0.066252 0.076083 -0.008207 0.030466 -0.009060 0.070129 -0.021818 -0.040337 0.066303 -0.054786 0.063091 0.054576 0.091289 0.020955 -0.072006 -0.086742 -0.066256 -0.019728 0.088335 0.070789 -0.037148 -0.072932 0.005402 0.073842 -0.031365 0.085256 0.077085 
0.043951 0.035514 -0.000151 -0.078084 0.060939 -0.015745 0.005385 -0.000272 0.066872 -0.016162 0.069587 -0.065141 -0.041536 -0.076876 0.089626 -0.078636 -0.077263 0.018905 -0.058966 -0.072329 0.044326 0.012983 -0.075671 0.023439 0.067512 -0.056926 -0.062835 0.049677 0.003386 -0.069256 0.035085 -0.044340 
0.057935 -0.056743 -0.030748 0.027197 0.019189 0.066314 -0.064751 -0.005615 -0.041525 -0.086841 0.020920 0.008615 -0.072040 0.018869 0.021656 -0.057627 -0.053902 0.054367 -0.038279 0.082100 -0.024326 -0.022273 0.013862 -0.048491 0.012477 0.042703 -0.090491 -0.075814 0.065124 0.036270 -0.028477 0.031382 
0.071204 0.032452 -0.033098 -0.001283 0.007089 -0.006173 0.084778 0.057240 -0.001337 0.014021 -0.025821 0.018299 -0.058786 0.087512 0.052349 -0.021012 0.050202 -0.077607 -0.030588 -0.065801 -0.008204 0.074950 -0.022616 -0.087403 0.025977 -0.021431 -0.071540 -0.000576 -0.076837 -0.008340 -0.060871 0.086043 
-0.061891 -0.140588 -0.172286 -0.007809 0.378221 -0.013793 -0.049299 -0.009174 -0.091438 -0.137020 -0.080452 -0.061100 -0.100737 0.121663 -0.015487 0.111818 -0.058822 -0.024310 -0.038865 -0.022406 -0.019648 -0.067949 0.033536 0.022461 -0.002841 -0.054188 0.134792 -0.032058 0.083435 -0.068809 -0.014233 -0.072840 
0.080706 -0.143764 -0.007920 0.022381 0.209718 -0.079132 -0.120671 -0.038902 0.018500 -0.027496 -0.030289 0.068103 0.081242 -0.002421 0.031520 0.233004 -0.055248 0.083759 0.209619 0.043461 -0.046091 0.090214 -0.015531 0.038005 -0.111492 -0.072567 0.045262 0.034025 0.043911 0.139638 -0.029915 0.257067 
0.082544 0.059533 0.009726 -0.021850 -0.080637 0.010143 0.057314 -0.066512 0.019056 -0.013778 -0.085609 -0.002861 0.018889 0.003951 -0.041539 0.033053 0.044688 -0.013504 0.011985 -0.077688 0.085516 0.073340 0.073774 -0.091046 -0.058488 -0.036147 0.090203 0.014013 -0.046376 -0.080035 0.013521 -0.055509 
0.020995 -0.056976 0.216834 0.031003 -0.025544 -0.037392 -0.069364 -0.036985 -0.049510 -0.057081 0.029553 -0.032473 0.055568 -0.077295 -0.065637 -0.027044 -0.027206 0.106196 -0.076909 0.110987 0.022506 -0.012707 0.045605 0.127442 -0.027046 0.036590 -0.035365 0.121734 -0.007254 0.068547 -0.057615 0.051382 
-0.084035 0.109612 0.226112 0.004114 -0.081630 -0.018877 0.084833 0.005569 0.007920 0.007329 -0.028422 -0.064734 0.047955 -0.031144 -0.032555 0.089907 -0.067568 -0.086303 0.112574 0.158732 -0.015425 -0.056310 -0.078039 -0.151021 0.001839 0.049373 0.033558 -0.106908 -0.019056 -0.074427 -0.031703 -0.051570 
0.047603 0.054093 -0.031443 0.062017 -0.052663 -0.033220 0.042610 0.045704 -0.077087 -0.083408 0.078114 0.070447 -0.007952 -0.002419 -0.062506 0.005931 0.001445 0.067954 -0.060094 0.071804 -0.087603 0.010514 0.080836 0.019410 -0.043260 0.073840 0.033929 0.067134 0.086984 -0.064549 -0.001763 0.042910 
0.081221 0.058470 0.013251 -0.063119 -0.066426 -0.035816 0.074261 -0.051836 -0.027547 0.060699 -0.073066 0.056177 -0.033397 -0.043895 -0.029569 0.059724 -0.067618 0.002014 0.039852 -0.063544 -0.079148 0.029011 0.047543 -0.030732 0.011175 -0.010205 -0.055275 0.006482 0.016922 0.034639 -0.042284 0.006466 
-0.010449 0.144826 0.094229 0.030636 -0.277895 0.012740 0.205174 -0.016299 -0.023727 -0.047386 -0.025195 -0.024384 -0.042299 -0.036427 0.016517 -0.172297 -0.080011 -0.027741 -0.156249 -0.037511 0.075542 -0.044823 -0.011947 -0.075229 -0.000496 0.188628 -0.086624 -0.115990 -0.039140 -0.037616 0.041513 0.008327 
-0.024430 -0.155742 -0.050912 -0.033337 -0.077893 -0.043342 0.147634 -0.085921 -0.014360 -0.113044 -0.035590 -0.026288 0.174435 0.087945 -0.117249 -0.034630 -0.009882 0.005428 -0.080345 -0.063968 0.157522 0.074335 -0.012176 0.061049 -0.033404 -0.003072 0.084407 0.017520 0.257834 0.005687 0.090956 -0.049551 
0.021530 0.025514 0.171393 -0.014065 -0.038622 -0.063048 0.368535 -0.037526 -0.133406 -0.000666 0.026571 -0.059158 -0.054356 0.063878 0.137994 -0.131113 -0.063667 -0.073449 -0.074891 -0.032955 0.038340 -0.012136 0.058565 -0.029176 -0.070219 0.155584 0.047644 0.019256 0.063805 0.018850 0.019650 -0.013320 
-0.054859 -0.080552 0.021672 -0.081391 -0.040966 -0.005066 -0.030766 0.016670 0.023170 -0.045099 0.026566 0.027661 -0.059093 0.016623 0.061219 0.020682 0.027273 -0.069367 0.060167 -0.023463 -0.087747 0.006776 0.002190 0.013880 -0.083480 0.001618 -0.073999 -0.056444 -0.034686 0.043482 0.002031 0.002131 
0.054606 -0.067973 0.012417 -0.078036 0.018637 0.073327 0.030311 -0.049870 -0.063448 -0.034800 0.069468 -0.030864 0.073499 0.039010 0.081494 0.009096 0.061319 0.049984 0.077309 0.065249 -0.034917 -0.012177 -0.012548 -0.026720 0.081117 0.005129 0.008513 -0.045245 -0.043065 -0.081133 0.048563 -0.080136 
-0.108809 -0.279340 -0.163222 0.049370 -0.083449 0.251379 -0.168355 0.066128 0.095026 0.070163 0.170730 0.041356 -0.002332 0.051902 -0.021343 -0.151884 -0.061884 -0.075686 -0.169583 0.037453 0.068261 0.226863 -0.205493 -0.080304 0.191173 -0.066601 -0.029524 0.078247 -0.087588 0.034136 0.041416 0.034589 
-0.052872 0.040943 0.032669 -0.010242 0.004759 0.035683 0.060617 0.025450 0.016487 0.008935 0.027964 -0.055375 -0.052930 -0.052103 0.025759 0.026866 0.036817 0.080465 -0.019931 0.021883 0.030947 -0.001772 -0.003611 0.078234 -0.066777 0.017327 -0.009221 0.062115 -0.004848 -0.085135 0.041901 0.033956 
-1.092966 -0.019025 -0.067546 -0.039211 -0.073736 -0.840143 0.806477 -0.140701 0.001599 -0.268335 -0.144610 -0.003334 0.267478 -0.547846 -0.023775 -0.062248 0.877868 -0.053832 -0.071710 -0.065684 -0.044278 -0.529203 -0.080737 -0.021740 -0.057904 -0.170979 -0.051075 -0.190858 0.906675 0.314866 -0.026582 -0.033987 
-0.026044 -0.004561 0.017112 -0.007468 -0.011907 0.003129 -0.064080 0.081358 -0.074567 -0.084390 0.030017 0.070663 0.012735 -0.086135 -0.022318 -0.084705 0.052812 -0.001741 -0.059521 -0.085043 -0.076452 -0.047781 -0.014645 -0.042158 0.046415 0.026192 0.078964 -0.036200 0.017254 -0.040987 0.020345 0.082886 
0.046128 -0.054219 -0.016258 -0.057456 0.040586 0.011338 -0.067774 0.057695 0.018624 0.053919 0.036682 -0.060318 0.059461 -0.077313 -0.053346 0.020596 0.012622 -0.021191 0.027229 0.027847 0.022705 -0.079093 0.077366 -0.022556 0.038776 0.064653 0.032920 -0.035647 -0.068010 -0.038412 -0.044438 0.069794 
-0.000955 0.030980 -0.079338 -0.052045 -0.049358 -0.055436 -0.086027 0.060942 0.090160 0.042332 -0.091052 0.057944 0.056696 -0.052722 -0.013137 -0.022358 0.017763 -0.077584 -0.086188 -0.051209 -0.065000 0.082855 0.017911 0.065452 0.055832 -0.040845 -0.061871 0.079498 0.012420 -0.014633 0.057616 -0.080211 
-0.075329 0.069954 -0.040580 -0.033011 -0.077158 -0.034930 -0.063745 -0.078675 -0.084275 -0.063121 0.070946 0.064098 -0.024166 -0.033868 -0.049937 0.085273 -0.019775 -0.044449 -0.057612 0.006901 -0.053271 0.051976 -0.019323 -0.089115 -0.080546 0.010482 0.082059 0.023551 0.087526 0.047998 0.035016 -0.079480 
0.026276 0.086112 -0.020814 0.040794 -0.040494 0.007117 0.053795 -0.033093 0.035672 0.033065 -0.060672 -0.080171 0.090873 -0.018932 -0.086574 -0.020578 0.028295 -0.052509 0.077999 0.066702 0.091143 -0.033001 0.069263 -0.081079 0.069158 0.059645 0.034148 0.065007 0.015967 -0.022513 0.077204 -0.049434 
-0.028077 -0.035287 0.083036 0.023105 0.063506 0.045155 0.081689 0.007502 -0.013457 -0.070659 0.019008 -0.014260 0.002085 0.024110 0.056838 -0.061296 0.063277 0.043161 -0.086271 0.062744 -0.081517 0.074668 0.073342 0.079318 0.042637 0.015814 0.052649 -0.033073 0.084977 0.038176 0.009169 -0.034776 
-0.088788 0.000528 0.080005 0.066395 -0.045994 0.070018 -0.017780 0.032226 0.091035 -0.090449 -0.073711 0.001443 0.025338 0.074803 0.031824 -0.003061 0.026287 0.037229 -0.031993 0.036447 0.020221 -0.050328 0.024089 -0.028819 0.057162 -0.014939 0.029784 0.050463 -0.068439 -0.052724 -0.075990 -0.065550 
0.039481 -0.087661 -0.090832 0.085164 0.074033 -0.016935 0.025713 0.073392 -0.015708 0.043678 -0.016841 -0.082046 0.026805 -0.076694 0.006569 -0.038584 0.052212 0.066252 0.089540 -0.019244 -0.075752 0.021953 0.043614 0.073087 -0.084663 -0.018279 0.031873 -0.061426 0.020674 0.047560 -0.035300 -0.031522 
0.051576 -0.034455 -0.038035 0.033933 0.040286 0.079355 0.015648 -0.067098 0.031356 0.090484 -0.057468 -0.033515 -0.077887 0.040778 0.019578 0.066003 0.015354 0.017441 -0.044918 0.031278 -0.052283 0.090372 0.012688 -0.045269 -0.019583 -0.047115 -0.015018 -0.090586 -0.091232 0.041359 -0.030432 0.052021 
-0.084773 0.023209 -0.005723 0.047190 0.010887 -0.081751 0.071768 -0.049433 -0.082944 -0.077376 0.008729 -0.069154 0.055079 -0.063370 0.088525 -0.021243 0.045747 -0.048069 -0.081642 0.085141 -0.049374 0.022723 -0.051805 0.022719 0.067285 0.024853 0.023810 0.067730 -0.025465 0.085054 0.028074 -0.018561 
0.016587 -0.069326 -0.063048 -0.064202 -0.059400 -0.082956 -0.021958 -0.050667 -0.068655 0.078447 -0.028145 0.078101 -0.076600 -0.031296 -0.034819 0.060824 0.012311 -0.024784 0.054288 0.054614 0.089616 -0.089193 -0.014343 0.065224 0.027337 -0.082210 0.041278 -0.089804 -0.088832 -0.022325 -0.016689 0.019432 
0.000026 0.011940 0.046906 0.032302 0.020660 -0.066729 0.073311 0.043682 -0.079959 -0.046510 0.030106 -0.064883 0.013871 0.086963 0.087618 -0.065494 -0.029497 0.050229 0.080797 -0.031558 0.052713 -0.025223 -0.058011 -0.011627 -0.015756 0.074944 -0.009755 -0.012912 -0.039058 0.065233 -0.085157 0.052645 
-0.014504 0.053426 -0.006730 -0.085520 0.078374 -0.025095 0.049838 0.090091 0.020072 -0.011732 -0.066468 -0.057734 -0.016446 -0.070527 -0.031552 0.045734 0.071379 -0.042432 -0.077501 0.032415 0.024022 -0.043835 -0.070889 -0.083410 -0.060568 0.011033 -0.004645 -0.007950 -0.015411 0.001875 -0.046982 0.061761 
-0.036376 0.037965 0.067917 -0.049679 -0.078806 0.026079 -0.051264 0.032943 -0.077330 -0.026055 0.066885 -0.002099 -0.004906 -0.056343 -0.048042 -0.025203 -0.007098 -0.033867 -0.084464 -0.074752 0.013974 -0.063676 -0.066486 0.045082 0.039033 0.020545 -0.054544 -0.068055 -0.069257 -0.009849 0.085382 -0.013956 
-0.051736 0.137790 -0.047722 -0.049224 -0.052703 -0.036986 0.023991 0.000841 -0.049208 0.113928 -0.077723 -0.058157 0.046962 -0.036080 -0.074772 0.082900 -0.038932 -0.070725 0.112801 -0.073290 -0.031647 -0.108661 0.064748 0.063010 -0.046754 -0.071593 -0.074746 -0.092344 -0.011438 -0.075549 -0.022048 0.000790 
-0.038138 0.154454 0.286942 -0.093644 0.166061 0.019092 0.000086 -0.001012 -0.161416 0.054023 0.048974 -0.100036 -0.029641 -0.001107 -0.073757 0.400010 -0.037769 0.047342 0.142253 0.028596 -0.040115 0.021640 0.187567 0.368649 0.001214 0.094446 0.050544 0.120734 0.012351 0.046721 -0.023515 -0.149765 
-0.075434 -0.032978 -0.068388 -0.013792 -0.060597 -0.079861 0.090249 0.052599 -0.083062 -0.043248 -0.024763 -0.034357 0.018899 -0.024750 -0.059290 -0.082804 0.069562 -0.052210 0.046347 -0.083343 -0.059712 -0.012995 -0.004536 -0.044662 -0.053858 -0.038303 0.074766 -0.082534 0.076428 -0.040017 0.054274 -0.090682 
0.018682 0.077562 -0.012797 0.049762 0.089377 -0.014225 0.010684 -0.085362 0.034203 0.077598 -0.028042 -0.038574 -0.038828 0.004344 -0.029702 -0.060943 0.043810 -0.075031 -0.052609 0.075775 0.003650 0.034531 -0.060564 0.041469 0.087904 -0.077474 0.050611 0.072656 -0.025814 0.013208 0.073650 0.084545 
-0.016854 0.771555 -0.385307 -0.037305 0.005471 -0.037070 -0.126043 -0.009478 -0.052369 -0.282943 -0.072321 -0.024308 -0.025174 -0.075263 0.240083 0.002029 -0.194260 0.237079 -0.088564 0.023900 0.007670 -0.045648 0.271897 0.332146 -0.044448 -0.061898 -0.014802 -0.043099 -0.382163 -0.021590 -0.014616 -0.038237 
0.033097 -0.029359 0.042351 -0.011952 0.023954 -0.046216 0.068880 0.063190 -0.071150 0.019461 -0.028080 -0.000063 0.032017 -0.088616 0.023158 0.061218 0.073268 0.030477 0.002394 -0.005346 0.068908 0.076715 -0.087732 -0.061811 -0.073383 -0.005786 0.056686 0.064758 0.058134 -0.015303 -0.073038 -0.000445 
0.098291 0.089788 -0.162027 -0.017234 -0.242546 0.024100 -0.100043 -0.053275 -0.058844 -0.048202 -0.008920 -0.094850 0.030854 0.002712 0.003764 0.034010 0.057965 -0.012772 0.223737 -0.002772 -0.014036 0.066236 -0.107082 -0.045354 -0.016279 -0.040570 -0.048750 -0.119683 -0.038051 -0.066996 0.013880 -0.121588 
-0.047415 0.037158 -0.019694 -0.032641 0.001964 0.022787 0.002660 0.077907 -0.054488 -0.053778 -0.089162 0.054651 0.004617 0.080015 -0.037972 0.001813 -0.023443 -0.044264 -0.023759 0.041491 -0.046612 -0.019466 -0.058635 0.036931 -0.050163 -0.002327 0.086931 -0.004487 0.072621 0.044810 -0.003474 -0.066470 
-0.009708 0.068509 -0.007434 0.083933 -0.000381 0.086902 0.070164 0.036808 -0.058552 0.072678 -0.000217 0.037742 0.061016 0.053488 -0.052122 -0.054103 -0.082453 0.015796 0.079064 -0.037388 0.088006 -0.071248 0.091219 -0.053833 0.018102 0.086474 0.033356 -0.000953 0.039608 -0.061794 0.024253 -0.061777 
-0.082891 -0.077074 -0.069039 0.574588 -0.080367 -0.091025 -0.047860 -0.046279 -3.738285 -0.883504 0.282816 -1.151148 0.005635 -0.060242 0.885421 -2.082910 0.262702 -2.148113 -3.083699 -0.046418 -0.049073 -0.695588 -1.486835 -0.367353 -0.756578 0.237875 -0.078424 -0.773555 -0.011504 -1.270379 0.649096 -2.669360 
0.088148 0.443032 -0.143352 0.168442 0.000168 -0.060574 -0.114327 0.004183 -0.055708 -0.024532 -0.074975 0.022289 -0.086101 -0.007213 -0.005146 0.114358 0.015291 -0.040141 -0.024446 -0.034117 0.033935 -0.013074 0.211517 -0.154517 -0.179555 0.223595 -0.056028 -0.112735 0.027473 0.008849 0.114515 0.027271 
-0.067780 -0.046816 -0.039614 0.087116 0.061694 -0.019483 0.040304 -0.061901 -0.008119 -0.055525 -0.089083 0.034034 0.020558 -0.010627 0.031095 0.072588 0.044400 -0.020607 -0.062362 0.075543 -0.083228 -0.091157 0.077598 -0.031736 0.076925 -0.001503 -0.019600 0.007754 0.051494 -0.040108 0.084854 0.075390 
-0.128422 -0.048915 -0.990812 -0.024943 0.154507 0.002395 -0.155743 -0.073783 0.004190 0.802025 -0.314508 -0.016538 0.470824 -0.008187 -0.033695 -0.848417 -0.121742 -0.005000 0.457792 -0.713617 -0.002310 -0.041614 -0.053839 -0.020111 -0.083152 -0.953856 -0.296247 -1.236046 0.359716 0.082560 -0.206903 -0.014606 
-0.065021 0.023557 0.050363 0.052411 -0.048664 -0.036769 0.070049 -0.084732 0.062047 0.030044 -0.008565 0.058559 -0.070542 0.048512 0.007794 0.083294 -0.048448 -0.059105 0.062225 0.038465 0.043272 -0.082256 -0.072727 0.052469 0.028692 -0.084489 0.021484 0.007856 0.080280 -0.025789 0.083450 -0.076418 
0.089444 0.042136 0.067669 -0.050896 -0.086309 0.046042 -0.043951 0.067414 -0.015590 0.039160 0.034296 0.005544 -0.004004 -0.049587 -0.002839 0.039224 -0.017014 -0.032291 -0.013988 -0.065419 -0.022870 0.004961 0.078727 -0.085855 0.012149 0.008534 0.013678 0.000752 0.074422 0.005451 0.016010 0.072190 
-0.044089 -0.007997 -0.070382 -0.038722 -0.053631 -0.022657 -0.062984 0.022455 -0.075173 0.062989 -0.063677 0.012499 -0.078274 0.025161 -0.039954 -0.003612 0.084547 0.037734 0.022645 -0.030000 -0.048981 0.009696 -0.024178 0.054845 -0.073447 0.081176 -0.036080 -0.090702 -0.005049 0.071607 0.073165 0.042538 
0.237540 -0.217400 0.183830 0.118662 -0.042791 -0.308196 -0.126490 -0.048542 -0.102979 0.111733 -0.088621 0.000748 0.086113 -0.004557 -0.048622 -0.058414 0.096935 -0.104592 -0.172461 -0.034598 0.064847 -0.032699 -0.115329 0.068908 -0.180936 -0.102823 0.024497 -0.129086 -0.025944 0.119693 0.226636 0.040903 
0.051221 0.053174 -0.061049 -0.061902 0.086966 -0.029024 0.026765 0.091622 0.031414 0.036525 -0.073844 0.024526 -0.086417 0.031141 0.012811 -0.081053 0.067807 0.060796 -0.031295 0.021922 -0.004914 -0.016811 -0.007184 -0.085166 0.049932 -0.033277 -0.076202 -0.084979 -0.077426 0.067583 0.029000 0.064313 
0.081352 0.110771 -0.090094 0.184307 -0.064011 0.099732 0.151972 0.073078 -0.029129 0.118642 -0.005351 -0.025690 -0.017048 -0.085307 -0.012369 -0.043879 0.197397 0.033992 -0.170737 -0.031224 -0.059418 -0.026737 -0.026331 0.010515 0.089437 -0.010070 -0.013447 0.156399 -0.033621 -0.012650 0.212861 0.100420 
-0.204049 -1.191637 -0.032639 0.000649 -0.050475 -0.043122 -0.184345 -0.019065 0.540375 0.007065 -0.160182 -0.311737 -0.006729 -0.020390 -0.323987 -0.058784 -0.062471 -0.009336 -0.075831 -0.033402 -0.885492 -0.001501 -0.484115 -0.165275 -0.057168 -0.302412 -0.037103 -0.052247 -0.030259 -0.010557 -0.265317 0.319505 
0.015307 0.179262 0.300458 0.027108 -0.082809 -0.038218 -0.061667 -0.072803 -0.059131 -0.049708 0.008755 -0.084224 -0.007558 -0.055962 0.059649 0.290454 0.029054 0.105729 -0.088257 0.081323 0.011375 -0.024341 0.005123 0.207535 -0.037353 0.003935 0.021759 0.072001 -0.020286 0.087919 0.040641 0.029914 
0.018597 -0.002043 0.011097 0.035176 0.051331 0.066908 0.051644 0.083749 -0.070319 -0.041727 -0.082497 0.044526 -0.012800 0.077200 0.000780 -0.066706 0.072188 0.011600 0.043424 -0.031152 0.065568 0.073174 0.032622 -0.025011 -0.024779 -0.045797 0.037857 0.040445 -0.086933 -0.032054 0.010707 0.023340 
0.057580 -0.069872 -0.033161 0.017234 0.088713 -0.073193 0.009307 -0.073282 -0.023244 0.018486 0.062920 0.055633 0.004009 -0.027976 0.080604 -0.015479 0.075300 0.032352 0.045045 0.049191 0.013849 -0.014009 -0.067497 0.080747 0.031870 0.062037 0.029515 0.036613 -0.061694 -0.051454 -0.031724 0.087562 
-0.029649 0.026792 0.013120 -0.032613 0.045276 -0.069250 -0.014219 -0.069645 0.040913 -0.042975 0.077665 -0.046754 0.020725 0.066593 0.029443 0.004348 0.007268 -0.017188 -0.038138 -0.070559 0.060479 -0.013958 -0.081488 0.000673 -0.043597 0.039704 -0.054391 -0.013614 0.079926 0.005562 -0.017728 -0.041400 
-0.059322 0.087069 0.017664 0.077630 -0.073858 -0.088232 -0.083691 0.058732 -0.039531 0.085650 -0.079699 0.072870 0.060566 0.041421 -0.014458 -0.023842 -0.067443 0.039080 -0.002724 0.084713 -0.066554 0.007464 -0.006291 -0.018474 -0.044509 0.030995 0.059588 -0.056259 -0.055120 -0.049817 -0.005982 -0.022765 
-0.051888 -0.082709 -0.036222 -0.036292 -0.077450 -0.028816 -0.068725 -0.024124 -0.034838 -0.055852 -0.041992 -0.067089 0.076594 0.034795 -0.005428 -0.084677 -0.017219 0.099886 -0.091422 0.007677 0.009300 0.006115 0.088846 0.052522 -0.066592 0.044003 0.091363 -0.029832 0.088888 -0.007616 0.037105 -0.054978 
-0.282495 -0.170957 -0.435988 0.052290 -0.045982 0.833304 0.084062 0.384326 -0.007516 -0.296909 0.327814 -0.008189 -0.114863 0.083837 0.349316 -0.096728 -0.010372 0.030343 0.022960 -0.012894 -0.041934 0.687111 0.002935 -0.092038 0.359772 0.009536 -0.008288 0.405353 -0.656174 -0.338892 0.233208 0.026445 
0.258910 -0.212006 -0.270264 0.052066 0.012415 -0.045467 0.132382 0.011123 0.015809 0.052120 0.057121 0.184825 0.288307 -0.077198 0.110878 0.175467 0.292331 -0.004538 0.017058 -0.049825 -0.023878 0.200059 -0.003555 -0.177181 -0.111214 -0.059275 -0.091759 0.088530 -0.129620 -0.093459 0.483358 -0.075098 
-0.038490 0.076888 0.063756 -0.069798 -0.075651 -0.033305 0.045274 -0.002431 0.017824 -0.076132 0.055524 -0.056015 -0.059229 -0.012050 -0.072320 -0.086250 0.076409 0.067197 -0.070693 -0.057747 -0.042068 0.013265 0.091513 -0.035887 0.044648 -0.028043 -0.014399 -0.028606 -0.014626 -0.066060 -0.020343 0.038560 
-0.773886 -0.322766 0.084201 -0.715018 -0.021359 -0.175009 -0.060836 -0.062521 -0.010010 -0.056546 -0.301232 0.011085 -0.003072 -0.717423 -0.155751 -0.135712 -0.208776 0.040408 0.033035 0.245055 0.033245 -1.360708 -0.071926 -0.107411 -0.086205 -0.314521 -0.025228 -0.144007 0.095809 -0.149785 -1.093761 -0.011954 
-0.040244 -0.035539 0.342188 0.113360 0.038450 -0.220569 0.025199 -0.247797 -0.116425 -0.104195 -0.144821 -0.015195 0.053112 -0.071625 -0.330472 -0.092260 -0.050219 -0.012664 -0.119904 0.034243 0.001535 -0.015928 -0.088948 0.066760 -0.115793 0.025674 -0.024338 0.056691 0.528647 0.022440 0.023300 -0.030832 
0.587002 -0.091557 0.055203 0.311109 0.033789 -0.236547 -0.156820 -0.414893 -0.849856 0.006994 0.148165 1.395424 -0.094531 0.004477 -0.040661 -0.121358 -0.040718 -0.012512 -0.185960 -0.049689 0.036141 -0.189596 0.016576 -0.321874 0.223257 -0.064048 -0.150188 -0.163935 1.561779 0.892437 -0.024183 -0.701540 
0.180895 0.036811 0.147624 -0.138247 -0.070361 -0.038481 -0.009487 -0.165215 -0.325305 0.139154 -0.328643 -0.009944 -0.042043 -0.063248 -0.209593 -0.099234 -0.101807 0.000196 -0.092137 -0.076636 0.207487 -0.038634 -0.059719 0.080080 -0.095521 0.017205 -0.048314 -0.196325 -0.156959 -0.114063 -0.031968 -0.390381 
0.106032 -0.093700 -0.171869 0.003486 -0.043066 0.036780 -0.020731 0.160589 -0.057311 0.156734 -0.032691 -0.077361 0.069116 -0.058465 0.011414 -0.107179 -0.083209 0.034839 0.095753 -0.013142 0.056211 -0.033055 0.039155 -0.082634 -0.024781 0.015343 -0.062792 -0.052628 0.110411 0.027321 -0.060372 0.195294 
0.046408 0.291564 0.203924 0.040343 0.117440 -0.473343 0.031975 -0.157649 0.322229 0.172798 -0.243826 -0.279612 0.188843 -0.033862 -0.047856 0.192887 0.101956 -0.014175 0.178222 0.064072 0.165780 -0.239987 0.157466 0.207980 -0.253252 0.181068 0.035376 -0.341184 -0.183738 0.047264 0.051254 0.269942 
-1.110485 -6.804303 -0.070378 -0.009367 -0.005483 -0.021409 -0.967953 0.280303 0.773276 1.423606 0.230402 -1.576660 -0.199313 -0.079582 0.682278 0.048166 -0.050988 -0.024017 -0.036031 -0.052064 -5.504441 1.010310 -2.380544 -0.040878 -0.695020 -1.333066 -0.016918 -0.062410 -0.026578 -0.029461 0.542216 2.207312 
-0.092683 -2.327874 -0.379797 -0.046698 -0.071763 0.020887 -0.327932 -0.068403 -0.171456 -0.001772 -0.173869 -0.127379 -0.798321 -0.096760 -0.046223 0.247496 
-0.173090 -0.473486 0.295068 -0.097231 -0.082637 -0.129585 0.086873 -0.056562 -0.591149 -0.299899 0.180153 -0.130912 0.676066 -0.355436 -0.066647 -0.343493 
-0.149527 -0.275084 0.243045 0.134184 0.059472 -0.078873 -0.309888 -0.043163 -0.041953 -0.142063 -0.110333 -0.071249 -0.439681 -0.311833 -0.103125 0.233424 
-0.149034 -1.223883 0.043398 -0.075194 -0.162073 0.040274 0.128467 -0.220663 0.004484 0.138880 -0.006426 -0.096874 -0.139612 0.087679 -0.099439 0.274105 
0.060189 -0.073087 -0.193706 0.136368 0.039225 -0.060074 0.262012 0.684078 0.020789 -0.091270 -0.087743 -0.034759 0.013703 0.066249 -0.006071 -0.136640 
0.080303 0.098041 0.010182 -0.153371 0.118946 -0.053856 -0.072532 -0.053685 -0.063651 0.005019 -0.013199 0.092194 -0.047911 0.143122 -0.221381 -1.534735 
-0.086982 -0.302372 0.045471 0.212558 -0.050153 -0.091168 -0.836284 -0.207007 0.071627 -0.082516 -0.080936 0.053329 0.053630 0.053142 -0.185605 0.476957 
0.106444 -0.017536 -0.069840 -0.117812 -0.136593 -0.078149 0.009327 -0.102554 -0.186155 -0.235480 -0.123071 0.072812 -0.132620 -0.262039 -0.093909 -0.522264 
-0.060574 -0.329938 -0.374145 -0.387453 -0.023858 -0.293072 0.469382 -0.281053 -1.060408 -0.440531 -0.130845 -0.079042 -0.218721 -0.678835 0.081280 0.189290 
0.083408 -0.089886 -0.286135 -0.008261 -0.019391 0.010815 -0.030057 -0.268733 -0.452890 -0.119011 -0.138862 -0.153721 -0.193272 -0.172727 -0.113641 0.527710 
0.019236 -0.204282 -0.133360 -0.494088 -0.076866 -0.014751 -0.228420 -0.472476 -0.363411 0.042724 -0.092017 -0.087496 -0.273622 -0.246706 -0.460923 -0.870130 
0.096544 -0.132772 -0.308016 -0.207797 -0.179160 -0.084933 -0.054683 -0.425917 -0.373944 0.022062 -0.072243 -0.038643 0.192382 -0.220505 -0.044225 0.594402 
-0.101419 -0.234559 -0.166944 -0.348125 -0.069338 -0.077034 -0.377934 -0.078238 -0.434902 -0.046646 0.122098 -0.054636 -0.305709 -0.028418 0.060787 0.522527 
-0.053944 -1.311120 -0.102448 -0.038150 -0.164533 -0.149324 0.035892 0.173652 -0.070668 0.103982 -0.086691 -0.063071 -0.426394 0.113400 -0.106994 0.250018 
-0.195954 0.095571 -0.056062 -0.233411 0.043422 -0.015504 -0.511473 -0.440138 -0.153332 -0.207378 -0.006683 0.036419 -0.042986 -0.186125 -0.338770 -0.468343 
0.127072 -0.110103 0.405968 0.061691 0.139671 -0.161332 0.072902 0.556837 -0.409868 0.033719 -0.102680 -0.043405 -0.164530 -0.176296 0.189478 -0.258242 
-0.174132 -0.112888 -0.098528 0.070212 -0.248409 -0.157955 -0.348692 -0.091050 0.033215 0.048338 -0.028444 -0.024226 -0.172255 0.014616 -0.182420 -0.194204 
-0.065547 -0.056606 0.165538 -0.063364 -0.002928 0.020185 -0.051078 0.136235 0.061962 -0.081908 -0.149146 -0.130819 0.196809 -0.165454 -0.071932 0.051441 
0.160806 0.062485 0.030298 -0.203119 -0.159711 -0.263064 0.003046 0.550034 0.084797 -0.065680 -0.022251 -0.016400 -0.278375 -0.139545 -0.008201 -0.047852 
0.090208 -0.150927 0.073169 0.048014 0.141980 -0.067602 -0.271100 -0.175621 0.026190 -0.114183 0.097959 -0.089377 -0.038410 -0.010475 -0.291803 0.159998 
0.004786 0.122506 0.050821 -0.349461 -0.004762 -0.079717 -0.242031 -0.305749 -0.442998 -0.099273 -0.175355 0.100522 -0.019238 -0.033456 -0.394287 0.008171 
-0.137591 -2.603372 -0.376866 -0.469162 -0.174110 -0.155102 0.094353 -0.084651 -0.681825 -0.287076 -0.119644 0.037817 -0.653664 -0.515852 -0.148866 -0.900487 
-0.221870 -0.204453 0.173285 0.102813 0.040264 -0.064258 -0.162530 0.126268 -0.230128 -0.066536 0.160495 -0.039932 0.219932 -0.265760 -0.406709 -0.128534 
-0.226012 0.013429 0.461157 -0.080495 0.090296 -0.072007 -0.193552 0.305993 -0.121513 -0.023499 -0.037528 -0.128946 0.165043 0.189013 -0.198509 -0.078416 
-0.229529 0.175037 -0.114621 -0.464049 -0.221523 -0.231220 0.188544 -0.222862 -0.407332 0.038208 -0.135276 -0.163595 -0.123653 -0.284895 -0.119367 -0.695379 
0.053567 0.009423 0.243920 -0.112656 -0.087982 0.096207 -0.068075 -0.180777 -0.361903 -0.055728 0.005562 0.154369 0.329430 -0.119299 -0.023108 0.068281 
-0.109093 -0.056847 -0.090130 0.085830 -0.140763 0.097870 0.220064 0.229934 0.085483 -0.125223 -0.139390 0.112178 -0.242914 0.140538 -0.178135 0.103723 
0.102000 -0.035701 -0.024088 0.206304 0.038695 0.029105 -0.246955 -0.198973 0.076062 -0.039993 -0.156206 -0.128533 -0.240919 0.010921 -0.093444 -0.772472 
0.159468 -0.217850 -0.159604 -0.212491 -0.220948 -0.118264 -0.261357 0.175383 0.146319 0.019143 0.078601 -0.187495 -0.184291 0.026665 -0.292666 0.469991 
0.097752 -0.205957 -0.005758 0.120468 -0.000224 -0.053387 -0.223786 -0.017551 0.241831 0.061311 -0.015465 0.114063 -0.362072 -0.117363 -0.019186 0.463913 
0.104866 -2.268043 -0.339528 -0.199360 -0.057011 0.014877 0.075532 -0.166666 -0.465471 -0.015109 -0.095905 -0.033891 -0.805450 -0.196554 -0.219615 -0.071361 
-0.031020 -0.171445 -0.013347 -0.434955 -0.089980 -0.140044 0.066988 -0.266751 -0.805807 -0.425010 -0.051371 0.011479 -0.257559 -0.452151 0.039393 -0.144436 
0.168835 -0.011431 0.010940 -0.024353 -0.151460 -0.109496 -0.146279 -0.101555 0.002047 0.133818 0.133870 -0.190427 -0.142432 0.239321 0.175925 0.082701 
-2.178641 -0.022154 -0.201795 -0.033115 -0.367176 -4.201106 -0.227625 -0.927135 -0.508545 -0.214833 -0.348441 -0.125574 -3.774803 -0.244117 -0.106268 -0.464049 
-0.743586 -0.178195 -0.075654 -0.191606 -0.099002 -0.415728 -0.396143 -0.113910 0.545952 -0.021947 -0.166743 -0.162225 -0.564547 -0.062507 0.146296 -0.186980 
-0.135433 -0.211129 0.123436 0.399242 0.059866 -0.286595 -0.297687 0.011454 0.185124 -0.111711 -0.024985 -0.217814 -0.274299 -0.138858 -0.280128 -0.032049 
0.008447 -0.004873 0.047576 -0.281568 0.071843 0.002513 -0.118826 0.027731 0.175108 -0.224209 0.011898 -0.510710 -0.057481 0.098714 -0.196481 0.012723 
-0.064422 0.234770 0.060465 0.042638 0.023832 0.157750 -0.266266 -0.055484 -0.058191 0.153728 -0.059066 0.096510 -0.216447 0.114733 0.113367 -0.144689 
-0.897519 -0.370207 -0.171213 -0.408829 -0.237130 -0.819649 -0.420248 -0.012839 -0.523154 -0.009054 -0.329054 -0.600189 -0.532057 -0.225529 -0.114621 -0.137448 
-0.391400 -0.165108 -0.128196 -0.127151 -0.272362 -0.072551 -0.379031 -0.021812 -0.083575 0.137379 -0.331330 0.012631 -0.132368 -0.171305 -0.284788 0.741707 
-0.240490 0.125776 -0.354376 -0.130550 -0.151564 -0.192087 -0.068151 -0.236191 -0.163762 0.052657 -0.221582 0.008735 -0.040494 -0.111506 -0.189559 -0.120271 
0.246100 -0.224004 -0.066881 -0.010596 -0.172147 -0.236205 -0.064793 -0.208299 -0.039895 -0.154958 -0.059079 0.073806 -0.034771 0.037681 -0.223609 -0.567300 
0.031557 0.008555 -0.127462 -0.056842 -0.109379 -0.179662 -0.029485 0.063784 -0.229515 -0.158900 -0.199849 0.236348 0.054699 0.086850 0.209587 -0.078998 
0.094520 0.018945 -0.060192 -0.039973 -0.088739 -0.216260 -0.015478 -0.006096 0.054499 -0.175156 -0.115256 0.030017 0.239283 0.048459 0.063810 -0.028610 
-0.718240 -0.068220 -0.089511 -0.220682 0.022812 -0.727686 -0.559021 -0.285143 -0.199308 -0.125353 0.322982 -0.225478 -1.035159 -0.063758 -0.261801 -0.124559 
0.153282 0.092203 0.193770 0.191665 0.043772 -0.158218 -0.271319 -0.073017 -0.046850 -0.165972 0.139767 -0.039916 0.047000 -0.072924 0.085534 -0.381855 
-0.443832 0.041496 -0.036534 -0.090537 -0.244004 0.011380 -0.380048 -0.102269 0.079569 -0.089442 -0.046491 -0.327847 -0.200057 0.101650 -0.067834 -0.193668 
-0.510871 -0.046069 -0.085549 0.116582 0.158167 -0.395444 -0.138351 -0.018753 0.258536 -0.239753 0.081176 -0.046335 -0.330083 0.112302 -0.035218 -0.073614 
-0.233764 -0.131400 0.631193 -0.051551 -0.254954 -0.138802 -0.636361 -1.809376 0.019618 -0.157307 -0.642522 -0.111694 -2.183434 -0.316695 -0.038869 -0.026269 
0.210014 0.001673 0.002194 0.049774 -0.285266 0.174409 0.112729 -0.388556 0.117520 0.054387 -0.221352 0.057439 0.084706 0.068242 -0.088968 0.065821 
-0.232395 -0.147794 -0.062288 -0.222400 -0.040364 -0.000851 0.134926 0.215266 -0.160879 0.089335 0.048665 0.078114 0.149049 -0.179835 0.042452 -0.037695 
0.312962 0.215323 0.247684 0.045744 0.205955 0.096761 -0.108567 -0.276438 0.242096 -0.282006 -0.070672 -0.284229 0.064377 -0.111667 -0.247224 0.092362 
0.311241 -0.323187 0.118759 0.009447 0.039208 0.017506 -0.332668 -0.286982 -0.112228 0.058094 0.085561 -0.037574 -0.329285 -0.120589 -0.402657 0.234534 
-1.475006 -0.211550 0.062649 0.148688 -0.159804 -0.065387 -0.529178 -1.624029 0.592453 -0.409597 -0.155396 -0.346459 -2.923609 -0.169264 -0.187144 -0.046868 
-0.016547 -0.131650 0.406945 0.506443 -0.042936 0.169007 0.085935 0.453689 0.785286 0.192377 -0.429168 0.067617 0.147493 -0.232391 0.015388 -0.245465 
-0.368358 -0.193616 -0.000329 0.295862 0.008977 -0.213883 0.021466 -0.717361 -0.080075 -0.119040 -0.154204 0.136058 -1.115545 -0.192832 0.009880 -0.080066 
0.308213 -0.128181 -0.154088 -0.077915 -0.099039 -0.021789 -0.241929 -0.434357 -0.519902 -0.222031 -0.224329 0.331302 -0.720463 0.477869 -0.240917 -0.170840 
-0.145608 -0.178337 -0.161665 0.025103 -0.066486 -0.173292 -0.028208 0.120072 -0.035886 0.089085 0.059382 -0.124247 0.173288 -0.109111 -0.157190 0.091416 
0.382206 -0.164511 0.079461 -0.079268 -0.209740 -0.226727 -0.002014 -0.193051 -0.210191 -0.505367 -0.066854 -0.030146 -0.676064 -0.078056 -0.562744 -0.260005 
0.178037 -0.509878 0.088937 -0.102124 -0.518268 -0.151880 -0.218514 -0.091095 0.327346 0.178221 -0.598954 0.158352 0.183039 -0.118061 -0.014693 -0.000579 
-1.371820 -0.414590 -0.167810 -0.058437 -0.121336 -0.121715 -0.746228 -2.280205 -0.255779 -0.190387 -0.093231 -0.007966 -3.020535 -0.100122 -0.820182 -0.108295 
-0.007011 -0.167621 -0.007868 0.215246 -0.059359 0.163312 -0.069472 -0.156595 0.016383 0.209986 -0.172403 0.173099 -0.172717 0.011734 -0.166074 -0.174078 
0.417212 -0.142546 0.043285 -0.066079 0.006833 -0.037008 -0.215712 -0.304897 0.052613 0.186687 -0.279745 -0.095990 -0.084675 0.249381 0.023749 -0.224210 
-0.267402 -0.912651 -0.335010 -0.109177 -1.311758 -0.154155 -0.333397 -0.685531 0.158966 0.607011 -1.052818 0.237970 -0.499755 0.026129 -0.254945 -0.080734 
-0.234955 -0.357295 -0.373573 -0.291702 -0.022456 -0.655106 0.157063 -0.707709 -1.243703 -0.259972 -3.478429 -0.591815 -0.209344 -1.052367 -0.324791 -0.208553 -0.172307 -0.067281 -0.136665 -0.179313 -0.510852 -0.885452 -0.340963 -0.337000 -0.847805 -0.367432 -0.340610 -0.336043 -0.415650 -0.039581 -0.111537 -2.529650 
-0.147376 0.058354 0.029755 0.109072 -0.222078 -0.222874 -0.370326 0.028585 -0.259768 -0.140224 -0.063120 -0.048362 0.035919 0.094452 0.077915 0.021166 -0.077311 0.001402 0.092797 -0.006812 -0.009956 0.185706 0.136792 -0.007783 -0.344431 0.066511 -0.169666 -0.238504 -0.054710 -0.374064 0.239434 -0.192217 
0.159381 0.252004 -0.033106 0.104460 -0.158645 -0.623614 -0.061198 -0.254109 -0.208492 -0.391653 0.016095 -0.546518 -0.266768 0.462520 0.020104 0.003763 -0.170733 0.091441 -0.307562 -0.234987 0.073209 -0.006614 0.043118 0.036829 0.589901 0.018883 -0.299438 -0.093100 0.121585 -0.208108 -0.229533 0.051772 
-0.225699 -0.176316 0.040959 -0.175315 -0.145905 -0.188021 -0.077101 -0.420732 0.280937 -0.140508 0.008069 -0.254349 -0.173232 0.167894 0.070683 0.210371 -0.103060 0.130492 0.003442 -0.215862 0.169756 0.239595 0.235982 0.108145 0.050054 -0.242870 -0.196086 0.107347 -0.183409 0.109546 -0.163968 -0.251456 
0.062888 0.051038 -0.398246 -0.228458 0.007669 0.117955 0.112175 -0.022166 -0.155969 -0.102697 -0.027432 -0.353966 0.024220 -0.185788 0.458128 -0.135750 0.171649 0.365581 0.312338 0.163056 -0.162376 0.130139 -0.066772 -0.238272 -0.025721 0.336249 -0.096461 -0.036547 -0.052923 -0.012333 -0.214620 -0.109587 
0.112957 -0.026724 -0.090021 -0.127301 -0.117446 0.172960 0.068532 -0.051065 0.216615 -0.188761 -0.032155 -0.048792 -0.055975 -0.060952 -0.046914 -0.167508 -0.040742 -0.084400 0.241128 -0.145724 -0.160866 0.035493 0.145857 -0.217964 -0.059757 -0.194030 -0.244618 0.140192 0.174250 -0.182332 -0.210350 0.024271 
-0.057455 -0.354516 -0.307633 0.097326 -0.120609 -0.074872 0.236101 -0.130653 -0.036762 0.299596 -1.231415 -0.138508 -0.130924 -0.209267 0.369194 -0.411892 -0.119582 0.373026 0.338807 0.121170 -0.492979 0.060684 -0.078737 -0.284184 -0.707437 0.591053 0.031629 -0.332131 0.123633 0.051647 -0.186777 -1.030520 
-0.240057 0.217924 -0.195343 -0.189227 -0.040338 0.350775 -0.071268 -0.258139 0.062778 -0.610666 -2.157298 0.580045 -0.395097 -0.499362 -0.276882 0.038776 -0.016739 -0.262257 -0.239876 0.026175 0.096764 -1.163499 0.197707 -0.004081 -0.507782 -0.320830 -0.623114 0.105814 -0.057349 -0.107377 -0.389352 -1.555159 
-0.111006 0.012988 -0.063235 -0.063393 -0.223035 0.117637 -0.129274 -0.311325 0.503446 -0.529142 -0.361755 0.061412 -0.066660 0.754647 -0.258480 -0.071946 -0.069902 -0.067946 -0.284090 -0.221223 0.065222 0.140690 0.043152 -0.093362 -0.081485 -0.001484 -0.228319 -0.116304 0.299026 -0.102501 -0.456336 -0.394431 
-0.132030 -0.069809 0.241106 0.736355 -0.246078 -0.036481 -0.764813 -0.071489 0.237340 -0.075341 -0.619375 0.164423 -0.271929 -0.712016 -0.292843 0.086007 0.000294 -0.346458 -0.488391 -0.282403 0.174317 0.303201 -0.072716 -0.204443 -0.614265 -0.179318 -0.416941 -0.092088 -0.343461 -0.841146 -0.015919 -0.300679 
-0.055626 -0.301940 -0.282083 0.237921 0.185275 -0.010202 -0.090992 -0.001783 -0.379561 0.158184 -0.170316 0.062843 -0.380823 -0.231461 0.235532 -0.384053 0.002251 -0.025227 -0.264615 -0.014945 -0.313019 -0.272396 -0.173223 -0.103078 -0.297532 0.306377 -0.269174 -0.148845 -0.146269 -0.372075 -0.054647 -0.368864 
-0.230420 -0.113296 -0.247118 0.050593 -0.136894 -0.136908 0.067871 -0.156825 -0.197504 0.427403 -0.015882 -0.151061 0.069042 -0.253158 -0.189241 -0.096687 -0.167263 0.086075 0.034675 0.134333 0.075723 -0.106750 0.079934 0.013002 -0.484367 -0.256401 -0.241872 -0.053088 0.057813 -0.297428 0.050971 -0.263780 
-0.068119 0.062968 -0.256504 -0.000603 0.001909 -0.366245 -0.249066 -0.429868 0.559414 -0.543068 -3.308783 -0.441457 0.061120 -0.053472 -0.129411 0.071930 0.098296 -0.079268 -0.020601 -0.128250 0.024385 -0.420869 -0.135745 0.082127 -1.207924 -0.137091 -0.499812 -0.106795 -0.038358 0.086820 -0.325754 -2.681613 
-0.148900 0.007070 -0.036257 0.087339 0.056355 -0.107545 -0.126624 -0.073639 0.072319 0.459036 0.134671 0.090821 0.155771 -0.045859 -0.031274 0.041956 0.155092 -0.227363 -0.187244 -0.032217 -0.136800 -0.049616 -0.199835 0.123404 -0.081721 -0.169953 -0.168806 0.009987 -0.020685 0.007163 0.146715 -0.248690 
-0.337733 -0.087910 -0.323596 -0.017013 0.008255 -0.255833 0.565422 -0.009927 0.167573 0.309834 -0.199985 -0.014068 -0.178053 0.012069 0.338700 -0.324972 -0.056781 0.309615 0.148704 0.273990 -0.368723 -0.001837 -0.034179 -0.391372 -0.307257 0.269036 -0.146790 -0.472793 -0.047088 0.094047 0.006627 0.049553 
0.079164 0.039319 -0.153433 -0.202968 0.040555 -0.230334 0.024051 -0.193873 0.090918 0.172696 -0.155539 -0.262949 -0.297190 0.106788 -0.249967 0.178982 -0.110624 -0.107919 0.035071 -0.217478 0.198682 0.107673 0.122709 0.023495 0.033072 0.175240 -0.309877 -0.138607 0.071373 0.048209 0.123596 -0.163588 
-0.091020 0.168238 0.007990 0.063680 -0.110159 -0.121652 0.008238 -0.131770 0.137888 0.108173 0.015407 0.069158 0.038862 0.025710 -0.144696 0.133671 0.001915 0.119306 0.169588 0.016340 0.069533 0.106145 0.224742 -0.085316 0.000932 0.187838 -0.048130 -0.138371 0.033254 -0.030293 0.033328 0.084518 -0.095693 -0.141540 0.064837 0.081448 -0.137845 0.097209 -0.090613 -0.166510 0.021484 0.014150 -0.027416 -0.162670 0.060147 -0.005712 0.076272 -0.130504 -0.074897 0.038158 0.025512 0.127844 -0.116553 0.056415 -0.119717 0.046946 -0.028803 0.060257 0.130787 -0.119385 0.224124 -0.071657 0.117044 -0.079213 0.005890 -0.031746 0.029146 0.067395 -0.098228 -0.125150 0.093768 0.089983 0.030822 -0.130098 0.107122 -0.053945 0.020312 0.015461 -0.000657 0.089008 -0.144369 -0.159922 0.023551 -0.097273 0.041225 0.090054 0.140156 -0.157078 -0.016486 0.130846 0.577202 -0.049656 -0.061969 0.169872 0.056070 0.115267 -0.061151 0.038440 -0.005923 0.037189 -0.064908 -0.048381 -0.061796 -0.139547 0.005233 -0.127416 -0.052766 -0.202413 0.043334 0.122834 0.143102 0.115858 0.207294 -0.007390 0.143500 -0.036321 -0.272150 
0.170524 0.019428 0.068035 0.062782 0.073853 -0.118935 -0.164994 0.083804 0.136581 0.170544 -0.061765 0.018968 0.012695 0.041076 0.070714 0.178339 0.154698 0.091432 -0.043380 -0.151109 -0.120461 0.004350 0.137897 0.147969 -0.123078 0.001643 0.095427 0.002998 -0.047540 -0.089172 0.066007 -0.089622 0.109768 -0.038676 -0.172379 0.027079 -0.011341 -0.154089 -0.083878 -0.032100 0.164597 -0.057995 0.067287 -0.034403 0.182579 -0.050324 -0.093891 0.149365 -0.116438 0.027087 -0.163694 -0.066462 0.159530 0.077812 -0.096119 -0.125844 -0.112118 -0.151889 0.029302 0.040586 -0.070638 -0.090265 0.130558 -0.109157 0.044692 0.127490 0.072482 -0.116454 0.148900 0.183720 0.017928 0.128251 -0.044375 -0.092538 -0.092493 -0.053971 0.024201 -0.025370 -0.091235 0.086105 -0.145499 -0.077542 -0.168635 -0.172301 -0.182547 -0.066264 -0.136600 -0.108189 -0.050363 0.065715 0.109230 0.060129 0.170973 0.048223 0.137957 0.037826 0.009384 0.048556 0.110539 -0.017346 0.128660 -0.057843 -0.064799 0.147800 0.037851 0.049160 -0.074463 -0.115670 -0.135242 0.016709 0.149689 -0.137660 0.100061 0.183585 -0.105596 0.080857 0.490055 
-0.008609 0.145492 -0.054877 0.123373 0.076762 -0.036318 0.091963 -0.038886 -0.272222 0.091820 0.388754 0.281828 0.043050 -0.012448 -0.074059 0.176100 0.011817 -0.094602 -0.054907 0.037316 0.179165 0.079178 0.091467 -0.157548 -0.046721 0.056222 0.070765 -0.021078 0.065990 0.005494 0.009910 0.086538 0.018099 -0.119255 0.039130 -0.102381 -0.042809 0.076411 -0.063871 -0.011865 -0.260033 0.298795 -0.000871 0.026728 -0.083812 0.108719 -0.141354 0.026017 -0.104867 -0.046986 0.087154 0.080126 0.096957 0.218007 0.045094 -0.089902 0.006219 0.036394 -0.010153 -0.054882 -0.068646 -0.102154 -0.111834 -0.075235 -0.215662 0.137537 0.009970 0.085398 0.054566 -0.052000 -0.004626 0.114469 -0.095962 0.134239 0.000640 -0.129706 0.114149 -0.043455 0.069706 -0.123638 -0.144626 0.083455 0.079881 0.090694 -0.169878 0.077637 -0.050381 0.145849 -0.031192 0.104389 -0.498408 0.138726 -0.134326 -0.107807 -0.100420 0.019288 -0.050708 0.075911 -0.022150 0.126870 0.217690 0.032062 0.023462 -0.102948 0.080719 -0.132004 -0.090536 -0.003272 0.125305 -0.097200 0.098474 0.057802 0.081599 -0.034091 0.064215 0.024729 1.680795 
0.183974 0.011397 -0.015662 0.000537 0.037381 0.023404 0.121769 0.101484 0.303280 -0.006571 -0.022107 0.032495 0.000941 -0.013762 -0.010430 -0.058121 0.022683 -0.015773 0.137939 0.973999 0.836574 -0.021679 -0.000028 -0.028318 -0.097794 0.030147 0.016869 -0.200209 0.113377 -0.013822 -0.148582 0.089715 0.049837 0.032097 0.000753 0.112724 -0.115965 -0.187618 -0.325926 0.011458 0.238339 -0.359037 0.077017 0.000715 -0.032806 -0.013703 0.032159 0.069771 -0.086918 0.009576 -0.008331 0.042756 0.116792 -0.260494 0.041371 0.077776 -0.047661 -0.009584 0.059342 -0.035456 0.028674 0.058122 0.073010 0.011833 -0.101981 -0.081090 -0.000214 0.089135 -0.065407 -0.025300 -0.074475 0.058712 0.035400 -0.100781 -0.018775 0.060647 -0.010349 -0.010897 0.026769 0.003882 0.094832 -0.118488 0.243241 0.034206 -0.011314 0.008223 0.023989 -0.588868 0.057400 -0.001067 0.220931 0.180131 0.048088 -0.006943 0.042917 -0.014380 0.052275 -0.053180 -0.044022 -0.020245 -0.052796 0.009306 0.078616 -0.076538 0.000367 -0.016987 -0.010843 -0.070235 0.047236 0.013974 0.024316 -0.012304 0.076704 0.045647 -0.008638 0.038175 -0.300681 
0.110005 0.162798 -0.117361 -0.078193 0.114362 -0.055025 -0.144305 -0.018055 -0.173616 -0.094395 -0.087943 -0.133941 -0.071571 -0.020625 0.049788 0.049062 -0.040265 0.072002 -0.143076 0.111204 -0.005647 -0.167995 0.016634 0.130506 -0.010973 -0.118190 0.028389 -0.045320 0.000230 0.097530 0.034694 -0.064629 0.081800 0.088982 0.034709 0.021975 -0.141351 0.066072 -0.169529 -0.140267 0.148677 -0.083365 -0.097314 -0.099728 0.072862 0.127499 0.125900 -0.143023 0.024189 0.158451 0.143905 -0.156746 0.166565 -0.013708 0.150307 -0.019441 0.040530 0.005241 0.110895 -0.133823 -0.074654 -0.032818 -0.020501 -0.165861 -0.117207 -0.160485 0.031886 -0.083407 0.080933 0.037052 -0.047839 0.053138 0.129438 0.030815 0.129431 0.026750 -0.017210 0.080022 0.059032 -0.167614 0.062799 0.027350 -0.151409 0.054349 -0.161580 -0.174204 -0.139646 0.053797 0.006403 0.146661 0.093556 0.107580 -0.060627 -0.100670 0.117524 -0.003046 -0.085653 -0.026974 0.088579 0.171047 -0.149686 -0.135237 0.048506 0.140340 0.071965 0.002575 -0.008140 -0.120490 -0.092805 -0.123824 -0.112740 0.145422 0.078015 -0.086714 0.025059 0.093092 -0.089720 
0.082829 0.013026 0.018781 0.048029 -0.085046 0.021799 -0.092973 -0.004501 0.179857 0.033457 0.054211 0.052376 -0.036911 0.063291 0.039307 -0.011637 -0.077634 0.132523 -0.109239 -0.176136 -0.187344 -0.315346 -0.253807 -0.231096 -0.320273 0.172547 -0.231160 0.238501 0.097015 0.391128 0.465732 -0.149068 -0.265290 -0.220331 -0.128189 -0.022790 -0.325581 -0.198360 0.493086 -0.067228 -0.106938 0.016457 -0.149835 -0.098522 -0.037425 -0.151824 0.047066 -0.093567 -0.129019 0.031896 -0.082778 0.039472 -0.024582 0.099449 0.113782 -0.182278 -0.172202 0.149234 0.143391 -0.134623 -0.308107 -0.468603 0.185014 -0.084469 0.054140 0.041271 -0.097728 -0.056722 -0.025280 0.034495 0.116067 0.109444 0.056633 -0.116189 0.055026 -0.012905 0.014504 0.002176 0.137929 0.118835 0.155950 0.082278 -0.182620 0.126786 0.006271 -0.054947 0.084553 0.203026 0.119998 -0.042562 0.225939 0.368544 -0.013919 0.011060 -0.008410 0.063059 -0.028913 -0.145730 0.049955 0.041389 0.025434 0.073908 -0.022128 -0.119341 0.046885 -0.151721 -0.079208 -0.195973 -0.042114 -0.146640 -0.140085 -0.191450 -0.300822 -0.072527 -0.142462 0.262929 0.172774 
0.544636 -0.034876 0.255954 0.012530 -0.016314 0.016594 0.175759 -0.012575 0.071867 0.341383 1.509655 1.683641 0.375147 0.240607 0.016126 0.421221 0.015834 0.004249 0.145762 0.030148 -0.002029 0.354318 0.324602 -0.012510 -0.014115 0.033641 -0.091066 -0.040045 -0.052258 -0.055108 -0.047299 -0.042125 -0.149652 -0.068013 0.121503 0.391770 -0.045474 0.004119 -0.294394 -0.070970 0.062699 -0.018231 0.021628 0.030483 -0.007460 -0.053590 0.006819 0.013064 0.000038 -0.016698 -0.002712 -0.012721 0.011012 -0.012646 -0.001953 -0.100393 -0.045478 -0.017035 0.007201 -0.028827 0.136428 -0.190540 -0.017473 0.000671 0.030121 -0.007861 -0.016601 0.000141 0.013474 -0.016937 -0.000126 -0.015454 0.027425 0.013324 -0.022212 -0.005104 -0.019994 -0.006545 -0.019762 -0.013703 0.013892 -0.006017 -0.038471 -0.010491 -0.024085 -0.025878 -0.004777 0.007207 0.010254 -0.015467 0.099075 -0.095640 0.009199 0.021205 0.002101 0.002943 -0.005459 0.692199 -0.001339 -0.023756 0.061018 0.012514 -0.003824 0.016368 0.006641 0.018412 0.014425 -0.042109 0.063122 -0.013150 0.001861 0.056342 0.298373 0.171263 -0.024250 -0.119320 0.160705 
-0.157464 -0.052054 0.022360 -0.071098 -0.014305 0.087858 -0.097329 0.020962 0.184919 -0.049411 -0.136332 -0.110492 -0.054377 0.033561 0.024309 -0.021214 -0.008840 0.096092 -0.031008 0.025837 0.107990 0.439046 0.360592 -0.371613 -0.299025 0.126387 -0.107927 0.022718 0.112152 0.180655 0.136222 -0.098435 -0.121703 -0.123240 -0.017557 0.744599 -0.356843 -0.316238 -0.157341 -0.002223 0.088914 -0.081153 -0.256774 0.003404 -0.059843 -0.023635 -0.024178 0.031166 0.102598 0.014428 -0.015702 0.081392 -0.087646 -0.042639 0.130091 0.010195 -0.036588 -0.083835 0.038071 -0.014830 0.063284 -0.072418 0.099056 0.123424 0.043109 0.081776 -0.105958 0.012663 -0.064919 0.010014 -0.024819 0.010336 -0.149634 0.056790 0.049150 0.036941 0.005747 0.035504 0.044578 0.026309 -0.019885 0.053023 0.207772 -0.042207 0.013550 -0.058780 -0.090613 -0.030420 0.010842 -0.072950 -0.157600 0.022390 0.052378 -0.021680 0.074865 0.151363 -0.068116 -0.153341 0.048554 -0.045012 -0.312955 -0.006415 0.017595 -0.114217 -0.015155 0.043215 -0.007786 -0.396470 -0.150232 0.094911 -0.057233 0.125194 -0.006829 0.986580 -0.064054 -0.016157 -0.280515 
0.029783 -0.031185 0.038535 0.023234 -0.001642 -0.026963 -0.025941 -0.065209 0.168124 -0.002832 0.006820 0.152854 0.045379 -0.021085 -0.036077 -0.036924 0.010034 0.088897 -0.003506 0.226128 0.271497 0.114239 0.110976 0.066918 0.033285 0.261320 -0.085903 -0.419201 0.061542 0.729447 0.643840 -0.249587 -0.159758 0.041658 -0.029465 0.089155 0.065076 0.102728 0.030749 0.031610 0.055056 0.033030 -0.080286 0.028945 0.016985 0.081086 0.008650 -0.069962 0.092569 -0.017088 -0.038759 0.041263 -0.056835 0.076028 0.008418 -0.013118 -0.079417 0.082982 -0.090764 -0.031359 -0.019652 -0.219958 -0.023679 0.015992 1.018397 0.026902 -0.015234 -0.072594 0.082140 0.027835 0.101131 0.022522 -0.020928 -0.007795 0.083284 0.029719 0.060383 -0.004216 0.052427 -0.004967 0.002836 -0.012969 -0.107670 -0.025148 0.112213 -0.024560 0.044879 -0.318170 -0.039954 0.069721 -0.326619 -1.111064 -0.048230 0.131907 -0.071810 -0.060720 0.034542 0.048663 0.029098 -0.050073 -0.032768 0.071241 -0.065996 -0.049553 0.074461 0.037889 -0.004563 0.078525 -0.071662 -0.001532 0.030594 0.121319 0.046171 0.087225 0.005797 -0.140037 -0.043793 
0.696888 -0.076232 0.012043 0.061487 -0.057745 -0.040536 -0.233369 -0.079894 -0.250724 -0.062285 0.049308 0.082924 -0.087672 -0.042684 0.128224 0.115915 0.129301 0.047194 -0.219365 -0.088485 -0.208116 0.088607 0.044303 0.061789 -0.001271 -1.112261 0.975561 -0.116533 0.107706 -0.331972 -0.519412 0.937862 0.672044 -0.034542 -0.099700 -0.105821 -0.064287 0.047301 0.085166 0.703980 -0.391338 0.178700 0.049273 0.122933 -0.000306 -0.118027 0.033579 0.007677 0.015025 0.005442 -0.002072 -0.000265 0.194485 -0.428785 -0.055018 0.336020 0.007113 -0.014088 0.073850 -0.126057 -0.172730 -0.499721 -0.044152 -0.006101 0.068580 -0.011564 -0.025194 -0.006596 0.003859 -0.028479 0.004493 -0.013668 0.061363 0.007904 -0.037519 0.024046 0.025145 -0.022553 0.013164 -0.002170 0.006732 0.065448 1.208717 -0.014687 -0.034856 -0.085921 0.034775 -0.024226 -0.048741 -0.028236 -0.098382 -0.112137 -0.041894 0.223520 -0.057334 -0.024719 -0.059604 -0.063113 -0.041695 -0.095621 0.216453 0.780712 0.033940 0.018024 0.012438 0.051522 -0.023279 0.018291 -0.059613 -0.079108 -0.092510 -0.017724 0.014653 0.099700 0.028320 0.018388 0.695622 
0.898943 0.042623 -0.072889 0.052582 -0.005352 -0.029958 -0.150211 0.020925 -0.249245 0.102075 0.062677 0.026126 -0.046556 -0.077255 -0.028446 0.080602 0.023499 -0.019932 -0.192998 0.001539 0.148529 -0.130067 -0.083450 0.124307 0.077824 -0.107909 0.123875 -0.160059 0.204058 0.050715 0.061730 0.156696 -0.001391 -0.196490 -0.101000 -0.000064 -0.196911 0.106377 -0.027790 0.119925 -0.285644 0.237061 1.382618 0.002871 -0.035170 -0.043709 -0.041294 0.047442 -0.000934 0.002453 -0.053257 0.010314 -0.035333 0.242176 -0.019208 0.067669 0.062000 -0.004799 0.040026 -0.032615 -0.266399 -0.144831 -0.073876 -0.040258 -0.009858 0.017373 -0.061194 0.030453 -0.044795 -0.047527 -0.028258 0.004664 0.047330 -0.029589 -0.033214 0.003185 -0.007112 -0.007312 -0.003867 0.024516 -0.063773 0.048258 0.070358 -0.037606 -0.039453 -0.074422 0.029456 0.083857 0.030534 -0.043428 -0.102071 -0.266335 -0.063976 -0.083170 0.022872 0.013915 0.059153 -0.047463 -0.048387 -0.052847 -0.003750 0.063531 0.022821 0.010217 -0.006895 0.015320 -0.022719 -0.251173 0.028400 0.070298 1.605261 -0.113526 -0.119546 0.047967 0.002974 -0.050771 -0.122364 
-0.161646 -0.085309 -0.095162 -0.060527 -0.070014 0.041369 -0.282364 0.018947 0.424477 -0.086598 -0.124415 -0.150431 -0.025460 -0.075262 0.005346 0.003904 0.093518 -0.085280 -0.294259 0.029402 -0.001135 -0.207358 -0.113797 -0.544517 -0.552099 0.139018 -0.152381 0.314992 -0.136844 0.223754 0.182979 -0.123643 -0.203077 -0.222733 -0.163933 -0.117661 -0.421225 -0.516554 0.263330 -0.356528 0.069748 0.056143 0.034756 -0.042132 -0.054994 -0.126365 0.043093 0.013056 0.114874 -0.123156 0.013500 -0.096926 -0.083869 -0.013433 -0.114812 -0.244238 -0.121399 -0.152214 -0.051635 -0.101963 -0.198329 -0.163699 -0.119530 0.020426 -0.020563 -0.031676 -0.052380 0.149733 0.066292 -0.024019 -0.120044 -0.097969 0.071413 0.045000 -0.041513 -0.037897 -0.118142 -0.042711 -0.135366 -0.023030 -0.031110 0.048972 -0.095122 -0.061161 -0.054774 -0.117300 0.012642 0.261369 -0.000025 -0.018699 0.352428 0.516585 0.025093 0.109249 0.009486 -0.021086 -0.008531 -0.218971 -0.100976 -0.090024 0.203288 -0.225808 -0.013499 0.077292 0.038166 0.123164 0.017533 -0.543227 -0.115803 0.079529 0.014772 -0.197509 -0.129736 -0.029667 0.008658 0.588968 0.233260 
0.091973 -0.041564 0.004495 -0.020736 0.042851 -0.075194 0.071595 -0.078456 -0.347687 0.089405 0.043066 0.104270 0.027294 -0.008075 0.065742 -0.160407 -0.006060 -0.149581 0.036513 0.231821 -0.062213 0.342897 0.409655 0.287065 0.270116 0.024897 -0.055106 0.029892 0.015639 -0.184585 -0.248005 0.042993 0.232601 0.034694 0.086403 0.559449 0.194765 0.239159 -0.446978 -0.139687 -0.187559 0.370810 0.244353 0.038449 -0.005390 -0.103730 -0.092995 -0.021156 -0.169270 0.050052 0.074862 -0.105901 0.118123 0.259404 -0.092089 -0.047718 -0.000618 0.041792 -0.114627 0.011138 -0.027155 0.118890 0.030566 -0.153663 -0.247289 -0.104481 0.032652 -0.053504 0.131445 -0.037193 0.065375 0.080203 0.087335 -0.025481 0.075726 0.022856 0.022861 0.059514 0.028418 -0.144619 0.098477 -0.054993 0.207158 0.006975 -0.087922 0.084373 0.023679 0.007276 -0.062169 0.020159 -0.133617 -0.112615 0.049088 0.103961 -0.066901 -0.099999 0.074563 0.216651 0.130846 0.139294 -0.044465 -0.013849 -0.011026 0.052073 0.035858 -0.031623 0.049992 0.194982 0.089999 -0.136628 0.097130 0.205149 -0.130751 0.854260 -0.015748 -0.289107 -0.330355 
0.075587 -0.006762 -0.037523 -0.010550 0.012986 -0.007013 -0.154257 0.025439 -0.037496 0.036522 0.017657 -0.028144 0.020840 -0.017867 -0.034273 -0.001197 -0.001496 -0.089308 -0.171081 -0.094552 -0.133146 -0.173664 -0.128358 0.715804 0.747774 -0.046077 0.028540 -0.047813 -0.292129 0.392868 0.446657 -0.111507 -0.013470 0.170743 -0.136765 -0.175122 0.647530 0.618104 0.341384 -0.017040 0.266103 -0.339139 0.005979 -0.037194 -0.027331 -0.149428 -0.007473 0.039899 -0.067190 -0.026196 0.045035 0.006534 -0.060698 -0.388428 0.009864 0.007052 0.024738 -0.061035 0.063966 -0.216663 -0.190804 -0.524318 -0.020815 0.016243 0.595348 -0.035035 -0.015556 0.066014 -0.046304 -0.041986 -0.095845 -0.028499 0.012070 0.009280 -0.051173 -0.016072 -0.047702 -0.002698 -0.044404 -0.013192 0.008039 0.007491 0.170254 0.026057 -0.096673 -0.051195 -0.030668 -0.020609 0.052488 -0.027743 0.275954 -0.171778 0.041714 -0.064902 0.040523 0.015838 -0.018236 -0.105461 -0.041790 0.027541 0.038189 -0.007315 0.057282 -0.005144 -0.035032 -0.016579 0.006567 0.764566 0.166295 0.001288 -0.080776 -0.074001 -0.119068 -0.129529 0.161485 -0.545432 0.066885 
0.245766 -0.130276 0.011652 0.075850 0.029332 -0.096053 -0.120831 0.091286 0.113741 -0.112983 0.080790 0.318351 0.177307 -0.002806 0.056779 0.251021 -0.156530 -0.167556 0.026659 0.127362 -0.081177 0.002888 0.052423 -0.011042 -0.131051 -0.058018 -0.006038 -0.155576 -0.129501 -0.162229 0.023170 0.175705 -0.044099 -0.120614 -0.040887 0.235586 -0.152667 -0.074001 -0.000185 -0.086867 0.020734 0.061783 0.046642 -0.007041 -0.058202 0.099232 -0.022445 -0.071495 0.131188 0.159880 -0.079732 -0.107466 -0.105044 -0.047023 0.104403 -0.029651 0.094650 -0.079309 -0.039819 0.178634 -0.026990 -0.133072 0.123587 0.144369 -0.136853 -0.134180 0.106290 0.054844 0.023092 0.041056 0.104877 -0.154763 -0.072370 -0.160243 -0.009614 0.006431 0.098494 0.115699 0.084408 0.080034 0.143066 -0.157860 0.135909 0.156927 -0.040652 0.096774 -0.062436 -0.110461 -0.171636 0.072775 -0.153135 0.003802 0.133824 0.121230 -0.008487 -0.124192 -0.160267 -0.021350 0.130572 0.039308 0.447202 0.063178 0.045642 -0.163024 0.088216 -0.077416 0.031017 -0.085138 -0.108600 -0.035649 0.155796 -0.139383 -0.019045 -0.120558 -0.155966 0.073969 1.380340 
-0.008435 0.158212 0.130060 -0.164834 -0.182871 -0.000869 0.116052 0.170108 0.119360 -0.106743 0.373040 0.097359 0.182407 -0.027375 0.117599 0.122149 -0.112720 0.166008 -0.046273 -0.075565 -0.017607 0.236591 0.141474 0.136096 -0.076368 0.032030 -0.144948 -0.048428 -0.045702 0.099833 -0.168902 0.067348 0.148797 -0.148822 0.109812 0.116791 -0.007443 0.126263 0.089690 -0.055125 0.124979 0.047011 -0.053554 0.057989 -0.026879 -0.096487 -0.140869 -0.030858 -0.068860 -0.076347 0.083222 0.136743 -0.115342 -0.136668 0.010845 -0.008271 0.055121 0.099565 0.039071 -0.119428 0.068098 0.061176 0.149394 0.100920 0.027474 0.057006 -0.004849 -0.118723 -0.028305 -0.038007 -0.048638 -0.145144 -0.110117 0.122160 0.033765 -0.051462 -0.110987 0.010921 0.013739 0.035480 -0.149930 -0.057432 -0.060513 -0.109915 0.013250 -0.153347 0.023398 -0.073168 0.130606 -0.136537 -0.029464 0.057648 0.124104 -0.076558 -0.023457 0.002579 -0.121480 0.166422 0.084779 -0.008341 0.285610 -0.147875 -0.019500 -0.053487 0.154851 -0.096362 0.067661 -0.090482 0.163358 -0.042056 0.080714 0.087692 0.041241 -0.131347 -0.147705 -0.196491 1.846832 
0.041549 0.020252 0.166941 0.068555 0.151905 0.062389 0.005818 -0.093304 -0.152182 -0.148707 -0.061573 -0.134519 0.083192 0.061672 -0.063867 0.124975 -0.114961 0.063284 0.082832 -0.078148 -0.060915 0.129473 -0.152620 0.048148 0.016256 0.139507 -0.050690 0.025457 0.155440 0.057857 0.047888 0.010720 -0.095978 0.039753 -0.094930 -0.118935 -0.076247 0.088923 -0.035895 -0.052096 0.105344 0.053260 -0.047383 0.001270 -0.057054 0.064611 -0.071305 0.001245 -0.045166 -0.164968 0.099918 0.069172 0.142364 0.122334 -0.058860 -0.016612 0.085570 0.067889 -0.169184 0.066748 -0.049403 0.056003 -0.097900 0.034012 -0.080635 -0.017072 0.089493 0.021547 -0.103494 -0.120980 0.143866 -0.174441 0.107883 -0.077392 0.000687 -0.126457 0.162310 0.102852 0.049201 -0.057870 0.116389 -0.025843 -0.165075 0.081395 -0.079256 -0.047109 -0.112200 -0.167971 -0.155398 -0.106154 0.074771 -0.028010 0.126464 0.150103 -0.168887 -0.128584 -0.041055 0.103380 0.069657 0.030646 0.148239 0.037660 0.030928 0.079583 0.136392 -0.140290 0.128879 0.123348 0.139094 0.003610 -0.110379 0.076959 0.149252 -0.100465 -0.014959 -0.102064 0.028183 
0.128541 -0.075362 0.077805 0.220706 0.142392 -0.129176 0.045102 0.132510 -0.154759 0.175729 0.183851 0.335998 0.057395 0.107676 0.097180 0.001065 -0.042943 -0.021960 -0.157946 -0.012116 -0.064401 0.255865 0.122273 0.125269 -0.110909 -0.115634 0.085954 -0.084407 -0.011761 -0.218082 0.101693 -0.099828 -0.069421 0.027216 -0.162176 -0.053902 -0.014794 0.092992 -0.224430 0.060836 0.073603 -0.119485 0.011868 -0.122285 -0.090253 -0.095010 -0.104015 -0.000997 0.094141 -0.095968 -0.138503 -0.116157 -0.102043 -0.045034 0.147583 -0.090273 0.039531 0.088496 -0.048736 -0.087437 0.037590 -0.109011 -0.028152 -0.133939 0.041587 -0.017259 -0.096201 -0.102581 -0.113815 -0.036765 0.100843 0.065444 0.044217 -0.059701 0.081327 0.095600 0.007044 0.124289 -0.102006 -0.058867 -0.098556 -0.050010 -0.024251 -0.098489 0.081384 -0.027574 -0.031514 -0.047374 -0.114270 0.104784 0.723469 0.149901 -0.148304 0.139835 -0.150791 0.072063 -0.035029 -0.011554 0.190324 0.027823 0.332539 0.110874 -0.095240 -0.134264 -0.099623 -0.107145 0.142527 0.100228 -0.139023 -0.112451 -0.087705 -0.064810 -0.024825 -0.009468 0.016599 -0.199468 1.526542 
0.150695 0.024220 -0.148134 0.048912 -0.146453 -0.151674 0.059297 -0.151144 -0.148978 -0.009588 0.058184 0.041050 -0.001784 0.150181 0.152720 -0.045521 -0.096259 -0.152427 -0.018861 -0.073062 0.153458 -0.139796 -0.068075 -0.164691 -0.085167 0.020491 -0.047098 0.046287 -0.170537 0.002173 -0.014876 0.130566 -0.130963 0.002676 0.003951 -0.069825 0.013854 -0.087856 -0.082554 0.038542 0.054414 0.064411 0.171356 -0.157239 0.073113 0.154107 -0.071862 0.119899 -0.173423 0.055123 -0.108397 0.151723 0.107239 -0.002785 0.138821 0.171735 0.154424 -0.063306 0.034251 0.166200 0.131559 -0.142783 0.132819 -0.146454 0.025004 -0.024563 -0.073274 -0.129119 0.058754 0.033973 0.088075 -0.077212 -0.080602 0.093663 -0.054948 0.142124 0.065319 0.014116 0.100190 0.077632 -0.080614 0.169053 0.048345 -0.156027 -0.030026 0.016550 -0.155959 -0.016765 0.136491 0.057135 0.126017 0.110529 0.099172 -0.077407 0.132766 -0.051782 0.074543 -0.107007 0.008281 -0.034480 0.097823 -0.077841 0.056355 0.165281 -0.140736 -0.161828 0.141044 0.126229 0.024176 0.075467 0.029782 0.110031 0.024136 -0.143551 0.150715 -0.149989 0.397370 
0.210058 -0.002939 0.059413 0.010370 0.137770 0.002820 -0.053197 -0.088737 -0.140868 0.135776 0.364145 0.194423 -0.041659 -0.111510 -0.102423 0.111927 0.143728 -0.126212 0.068365 0.174862 -0.142207 0.148677 0.212012 0.212085 0.329884 0.011669 -0.058032 -0.133281 -0.087497 -0.045638 0.089740 -0.090945 -0.157066 0.021172 0.174806 0.144942 0.234639 0.121190 -0.171499 -0.101862 -0.096813 -0.147314 0.020715 0.009793 0.002267 0.124284 0.165692 -0.058535 -0.146514 0.034792 -0.066176 -0.110264 -0.133596 0.116489 0.094563 -0.113101 -0.083270 -0.081153 -0.146197 0.049945 0.069694 0.107301 0.165666 0.161943 -0.115930 0.133908 0.099311 -0.121774 -0.058849 0.183956 -0.075430 -0.020082 -0.119895 -0.166052 0.122465 -0.022419 0.119216 0.068067 0.020538 0.173387 0.028470 0.149286 -0.142155 0.016650 0.081990 -0.149732 0.064418 -0.128258 -0.068531 0.081333 0.092029 -0.139289 0.076675 0.057233 -0.120612 0.146571 0.060501 0.149194 -0.102540 0.157253 0.533375 -0.043995 -0.050337 0.132630 0.002296 -0.018735 -0.029987 0.120255 -0.050427 0.192291 -0.081277 0.058065 0.145021 0.010159 0.004037 -0.134596 2.285290 
-0.112857 0.123207 0.081989 0.044176 -0.011851 -0.170500 -0.015294 -0.083909 -0.062311 0.000866 0.208569 -0.071840 0.011766 0.145507 0.133979 0.193930 -0.120384 0.084364 -0.009317 0.225114 0.051770 0.088998 0.094196 -0.236023 0.076960 0.033544 -0.185119 -0.102235 0.106244 0.080883 0.085780 0.096414 0.049976 0.031285 0.020455 -0.105831 -0.030521 0.100136 -0.162704 0.124862 0.017333 -0.184128 0.088383 0.029986 -0.111798 0.076400 -0.005669 -0.111562 0.024024 0.100312 0.072213 0.010819 -0.009920 -0.061158 0.034622 0.019242 0.138505 0.060239 0.123051 0.105816 0.055422 0.144807 -0.027233 -0.108685 -0.003576 0.170122 -0.059737 -0.133587 0.121243 0.103236 0.131524 -0.135532 -0.146033 0.076116 0.084143 -0.149639 -0.050717 -0.066062 -0.069820 0.139279 -0.136783 -0.161614 0.035098 0.027814 -0.006903 -0.070869 -0.122808 -0.233270 0.119427 -0.162734 -0.190926 -0.004717 0.095547 -0.038121 0.044510 -0.035650 -0.034769 0.202871 0.020912 -0.029371 0.129798 -0.019860 -0.037723 0.110315 -0.139972 -0.073476 0.080892 -0.111238 0.045705 -0.088533 -0.038824 0.029151 -0.116959 0.086055 -0.044268 0.134281 0.287650 
-0.080966 -0.092438 -0.035383 -0.061424 -0.055718 -0.031395 -0.174127 -0.048399 -1.170825 -0.002369 -0.156678 -0.149905 -0.026298 0.019875 0.024548 -0.045068 -0.008434 -0.000597 -0.149926 0.113275 0.175335 -0.118764 -0.147166 0.430967 0.383844 -0.183428 0.034059 0.152766 0.202443 -0.190768 -0.031716 -0.056047 0.003404 -0.016713 -0.054090 -0.087692 0.368287 0.337768 -0.249238 -0.057643 -1.067925 1.197291 -0.059858 -0.057770 0.091214 -0.097973 0.028843 -0.006450 0.041789 0.013018 -0.035294 -0.085960 0.054840 1.152420 -0.054958 -0.041404 0.035894 -0.048698 -0.028488 0.002472 -0.060023 -0.165598 0.021920 0.033504 -0.720496 -0.039480 0.010153 -0.060030 -0.043860 0.007802 -0.003474 -0.061420 0.052420 0.021258 -0.035652 0.019732 -0.044098 0.053006 -0.053820 0.023045 0.013918 0.112648 -0.094807 -0.045505 0.023519 -0.003245 0.000573 0.698126 -0.043632 -0.029110 0.200288 -0.046796 0.013469 -0.010662 0.029073 0.049643 -0.030462 -0.052099 0.044448 0.016740 -0.065707 -0.058552 -0.035463 0.103804 -0.041638 0.052088 0.016813 0.379853 -0.026495 0.036834 -0.106187 -0.066198 -0.102486 -0.110228 0.058648 -0.287645 -0.423563 
-0.012402 -0.138923 -0.070565 0.054294 -0.069653 0.001983 0.173518 -0.052826 -0.042782 0.017337 0.106786 0.188729 0.042424 0.089060 0.165163 0.202143 0.002692 0.072557 -0.142836 -0.052731 0.161529 -0.008035 -0.042540 -0.057871 -0.048556 -0.084137 -0.186589 0.002033 -0.195399 -0.055968 0.023256 -0.047473 0.000082 0.144962 -0.131231 0.133798 -0.085189 -0.133325 -0.161518 0.068756 0.041212 0.018208 -0.042902 -0.127136 -0.022216 -0.051443 0.169782 0.132792 -0.129269 0.164336 -0.086907 -0.148675 -0.094194 -0.098662 -0.036986 0.047139 -0.010119 -0.018630 -0.126956 0.039522 0.108578 0.070309 0.164708 -0.048093 0.013073 -0.158728 -0.133004 0.130688 -0.127065 -0.057895 0.016042 0.060974 0.163661 0.160538 0.076498 -0.063335 -0.068737 0.051849 -0.116773 -0.014246 0.087295 -0.019311 -0.015242 0.144172 0.052178 0.167618 0.005818 -0.095485 -0.046499 0.037860 0.126349 -0.130432 -0.056926 0.048548 0.031958 0.122477 0.082930 0.106300 0.101173 0.128316 -0.003515 -0.073793 0.012547 0.142490 -0.061936 -0.036919 -0.085053 0.038666 -0.129705 -0.020451 -0.160339 0.080627 0.100354 0.042641 0.093520 -0.042212 1.024635 
-0.030322 0.063515 0.135129 0.070639 -0.061896 -0.133709 -0.151054 -0.155265 0.043296 0.239290 0.297298 0.178240 0.139912 0.036709 -0.032715 -0.026544 -0.134639 -0.061708 -0.043397 -0.016985 0.032444 0.262076 0.127080 0.156948 -0.126129 -0.055297 0.086732 0.026446 0.154976 -0.102670 -0.173923 -0.137390 0.146373 0.140757 0.145982 -0.065505 0.125307 -0.130606 -0.071794 0.038120 -0.131679 -0.152309 0.150205 0.124586 0.112313 -0.060060 0.122884 0.127628 0.093155 -0.115385 -0.034877 -0.047801 -0.101915 0.116130 -0.093111 -0.056994 -0.119637 -0.150522 0.079684 -0.120631 -0.088787 0.076784 -0.072577 -0.039840 0.025038 -0.103618 0.047061 0.013010 -0.070013 -0.149934 -0.146060 -0.052363 -0.116020 -0.149096 -0.143298 0.130365 -0.045574 0.120800 0.052569 -0.119195 -0.104443 -0.154649 -0.013427 -0.076530 0.127411 0.104987 0.004330 -0.149165 0.116395 -0.089523 -0.071054 -0.119777 -0.152602 -0.014175 0.037848 0.043015 0.081920 -0.065867 -0.077812 -0.172023 0.162770 -0.073743 -0.054941 -0.069453 -0.026894 0.052195 -0.091511 0.119623 0.029701 0.149716 0.157611 0.041392 0.120354 -0.006569 0.195317 0.060268 1.384123 
-0.098483 0.047369 0.167789 0.043014 -0.039333 0.159913 0.177263 0.024404 0.233565 -0.054053 0.027641 0.040695 -0.021236 0.033826 0.018149 0.033884 0.057495 0.062939 0.247318 -0.120686 -0.105031 0.315681 0.364263 0.625431 0.580104 0.341791 -0.196721 0.249367 -0.321416 -0.381912 -0.336508 0.040466 0.002982 0.296414 0.173688 0.288758 0.630502 0.521832 -0.128101 -0.238801 0.550688 -0.484312 0.028353 0.117225 -0.050014 0.208078 0.055780 -0.042334 0.051693 -0.017665 -0.032282 0.024053 -0.051976 -0.405942 -0.009158 -0.213334 -0.158563 0.037467 -0.026415 0.167766 0.227959 0.491212 -0.024207 -0.031780 -0.233231 0.032658 -0.066497 0.024520 0.086236 0.024325 0.033520 0.019749 0.014216 -0.000017 0.089242 -0.011692 0.026700 -0.038105 0.017274 0.038050 0.000616 -0.022519 -0.210061 0.028923 0.037536 -0.044136 0.026601 -0.271315 0.014590 0.033329 -0.167526 0.553157 -0.031559 0.164261 -0.066904 -0.076195 0.038054 0.226115 -0.071014 -0.072265 0.099443 -0.123310 -0.023481 -0.031661 0.061927 0.034150 -0.054009 0.618973 0.064019 -0.015308 0.108591 0.113713 0.298562 0.201119 0.077735 -0.738592 0.397744 
0.081991 -0.027294 -0.137595 0.075088 -0.066378 -0.138396 0.076232 -0.055689 -0.369084 0.084173 0.223620 0.032401 0.091882 -0.101128 -0.113683 -0.014005 0.019843 0.096360 -0.093367 0.132443 0.340450 0.474447 0.463683 -0.017020 0.025422 0.094750 -0.021878 -0.019040 0.032841 -0.245492 -0.064055 0.048633 0.164919 0.154652 0.214075 0.131920 0.075016 -0.064580 -0.489949 -0.066500 -0.247034 0.358857 0.022150 -0.071944 -0.091575 0.103728 -0.073389 -0.017579 0.010678 -0.007645 0.026909 0.053531 -0.007620 0.303149 -0.198295 0.127115 -0.057542 -0.000076 0.001823 0.216041 0.091465 -0.009073 -0.049721 0.013739 -0.168917 -0.109851 -0.136068 0.078450 0.034573 -0.058020 0.103693 0.018422 -0.108984 -0.004974 0.097232 -0.009144 -0.006718 -0.136254 0.116092 -0.123506 -0.000217 0.044456 0.146561 0.051189 -0.150331 0.103852 0.076480 -0.003735 -0.018084 -0.066515 1.985408 -0.047177 -0.004091 0.084823 0.025609 -0.028878 0.099251 0.171254 -0.032969 -0.022276 0.430543 -0.076912 0.085962 -0.132822 0.106326 0.064743 -0.078398 -0.088300 0.043025 -0.086187 0.107364 0.143814 0.282909 0.360667 0.075232 -0.111147 0.321600 
0.613074 -0.036527 0.029996 0.113412 0.033888 -0.041546 -0.112213 0.084231 -0.141821 0.071803 -0.033938 0.124243 0.077655 0.274248 0.311389 -0.037195 0.018152 -0.075980 -0.079010 -0.208316 -0.201275 -0.123530 -0.035400 -0.097309 -0.107313 -0.318173 0.282663 -0.132247 0.088635 -0.161617 -0.284621 0.357134 0.228685 -0.149905 -0.088270 -0.148056 -0.057556 0.012366 0.198011 0.388167 -0.175289 0.181427 -0.054272 -0.154112 0.037013 -0.105030 -0.054685 0.147907 -0.138863 -0.064625 0.148533 -0.033185 -0.104261 -0.177385 0.067441 0.071549 -0.015008 -0.038135 0.056856 -0.144336 -0.133232 -0.347180 -0.000903 0.016969 0.283933 0.092999 0.106635 -0.006382 -0.035301 0.033167 0.025253 -0.022258 0.068160 0.053114 -0.001802 -0.091064 0.060192 -0.089779 0.079148 -0.002942 -0.142146 0.094693 0.495811 -0.114627 -0.096219 -0.063529 -0.049739 -0.017536 -0.064112 -0.098971 0.123061 -0.142729 0.042983 1.270105 -0.001932 -0.015186 -0.071800 0.115349 -0.062917 0.127309 -0.316048 0.427187 -0.005846 0.120658 0.050469 -0.028494 -0.054667 -0.072923 -0.111412 0.092069 -0.041077 -0.107886 -0.017668 0.004673 -0.047511 0.058279 -0.168844 
-0.121657 0.122149 -0.102949 -0.151331 0.075805 0.170710 0.133276 -0.066587 -0.017698 0.055565 0.163422 0.249053 0.158870 0.019573 -0.099952 0.181805 -0.125312 -0.143524 0.040986 0.018942 -0.121186 0.253968 0.259048 -0.150128 -0.069364 -0.021203 0.121713 0.078366 0.147479 0.140340 -0.022690 0.158893 0.103328 0.055659 -0.139544 0.018647 0.000530 -0.152792 0.107827 -0.144337 0.055957 0.015326 -0.161341 0.028892 -0.088064 -0.090847 -0.029458 -0.056990 -0.028412 0.168115 0.160157 0.026413 0.189388 0.121920 0.035229 -0.053145 -0.075251 0.007484 0.148821 -0.086382 -0.029837 -0.051021 -0.099256 -0.046996 -0.190711 -0.066921 0.131121 0.024532 -0.046518 0.103324 0.037882 0.164257 -0.049394 0.067774 -0.019400 0.003231 0.140633 0.099384 0.094380 -0.054523 0.145549 0.082240 0.135073 0.122363 0.021159 0.021139 -0.135607 0.137457 -0.157119 -0.161015 -0.109470 0.007057 -0.011379 -0.069441 0.156388 -0.029400 0.058755 0.102975 -0.149159 -0.170936 0.277319 0.043288 0.165112 0.113804 -0.043541 0.032873 -0.037822 -0.066966 -0.015305 -0.107593 0.044836 -0.091461 0.092009 0.003290 -0.099777 -0.048811 1.342703 
-0.052039 -0.030792 -0.150369 -0.062074 -0.018855 0.061158 0.078538 0.095481 -0.112026 -0.156665 -0.035733 -0.035663 -0.072287 -0.068755 0.167030 0.058760 -0.034899 0.100230 -0.105510 0.202221 -0.082939 -0.036194 -0.097839 0.080330 0.040057 0.001678 -0.098712 0.096881 0.083030 -0.023333 -0.008547 0.168471 0.160470 0.046500 -0.095789 -0.108010 0.080745 0.290462 -0.120845 0.142987 -0.255827 0.133736 0.058503 -0.089057 -0.140093 -0.105835 -0.125093 -0.032640 0.133803 -0.105617 -0.040635 -0.129900 0.035036 0.115458 -0.053342 0.084901 -0.123458 0.014460 -0.068559 0.098172 -0.145131 0.162694 0.065543 -0.155381 -0.024361 0.170052 0.041166 0.128972 0.159107 0.073827 0.134925 0.134862 -0.029828 -0.126551 -0.085599 -0.077880 -0.036243 -0.125459 0.096235 -0.076192 -0.016456 -0.103748 -0.024063 -0.136280 0.067149 0.084510 0.135150 0.136046 -0.052007 -0.047551 0.014544 0.065082 -0.041388 -0.035286 0.021512 0.137900 -0.050599 -0.121381 0.121076 -0.082533 0.122230 0.128982 -0.137934 -0.038420 0.178028 -0.080652 0.090461 0.133832 0.014829 -0.005956 0.175456 -0.118082 -0.004861 -0.125831 -0.109097 -0.201393 0.231407 
-0.028421 -0.107430 -0.034108 0.045309 0.092097 0.155690 0.123648 -0.095897 -0.011761 0.178752 0.258520 0.269818 0.155238 0.088325 0.026338 0.164626 0.143103 0.129461 0.075023 -0.092809 0.008110 0.296397 0.310877 -0.176842 0.073407 0.165855 0.054085 0.095864 -0.134134 0.090598 0.032049 -0.028172 -0.101881 -0.118260 0.157575 0.171213 0.144815 0.121393 -0.177199 0.023902 0.084311 0.044441 -0.115412 0.032436 0.035287 0.085072 -0.138348 -0.046853 0.078046 0.063509 0.071435 -0.054661 0.074568 -0.006345 -0.096253 -0.019378 0.013622 0.155202 -0.165094 0.080618 0.122289 0.087242 -0.146741 -0.103435 0.071540 0.154748 -0.171227 0.128743 0.097886 -0.080413 -0.067114 -0.039099 0.158184 0.021454 0.105102 -0.044676 -0.065140 0.094207 0.028746 -0.136731 0.063179 -0.055993 -0.033624 -0.084790 0.117692 0.078059 0.036179 -0.020846 0.055328 0.040188 0.120383 0.041005 -0.021345 -0.131673 0.111352 -0.090247 -0.105391 0.140358 -0.095715 0.148248 0.192098 -0.001262 -0.088907 0.123979 -0.137432 -0.074396 -0.085695 -0.022593 -0.100391 0.152352 0.028517 0.063663 -0.124004 0.142305 -0.150547 -0.230797 1.998340 
0.503897 0.057182 -0.043481 -0.099081 0.018450 0.012157 0.016308 0.036011 -0.475018 0.270251 0.241111 0.435297 0.363368 0.265687 -0.142934 0.059995 -0.122181 -0.034945 -0.050223 -0.004410 0.027667 -0.243060 -0.216303 -0.007310 0.011309 -0.541124 0.537882 -0.327889 0.257578 -0.278707 -0.384183 0.440199 0.374809 -0.161663 0.176029 0.249553 0.109578 -0.087327 -0.217937 0.390610 -0.542660 0.330840 -0.149280 -0.213217 -0.054840 0.096858 0.014581 -0.079704 0.024964 -0.051200 -0.031695 -0.017725 -0.081079 0.069271 0.026764 0.265341 0.077974 0.013268 -0.106607 0.038962 -0.084660 0.232562 0.069036 -0.010054 -0.214324 0.027285 -0.111669 0.079123 0.052858 0.079820 -0.020424 0.021386 -0.058843 -0.024486 0.122044 -0.059877 -0.060730 -0.007265 -0.031649 0.064437 0.015444 0.112251 0.528371 0.062829 0.065604 -0.041992 0.012865 0.195494 0.082570 0.060240 0.160143 -0.663165 0.049784 -0.077435 0.039813 0.007264 0.067341 0.117840 -0.001511 0.091868 -0.206459 0.156817 -0.062553 -0.051730 0.040217 -0.054171 -0.032515 0.034310 0.199198 0.076648 0.013528 -0.123038 -0.141074 -0.122309 -0.047965 -0.006619 -0.540326 
0.432500 -0.077789 0.159122 -0.131736 0.013360 0.098811 0.151884 0.143646 0.232079 -0.146268 -0.129167 0.075001 0.086072 0.154893 0.051066 -0.229364 -0.026640 0.078617 0.165188 0.006957 -0.252926 -0.017981 0.047797 0.238701 0.328603 0.180484 -0.219243 0.279631 -0.381579 -0.314416 -0.326646 0.066532 0.120100 0.026560 0.168341 0.055757 0.168052 0.267866 -0.219037 -0.152216 0.427714 -0.369251 0.756171 -0.006665 0.091445 0.173818 0.080272 -0.057227 -0.037067 -0.042217 0.137843 0.011047 0.103566 -0.380434 0.021082 -0.078307 -0.133499 0.029727 -0.081905 -0.067483 0.320859 0.169339 0.116857 0.034241 -0.182398 0.012120 0.084435 -0.084035 0.080666 0.060664 0.029805 0.039406 -0.079151 0.115540 0.062412 -0.004527 0.005110 -0.013255 -0.013015 -0.093127 0.093204 -0.066104 -0.063019 0.027576 0.084839 0.071265 -0.068360 -0.134421 -0.010103 0.066080 0.305480 0.310795 0.099470 0.111365 -0.048779 0.014848 -0.071490 0.120451 0.079549 0.100562 -0.139075 -0.070656 -0.066797 0.030597 -0.019358 -0.013370 0.056392 -0.047652 0.148401 -0.118030 0.699095 0.158329 -0.000792 -0.169709 -0.122449 -0.160683 -0.255308 






















































































































0.000000 
0.000000 
0.000000 
0.000000 
0.000000 
0.000000 
0.000000 
0.000000 
0.000000 
0.000000 
0.000000 
0.000000 
0.000000 
0.000000 
0.000000 
0.000000 
0.000000 
0.000000 
0.000000 
0.000000 
0.000000 
0.000000 
0.000000 
0.000000 
0.000000 
0.000000 
0.000000 
0.000000 
0.000000 
0.000000 
0.000000 
0.000000 
0.000000 
0.000000 
0.000000 
0.000000 
0.000000 
0.000000 
0.000000 
0.000000 
0.000000 
0.000000 
0.000000 
0.000000 
0.000000 
0.000000 
0.000000 
0.000000 
0.000000 
0.000000 
0.000000 
0.000000 
0.000000 
0.000000 
0.000000 
0.000000 
0.000000 
0.000000 
0.000000 
0.000000 
0.000000 
0.000000 
0.000000 
0.000000 
0.000000 
0.000000 
0.000000 
0.000000 
0.000000 
0.000000 
0.000000 
0.000000 
0.000000 
0.000000 
0.000000 
0.000000 
0.000000 
0.000000 
0.000000 
0.000000 
0.000000 
0.000000 
0.000000 
0.000000 
0.000000 
0.000000 
0.000000 
0.000000 
0.000000 
0.000000 
0.000000 
0.000000 
0.000000 
0.000000 
0.000000 
0.000000 
0.000000 
0.000000 
0.000000 
0.000000 
0.000000 
0.000000 
0.000000 
0.000000 
0.000000 
0.000000 
0.000000 
0.000000 
0.000000 
0.000000 
0.000000 
0.000000 
0.000000 
0.000000 
0.000000 
0.000000 
0.000000 
-0.265111 
0.167852 
-0.109851 
-0.100239 
0.000692 
0.060120 
-0.021061 
-0.117650 
0.080665 
-0.201072 
-0.102687 
0.078607 
-0.153771 
-0.149383 
-0.106329 
0.180028 
-0.142218 
0.021665 
0.073589 
-0.137344 
-0.331513 
-0.134070 
0.141146 
0.017491 
0.111557 
-0.038613 
-0.009869 
0.091023 
-0.147387 
-0.035518 
-0.304195 
-0.169614 
0.075328 
-0.271090 
0.084265 
0.131028 
-0.099610 
-0.083120 
0.885483 
-0.001826 
-0.042126 
0.184334 
-0.035524 
0.060208 
0.401527 
0.113674 
-0.022354 
0.150128 
0.709525 
-0.175425 
-0.243275 
0.504316 
0.197394 
0.557720 
1.247760 
-0.064406 
0.104352 
-0.203386 
0.444068 
-0.249152 
-0.110196 
-0.237385 
-0.275864 
-0.158011 
-0.022754 
0.020853 
0.221143 
0.163156 
-0.234356 
-0.178240 
-0.228930 
1.026445 
0.546016 
0.301128 
0.086216 
-0.421608 
0.430128 
-0.157730 
-0.257534 
-0.164616 
-0.051033 
-0.169831 
0.251267 
-1.154657 
-0.118448 
0.603192 
-0.532830 
-0.286512 
0.079027 
0.318405 
-0.770905 
0.778424 
-0.535399 
0.631558 
-0.365279 
-0.319066 
-0.055750 
-0.486177 
-0.204571 
-0.228016 
-0.264796 
0.899364 
-0.153445 
-0.212889 
1.123196 
0.008300 
-0.162937 
-0.055460 
-0.285327 
-0.344221 
0.701117 
0.049489 
-0.082044 
0.095459 
0.071922 
-0.002337 
0.113739 
0.186386 
0.393511 
0.053673 
-0.077426 
0.000087 
-0.024874 
-0.083770 
-0.051169 
-0.010038 
-0.033391 
-0.087483 
-0.064727 
-0.024463 
0.414027 
-0.309523 
-0.315546 
0.335687 
0.211394 
-0.191170 
-0.142712 
-0.192705 
0.176846 
-0.035838 
0.082709 
-0.960510 
-0.947354 
0.282871 
0.204830 
0.068792 
0.279932 
0.056258 
-0.174729 
-0.082399 
-0.387737 
0.235442 
0.163035 
-0.234803 
0.042568 
0.095049 
0.080177 
0.193036 
-0.087035 
0.055873 
-0.061165 
0.109421 
0.053751 
0.060093 
-0.024204 
-0.118944 
0.053637 
0.280015 
0.213538 
0.053291 
0.017798 
0.228965 
0.408344 
0.799738 
0.027006 
0.027990 
-0.768623 
-0.001337 
0.148083 
-0.102839 
-0.106653 
-0.012846 
0.024101 
0.031839 
-0.092798 
-0.004222 
-0.044294 
0.060352 
0.100372 
0.051300 
0.076881 
-0.050837 
-0.043058 
-0.112095 
-0.057480 
-0.014152 
0.028811 
0.146498 
-0.053533 
-0.148310 
-0.066887 
-0.000536 
-0.384534 
0.360085 
-0.019103 
-0.213523 
0.014885 
0.018505 
-0.003320 
0.232102 
0.048939 
0.069897 
-0.210548 
0.067787 
0.052887 
-0.006848 
-0.090323 
-0.057755 
0.031431 
-0.240527 
0.072011 
0.006481 
0.049928 
0.227650 
0.275221 
0.003780 
0.076625 
0.048628 
-0.559166 
0.774000 0.365110 0.515216 
