0.111885 -0.131171 -0.113573 -0.038680 -1.138169 0.036186 0.041809 0.203222 -0.298046 -0.083624 0.003441 -1.252502 0.115627 -0.294515 0.194397 0.017246 -0.127220 -0.011902 -0.027501 -0.134530 0.081749 -0.123195 0.015845 -0.193591 -0.028301 -0.110754 -0.005414 0.051106 -0.020569 -0.030395 -0.010260 -0.063941 
0.078440 -0.021823 -0.026774 -0.058643 -0.063784 0.049331 -0.054218 0.031375 0.007967 0.179579 0.222007 0.159970 -0.030132 -0.012881 -0.060092 0.041117 -0.053781 -0.113839 -0.050983 0.020177 -0.038268 0.003366 0.123002 -0.081300 0.108949 0.028017 -0.068490 -0.035277 -0.018196 0.040261 -0.084036 -0.051406 
-0.026836 -0.015995 -0.026292 -0.001915 -0.076810 -0.176628 -0.036194 -0.034924 -0.180003 -0.014087 0.034991 -0.421433 -0.100528 -0.137891 -0.267975 -0.062521 0.060667 -0.038454 0.020078 -0.078351 -0.001411 0.015757 -0.040207 -0.069049 0.064746 -0.028758 -0.052655 3.969427 0.069095 -0.077775 -0.095979 0.011800 
-0.032092 -0.012114 -0.065924 -0.088945 -0.077858 -0.007958 0.003170 -0.010314 0.032810 0.045769 0.021256 0.057146 -0.024573 0.034583 0.064824 -0.072272 0.020505 0.029628 -0.042066 -0.065521 -0.013362 0.001143 -0.009767 0.067932 0.061910 0.038457 0.023807 0.058905 -0.088185 0.022910 -0.026358 -0.032090 
-0.080890 -0.000594 -0.028707 -0.076074 0.084701 0.065887 0.006137 0.026213 0.019268 -0.064272 -0.018751 0.086127 0.052756 -0.045623 -0.079401 -0.022410 0.074629 -0.029834 0.003284 -0.030218 0.061960 0.085224 -0.054216 0.034689 0.030795 0.060479 0.002347 0.033848 -0.007722 0.068840 -0.089086 0.003065 
-0.021405 -0.025591 0.019728 -0.030241 -0.043687 -0.068311 0.087715 0.058263 -0.039814 -0.022294 0.053479 -0.068865 0.023333 0.074191 -0.009104 0.007505 -0.052101 0.086799 0.067562 -0.085043 0.079211 -0.077435 0.040875 0.018737 0.071506 -0.047324 -0.038605 -0.026007 -0.070864 -0.037250 0.068055 -0.003777 
0.031329 0.022919 0.021623 0.039300 -0.031883 0.148413 0.105627 0.070549 -0.078625 0.004681 0.220919 -0.055470 -0.101980 -0.129311 -0.125625 -0.030741 -0.049188 -0.002858 0.005510 -0.028446 -0.048918 -0.033982 0.039889 -0.057800 0.158995 -0.042160 0.013176 0.151294 0.029193 0.229841 -0.079456 -0.071190 
-0.101825 -0.015325 -0.081159 -0.013255 -0.026875 -0.158565 -0.017433 -0.057548 -0.051609 -0.021445 0.004643 -0.041481 0.018602 -0.075323 -0.305954 -0.148187 -0.027310 -0.058723 0.001316 0.001935 0.010195 0.108489 -0.031191 0.025663 0.043975 -0.050231 -0.058207 -0.057579 0.160967 0.022978 -0.037257 0.003716 
0.162608 -0.207347 -0.120905 0.207333 0.147564 0.052098 0.062670 -0.276022 0.084461 0.074846 0.053820 0.212331 -0.168713 0.219063 -0.213681 0.050913 0.090751 -0.125999 0.034075 0.017526 -0.122660 -0.147750 0.048916 -0.080754 -0.099402 0.089192 0.109186 0.354830 -0.023582 -0.086785 0.069208 0.057760 
-0.141295 -0.201706 0.029270 -0.045205 -1.162871 0.420536 0.062901 -0.015008 -0.270362 -0.043710 -0.116879 -2.764637 -0.090595 -0.121021 0.501409 -0.106335 -0.058940 -0.026526 0.007190 0.002281 -0.066412 -0.173726 -0.049997 -0.261103 -0.035955 -0.015994 -0.030072 -0.014058 -0.001732 -0.022653 0.077677 0.028430 
-0.163746 -0.245663 0.011364 -0.057547 -0.970354 -0.147200 -0.091597 -0.128776 -0.294683 -0.029930 -0.140625 -2.866011 -0.036007 -0.277291 -0.132666 -0.135410 -0.060521 -0.210051 -0.089782 -0.035080 -0.131906 -0.224558 -0.050567 -0.341667 -0.219797 -0.136595 -0.025840 7.984254 -0.165683 -0.156001 -0.092729 -0.115634 
-0.189285 -0.365063 -0.105393 -0.029260 -1.746990 0.393944 -0.190547 -0.115319 -0.494570 -0.058947 -0.096279 -3.954496 -0.110731 -0.397892 0.464887 -0.221252 -0.098133 -0.233465 -0.246533 -0.136554 -0.126322 -0.161285 -0.015016 -0.542971 -0.128425 -0.185781 -0.048031 0.123275 -0.088252 -0.213491 0.048128 -0.014181 
-0.008298 -0.183562 -0.006806 -0.027557 -1.421202 0.337832 0.090176 -0.030355 -0.225863 -0.059780 0.002235 -2.924547 -0.081585 -0.270632 0.370105 0.048555 0.010151 -0.030143 -0.009967 -0.145956 -0.095912 -0.153590 0.010741 -0.341596 -0.049330 -0.077569 -0.005365 0.000081 -0.034251 -0.101654 0.005833 -0.051780 
-0.070042 -0.065068 0.020198 -0.045740 -0.065360 -0.082410 0.170028 -0.012679 -0.006273 0.023588 0.174191 -0.019222 -0.071405 -0.313549 0.009179 0.038305 -0.309311 -0.000215 0.004183 -0.009420 -0.088073 -0.062771 -0.085238 -0.012847 -0.074810 0.068403 0.016390 0.071696 -0.022292 -0.076611 -0.081637 0.019709 
-0.009305 0.016772 0.052985 0.066372 0.055628 0.043950 -0.046514 0.008071 -0.060788 -0.049582 0.089156 -0.065275 -0.050021 -0.000784 0.116575 0.048619 -0.020036 0.098599 -0.058154 0.058081 -0.076565 -0.048726 -0.065569 0.034271 0.180549 0.039327 -0.010113 0.000864 0.069129 0.018671 0.059334 -0.056379 
-0.241880 -0.353002 -0.184174 -0.089200 -2.474050 0.820386 0.098461 -0.064433 -0.720503 -0.138616 -0.132817 -5.360407 -0.094197 -0.599691 0.650103 -0.021266 0.259445 0.011103 -0.139246 -0.021820 -0.068313 -0.185142 0.031408 -0.802837 -0.027440 -0.039442 -0.203872 -0.073820 -0.006885 -0.343458 -0.025898 0.091546 
0.044068 -0.025893 0.022176 0.090021 0.042109 -0.069424 -0.015642 -0.032742 -0.041202 0.065070 -0.066486 -0.047600 0.043101 0.003254 0.076535 0.017990 -0.076934 -0.024065 0.008419 0.066882 0.084864 -0.075376 0.026842 -0.051358 -0.079372 0.053667 -0.046144 0.008728 0.062732 -0.003766 -0.062183 0.015124 
0.062017 0.051670 0.013468 0.012450 0.073923 0.089502 0.071384 -0.058955 0.062896 -0.086778 -0.014879 0.014321 0.008153 -0.030021 -0.059366 0.022895 0.037591 0.040729 -0.001899 0.030778 0.057030 -0.066734 0.071097 0.069335 0.078610 -0.066724 -0.013613 0.049665 0.021187 0.015881 -0.026888 -0.008473 
-0.009616 0.040194 -0.094638 -0.065591 0.070693 0.197057 -0.004131 0.059644 0.027024 0.075708 0.133319 -0.114457 -0.048888 -0.033091 -0.045728 0.049006 -0.040477 0.095147 0.004067 -0.078521 -0.000219 0.010686 0.042472 0.003959 0.234334 -0.012616 -0.001769 -0.192845 0.097914 0.299520 0.019132 -0.044427 
0.458362 -0.113497 -0.062744 -0.048926 -0.002327 -0.125497 -0.022008 0.227548 0.013574 0.177047 -0.110482 -0.877668 0.334061 -0.359865 -0.185194 0.014502 -0.309633 0.042766 -0.004703 -0.006049 -0.056118 0.322412 -0.218562 0.016521 -0.019339 0.033787 0.093132 -0.700131 -0.194677 0.163150 -0.144773 -0.137313 
0.225751 -0.132063 -0.050076 -0.057021 0.080552 -0.144307 -0.023690 0.154147 0.001198 0.064245 -0.013654 -0.738126 0.533118 -0.185995 -0.106432 -0.028699 -0.305792 -0.061766 0.028894 -0.042643 0.022157 0.332051 -0.017422 -0.057332 -0.130575 0.029416 0.056805 -0.638788 -0.178176 0.186585 -0.036833 -0.064446 
-0.195758 -0.066595 -0.077641 -0.126020 -0.009579 -0.017088 -0.053117 -0.070198 0.004942 -0.048267 -0.045055 0.129848 -0.053621 1.012203 -0.097629 -0.044807 -0.045777 -0.196663 -0.147099 -0.055533 -0.080999 -0.193100 -0.110286 -0.166570 -0.223170 -0.087829 0.028606 -0.073295 -0.075294 -0.020865 -0.030528 -0.173380 
-0.359027 -0.194452 -0.169010 -0.079377 0.036009 -0.144816 -0.049952 -0.070606 0.030918 -0.068542 -0.062945 0.110652 -0.213127 1.309755 -0.147805 0.058013 -0.023392 -0.241473 -0.205557 0.052385 -0.126230 -0.160392 -0.079369 -0.018833 -0.421882 -0.106223 -0.037175 -0.143145 -0.140993 -0.041718 0.054916 -0.162581 
-0.064785 -0.041657 -0.118098 -0.035098 -0.157064 -0.099280 -0.024979 -0.128088 0.200770 0.024187 -0.051464 -0.171858 -0.116800 -0.164515 -0.195714 -0.155419 0.057664 0.296429 0.046969 -0.020497 -0.068991 0.203756 -0.100200 0.254512 -0.152694 0.035365 -0.026458 -0.183007 0.078719 0.037948 -0.049958 0.159497 
0.062081 -0.155814 -0.183686 -0.026268 -0.184284 -0.121291 0.054547 -0.069250 0.232055 0.105467 -0.089440 -0.166346 -0.135882 -0.201178 -0.271234 -0.020928 0.025875 0.311741 -0.109456 -0.023692 -0.047711 0.132140 -0.102868 0.298348 -0.096265 0.073000 -0.044532 -0.185622 -0.013376 -0.011401 -0.110895 0.201885 
0.029398 -0.093196 -0.225806 -0.046580 -0.001194 0.117763 0.037149 -0.112281 0.113816 0.051571 0.047516 0.016401 -0.022559 0.067778 -0.259476 -0.052835 0.069602 -0.023889 0.033787 -0.092083 -0.081398 -0.069969 0.128268 0.015723 -0.078510 0.028618 0.048747 0.060184 0.096984 0.054603 -0.006154 -0.037165 
0.030786 0.048543 0.107072 0.047991 0.021710 -0.057309 -0.047118 0.025210 -0.105803 0.059295 -0.095850 -0.110200 -0.007257 -0.133076 0.342134 0.070579 0.024566 0.188433 0.067941 -0.016640 0.004492 0.059376 -0.077016 -0.089016 0.158098 0.176702 -0.018835 -0.045285 -0.041258 -0.051616 -0.110660 0.035568 
0.008920 0.011116 0.048389 0.055367 -0.028883 0.055645 -0.042577 -0.141284 0.015371 -0.041981 -0.111474 -0.128263 -0.127278 -0.049965 -0.078671 -0.004460 -0.063287 0.047968 0.111555 0.064132 -0.012898 -0.084759 -0.023869 -0.027034 0.054830 0.104646 0.013468 -0.202975 -0.028134 -0.108798 0.110342 0.119413 
0.007722 -0.006240 0.062886 -0.026771 0.100925 -0.068335 0.038139 0.116573 -0.043071 -0.039708 -0.012409 0.165090 0.223703 0.111094 0.059453 0.029688 -0.027028 0.030027 -0.046192 -0.026849 0.154602 0.036153 0.197467 -0.092289 -0.016085 -0.072468 0.033461 -0.250857 -0.124949 0.032568 0.107813 0.046948 
0.140748 -0.123803 -0.060060 -0.037828 0.405762 -0.235809 -0.033320 -0.090808 0.209291 -0.067336 -0.033515 0.637167 0.062888 0.113072 -0.318949 0.141779 0.230802 -0.016443 0.014321 -0.073587 -0.019709 0.031604 0.260549 -0.021288 -0.284946 0.090001 0.156088 0.129670 -0.107531 -0.106155 0.108614 -0.036109 
0.058000 -0.112466 -0.077120 0.011904 0.052360 -0.289253 -0.114252 -0.010246 0.120860 0.074246 -0.052275 0.341149 0.008549 -0.000934 -0.441352 -0.011063 0.151322 -0.001534 0.079055 -0.076713 -0.125102 0.035877 0.061965 -0.032450 -0.233402 0.006612 0.013357 0.246505 -0.071229 -0.188535 -0.004035 0.040597 
0.139909 0.054349 0.208177 0.025336 0.048020 0.091477 -0.002135 0.127738 -0.244771 -0.076688 0.062059 -0.420016 -0.126154 0.168267 0.349042 -0.101822 -0.391226 -0.037181 0.003458 0.077444 0.100903 0.250623 0.042626 0.077698 0.060354 -0.053291 0.018193 -0.136350 -0.049020 0.029696 -0.059147 0.061705 
0.092160 0.152607 0.128163 -0.005379 -0.307596 0.032340 0.026960 0.174145 0.034226 0.004438 -0.032617 -0.011126 0.025862 -0.176167 0.225550 0.010334 -0.027598 -0.080057 -0.026706 -0.093969 0.146133 0.186147 -0.185345 0.086666 0.024866 -0.006443 0.054972 -0.364903 0.149325 0.142862 -0.097080 -0.060416 
0.074434 -0.037856 -0.000923 -0.073755 0.053573 0.009250 0.002958 -0.048098 0.033475 0.080452 0.089394 0.105562 -0.180955 0.015289 0.058032 0.128464 -0.080365 0.004396 0.001851 0.012735 -0.074842 0.050676 -0.024102 0.089259 0.034431 0.033962 0.062266 0.051419 -0.040526 -0.050061 0.043504 -0.085485 
-0.154432 -0.146729 -0.116435 -0.008787 0.187653 0.211320 -0.030300 0.022386 0.042215 -0.081394 -0.033846 -0.148496 -0.102271 -0.070550 -0.011137 -0.167935 -0.136338 -0.059561 -0.093665 -0.004321 -0.067735 0.026275 -0.009136 -0.090082 0.242091 -0.002612 -0.029340 -0.174124 -0.072600 0.024803 -0.033308 -0.060461 
-0.268512 -0.120092 -0.086471 0.003110 0.193387 -0.210321 -0.047462 0.110356 -0.042673 -0.049680 -0.017810 0.032481 -0.006262 0.575482 -0.227219 0.199546 0.049009 -0.247156 -0.238193 0.036873 -0.219380 0.112978 -0.042735 -0.004086 0.040938 0.006917 -0.035577 -0.038315 -0.067164 0.219903 0.073096 -0.149748 
0.133962 0.068597 -0.017331 -0.052082 0.049675 -0.054440 0.010667 -0.071071 0.182722 0.062975 -0.017281 -0.165242 -0.224350 -0.014540 -0.045769 0.085130 -0.000173 0.175439 0.029675 -0.050498 -0.057187 0.094238 -0.105864 0.135311 -0.006594 -0.011031 -0.005838 -0.140051 0.051749 -0.029770 0.025205 0.098473 
-0.071626 -0.077718 -0.069830 -0.105039 -0.106705 -0.162206 -0.024057 0.003470 0.193236 0.008335 -0.071547 -0.269133 -0.139334 -0.207336 -0.170373 -0.003219 0.013625 0.095356 0.097400 -0.092284 -0.149637 0.035363 -0.042554 0.232818 -0.192830 0.098397 -0.062906 -0.131479 0.129137 -0.011594 -0.017430 0.218933 
-0.052978 0.022363 0.256132 0.125856 0.596139 0.082864 0.096113 -0.111460 0.112368 0.023488 0.052677 0.834537 -0.025169 -0.164736 -0.114068 0.022061 0.135826 0.100823 0.126484 0.042249 0.221119 -0.092157 0.315302 0.117873 -0.142754 0.094680 0.031592 -0.183003 -0.195236 -0.187483 0.098844 0.086436 
-0.122922 0.519492 0.150658 0.048772 0.056871 0.013533 0.049353 -0.045005 0.005777 -0.005822 -0.066589 -0.073183 0.006117 -0.020177 0.537575 0.364911 0.021823 0.019930 -0.019863 0.226747 0.016280 -0.190402 -0.077249 -0.039790 0.130987 0.051864 0.024428 0.211662 -0.056535 0.144660 0.074085 -0.087115 
0.148866 -0.292962 -0.195356 0.105391 -0.095012 0.222338 0.110430 -0.159640 0.059569 -0.002473 0.017701 0.193256 -0.352873 0.081856 -0.240776 -0.022578 0.235089 -0.064979 0.098979 -0.086292 -0.268929 -0.121791 0.122083 0.111536 0.189966 0.128198 0.171012 0.242024 0.162189 -0.025447 0.052273 -0.033996 
-0.069662 0.059122 0.018951 -0.077374 -0.022522 -0.182524 0.004567 0.322152 -0.062210 0.014174 -0.026060 -0.096085 0.383436 -0.021526 0.064562 -0.009855 -0.157829 -0.017655 -0.104895 -0.130635 0.195276 0.154084 -0.140601 -0.082464 -0.213203 -0.099718 -0.158551 -0.411786 -0.073894 0.067053 -0.094845 -0.037544 
-0.045735 -0.078528 -0.488294 -0.072548 -1.001807 -0.415924 -0.027392 -0.089193 -0.173551 -0.073472 0.014884 -0.090042 -0.065154 -0.409785 -0.455784 -0.122437 0.051110 0.204197 -0.058717 -0.025019 -0.196376 -0.188416 0.041334 0.101855 -0.094536 0.015246 0.036048 -0.060095 0.152540 -0.125085 -0.093268 0.026725 
-0.068945 -0.138620 -0.075553 -0.070898 0.003631 -0.117596 -0.008226 -0.087613 -0.316355 0.030398 0.029057 -0.114454 -0.083332 -0.190448 -0.180236 -0.168450 0.464722 -0.202627 -0.179261 -0.062390 -0.032584 -0.117917 0.283507 -0.015749 -0.198086 -0.021152 -0.079528 -0.131500 -0.051553 -0.079187 -0.070349 -0.049607 
-0.015131 0.023214 -0.020378 0.054436 -0.003801 0.062350 -0.056292 -0.016128 -0.048646 0.001591 0.066222 0.058602 -0.002900 0.008736 0.045086 -0.068659 0.007205 -0.041999 -0.040690 0.066846 -0.000926 -0.052590 -0.036784 0.051649 -0.071314 -0.026888 0.072789 -0.032443 -0.012780 -0.085878 0.018595 0.063765 
0.075315 0.046058 -0.049820 -0.065471 -0.042920 0.108307 0.025946 -0.084415 0.038503 0.002194 0.215971 0.073669 -0.016742 -0.020628 0.141464 0.024863 -0.083148 -0.192221 -0.029123 -0.058823 -0.053074 0.039840 -0.059184 -0.027516 -0.147741 -0.071760 0.018146 -0.007281 -0.076982 -0.069787 -0.040496 0.023071 
-0.004931 0.080254 0.073791 -0.036041 0.050487 -0.008802 -0.024120 -0.069367 0.066504 -0.045275 0.082909 0.058870 0.070333 0.074850 -0.033236 0.052266 -0.065576 0.033181 -0.058404 0.016438 -0.028862 -0.025748 -0.064539 -0.026117 -0.011979 -0.086282 0.055524 0.007587 0.002247 -0.074099 -0.035510 0.088992 
-0.085522 -0.053395 -0.038725 0.056642 0.029479 0.028831 0.078952 0.004307 0.075233 0.070184 -0.028499 0.053890 0.053358 0.029941 0.014479 0.079459 -0.028554 0.047752 0.004221 0.034261 -0.069673 0.031359 -0.083533 0.010024 0.036753 0.063667 -0.074065 -0.052677 0.081244 -0.017898 -0.055361 0.087399 
0.020383 -0.002409 0.052364 -0.041814 -0.065255 0.039639 0.054169 -0.081698 0.018147 -0.066007 0.063869 -0.020171 0.055611 -0.013329 -0.032389 -0.064619 -0.057254 0.063509 0.061318 -0.035250 0.003191 0.069461 0.066451 -0.051732 0.041452 0.084062 -0.012733 0.031020 -0.025512 0.023583 0.026742 0.086547 
-0.070503 -0.012570 -0.046944 -0.044081 -0.064607 -0.084451 -0.034102 0.045216 -0.058781 -0.061910 -0.066631 0.088507 0.016437 -0.007343 -0.067788 0.050860 -0.035511 0.085207 -0.076066 0.059357 0.062992 0.082061 -0.084052 0.012767 0.074446 -0.005108 -0.047890 -0.042743 -0.073202 0.070529 -0.047872 -0.052028 
-0.033718 -0.003139 -0.004433 -0.006649 0.004087 0.053142 -0.053109 0.036983 0.082908 -0.028063 0.033813 0.007669 0.056270 0.057702 -0.033147 -0.070918 0.051232 -0.017537 0.080116 0.022547 -0.027153 0.087740 -0.056363 -0.044383 -0.009045 -0.012576 0.004551 0.009430 -0.033724 0.048356 0.049078 0.024235 
-0.046460 -0.047031 -0.074090 0.049304 -0.085566 -0.035522 -0.005390 0.089018 0.028091 -0.063253 0.005010 -0.007316 0.086125 0.063539 0.013443 0.045680 -0.045674 0.001882 -0.023450 0.018849 -0.002054 0.011864 0.066142 0.080577 0.090964 -0.020983 -0.001670 -0.034436 -0.064304 -0.044269 0.081476 -0.019087 
-0.180991 -0.083005 -0.058860 -0.011305 -0.053056 -0.030190 -0.112684 0.068622 -0.107884 -0.081246 -0.007384 0.305796 0.262367 0.024316 -0.046257 -0.061440 -0.034916 0.153867 -0.052489 -0.084735 -0.010314 -0.023451 0.114985 -0.010028 0.176648 -0.161352 0.153058 -0.066230 0.148749 0.104725 0.003319 -0.052613 
-0.277532 0.030951 -0.033974 -0.257922 -0.111159 -0.124411 -0.066906 0.057285 -0.045599 -0.133408 0.014916 -0.306818 0.203058 -0.026647 -0.072769 -0.113579 -0.145349 -0.049276 -0.061863 0.008724 0.173903 -0.108154 -0.068452 0.063605 -0.107986 -0.060689 -0.116791 -0.100320 -0.030175 -0.087552 -0.049622 -0.038569 
-0.071672 -0.038274 -0.009644 -0.009309 0.012966 0.006003 0.014626 0.073046 -0.077387 -0.005419 -0.069527 0.028657 0.067914 -0.002043 0.050989 -0.063855 0.019317 0.079231 0.069520 -0.030980 -0.081070 -0.082732 -0.082242 0.026799 0.086691 0.076257 0.083540 0.017526 -0.032952 -0.002146 0.083866 -0.012948 
-0.026224 0.305526 0.195746 0.005680 0.047196 -0.053999 -0.044062 -0.092708 0.008662 -0.042209 0.057888 -0.012706 0.117084 -0.013138 0.409849 0.140465 0.010306 0.092577 0.029985 0.155955 0.176486 0.005354 -0.076148 0.054598 0.044023 -0.032549 -0.001576 0.044651 0.021795 0.106675 0.024914 -0.041593 
-0.057384 0.229863 0.119682 -0.036994 0.032299 0.112280 0.045419 -0.099579 -0.042571 -0.048459 0.008063 -0.016063 0.131614 -0.091620 0.229877 0.170797 -0.006674 -0.050922 0.000746 0.074857 -0.034383 0.012283 -0.075597 -0.089932 0.107366 -0.051319 -0.072244 0.103610 0.026365 0.218437 0.018686 0.025904 
0.089328 -0.030667 -0.000537 0.061591 -0.047462 -0.044075 0.020803 0.003485 0.035559 -0.056796 0.028453 0.014325 0.039967 -0.044915 0.063129 -0.077771 0.027428 0.009225 -0.034357 0.071564 -0.028913 -0.018133 0.072073 -0.059419 0.080106 0.087681 0.007236 0.069195 0.013762 -0.052719 0.023358 0.011414 
0.008291 -0.068856 -0.018672 0.052505 -0.021255 -0.089545 -0.035686 -0.077372 -0.054664 0.084444 0.028629 0.076979 -0.052148 0.000081 0.090885 0.066956 -0.082371 -0.035148 0.046843 -0.019607 0.038395 0.027239 0.012651 0.026825 0.023244 -0.071789 0.004343 -0.054671 -0.032832 -0.063975 0.048420 0.067135 
-0.062483 -0.082303 -0.006096 0.012095 -0.006241 0.186385 0.104682 -0.039948 -0.022931 -0.018081 0.014467 0.007660 0.062949 -0.050932 0.053846 0.060149 -0.055755 -0.008562 -0.043138 -0.080021 -0.085471 -0.035031 0.143313 -0.098440 0.050698 0.002615 -0.042654 -0.019928 0.013831 0.177805 -0.065153 0.119948 
-0.049131 -0.023598 0.005840 -0.053799 0.009881 0.075894 -0.002715 0.058078 -0.015611 -0.082808 0.266102 -0.045076 -0.074758 0.048099 0.044911 0.009414 0.036125 0.181300 -0.064383 -0.083106 -0.007931 -0.040204 -0.115974 0.044295 0.384290 -0.025185 -0.056515 -0.181014 0.032621 0.259226 -0.072546 -0.017866 
0.020871 -0.008199 -0.075124 -0.086916 0.094114 0.295899 0.127633 0.066205 -0.011851 0.037617 0.007970 0.109173 -0.095251 0.101405 0.018152 -0.075450 0.087667 0.051065 -0.072033 -0.019346 -0.149425 -0.073995 -0.029974 0.161213 0.374525 -0.007105 0.054445 -0.071721 0.181101 0.224008 -0.091593 0.109023 
0.063850 0.079382 0.087691 0.071394 -0.016282 0.039097 0.023317 0.072023 -0.034170 0.083578 0.030994 0.051094 0.058737 -0.029434 0.066554 0.010773 -0.052611 0.086146 -0.077357 -0.046737 -0.067984 -0.019457 0.076008 0.013378 0.062807 0.064439 -0.037223 0.023227 0.084600 -0.007433 0.018590 0.056774 
-0.019728 0.014604 0.036492 0.055666 -0.037975 -0.031868 0.036013 0.019531 -0.039966 -0.024670 -0.021051 -0.072905 0.037572 -0.046173 0.029544 0.076638 -0.051704 0.043863 -0.061776 -0.028012 -0.067270 -0.077445 0.077043 0.087213 0.078671 -0.051856 0.018764 0.071595 0.032387 -0.054323 0.036692 -0.079018 
0.234371 -0.045206 0.146080 -0.035150 0.437852 -0.204845 -0.031702 -0.260529 0.278533 -0.023571 -0.111063 0.741709 -0.129790 0.074359 -0.136315 0.036889 0.247162 0.079153 0.059341 0.020200 -0.004829 0.093333 0.275283 0.050932 -0.400916 0.053552 0.189945 0.514972 -0.025152 -0.153359 0.057735 -0.098700 
0.039769 0.025130 -0.039499 -0.010591 -0.053886 0.085692 -0.009240 -0.065894 -0.085199 0.010882 0.051346 -0.027234 -0.031129 -0.029806 0.070704 0.062400 -0.081057 0.048953 -0.003018 0.065276 0.012568 -0.072898 0.015251 0.016004 -0.032338 -0.054857 -0.039850 0.045575 0.003404 -0.083046 0.083770 -0.048504 
-0.720181 -0.046999 -0.976620 -0.245183 -0.047024 -0.069450 -0.085840 -0.047513 0.723813 -0.015130 0.082484 -0.081206 -0.064306 0.003084 -1.463520 -0.052742 -0.043343 -0.028457 -0.080228 -0.059334 -0.010558 -0.605365 -0.017616 0.525457 -0.119247 -0.234684 0.003371 -0.025089 -0.143863 -0.005492 0.644585 -0.015642 
0.039179 -0.040708 -0.035178 0.077466 -0.017367 -0.029520 -0.061124 -0.074821 -0.064193 0.048082 -0.071728 -0.036995 -0.047037 0.085442 0.000823 -0.001527 -0.035436 0.012240 -0.035126 0.045818 -0.052769 0.038956 0.003057 -0.080958 -0.018489 -0.085805 -0.014066 -0.067303 0.000779 -0.087356 0.009321 -0.051718 
-0.036387 0.065819 -0.065929 0.037922 -0.055377 -0.035376 0.054778 -0.027894 -0.078970 0.074726 0.026788 -0.034331 0.068492 -0.064066 0.055818 -0.058620 0.039851 -0.070984 0.078875 0.078759 0.059648 -0.009744 0.089478 -0.050518 -0.003873 -0.016265 -0.026144 0.088582 -0.011944 0.074853 -0.054812 0.043345 
0.048996 -0.029065 -0.010409 0.085295 0.027235 -0.047307 -0.034275 0.039941 -0.064257 0.084189 -0.086066 -0.087442 -0.071553 0.061429 -0.054385 0.059975 0.082121 -0.067187 0.047058 0.050092 0.014745 0.044859 0.091251 -0.080804 -0.063083 -0.026570 -0.083899 0.016649 -0.043394 -0.047035 -0.031682 -0.086075 
0.015577 0.049586 0.090896 -0.048864 -0.089398 -0.035056 0.082754 -0.061978 -0.042543 0.088364 -0.057744 -0.022419 0.058117 -0.020452 -0.054120 0.048561 0.004037 0.084614 0.006976 -0.072894 0.037796 0.006551 -0.062022 0.066390 0.071657 -0.054244 -0.008638 -0.063414 -0.009602 0.051357 -0.057812 -0.085701 
0.009267 -0.058592 -0.042889 0.011546 -0.001971 -0.051812 0.041244 0.047163 -0.055124 0.075177 -0.066932 -0.088684 -0.036952 -0.029376 0.051554 0.058762 -0.036439 -0.033146 0.077544 -0.090319 0.065081 -0.076154 0.067747 0.045061 -0.038721 -0.032567 0.073324 0.043354 -0.072886 -0.076164 0.049330 0.028057 
-0.043079 -0.085236 -0.052074 0.046627 -0.045371 0.080846 0.002113 -0.008818 0.064346 0.026858 -0.005825 -0.064283 0.089158 -0.045948 0.086155 -0.038957 0.012582 0.072023 -0.037600 -0.014013 0.087546 -0.061529 -0.060629 -0.042851 -0.002420 -0.078981 -0.091174 0.016370 -0.063468 0.049832 -0.047250 -0.014871 
0.056273 -0.007647 -0.059921 -0.080775 -0.018477 0.033869 0.002084 -0.045808 -0.030950 0.087935 -0.018414 -0.033468 -0.049689 -0.023935 0.019252 0.054570 -0.043588 0.073329 -0.051120 -0.047719 -0.079877 -0.020072 0.001106 0.009379 -0.007376 0.001609 -0.065927 0.020832 -0.040236 -0.021500 -0.085715 -0.075639 
0.062529 -0.053959 -0.064737 -0.047625 0.071587 0.029023 -0.001756 -0.051040 0.025282 0.071507 0.007169 0.067269 -0.044105 -0.065256 0.030162 0.003984 -0.083604 0.070718 0.047942 -0.071804 -0.041031 -0.042629 0.029251 0.043269 0.050657 0.055001 -0.027575 -0.081255 -0.058176 -0.021613 -0.065218 -0.087324 
0.016104 -0.038279 -0.043272 -0.003986 0.082421 0.046649 0.036651 0.016026 0.026479 -0.047857 -0.008382 0.074051 -0.021436 -0.069896 -0.013642 -0.013363 -0.090855 -0.057377 0.006509 -0.040209 -0.008329 -0.055916 -0.088617 -0.049349 0.090761 -0.024515 -0.038927 -0.059091 0.045548 -0.012469 -0.054738 -0.030024 
0.040929 -0.006334 0.057666 0.031674 -0.051362 0.002641 -0.043977 0.066794 0.046461 0.039318 0.049168 -0.066652 0.061098 -0.056151 0.011662 0.061919 -0.021851 -0.073506 -0.069967 0.061497 -0.037745 -0.066907 -0.079529 -0.038661 0.000255 -0.026780 -0.006076 -0.045874 0.052429 0.030863 0.015778 0.001681 
-0.067148 -0.018232 -0.058321 -0.026833 0.076086 -0.010622 -0.051715 0.030870 -0.062981 0.089129 0.055895 0.089794 -0.058698 -0.024120 0.060036 0.011128 -0.005949 0.081746 -0.019052 0.047982 -0.076837 -0.006904 -0.082355 0.015094 0.057993 0.003246 0.060897 0.018745 -0.057568 -0.015001 -0.071250 -0.033039 
0.058444 -0.037895 0.031805 0.042853 0.043160 0.071766 -0.017954 0.071856 0.069219 -0.053735 0.069973 -0.081156 0.013822 0.038332 0.021649 -0.083804 0.028402 -0.089080 0.055855 0.043242 -0.004308 0.065177 -0.033340 -0.037992 -0.023254 -0.064120 0.072430 0.010855 0.012556 -0.090497 0.069492 -0.020677 
-0.036716 0.009620 -0.069500 -0.085233 -0.010290 0.004223 0.078299 -0.032748 0.042164 0.056595 -0.022227 -0.035690 0.003251 0.091098 -0.027817 -0.060023 -0.089658 -0.063639 0.074895 -0.002289 -0.090138 -0.050122 0.051396 -0.021715 -0.022565 0.032149 0.080816 0.081668 0.033328 0.058632 -0.030685 0.088289 
-0.023424 -0.008509 -0.088621 0.057962 0.087391 0.081355 -0.066463 0.037879 0.046274 0.002986 -0.089488 -0.042151 0.002408 -0.025629 -0.010498 0.004426 0.002409 -0.027279 -0.089540 0.003948 0.014276 0.053533 0.073909 0.083387 -0.005995 0.063049 0.073379 -0.064343 0.030004 -0.048983 -0.067731 -0.085097 
0.055111 -0.123724 -0.088983 -0.028449 -0.033035 0.009416 -0.022720 0.235447 -0.000703 -0.023286 -0.070921 -0.039580 -0.115678 -0.088178 -0.275334 -0.071409 0.010624 0.100376 -0.009105 -0.082349 -0.073125 0.092207 -0.011126 -0.053025 -0.185568 -0.158021 -0.005156 -0.059378 -0.053660 -0.077138 -0.056269 -0.047962 
0.240393 0.092371 0.413626 -0.066804 0.066137 -0.185855 -0.110224 0.280578 0.021266 0.035589 -0.015374 0.205964 0.208505 -0.036087 0.456768 0.006456 -0.177771 0.006002 -0.045789 -0.089041 0.241996 0.373126 0.038364 -0.029036 -0.250022 0.004999 0.151034 -0.566099 -0.050451 0.042932 0.033022 -0.082752 
-0.066881 0.050122 -0.004142 -0.055056 -0.079636 0.027995 0.049511 0.043927 0.080937 -0.025803 -0.063202 0.052507 -0.001540 0.059770 0.007104 -0.058918 -0.041594 0.050679 -0.052728 -0.018354 -0.008410 -0.080640 -0.082491 -0.005108 0.068032 0.071028 -0.080074 0.050528 0.082076 0.075908 0.077202 -0.076482 
0.034353 -0.018617 -0.039862 0.046394 -0.082298 -0.082028 -0.001355 0.090316 -0.016154 0.027120 0.051147 0.073983 -0.004787 -0.033426 -0.076612 0.045295 -0.074424 -0.037664 -0.064735 0.008842 -0.026627 -0.055549 -0.087942 -0.050271 -0.076197 -0.076339 -0.091420 -0.085798 0.091245 0.077459 -0.070604 0.033922 
-0.019080 0.044464 0.003571 -0.022573 -0.045297 0.113768 -0.023585 0.127014 -0.000716 -0.061879 0.106649 0.099290 -0.033865 -0.205070 0.193749 0.028269 -0.046132 0.064640 -0.072465 -0.028063 -0.066306 -0.063947 -0.023877 -0.057428 -0.061058 0.063548 -0.040176 -0.057403 0.028006 -0.028881 0.078834 0.058892 
0.049946 -0.031476 -0.029381 -0.050871 -0.044192 0.037479 -0.076165 0.061889 0.063809 0.064200 0.071505 -0.034963 0.036276 0.034741 0.066870 0.062366 0.024918 0.085869 -0.029848 0.051223 -0.074751 -0.080657 -0.090345 -0.036681 0.052145 -0.042683 0.000958 -0.012624 0.026052 -0.019158 -0.018550 -0.015679 
0.049746 0.097105 0.125449 0.140507 0.037940 0.002753 0.016973 0.030683 0.008971 0.022978 0.000753 0.051159 0.352623 -0.000226 0.182869 -0.091172 0.033604 -0.015466 0.034177 -0.050911 0.142139 0.037338 -0.053702 -0.035423 -0.155917 -0.068128 0.019423 -0.006076 0.080698 -0.104843 -0.077860 -0.019008 
0.066015 0.051922 -0.012286 -0.036115 0.000883 -0.045224 0.017242 -0.077632 0.085019 -0.056041 -0.028195 -0.025026 0.029223 -0.008069 -0.018477 -0.074675 0.073885 -0.052381 0.021706 -0.016494 -0.084953 -0.010271 0.036948 -0.068532 0.050387 -0.013909 0.065618 0.000210 0.008360 -0.090940 0.082751 -0.017302 
0.052659 -0.021211 0.038260 -0.038135 0.025241 -0.036175 -0.024091 0.018584 -0.000539 0.039391 0.085234 -0.062993 -0.060355 -0.024919 -0.045991 -0.078147 0.014376 0.067391 -0.002964 0.021099 -0.034556 -0.057692 0.044244 -0.075845 0.020075 0.018185 0.016041 -0.063242 0.018922 0.007115 0.011132 -0.020096 
-1.947492 -0.041815 -0.951632 1.044418 -14.498672 -0.083609 -0.061741 -0.079691 -0.375862 -0.067809 -0.050322 -4.911309 2.702971 -4.441341 -0.089741 -0.077643 -0.025653 -0.000186 -0.931117 -0.129753 -0.958339 -0.012753 -3.338987 -0.038454 -0.089119 -0.030610 -0.009584 2.587911 3.789528 -0.091234 -0.089215 -0.590740 
-0.015040 -0.075918 -0.084058 0.231717 -0.028348 0.209874 0.170459 -0.052054 -0.038768 -0.042385 -0.090867 -0.391954 -0.137794 -0.099596 -0.252715 0.038742 0.007431 0.085578 0.157798 0.072190 -0.122987 -0.118530 -0.148969 -0.034267 0.355124 0.027974 0.022782 -0.252859 -0.100060 -0.065287 0.084467 0.132013 
0.033670 0.034172 -0.000354 -0.011785 -0.055208 -0.015838 0.083182 0.062053 0.010041 -0.016814 0.086004 -0.060385 0.068463 -0.060655 -0.068048 0.061019 -0.081795 0.044173 -0.005161 -0.024848 -0.074597 -0.018327 0.036695 0.050066 0.049956 0.030077 -0.033106 -0.064210 0.026881 0.028498 0.055275 -0.031125 
-0.026981 -0.036231 -0.169386 0.040247 0.151120 0.056615 -0.021930 -0.043329 -0.068565 -0.027184 -0.011271 -0.081908 -0.255799 0.291672 -0.464390 -0.274883 -0.031491 -0.034614 0.052228 -0.017637 -0.131084 -0.060519 -0.059695 -0.003714 -0.038961 0.000006 0.127548 -0.098838 -0.063876 -0.013398 -0.042000 -0.002365 
0.042040 -0.083837 -0.085819 -0.010555 0.048112 -0.016303 0.038569 0.071570 0.047540 -0.064370 0.071815 -0.040950 0.039673 0.041402 0.063796 -0.087141 -0.085849 0.052017 -0.013522 0.043603 -0.014743 0.018487 -0.052020 0.040250 -0.074287 0.063178 0.030447 -0.046886 -0.041380 0.081197 0.043186 -0.091017 
0.089036 0.049043 -0.009895 0.045471 -0.058936 -0.063003 0.025365 0.080280 -0.035696 0.005503 -0.052346 -0.087700 -0.044771 -0.080227 -0.083164 -0.038944 0.063467 -0.005009 -0.087017 -0.042953 -0.078199 -0.047360 0.088973 -0.060810 -0.075859 0.027744 -0.016019 -0.025562 0.017264 -0.064510 -0.024902 0.014624 
0.076210 0.056880 -0.031581 -0.074403 0.085553 0.085460 -0.085800 -0.041819 -0.000714 -0.046469 -0.037843 0.046191 -0.035020 -0.029330 -0.084429 -0.063229 0.057337 -0.079770 -0.014506 0.070815 -0.035453 -0.017209 -0.081671 -0.019636 -0.081141 -0.006014 0.046478 0.027800 0.021152 -0.070101 -0.049253 0.005685 
-0.043697 -0.114426 -0.022924 0.038143 -0.320976 0.338906 -0.095655 -0.108549 -0.197426 -0.006549 0.247867 -1.737452 -0.135313 0.805472 0.375966 0.035648 -0.323957 -0.156322 -0.099238 -0.131148 -0.103511 0.041729 -0.054156 -0.245208 -0.257178 -0.019882 0.019568 -0.054294 -0.025944 -0.224546 -0.099002 -0.047563 
0.037248 0.054011 -0.041198 -0.051245 -0.002870 -0.012622 -0.047283 -0.027471 0.072571 -0.088532 0.012146 0.043556 0.060164 0.086151 -0.034806 0.038689 0.043736 0.057416 0.071407 0.076993 -0.025318 -0.005407 -0.060416 -0.021195 0.052749 -0.077126 -0.087534 -0.046922 -0.052834 -0.057846 0.021552 0.073623 
0.398122 0.272854 -0.067776 -0.012913 -0.022927 -0.026061 -0.049005 -0.050758 -0.022327 -0.027145 0.225405 -0.044142 -0.039625 -0.040197 0.026210 -0.089171 -0.079982 -0.108612 0.031673 -0.016713 -0.042702 -0.073405 -0.230203 -0.079457 -0.062923 0.313722 -0.033911 -0.022505 -0.029884 0.354477 -0.040649 0.030680 
-0.101653 -0.038854 -0.013844 -0.062444 0.029784 -0.065834 -0.036192 -0.059647 0.005091 -0.046899 -0.025362 0.238998 -0.009757 -0.038573 -0.552793 0.072343 -0.085479 -0.010907 0.229573 -0.016717 -0.148398 -0.083672 -0.020206 -0.088896 0.237399 -0.040512 -0.017602 -0.000068 -0.054159 -0.028906 -0.007322 -0.022769 
-0.196727 0.252653 0.123747 0.068962 -0.051316 -0.114338 -0.087325 0.015538 -0.034854 -0.055884 -0.001153 0.002906 -0.001967 0.047790 0.281350 0.200776 -0.043511 -0.054409 -0.079000 0.225253 -0.138744 -0.079707 0.075538 -0.009924 0.119425 -0.059882 -0.012521 0.096639 0.056335 0.048404 -0.063835 -0.085003 
0.082591 0.085219 0.079333 -0.072420 0.088758 0.081518 0.053918 -0.034521 -0.033304 -0.036624 -0.058214 0.085482 0.023721 0.025728 0.034776 0.037656 -0.074859 0.047079 0.022515 -0.031777 -0.048974 0.009329 -0.063304 -0.012984 0.067664 0.013221 -0.040552 0.066267 0.009908 0.019789 0.080076 0.000822 
0.013331 0.067732 0.020078 0.010413 0.057573 -0.017680 0.067568 -0.067407 0.037372 -0.082322 -0.073601 -0.030583 0.035082 0.052851 -0.084604 0.051900 0.008254 0.029587 -0.071553 0.050956 -0.052760 -0.043180 -0.053704 -0.076772 0.061717 -0.002580 0.081172 -0.020051 -0.074467 0.069571 0.072448 0.030541 
0.045627 0.000850 -0.050723 0.011524 0.074846 -0.074831 0.035794 0.020542 -0.065476 0.053869 0.081636 0.061283 0.015044 0.088709 0.021506 -0.068379 0.026620 0.041630 0.074254 0.065537 0.090126 -0.071127 0.080442 0.060166 0.017970 0.069937 -0.051562 0.035179 0.047832 -0.070791 -0.025957 0.001782 
0.021735 0.014997 -0.078371 0.004905 0.031843 0.049100 -0.066229 0.058044 0.011292 -0.076270 0.027650 -0.065340 -0.079238 -0.042520 -0.042042 0.039058 0.090786 -0.059465 0.012919 0.089235 -0.038916 0.001683 0.057725 0.070730 -0.020056 -0.085514 0.014233 -0.063901 -0.064628 0.079953 0.029557 0.048784 
0.037354 0.195802 -0.036824 -0.056378 0.009290 -0.014116 -0.089939 -0.080947 0.009126 0.027750 -0.053772 -0.020573 0.100430 -0.039831 -0.037292 0.120114 0.075548 0.041375 0.023087 0.127271 -0.022902 0.084337 -0.007166 -0.022085 0.065610 -0.016335 0.032971 0.120565 -0.028830 0.134632 0.057516 0.069510 
0.001835 0.068238 -0.101457 0.061085 -0.090620 -0.133651 0.149217 0.060305 0.290575 -0.054415 -0.010616 0.011321 -0.155223 -0.140235 -0.017694 -0.044135 0.132028 0.172263 -0.076283 -0.076865 -0.069928 0.287572 0.032025 0.291417 -0.081323 0.092264 0.076213 -0.033815 -0.031526 -0.013375 -0.007081 0.102726 
-0.067759 -0.053989 0.050106 0.032306 0.291788 -0.076122 -0.029076 -0.027019 -0.213872 -0.033838 -0.081822 0.170993 -0.112986 0.221372 -0.086836 -0.056956 0.002876 -0.024213 -0.001317 -0.035591 -0.079749 -0.005887 -0.046254 0.020568 0.051303 -0.065486 -0.012418 -0.024865 0.052282 -0.073870 -0.059556 -0.071186 
0.026147 0.024671 -0.087043 -0.030044 0.080478 0.059842 0.045185 -0.031535 -0.069331 0.055093 -0.040464 -0.053489 -0.014596 -0.009903 0.082972 0.002753 0.049319 0.042315 0.056469 -0.077930 -0.034875 -0.081309 0.049190 0.019766 -0.061332 -0.056972 -0.054226 0.056048 -0.055704 -0.016068 0.080817 0.062119 
-0.124047 -0.148133 -0.645569 -0.035989 -0.796737 -0.118709 -0.033028 -0.009180 -0.114495 0.021162 -0.128923 -1.049883 -0.197300 -0.466644 -0.575987 -0.125131 -0.402733 0.214640 0.038217 -0.068456 -0.213805 -0.105321 0.004135 0.181526 -0.257739 0.246339 -0.013813 -0.338429 -0.007415 -0.100463 0.023047 0.088433 
-0.082145 -0.185838 -0.015251 -0.055181 0.194790 0.092664 -0.070398 0.013302 -0.112188 -0.044742 0.048649 -0.049688 -0.011452 0.125179 -0.064027 -0.091468 0.115322 -0.089822 -0.062308 0.011034 -0.035472 0.020786 -0.067517 0.000459 -0.009153 0.068994 0.004756 -0.114472 -0.071355 -0.025017 -0.012134 -0.006867 
-0.288278 -0.121122 -0.107523 -0.045183 0.080527 0.003006 -0.183380 0.052325 -0.161005 0.061869 -0.098090 0.019955 -0.153096 1.309910 -0.199094 -0.064245 -0.144251 -0.215489 -0.102241 -0.175426 -0.075129 -0.108835 0.064779 -0.093356 -0.180245 -0.093674 -0.010110 -0.148406 -0.044779 -0.111902 -0.030190 -0.063494 
-0.030769 -0.146808 -0.010100 -0.080496 0.136047 -0.037881 0.123571 -0.051244 0.055957 -0.060529 -0.065601 0.056356 -0.097033 0.140616 -0.018544 -0.099375 -0.162193 -0.115126 -0.090450 0.004432 -0.028767 -0.031650 -0.027937 -0.073783 -0.113871 -0.204069 0.169061 -0.058465 -0.025454 0.033620 -0.064431 0.029826 
-0.044303 -0.021661 0.002215 -0.086420 -0.045215 -0.102649 -0.002586 -0.040811 0.166064 -0.056251 0.006260 -0.036007 0.066226 -0.363311 -0.069118 0.226445 0.642143 -0.065790 0.011868 0.082914 -0.017568 -0.535505 -0.595368 -0.023173 -0.090468 -0.163964 -0.002163 -0.005539 0.003594 -0.391562 -0.089493 -0.061890 
0.067578 0.209309 0.106106 0.066124 0.037138 0.024653 -0.077550 0.115651 -0.195604 0.054188 0.117422 0.201184 0.284405 -0.339561 0.191091 0.027255 -0.092212 -0.184547 0.152853 0.084103 0.042506 -0.004449 0.031324 -0.244370 0.185002 0.009528 -0.009850 0.171982 0.010195 0.085004 0.036375 0.025285 
-0.070849 -0.099745 -0.032322 -0.055211 -0.304301 -0.008691 -0.010023 0.082811 -0.048123 -0.018292 -0.027818 -0.074281 -0.128176 -0.101946 -0.050365 -0.088781 -0.059565 -0.073987 0.339405 0.120530 -0.052361 -0.074808 0.056948 -0.066999 0.310192 -0.020640 -0.008670 -0.019903 0.055406 -0.119978 -0.048415 -0.003137 
-0.034130 -0.025623 -0.230047 -0.085338 -0.115554 0.697677 -0.267849 -0.211904 0.286671 0.031565 -0.102344 0.076804 -0.113888 -0.339919 -0.285162 -0.637829 
-0.033356 -0.297686 -0.098455 -0.070570 0.092375 0.112768 -0.257305 -0.073339 -0.415313 0.154734 -0.048419 -0.083489 0.031467 -0.260965 0.211064 -0.162310 
0.051739 -0.182768 0.086320 0.089595 -0.142245 -0.002445 -0.245534 0.027216 0.249156 -0.033414 -0.221897 0.064467 0.228803 -0.087445 0.274802 -0.187609 
-0.033641 -0.032701 0.167792 -0.127279 -0.042169 -0.012450 0.126202 -0.121648 -0.024944 0.151600 -0.120828 -0.054898 -0.127269 -0.208792 0.016383 0.017049 
-0.005237 -0.039118 -0.026939 -0.310386 -0.186380 -9.385129 0.088705 -14.389314 -0.181192 -0.126742 -18.775568 -3.413337 -0.240660 1.863121 -0.123251 -0.167192 
-0.092145 -0.086497 0.035493 -0.190774 -0.081077 0.148029 -0.050141 -0.284146 -0.127369 -0.028814 -0.170880 -0.043899 0.200426 -0.062906 -0.179445 -0.121903 
-0.161919 -0.004013 -0.009857 0.017922 -0.121047 -0.093553 0.075608 -0.192824 -0.038807 -0.072311 -0.152179 -0.300852 -0.038387 -0.184232 -0.151950 -0.015290 
-0.072591 -0.135824 -0.258515 0.095472 0.297815 0.084224 0.123466 -0.249133 0.390734 0.210749 0.001665 0.146201 0.087254 -0.408060 0.152656 -0.349246 
-0.065885 -0.043246 0.111605 0.502250 -0.081615 -0.395742 0.195369 0.164326 -0.108787 0.022258 0.115450 -0.144442 -0.219206 0.045604 -0.166187 0.031687 
0.136214 -0.012346 -0.224402 0.010388 -0.052806 0.165138 0.178835 -0.136375 0.070297 -0.036812 0.138631 -0.118214 -0.045773 -0.087720 -0.169125 -0.231328 
0.098284 0.094809 -0.181380 -0.135426 0.209267 0.121458 0.438521 -0.130095 -0.070620 0.101525 -0.253273 -0.024683 -0.041181 0.001652 -0.178876 -0.013940 
-0.040123 -0.046905 -0.187932 -0.026003 -0.138199 -18.837639 0.407535 -29.511454 -0.180019 0.038588 -38.513805 -6.429014 -0.152284 4.002641 0.072361 -0.163042 
-0.032443 -0.145894 -0.203205 -0.003470 0.318055 -9.614446 -0.146867 -16.218964 0.173513 0.160434 -20.725805 -3.483915 0.097403 2.037697 0.132822 -0.297965 
-0.078885 0.040777 -0.030113 -0.134645 -0.326971 -20.746628 -0.337294 -32.718319 -0.303011 -0.106459 -42.144150 -7.447035 -0.784204 4.829311 -0.106879 -0.193978 
-0.070141 -0.086997 -0.174663 -0.286485 -0.201303 0.248258 -0.247719 0.020659 -0.005197 -0.227486 -0.008314 -0.025820 0.067218 -0.377810 0.604121 -0.373833 
0.035815 -0.013371 -0.027387 -0.197465 0.173532 0.165795 -0.277605 -0.215146 -0.251501 -0.061243 -0.040608 0.156782 -0.334314 0.012576 0.003333 -0.283669 
-0.085281 -0.180925 -0.335522 0.106657 -0.814317 -3.770377 0.177016 -0.559101 0.013026 0.054974 -0.463602 -0.407839 -1.301295 1.489540 -0.330227 -0.116077 
0.169143 -0.240226 -0.198912 0.556944 -0.170195 -1.428296 0.305807 -0.122857 -0.113600 -0.127573 -0.141521 -0.019877 -0.533211 0.336600 0.074209 0.068442 
0.094827 0.125923 0.186694 -0.157224 -0.109789 -0.173156 0.144761 -0.013472 0.028098 0.033258 0.045751 -0.063468 -0.011306 -0.180005 -0.288387 -0.009724 
0.005021 -0.239543 0.066617 -0.094949 -0.124540 0.072908 -0.249891 -0.150110 -0.243201 -0.026864 0.251414 0.024372 -0.174707 -0.038470 0.060290 -0.218383 
-0.035566 -0.025370 -0.152184 0.035834 0.176986 -0.189821 -0.142762 -0.094720 0.258660 -0.084596 -0.169364 -0.054677 0.201858 -0.202129 0.290187 -0.286287 
-0.006992 -0.118255 -0.214049 0.281202 0.062514 0.371164 -0.088836 0.032233 0.442598 0.186235 0.144647 -0.034808 -0.139131 -0.301438 0.020911 -0.513772 
-0.163761 0.052346 -0.122254 -0.093308 0.302565 -0.740769 -0.190427 -2.210359 -0.054733 -0.165485 -3.161088 -0.669595 -0.077614 0.071413 -0.310807 0.075286 
0.035238 0.056582 -0.181198 0.330241 -0.092448 -0.346365 0.299200 0.009067 -0.099695 -0.077629 -0.075800 -0.135610 -0.108755 -0.074985 -0.213607 -0.189285 
-0.146782 -0.154501 0.282687 -0.199222 -0.132035 -0.050107 0.710192 -0.156310 -0.181061 -0.094085 -0.204640 0.030681 0.020149 -0.533647 -0.207458 -0.121701 
0.017117 0.097581 -0.011547 0.088238 -0.033500 0.224157 0.099736 0.096040 -0.133259 -0.096062 0.029948 -0.162052 -0.010118 -0.263043 -0.173803 -0.041729 
0.036389 -0.118333 0.103365 0.062954 0.099903 0.306889 -0.194267 -0.022789 0.054341 -0.135477 -0.144007 0.090495 -0.139894 -0.086353 -0.247659 -0.118868 
0.061317 -0.100736 0.062757 -0.118681 0.127085 -3.780069 -0.746148 -6.685324 -0.184532 -0.052136 -8.455290 -1.426636 0.169837 1.237479 0.191787 -0.149568 
0.106498 -0.082119 -0.084455 0.075317 -0.101351 -0.889405 0.320162 -1.748985 -0.169388 0.003053 -2.204933 -0.269059 0.004038 0.106528 -0.113191 -0.127525 
-0.197432 -0.390444 -0.309579 -0.012915 0.099459 0.377009 0.278466 -0.263292 0.033758 -0.106157 0.061490 -0.274419 0.108071 -0.261485 -0.309304 -0.395038 
-0.138331 0.132676 0.190223 -0.079874 0.199391 -0.054693 0.050038 0.052682 -0.190159 -0.140988 0.123270 -0.151387 -0.001182 -0.179459 -0.106644 0.073622 
-0.080340 0.008608 0.142459 0.157383 -0.078470 -0.232361 0.281842 0.086258 -0.080278 -0.016608 -0.031078 -0.126293 -0.064127 -0.020120 -0.188894 0.003020 
0.086566 0.027937 0.081018 0.060302 -0.234474 -0.001054 0.246586 -0.217916 0.036900 0.159923 -0.048840 -0.193534 -0.193392 0.016815 0.095353 -0.032812 
0.156348 -0.173774 0.031023 -0.235100 -0.205380 -0.212416 0.017486 -0.001097 -0.005765 -0.197581 -0.007399 0.176472 -0.267375 0.267797 -0.150843 0.022825 
-0.093084 0.275945 0.078657 -0.062543 -0.162261 0.094668 -0.007017 -0.141657 -0.171576 0.120169 -0.215039 0.039104 0.039244 0.550992 0.076009 -0.054373 
-0.577157 0.873981 -0.129506 -0.158514 -0.102329 -0.302624 0.037896 -0.170090 0.419889 0.009863 -0.295701 -0.105565 -0.163906 -0.457876 0.187958 -0.449608 
-0.123436 -0.138826 -0.055601 0.056631 0.014556 0.109032 0.065252 -0.059914 -0.019940 0.217846 0.520266 0.067068 -0.040837 -0.056305 -0.213565 0.036235 
1.214581 -0.033472 -67.274567 -0.147120 -0.094780 -0.137953 -0.089740 -0.586363 0.550072 -43.456928 0.528736 -6.605071 -0.157744 -0.421169 0.026036 0.047562 
-0.444096 0.405452 -0.579833 0.057133 0.140214 0.357197 -0.117455 -0.540275 -0.175453 -0.146518 -0.650597 -0.351376 0.033816 -0.073064 -0.138853 0.198204 
3.304973 -0.243927 -16.822193 -0.124491 -0.196470 -0.222070 0.021099 -0.201706 3.115915 -10.834782 -0.099134 -1.301857 -0.301635 -0.009803 -0.093173 -0.357126 
0.078997 -0.304889 -0.276085 0.099969 -0.239321 -0.235453 -0.041391 0.303560 0.012095 0.010456 0.736509 -0.000778 -0.039948 -0.189524 -0.253202 0.330200 
-0.028227 0.062895 -0.038713 -0.094306 0.140382 -0.179221 -0.054177 0.081078 -0.195771 -0.122022 0.159651 -0.170134 0.052947 -0.253261 -0.046064 -0.275737 
2.523878 -0.062417 -12.009741 -0.124470 -0.058516 -0.017977 -0.266192 -0.494860 2.024048 -8.611277 -0.208254 -1.422137 -0.140691 -0.095032 -0.242739 -0.381752 
0.095734 -0.043484 -6.129199 0.000157 -0.469412 0.158943 -0.096077 0.080654 -0.103411 -4.176570 0.128561 -0.866287 0.058926 -0.291598 -0.196560 0.062104 
-0.028259 -0.295842 -0.307086 -0.087208 0.008094 -0.071268 -0.337463 0.050549 -0.013148 -0.060373 0.075748 -0.259876 0.352409 -0.068935 -0.067910 0.110047 
-12.021794 -0.723619 -24.666538 -0.038286 -0.355965 -0.636160 -0.269230 -0.604247 -0.464850 -16.373701 -0.090288 -2.247097 -0.136016 -1.235727 -0.118951 -0.214568 
-0.060815 -0.196671 -0.142427 -0.164440 -0.110041 -0.278311 -0.104842 0.563383 -0.105358 -0.411041 0.317387 -0.146412 0.578674 -0.182155 -0.185714 0.248797 
-0.103065 -0.185068 -0.066280 -0.060202 -0.291383 -0.136019 -0.025301 0.047439 0.050518 -0.177919 -0.190687 0.197517 -0.131889 -0.109405 -0.041036 -0.230421 
-0.691846 -0.225331 -0.216170 -0.492860 -0.325775 -0.513067 -0.121466 -1.266221 -0.268294 -5.141893 -0.270860 -0.809287 -0.700831 -0.380730 -0.257227 -0.039359 
-0.166346 -0.087285 0.121589 0.036533 0.462531 0.040288 -0.193883 -0.097138 -0.110252 -0.180584 -0.298116 -0.135948 0.011106 0.272663 0.364422 -0.206571 
-0.412413 -0.131601 -0.104470 -0.194703 7.653820 -6.340014 -0.292776 -0.693610 -0.908647 -0.170245 -0.396064 -11.864896 -35.668964 -0.109758 -0.304043 -0.034535 
0.061514 -0.223019 -0.201582 -0.000898 0.093795 -0.164455 0.130063 -0.138537 -0.118768 -0.230184 -0.083434 0.159259 0.211114 -0.148819 0.192898 0.223044 
-0.256950 -0.146279 0.029480 0.013668 -0.651939 -0.132613 0.045653 -0.087071 -0.129753 -0.136117 -0.259395 0.150555 -0.045552 -0.116664 -0.136415 -0.166441 
-0.457967 -0.100466 0.058055 0.592794 0.043375 -0.064744 -0.045188 0.464203 -0.019205 0.161275 -0.134271 -0.036139 -0.154667 -0.113527 0.031460 -0.159692 
0.160730 0.147116 -0.208600 0.130981 -0.032052 -0.205974 -0.122919 -0.007606 -0.061445 -0.190269 -0.058913 0.185880 0.081055 -0.022330 -0.213417 -0.136106 
0.522267 0.084906 0.005880 -0.531345 -0.695503 0.024846 -0.172920 -0.080911 0.241645 0.050246 -0.332828 0.235803 0.017410 -0.016098 -0.301880 -0.088295 
-0.394791 -0.202062 -0.197052 -0.462262 0.076935 0.005747 -0.002238 0.039750 -0.129630 -0.070296 -0.133095 -0.668761 -2.612728 -0.336473 0.103186 -0.247682 
0.173581 -0.119351 -0.118064 -0.045671 9.211232 -8.455795 -0.183454 -0.037222 -0.512575 -0.144495 -0.196256 -14.634230 -42.522743 -0.053667 -0.211445 -0.196721 
0.077673 -0.088346 -0.201322 -1.006482 -0.238833 -0.206896 -0.108456 0.435126 -0.316418 -0.232589 -0.836759 -0.326153 -0.002094 -0.105386 -0.750958 -0.228502 
0.410206 0.063380 0.002269 -0.552501 2.472710 -2.116040 -0.004129 -0.241519 0.158612 -0.080542 0.678308 -4.477402 -13.057142 0.050064 0.043297 0.103076 
0.070257 -0.046835 0.112571 0.922827 -0.433477 -0.246834 -0.116872 -0.328753 -0.170822 -0.456944 -0.200334 -0.207717 -0.122161 -0.277501 -0.047450 0.001130 
-0.479887 0.019918 0.193989 -0.296360 -0.360600 -0.144805 -0.222099 0.144309 0.028701 -0.155854 0.370751 -0.351599 -0.271279 -0.081508 0.254425 -0.208699 
-0.153613 0.022564 0.121805 0.044698 0.134392 -0.241120 -0.040538 -0.208209 0.041606 0.180720 -0.208602 -0.052225 -0.216573 -0.180429 0.195636 -0.180250 
0.275110 -0.050417 0.061730 0.357352 -0.485847 -0.217523 -0.269499 0.181589 -0.374671 -0.204410 -0.226336 -0.148816 -0.343420 -0.024243 -0.094337 -0.093663 
-0.402974 -0.084134 -0.108289 -0.304064 -0.300722 -0.192670 -0.746204 -0.117736 -0.335984 -0.122156 -0.756022 -0.173717 -0.150887 -0.132841 0.060938 -0.822343 -0.098933 0.237186 -0.118539 -0.109477 -0.156534 -0.225254 -0.544387 0.162169 -0.447001 0.289300 0.240795 0.081100 -0.164161 -0.473742 -0.142281 0.574015 
-0.100017 -0.175442 0.166461 -0.073528 -0.012835 0.281846 -0.217440 0.019469 -0.201082 -0.221232 0.228214 -0.072500 -0.242227 -0.017698 0.086533 0.031807 -0.063174 0.069145 0.091143 0.231133 -0.102693 0.174944 0.093989 -0.116927 0.038498 0.122594 -0.053898 -0.115870 0.095383 -0.015652 0.185773 -0.135569 
-0.053322 0.031437 -0.036191 -0.200332 0.020882 -0.030118 0.144761 0.049157 -0.004846 0.144225 0.231234 0.000836 -0.157337 -0.036410 -0.219579 0.015451 0.162289 0.202852 0.016176 -0.100846 0.129837 -0.154767 0.030135 -0.040090 0.144088 0.137220 0.031465 0.029486 -0.127930 -0.023280 0.066707 0.172808 
-1.276237 0.795421 -1.012253 -0.037723 -0.248660 -0.050101 -0.442303 -0.002441 -0.298865 -0.127721 -0.204934 -0.152678 -0.125333 -0.061774 -0.162025 -0.803444 0.031420 -0.229854 -0.025292 -0.161210 -0.313859 -0.251949 -0.194613 -0.127789 -0.448686 -0.018474 -0.355067 -0.237003 -0.587460 -1.083492 -0.135942 -0.153749 
-0.635624 -0.575740 -0.392157 -0.125222 -0.456189 -0.054961 -10.193746 -0.037686 -10.639735 0.212956 -0.501162 -0.605546 -1.879073 -0.331290 -0.130824 0.326489 -0.138753 -0.241974 -0.184785 -2.612980 -0.069731 -0.270989 -0.420541 -0.552038 -0.027925 -0.571964 0.014512 -0.743801 -0.299547 0.755957 -0.121520 -0.123208 
-0.141560 -0.286283 0.163977 -0.117333 0.117694 -0.022354 0.086695 -0.101311 -0.232427 -0.136140 -0.166302 0.276699 0.076231 0.035083 -0.004989 -0.007139 0.057968 -0.473630 -0.025943 -0.257394 -0.238310 -0.036171 -0.112573 -0.162170 -0.623182 0.008486 -0.186067 -0.129830 0.154370 0.028490 0.154955 -0.140043 
0.008317 0.009704 0.118030 -0.158512 0.160154 0.119671 0.155226 -0.083817 0.148236 -0.134982 -0.106480 0.014578 0.158161 -0.123470 0.108054 -0.010912 -0.021169 -0.203282 0.025599 0.026040 0.029371 -0.214791 0.123164 -0.108956 0.138913 0.099670 0.058134 0.051236 -0.135587 -0.099889 0.226814 0.109789 
0.225797 -0.319684 -0.766375 0.248069 -0.053968 -0.087350 -0.678319 -0.255874 -0.283791 -0.017036 -0.483383 -0.031927 0.004231 -0.088888 -0.206357 -0.980931 0.162453 0.381411 -0.254112 -0.109427 -0.206015 -0.064989 -0.415837 -0.166016 0.261511 -0.001786 0.459484 -0.197292 -0.285103 -0.962990 -0.214408 -0.000697 
0.131947 -0.252904 -0.059973 0.210384 0.185600 0.004860 -0.154556 -0.163451 0.092729 -0.000081 -0.199583 -0.100468 -0.079540 0.214783 0.330702 -0.022286 -0.193455 -0.383776 0.175498 -0.029189 0.037333 0.063871 0.053801 -0.020428 -0.156301 -0.097786 0.081090 -0.110005 -0.180145 -0.242159 -0.231487 -0.128460 
-0.167765 -0.578636 -0.009273 0.337635 -0.217113 -0.179022 -0.367808 -0.187399 -0.112739 -0.029144 -0.558368 -0.336662 -0.066114 -0.179747 -0.487077 -4.442137 -0.122869 -0.234943 0.158870 -1.850066 0.465635 -0.643022 -0.146923 -0.056733 -0.531407 -0.071176 -0.298289 -0.176252 -0.204271 -0.016221 -0.973091 -0.404462 
0.553765 0.488055 -0.174818 -0.101112 -0.198434 -0.096920 -0.744557 0.090613 -0.476498 0.015193 0.755365 -0.051510 0.168020 -0.262429 0.190913 0.123557 -0.071806 -0.509885 0.196957 -0.125245 -0.069869 -0.004780 -0.191156 -0.057323 0.258046 -0.163869 -0.342275 -0.109043 -0.145966 -0.275776 0.080822 -0.431037 
-0.174467 -0.422435 -0.035396 -0.014616 -0.193010 -0.220507 -11.384348 -0.135265 -11.356872 -0.155009 -0.488322 -0.060313 -1.517178 -0.069988 -0.132034 0.669163 0.013270 0.029107 -0.202501 -2.567188 -0.130063 0.004637 -0.074363 -0.240774 -0.345101 -0.191415 -0.038490 -0.047070 -0.031031 0.457474 -0.032831 -0.078216 
-0.238250 -0.180654 0.085410 -0.136388 0.037352 -0.103345 -30.020697 -0.093558 -31.940214 -0.171259 -0.469638 -0.498382 -4.427283 -0.492190 -0.476072 -0.375008 0.007134 -0.090846 -0.155862 -7.639638 -0.084823 0.046313 0.131463 0.099313 -0.136249 -1.315667 -0.181255 -0.088137 -0.551182 3.028690 -0.197904 -0.071660 
-0.287245 -0.292360 0.015387 -0.172470 -0.039220 -0.237829 1.140383 0.066545 -0.147708 -0.025164 0.080241 0.001901 -0.046648 -0.154828 -0.108274 0.104982 0.119765 -0.340424 -0.000262 -0.119802 -0.154370 0.012604 -0.102588 0.034549 -0.023384 -0.208638 0.022198 0.082521 -0.227544 -0.103670 -0.247574 0.026273 
-0.435881 0.118485 -0.459070 -0.236826 0.036562 -0.237231 -0.345211 0.079724 0.148143 0.058994 0.215457 -0.113980 0.112858 0.253111 -0.172702 0.213020 0.066810 -0.451440 0.150673 0.084012 0.107397 0.194648 -0.098194 -0.166240 0.353039 -0.172542 0.013507 -0.249832 -0.285285 -0.593626 -0.003160 -0.269075 
-0.047554 -0.082456 -0.033548 0.236825 0.060386 -0.020187 0.116678 0.002559 -0.180395 -0.026176 0.145916 -0.247281 -0.036853 -0.224301 0.095781 0.223903 -0.218015 0.062648 0.077455 0.162704 0.002671 0.227137 0.244373 -0.012051 -0.165850 0.154226 -0.004579 0.124419 0.065716 -0.206020 -0.228948 -0.238634 
-0.053180 -0.027322 0.050680 -0.059900 0.099313 0.021852 0.031150 -0.063444 -0.090008 -0.022895 -0.012825 0.158445 -0.017364 0.048929 0.011158 0.075418 0.005054 0.036794 -0.003810 0.521162 0.474011 0.022487 0.101588 -0.576775 -0.616831 0.127482 -0.160533 -0.441123 0.351443 0.494769 0.494625 -0.324767 -0.168809 -0.183636 0.014946 -0.032486 -0.594538 -0.476263 -0.234174 -0.048261 -0.359829 0.401347 -0.109186 -0.066009 -0.014182 -0.016690 -0.016604 0.015260 -0.085674 0.023106 -0.021787 -0.076052 0.022306 0.506366 0.060094 0.013825 -0.033698 0.000871 -0.037731 -0.002841 -0.021889 -0.156469 -0.019531 0.017295 0.357078 -0.036792 -0.042461 0.012692 -0.028301 -0.019609 0.012096 -0.027885 -0.060183 -0.045707 -0.068523 0.006122 -0.099439 0.037932 -0.024744 -0.036670 0.049266 0.109594 -0.108026 0.029246 0.012671 0.046098 -0.032261 0.186276 -0.063794 -0.047280 0.054053 -0.980423 0.092038 0.037767 0.001285 -0.039113 -0.047544 0.043431 0.059250 0.163484 0.080453 -0.010444 0.054884 -0.030306 -0.049497 -0.045480 -0.052328 -0.646616 0.026248 -0.002563 -0.161519 0.008285 0.085378 -0.049751 0.014979 0.444575 -0.026463 
0.128854 -0.065462 0.010081 -0.048746 0.033336 -0.020864 0.550892 -0.016791 0.454286 0.094848 0.141246 0.276354 0.126049 -0.055994 -0.011429 0.158819 -0.005226 0.036726 0.363536 -0.308065 -0.345129 -0.022558 -0.021765 -0.294629 -0.324096 0.051357 0.109707 -0.045609 -0.102325 -0.249488 -0.232424 0.175253 0.069329 -0.069389 0.179799 -0.063820 -0.334007 -0.298374 0.073796 -0.107879 0.445984 -0.417938 -0.050914 -0.063823 0.065243 -0.009278 -0.046663 -0.021298 -0.078249 0.020757 -0.059155 -0.050671 0.054317 -0.415650 0.067923 -0.071502 -0.097859 0.044143 -0.047422 0.134605 0.338499 0.393595 0.052877 0.008075 -0.006403 -0.065280 0.001470 0.015122 -0.036024 -0.003776 -0.015233 -0.039196 -0.009527 -0.044789 -0.002173 0.059306 -0.032568 0.013083 0.002507 -0.023199 -0.018590 -0.030010 0.055306 0.011099 -0.037215 -0.074560 0.033270 -0.105481 -0.042147 -0.063122 0.022093 0.035371 0.035763 0.042050 0.027921 -0.040743 0.064576 0.002371 0.005470 -0.118242 -0.047092 -0.043358 0.008052 -0.012308 0.006941 -0.047019 -0.045822 -0.335034 -0.035381 -0.011785 -0.074604 -0.026628 -0.029641 -0.017793 0.057648 0.288720 -0.065670 
0.420864 0.010399 0.042648 0.029823 -0.015839 -0.035978 0.000744 -0.072140 -0.007310 0.036023 -0.128889 0.141896 -0.074776 -0.029018 0.123007 0.043186 -0.172024 -0.209419 -0.021650 -0.236652 -0.224515 0.056759 0.070335 -0.005002 -0.030549 -0.440605 0.424304 0.039167 -0.050824 -0.054963 -0.023543 0.308677 0.195676 0.031385 0.035878 0.095635 -0.015861 -0.113732 0.109548 0.423978 -0.148095 0.077991 0.104449 0.087276 -0.008277 -0.038991 -0.073301 0.080895 -0.010996 0.093748 -0.073887 0.075287 -0.057485 -0.162055 -0.003726 0.202502 0.000253 -0.005792 -0.044606 -0.003849 -0.113524 -0.219971 0.142557 0.033547 0.290528 0.009057 0.289608 0.005007 -0.007456 -0.055554 0.035752 -0.082258 0.007541 0.079772 0.006395 0.012186 -0.043209 -0.031285 0.064447 -0.055483 -0.050319 0.082961 0.444044 -0.009769 -0.025148 -0.132339 -0.105308 -0.097692 0.017096 0.023680 -0.106483 -0.125889 0.006976 -0.092342 -0.064969 -0.059167 0.044669 0.015515 -0.045792 0.289995 0.080024 0.490274 -0.096914 0.071806 -0.085795 -0.094773 0.076231 -0.027120 0.000965 -0.019233 0.103150 0.024440 0.019632 0.046056 0.571392 0.018683 -0.137226 
-0.063119 0.162149 0.088957 0.065414 -0.075062 -0.099889 -0.092782 -0.034350 -0.085743 0.046450 0.355005 0.411482 0.182619 -0.070378 -0.161945 0.266543 0.094750 0.118906 0.047226 0.039797 0.205705 -0.004367 0.066651 0.034082 0.071716 0.008114 -0.009684 0.021504 0.143342 0.022284 -0.132423 -0.211511 0.117558 0.081121 0.152824 -0.109974 -0.069227 0.160984 -0.181904 0.198486 -0.155962 -0.059754 0.010641 0.043171 -0.124288 -0.020971 0.021731 0.159019 -0.048655 -0.182232 -0.069085 -0.160893 0.091011 0.191136 -0.050326 -0.068794 -0.167223 0.091478 -0.050324 -0.097014 0.116186 0.070882 -0.069510 0.086529 -0.171830 -0.134045 -0.008850 0.014951 -0.095640 -0.054080 -0.043614 -0.129185 0.066432 0.051409 -0.012464 0.021783 -0.193652 -0.113798 0.117133 -0.030636 -0.055530 0.113589 -0.096850 0.063067 0.078216 0.179778 0.076141 -0.049928 0.089527 -0.113545 -0.064999 0.019674 0.073212 0.060800 -0.140125 -0.110024 0.065163 0.190772 0.035624 0.170739 -0.126831 0.255446 0.133073 0.066323 -0.057614 -0.015168 0.028902 0.084594 0.051370 -0.035560 0.229434 0.001484 -0.038050 0.018478 0.335156 -0.184821 0.025777 
-0.063082 0.078356 -0.063448 0.003037 -0.088377 -0.015632 -0.088546 0.047998 -0.024298 0.018435 0.489411 0.784952 0.157270 -0.008915 0.073872 0.140279 -0.050684 -0.045662 -0.114852 0.131232 -0.078242 0.210777 0.180020 0.139773 0.108752 -0.010528 -0.025315 -0.014841 0.113139 -0.220834 0.063712 -0.168525 0.001522 -0.045240 0.132504 0.171745 0.122980 0.277947 -0.163666 -0.088509 -0.096258 -0.080005 0.180350 -0.091164 -0.045326 0.038295 0.114211 0.108769 0.143373 0.064375 -0.031290 0.056890 0.043968 0.154426 0.051581 -0.173689 0.097048 0.034242 -0.005222 0.084880 -0.068212 0.041716 0.080214 -0.100091 -0.207787 -0.011994 0.088076 -0.113527 -0.006034 -0.013121 0.024658 0.084933 -0.114293 -0.108045 0.061005 -0.018190 -0.013888 0.093796 -0.025265 -0.068323 0.060404 -0.117614 -0.170079 -0.092981 0.142280 0.064028 0.013284 0.072687 -0.103408 0.140187 0.043467 0.143204 -0.064428 -0.085420 0.103758 0.019583 0.125232 0.242071 0.036249 -0.117726 0.075317 0.099740 0.102565 -0.152703 -0.146514 0.026678 0.049888 0.192310 -0.058782 -0.001679 -0.098502 0.100050 0.197339 0.021932 0.037810 -0.318263 -0.063585 
0.572191 -0.103303 0.043308 0.002328 0.011017 -0.095923 -0.020316 0.095144 -0.108451 -0.014131 0.244379 0.406227 -0.095646 0.238650 -0.003250 -0.031714 0.042122 -0.019341 -0.237395 -0.214585 -0.156476 0.149737 0.153666 -0.043342 0.013433 -0.324150 0.330838 -0.087441 0.258305 -0.204680 -0.094244 0.384678 0.253449 -0.096033 -0.094718 -0.094684 -0.073520 -0.206060 0.157651 0.484457 -0.128431 0.044058 0.069268 0.085527 0.022725 -0.077764 0.135600 0.018060 0.063453 -0.145542 0.104584 -0.063463 0.076845 -0.132762 -0.059630 0.327823 0.095054 0.062780 -0.023324 -0.059220 0.023284 -0.452365 -0.071355 -0.025030 0.139956 -0.005071 0.052878 -0.029715 0.158962 -0.000112 -0.018541 -0.061877 -0.090261 0.000489 0.040139 -0.044368 0.051162 -0.051034 -0.096106 0.068472 -0.006844 -0.108415 0.576406 -0.040124 0.136473 0.168466 -0.113394 -0.070154 -0.015865 -0.029332 -0.096655 -0.257856 0.033277 -0.041850 0.095761 0.139396 -0.096413 -0.026067 0.120250 -0.304919 0.114429 0.516273 -0.026769 -0.116802 -0.035964 0.003581 -0.091383 -0.189910 0.047090 -0.107408 0.100888 -0.148778 0.070049 0.036913 0.060437 -0.034594 0.035779 
-0.690423 -0.077477 -0.141676 0.154632 -0.129574 -0.132900 -0.084304 -1.353179 0.651391 -0.183288 -1.526918 -1.934665 -0.315100 0.208534 0.365706 -0.523723 -0.137674 0.021529 0.481465 -0.119224 -0.087993 -1.650679 -1.889123 -1.915790 -1.967547 -0.120819 0.134482 -0.067959 0.137345 -0.021460 0.185425 -0.272739 0.700044 -0.555742 -0.340486 -1.599912 -1.134164 -1.601171 1.587948 0.339840 -0.079523 -0.346092 -1.429520 -0.046624 0.051440 -0.305698 0.139435 -0.248938 0.322426 0.222741 -0.144667 -0.208209 -0.692674 0.049722 0.030835 0.342696 0.398174 -0.267584 -0.110700 0.005458 0.404106 0.440674 -0.154583 0.182171 -0.120300 0.014663 0.270882 -0.030103 -0.048980 -0.153139 -0.025140 0.277843 -0.032729 0.145979 0.155846 0.143780 0.259582 0.124572 0.139802 0.160555 -0.235846 0.258309 0.559188 0.186154 0.005263 0.096182 0.153535 0.319634 -0.135012 0.134637 9.711505 0.375673 0.040635 -0.045155 0.007646 0.052274 -0.028441 -1.741373 -0.213615 -0.428733 0.136676 0.122986 -0.099187 0.043312 0.463172 -0.382549 -0.231014 -1.266968 -2.072151 0.054872 -0.760892 -1.004395 -2.063886 -0.336935 0.060124 2.414190 -0.305921 
0.074783 0.158973 0.065359 0.063637 -0.022305 0.118457 0.097642 -0.064583 -0.168640 0.027429 0.146261 0.028844 0.106471 0.027090 0.172563 -0.026139 0.142598 0.116175 -0.018425 -0.061586 0.089850 -0.160162 0.080883 0.227027 -0.060980 -0.125218 -0.097952 0.073415 0.069305 0.019126 -0.046461 -0.036574 0.093252 -0.116364 -0.156366 -0.110931 -0.104541 0.152012 -0.066015 0.032474 -0.028142 -0.037518 -0.142010 -0.016366 0.141308 -0.127831 0.126657 0.132398 0.134475 -0.063987 -0.107063 0.074588 -0.033946 0.212395 0.070005 0.000360 -0.044047 0.117028 0.158804 0.133567 0.059536 0.001552 -0.071289 -0.025220 -0.034301 -0.050562 0.017249 0.057881 -0.061238 0.151066 -0.142035 0.089427 -0.084135 -0.128627 -0.104738 -0.126581 -0.110236 -0.109921 -0.162192 -0.109226 -0.007215 -0.112665 0.120352 0.091198 -0.142033 0.023362 -0.085287 0.015166 -0.000292 -0.069180 -0.080306 -0.122528 0.094040 0.025199 -0.007122 -0.013483 0.144135 -0.197830 -0.112290 0.337193 0.188243 -0.080928 0.167393 -0.101370 -0.062612 -0.077033 -0.024828 0.132552 -0.041945 -0.028476 0.041396 0.075606 0.019889 0.060687 0.029946 -0.008416 0.020201 
-0.560396 -0.220610 0.011513 -0.096839 -0.009888 -0.097431 0.126708 -1.317070 0.052443 -0.103620 -1.120169 -1.392995 -0.240427 -0.200908 0.285868 -0.203931 -0.334290 -0.027670 0.298097 -0.092354 0.164418 -1.736179 -1.791480 -1.140269 -1.311660 -0.053460 0.031454 0.207355 0.383733 -0.276072 0.070470 -0.154223 0.406508 -0.572239 -0.515627 -1.449599 -0.472201 -1.094092 1.655463 0.186217 -0.158477 -0.034622 -0.962963 0.079613 0.191238 -0.123656 0.179316 0.035606 0.094692 -0.013343 -0.218258 -0.297830 -0.807887 0.515956 0.052505 0.205362 0.205117 -0.384795 0.063495 0.142272 0.276153 0.630946 -0.148241 0.119452 -0.768597 -0.030154 -0.065944 0.001656 0.145025 -0.320472 0.009218 0.187269 -0.068160 0.138015 0.066363 -0.008841 0.102538 0.227876 0.233591 0.086565 -0.333788 0.192338 0.245123 -0.031442 -0.104297 -0.006834 0.060790 0.340093 -0.100956 0.019062 7.900027 0.846493 0.117941 -0.187534 -0.005845 -0.152243 -0.100822 -1.611474 -0.045130 -0.382010 0.020811 -0.112541 0.033083 -0.053240 0.176098 -0.131594 -0.392742 -0.552676 -1.822416 0.254508 -0.370790 -1.041720 -1.558055 -0.452806 0.052011 1.762101 -0.092421 
-0.092719 -0.004656 0.026796 0.028060 0.033806 0.092653 -0.046186 -0.191553 -0.184061 0.037767 0.175559 0.570119 -0.119721 -0.045748 -0.031807 0.082399 -0.046037 0.081052 0.040601 -0.100277 0.114945 -0.195474 0.035013 0.282145 0.360564 -0.049115 -0.117189 0.032574 -0.131828 -0.165260 -0.157094 -0.067480 0.047154 0.232204 0.164139 -0.163478 0.261126 0.156867 -0.133467 0.118401 0.095464 0.016900 0.133511 0.120635 0.046881 -0.028653 -0.094545 -0.119039 -0.148308 0.005552 -0.102868 0.078459 0.046938 0.046588 0.054577 0.033392 0.029865 -0.074656 -0.170755 0.159673 0.008727 0.079588 -0.115384 -0.089461 -0.255627 -0.083825 -0.074051 0.115198 -0.005779 0.026246 0.163616 -0.091715 0.086397 0.049407 -0.185773 0.007596 0.076773 -0.052056 0.023432 0.079979 0.170835 0.170611 -0.011970 0.047643 0.073002 -0.070392 -0.062591 -0.073756 -0.044790 -0.098969 -0.069846 0.246011 0.052320 -0.023915 -0.159617 0.037714 0.036087 -0.037100 -0.012189 -0.170740 0.068425 -0.115285 -0.077157 0.028514 0.096817 -0.080419 -0.108319 0.319578 0.000435 -0.113017 -0.040285 -0.098577 0.181177 -0.107911 -0.054227 -0.225607 0.030647 
-0.028646 0.077599 -0.034387 0.060590 -0.047157 0.076930 -0.302336 -0.019073 0.749998 -0.096474 -0.179006 -0.250638 -0.161141 0.027477 -0.079446 -0.182510 0.026238 -0.027850 -0.215598 -0.680033 -0.689397 -0.043781 -0.007691 -0.259854 -0.177904 0.015637 -0.113286 0.224533 -0.227999 0.030406 -0.057651 0.153927 0.065131 0.065917 -0.165228 -0.072773 -0.176579 -0.223217 0.567743 0.006485 0.733838 -0.754911 0.067971 0.034524 -0.043262 -0.058273 0.030644 0.076590 0.062791 -0.044936 0.065306 0.103853 -0.078560 -0.915676 -0.085778 -0.002719 0.064209 -0.050845 0.012189 -0.035930 -0.116308 -0.231238 -0.062084 -0.039197 0.486820 0.082070 0.012101 -0.037343 0.029384 -0.010264 0.054954 0.014625 -0.003486 0.054840 -0.049284 -0.039825 0.070270 -0.044639 -0.044609 0.037480 0.051734 -0.044290 0.216898 -0.002956 0.061616 0.043048 0.020779 -0.270715 0.025655 0.010266 -0.070838 0.573820 -0.041609 -0.035781 -0.038489 0.037775 -0.060136 -0.149759 0.082830 -0.330646 0.109858 0.040580 -0.007067 -0.011499 -0.021422 0.061242 0.022167 -0.216132 0.068000 0.038935 -0.031527 -0.051146 0.008104 -0.054889 -0.020518 0.199123 0.007610 
0.217906 0.011588 0.150677 -0.015457 -0.019038 -0.032909 0.012918 -0.091699 -0.172518 0.651826 0.902941 0.960636 0.569849 -0.099462 0.000465 1.248256 0.014246 0.020624 -0.040886 0.258484 0.049485 -0.428941 -0.394492 0.042526 0.111959 0.110812 -0.167733 0.334494 0.061108 -0.388614 -0.324267 0.210499 -0.038571 -0.149941 -0.057435 -0.101426 0.050504 -0.059430 0.046421 -0.071946 -0.200939 0.268565 -0.044278 0.012563 -0.019040 -0.070333 -0.006516 -0.019980 0.092422 0.079322 0.062131 0.085879 -0.003826 0.167739 -0.042528 -0.054165 0.050216 0.013987 0.014683 0.114922 0.007908 0.151520 0.048025 0.008631 -0.495665 0.055669 0.073239 -0.009766 0.028118 0.141535 0.095813 0.034356 -0.000449 0.009299 0.025052 0.059393 -0.009312 0.005677 -0.016483 -0.017966 0.112648 0.021316 -0.169740 0.033231 0.022007 0.015403 -0.001400 0.070379 -0.005385 -0.035427 -0.308976 0.483063 -0.004521 0.113362 0.014246 0.060328 -0.031864 0.242520 -0.060529 -0.066738 0.044645 -0.177568 0.019303 0.000625 -0.005210 0.036725 -0.004801 0.149405 -0.177492 -0.036167 0.288880 -0.215209 -0.219125 -0.171434 0.019871 0.123448 -0.065873 
-0.005131 0.137186 -0.053633 0.022573 -0.025925 -0.173138 -0.021560 -0.051828 -0.070233 -0.064430 -0.078395 0.101760 -0.018173 -0.114155 -0.027220 0.099291 0.133444 0.112996 -0.111682 0.026350 -0.083879 0.111277 0.081166 0.071767 -0.050698 0.090479 -0.161094 0.067270 0.027656 -0.079945 0.114203 0.109291 -0.139371 -0.159211 -0.048340 0.011611 -0.144929 0.096094 0.142969 -0.002642 0.154336 -0.164821 0.150134 -0.040301 -0.122250 -0.069741 0.030072 -0.161152 -0.118578 0.066340 0.027636 -0.067955 0.037783 -0.028954 -0.125024 -0.176702 -0.125667 -0.092550 0.081729 0.025064 -0.002421 0.055858 -0.043248 0.075052 0.052787 0.085465 -0.090884 0.144725 0.024542 -0.105467 -0.041994 0.015982 -0.124360 -0.087594 0.082012 -0.077488 0.012302 -0.044623 -0.044896 0.059221 -0.148300 0.171102 -0.167422 0.069833 -0.037490 -0.135879 0.091026 0.015333 -0.056536 -0.007147 -0.074432 0.128552 -0.145773 -0.003988 0.015673 0.101551 -0.085031 0.115085 0.062411 0.095808 0.143631 -0.145148 -0.068036 -0.139731 -0.065286 -0.153969 -0.034779 0.102671 -0.028178 0.118430 0.021332 -0.014714 0.066750 0.023742 -0.076130 -0.097805 0.076732 
-0.172754 0.019489 -0.233395 -0.017415 0.094657 0.075832 0.052041 -0.751254 0.114114 -0.159477 -0.676870 -1.001229 0.031656 -0.156754 0.089442 -0.339492 -0.034032 -0.082565 0.235344 0.080635 0.120607 -1.081021 -1.149800 -0.883310 -0.834416 -0.113489 0.080247 -0.051121 0.352279 -0.193157 -0.233845 0.168867 0.258690 -0.474964 -0.343868 -1.029883 -0.612446 -0.661655 0.818484 0.280171 -0.332636 0.156507 -0.596963 -0.121915 0.032064 0.039210 -0.058199 -0.190128 0.022305 0.036922 0.070534 0.049613 -0.428127 0.069557 0.013329 0.104472 -0.009013 -0.062108 0.013529 0.193239 0.173804 0.332476 0.031905 0.047009 -0.214789 -0.138504 0.057429 0.129353 -0.132051 -0.017167 -0.051272 -0.045187 0.099665 -0.090346 -0.041696 -0.076333 -0.009377 0.038444 0.025785 0.089655 -0.076090 0.076126 0.365123 -0.035197 0.011973 0.161526 0.089422 0.234351 0.012857 -0.052149 4.021143 0.414145 0.168853 -0.073489 -0.044384 0.046094 0.052953 -0.852263 -0.078026 0.218770 0.108526 0.213761 0.099929 -0.020199 -0.020424 0.047728 0.113345 -0.628410 -1.151696 -0.080158 -0.365551 -0.439698 -1.025675 -0.459944 -0.071725 1.312154 0.013350 
-0.036982 0.030531 0.019100 0.059438 -0.071784 0.011973 0.124643 -0.039611 0.032412 -0.076641 -0.176772 -0.073906 0.054024 0.049731 -0.056469 0.007530 0.050933 0.064124 0.182153 0.541701 0.424469 0.052909 -0.141115 0.207684 0.210821 0.217996 -0.005656 0.061842 -0.010537 0.025529 -0.082510 -0.012459 -0.060298 0.211277 0.130693 0.050811 0.122932 0.112273 -0.387896 -0.053798 0.098397 -0.229805 0.116112 -0.049630 -0.009719 -0.014514 -0.009682 -0.022103 -0.120694 -0.058861 -0.083623 -0.027585 -0.012153 -0.097499 -0.063548 0.074303 -0.091948 -0.107133 0.008938 -0.030737 0.168723 0.123320 -0.047196 -0.004208 -0.277556 0.079875 0.080835 0.020855 0.017973 -0.116089 0.024951 0.013637 0.041921 -0.008221 -0.091667 -0.126268 0.022543 -0.082918 -0.007699 0.052422 0.009892 -0.175538 -0.084742 0.000271 -0.063019 0.024041 0.060348 -0.294027 0.017614 0.007105 0.037597 0.254469 -0.066213 0.002438 0.111300 -0.008820 -0.028310 0.066421 0.124085 -0.113676 0.083196 0.013592 0.009608 -0.005864 -0.066094 -0.076155 0.034227 0.069154 -0.056242 0.067858 0.038651 -0.076698 -0.101284 -0.058051 -0.105055 -0.101620 0.068231 
0.256106 -0.021895 0.071383 -0.070069 0.020114 -0.011997 0.102432 0.082937 -0.054226 0.109895 0.194051 0.181881 0.177187 0.041413 0.034396 0.277180 -0.022744 -0.020216 0.034173 -0.362704 -0.444362 0.211453 0.142766 0.908750 0.868322 0.013574 0.089770 -0.176306 -0.331601 0.030435 0.117503 0.114110 0.176900 0.337828 0.086115 0.188072 0.810780 0.839967 0.045948 -0.036501 0.419486 -0.448819 0.060622 -0.037668 0.014923 0.106566 -0.001883 0.053980 -0.018312 -0.012311 -0.021798 -0.071927 0.039140 -0.478786 0.041747 0.000214 0.003603 0.012043 0.004699 -0.047622 0.066645 -0.014545 0.049993 0.027336 0.669467 -0.021294 -0.015765 -0.015988 -0.018983 -0.067268 -0.063461 -0.016159 -0.034730 -0.056841 -0.002162 0.003332 -0.063995 0.020072 0.022555 -0.028171 -0.046057 -0.006038 0.164306 -0.012540 -0.038039 0.013191 0.042972 -0.059001 -0.009927 -0.013916 0.011547 -0.673443 0.002875 -0.004009 0.064874 -0.039640 -0.021102 0.250540 0.056566 -0.137919 -0.006614 0.042085 0.021101 -0.010536 -0.055143 -0.018800 -0.007184 0.839873 0.091237 0.044407 0.163919 0.068965 0.072019 0.071036 -0.024822 -0.874076 -0.026749 
-0.055336 -0.171109 0.011048 -0.068578 0.169997 0.010476 0.194613 -0.115968 -0.142408 -0.021484 0.102502 -0.187297 0.059128 -0.062668 -0.104724 -0.076605 -0.156450 0.162008 -0.085891 0.018787 -0.042951 0.128231 0.059493 -0.126241 -0.118626 -0.175629 -0.110958 -0.157505 0.004224 -0.064856 -0.070596 0.113986 -0.084608 0.072930 -0.103266 -0.048505 -0.086899 -0.140569 -0.071119 -0.028944 0.025924 -0.153149 -0.036738 -0.059889 -0.041392 0.032739 0.028156 -0.023783 0.027713 0.073218 0.115927 0.111127 0.093960 0.024532 0.159875 0.081051 0.013139 -0.113990 0.127071 -0.163055 0.026348 -0.134948 0.142720 0.087306 0.124473 -0.142608 -0.155470 -0.129909 -0.099579 -0.015138 -0.007710 0.106016 -0.003866 0.124008 -0.122674 0.130597 -0.006218 0.078183 -0.072708 -0.154536 -0.022713 -0.143198 0.111430 -0.159719 0.055958 0.108746 0.108864 -0.099419 0.170024 0.065971 -0.083247 -0.033879 0.115575 -0.111202 -0.101465 0.078075 -0.081184 -0.068411 0.127328 0.124019 0.066310 -0.019035 -0.078650 -0.098861 -0.102650 -0.026712 -0.114015 0.051386 -0.123876 -0.035831 0.086022 0.016716 -0.003623 0.016751 0.050317 -0.110203 -0.043384 
0.376058 -0.026381 -0.109885 -0.021440 -0.039261 0.096544 -0.062871 0.027233 -0.475774 0.052669 -0.086069 0.030497 0.029918 -0.005562 -0.057983 0.120141 -0.008512 -0.058271 -0.182731 0.243319 0.174157 -0.072625 -0.134592 -0.064083 0.044046 -0.170104 0.215769 -0.132865 0.210490 -0.216558 -0.180831 0.578856 0.520322 -0.076676 -0.193828 -0.057775 -0.061056 -0.185620 -0.136331 0.001440 -0.485179 0.545318 0.046576 -0.092614 0.094795 -0.072746 -0.047252 0.122868 0.009499 -0.026360 -0.002250 0.093679 -0.008780 0.134494 -0.001959 0.002118 0.041313 -0.000304 -0.054375 -0.070127 -0.027597 -0.185072 0.071208 -0.047812 -0.253206 0.025806 0.004683 -0.042076 -0.005870 -0.067352 0.006226 -0.046309 -0.023766 -0.043847 -0.063589 0.040943 0.086274 -0.042265 -0.056072 0.032834 0.006733 -0.025797 0.981228 -0.024761 -0.000116 -0.048281 0.146873 0.200789 -0.035602 -0.051495 -0.038396 0.049268 -0.061554 -0.033115 0.058017 -0.001436 0.014580 -0.142284 0.047255 0.304013 -0.067053 -0.014372 -0.043472 -0.044733 -0.035852 0.024730 -0.036604 -0.081166 0.013735 0.083519 -0.041847 -0.131014 -0.153389 -0.015690 0.001715 0.123149 -0.101562 
-0.079811 0.079048 0.187682 -0.052650 0.031338 0.098722 -0.034147 -0.038044 -0.096794 -0.104852 0.012364 0.176018 0.214730 0.113631 -0.020448 0.219704 -0.013477 0.044918 -0.020278 -0.109140 -0.021080 0.130572 0.085229 -0.106074 -0.054579 0.106434 0.007881 0.002123 -0.002064 -0.146528 -0.132580 0.036557 0.132159 -0.128679 0.170077 0.017193 0.134996 -0.090150 0.084860 0.002056 -0.069652 -0.159442 0.173878 -0.048222 0.152036 -0.045695 -0.138934 -0.025440 -0.173973 0.002498 -0.003485 -0.052924 -0.012732 -0.035656 0.042405 0.137821 -0.059684 -0.139513 -0.047872 0.064080 -0.054879 0.044731 -0.061583 -0.079989 0.016925 -0.060746 0.093929 0.076005 0.087490 0.071391 0.163238 -0.137179 0.086292 0.150696 -0.015762 0.051445 -0.060923 0.014456 -0.135486 -0.042311 -0.151713 0.021765 0.041539 -0.009943 0.122260 -0.054962 -0.055336 -0.114550 -0.005800 0.080645 0.097398 0.113772 -0.062630 -0.104495 -0.156245 -0.133568 0.001783 0.145682 0.115897 0.470037 0.019156 0.144285 -0.051755 -0.070764 0.074420 0.099961 0.169958 -0.185868 -0.065325 -0.145501 0.009029 -0.072428 0.039066 -0.124545 0.118156 0.051374 -0.001712 
-0.144078 0.031567 0.148850 0.134229 -0.008830 0.056740 -0.078560 -0.140610 0.011314 0.066238 -0.249787 -0.170400 0.004687 -0.104239 -0.065699 0.321128 0.066223 0.012632 0.122730 0.126797 0.039099 -0.287776 -0.259655 -0.040153 -0.176700 -0.108695 -0.089479 0.035251 0.023422 -0.060718 0.107306 -0.070831 -0.028457 -0.003531 -0.155282 -0.100868 -0.045557 -0.126034 0.231687 -0.010457 0.047746 0.192813 0.077647 -0.208082 -0.003667 -0.194566 -0.116059 -0.080976 0.040860 0.096667 0.113921 0.117551 -0.052034 0.242409 0.009958 0.102055 -0.066746 0.011826 -0.109670 -0.056026 -0.009659 -0.046624 0.014686 0.090600 -0.433665 0.089676 0.085167 -0.001319 -0.033795 -0.055358 0.081642 -0.049825 -0.061544 0.062606 -0.117449 0.140691 0.120185 -0.062522 -0.060350 -0.032499 -0.146208 -0.127690 -0.013883 0.027260 0.122031 0.103563 0.001925 -0.113264 0.000755 0.126215 0.942716 0.359024 0.111259 0.061298 0.058856 0.153513 0.021713 -0.274636 0.022018 0.055887 0.068229 0.001853 -0.145307 -0.103324 -0.064697 -0.068171 -0.128299 -0.189278 -0.137112 -0.098240 0.036234 -0.117096 -0.372365 -0.039553 -0.036458 0.146271 -0.000225 
0.192040 -0.131588 -0.155073 0.087737 -0.025215 0.136050 0.065304 -0.085038 -0.093724 0.141414 0.199543 0.257225 0.004772 0.069444 0.040997 0.239331 0.108435 0.098600 0.151111 0.007117 0.188940 -0.198153 0.086386 -0.108564 0.007708 0.039573 -0.047814 -0.053263 -0.086594 -0.053539 0.054160 -0.127095 0.068731 0.121712 0.101505 -0.135917 0.115965 0.009561 -0.099599 -0.057369 -0.169935 -0.038955 -0.099609 -0.015794 0.164439 0.122768 -0.125758 0.101107 0.033076 -0.142774 -0.148350 -0.007060 -0.124154 0.219913 0.028101 0.018595 0.027468 0.127051 0.097442 0.062864 -0.020658 0.041960 0.087555 -0.118386 -0.150785 0.018334 -0.084860 -0.087168 -0.121069 0.028349 0.041050 -0.076597 0.094589 0.098087 0.044007 0.064876 0.026968 0.108939 0.028692 -0.082039 0.150135 0.021924 0.081278 0.157215 -0.005714 -0.080706 -0.006364 -0.111696 -0.080055 -0.084698 0.064716 0.110592 0.117053 0.014899 0.089850 -0.077303 -0.138948 0.211585 0.022822 -0.060864 0.039202 -0.125154 -0.021861 -0.063761 0.147329 -0.126442 -0.134400 0.082582 0.136862 0.059497 0.148063 0.070313 -0.074053 0.029809 0.090049 0.084125 0.141364 
-0.086654 0.166878 -0.089459 0.006047 0.101115 0.072678 -0.050634 -0.082260 -0.045738 0.059415 0.014944 -0.017469 -0.100847 0.024860 -0.158186 -0.027882 0.173274 -0.041050 -0.056135 -0.137435 0.001748 0.107297 0.153781 -0.036434 0.151245 0.110667 -0.043364 -0.006629 0.011097 -0.084345 -0.059153 0.077141 -0.107914 0.002951 -0.072303 0.145358 -0.051954 0.125476 -0.099884 0.045892 -0.066500 0.062737 -0.138790 0.011795 -0.097552 -0.141032 0.128481 -0.093911 -0.002227 -0.124491 -0.068660 0.146849 -0.137044 -0.068783 -0.110115 0.108200 -0.159606 0.050119 -0.095695 0.030386 0.110069 0.026431 -0.049154 -0.149281 0.144810 0.050164 0.171098 -0.127429 -0.058715 -0.074539 0.089541 0.047428 0.132864 0.099601 -0.144150 -0.140193 0.134355 -0.165785 -0.045170 -0.039045 -0.096388 0.075291 -0.060273 -0.076525 0.170113 0.000515 -0.113987 -0.161938 -0.127395 -0.031677 0.060567 0.176070 0.155277 -0.179399 -0.160726 0.138840 0.056686 -0.176883 -0.165653 0.139496 -0.090934 0.084024 0.019711 -0.111755 0.023065 0.067137 -0.064360 0.068997 0.068087 0.075605 0.121253 0.124844 -0.056614 -0.094171 -0.074640 -0.102103 0.095906 
0.252550 0.069279 0.002528 0.079989 -0.148847 0.059260 0.080980 -0.040624 -0.429049 -0.008715 0.104203 0.050042 -0.006161 -0.004012 -0.028255 -0.036985 -0.087205 0.015470 0.274248 0.455755 0.474145 -0.020717 0.051791 -0.096525 0.036099 -0.369393 0.458055 -0.041312 0.242665 -0.316938 -0.316827 0.259945 0.264397 -0.251161 0.067528 0.056619 -0.068670 0.003406 -0.314659 0.053585 -0.629491 0.563469 -0.097006 -0.148215 -0.079186 -0.164520 0.056037 0.016178 0.110332 0.019041 -0.106591 0.036420 -0.031889 0.348842 0.124017 -0.028075 0.109198 0.051092 0.086787 -0.129383 0.182800 -0.131509 -0.006739 -0.043457 -0.487224 -0.031013 -0.138095 0.096311 0.063644 0.088868 0.011871 -0.015031 -0.024330 0.005243 0.150834 0.000847 -0.022893 0.088115 0.085977 0.042150 0.093290 -0.058683 0.542296 0.036415 -0.103325 -0.077457 0.140739 -0.094283 -0.052645 0.093533 0.023967 -0.051616 0.131469 -0.064001 0.027450 -0.042533 -0.066711 -0.040674 -0.150563 0.133385 -0.036702 0.227115 -0.029335 0.046286 0.033141 -0.062279 -0.119405 -0.022630 -0.091413 -0.022283 -0.143797 0.092364 0.031301 0.125498 0.034323 0.014075 -0.097323 
-0.039944 -0.162597 -0.101277 0.148742 0.066342 -0.122446 0.089132 -0.151412 0.051427 -0.132846 -0.082959 -0.033979 -0.118389 0.087011 0.139623 -0.125490 -0.148895 0.093646 0.161814 -0.105894 -0.127112 -0.119515 0.007747 -0.046940 -0.037126 0.011071 0.128620 -0.135140 -0.146381 0.106413 -0.096789 -0.050537 0.106095 -0.049676 -0.067189 -0.002133 0.004851 -0.152650 0.019720 -0.095016 -0.123030 0.092624 0.014133 -0.053879 -0.001424 -0.028084 -0.053893 0.025530 -0.104230 -0.072646 0.090793 -0.071287 -0.008496 -0.068072 0.070852 0.151284 0.115663 0.033176 0.172431 0.132173 -0.047721 -0.097694 -0.083426 -0.101067 0.019123 0.022835 0.067195 -0.136628 0.047770 -0.076484 -0.069693 0.103149 -0.170600 0.109435 -0.149974 0.003371 -0.095436 -0.021102 -0.143035 -0.030465 0.081877 0.126378 0.070716 -0.101723 -0.120266 -0.032245 -0.140347 0.163352 0.171893 -0.145010 0.130243 -0.044690 -0.072133 -0.138600 0.025819 0.124964 0.063453 -0.078166 0.162663 -0.072332 0.006788 -0.088118 -0.143222 0.020473 -0.145964 -0.114435 -0.149842 -0.069575 0.037286 -0.108989 0.081023 -0.057741 -0.170008 -0.011990 0.029179 -0.110047 0.132848 
-0.154697 -0.086004 -0.078295 0.073875 -0.062216 -0.073561 -0.426089 -0.086844 -0.052740 -0.095730 -0.185016 -0.327910 -0.104864 -0.146051 -0.046864 -0.349896 0.016602 0.008467 -0.400192 0.349850 0.417051 -0.100984 -0.145498 0.227713 0.207731 0.099590 -0.129810 0.307400 0.001021 0.670348 0.628067 -0.347776 -0.264560 -0.184585 -0.399024 -0.241296 0.212720 0.144968 0.286444 -0.149652 -0.307797 0.357566 0.032591 -0.007291 0.029373 -0.116058 -0.016646 -0.099834 0.031056 0.036959 0.003616 0.048161 -0.031658 0.375140 -0.037195 -0.175982 -0.122648 0.046083 0.026436 -0.244043 -0.492252 -0.595373 0.041280 0.001145 0.085240 0.003855 0.080947 0.011180 0.013066 0.092700 0.008607 0.030931 0.066615 0.046745 0.111916 0.038770 0.075837 -0.013528 0.009737 0.009777 -0.043793 -0.105350 -0.198565 -0.013501 -0.029328 -0.119691 -0.013214 -0.024447 0.035391 0.040614 -0.026784 0.418426 -0.045268 0.026244 -0.010375 0.025046 0.111910 -0.320620 -0.133602 0.218846 -0.044717 -0.123459 -0.039951 0.031380 0.087249 0.017638 0.044016 0.331342 -0.095433 -0.052809 -0.047328 -0.001447 -0.082509 -0.032735 0.006746 -0.079578 -0.027305 
0.328861 -0.090307 0.141224 0.074450 -0.063786 -0.129512 0.039120 0.002538 0.045367 -0.013346 -0.001129 0.158778 0.046987 -0.141953 -0.096627 0.124627 0.011216 0.146278 0.011920 -0.268796 -0.121303 -0.117555 0.020879 -0.040307 -0.159500 -0.070609 0.131018 0.125179 -0.052859 -0.019955 -0.197105 0.368475 0.243888 -0.155802 0.032928 -0.132494 -0.080115 -0.080542 0.253377 0.078759 0.121371 -0.065379 0.019322 0.036577 -0.016454 0.007302 -0.074107 -0.107961 0.086831 0.113112 -0.178523 -0.105403 0.059323 -0.039589 0.088488 0.109392 0.136028 0.018330 0.080707 0.135512 -0.109468 0.121798 0.147199 0.116823 -0.068841 -0.008167 -0.241071 -0.026930 -0.134673 0.104799 -0.126478 0.048988 -0.105892 0.045960 -0.025467 0.058089 -0.015565 0.021833 0.041168 -0.090870 -0.076468 0.036967 0.204910 -0.083545 0.015208 0.113676 -0.130050 -0.149401 -0.052309 0.143776 0.135743 -0.048171 0.136446 -0.079805 -0.051753 -0.142168 0.143546 -0.140031 -0.027414 0.135066 -0.107205 0.012684 0.063035 -0.040649 -0.050697 -0.140351 0.157336 0.056065 -0.005706 0.014382 0.114400 0.157169 -0.036577 -0.136615 -0.086349 0.102607 0.050794 
0.074339 -0.091774 -0.077967 -0.135000 0.023625 -0.024679 0.118983 0.093495 0.152539 0.077457 0.130257 -0.092291 -0.091946 0.046179 0.043883 -0.214476 -0.026228 0.038059 0.007597 0.098506 0.038531 0.007420 0.068478 0.054564 0.019143 -0.016287 0.042531 -0.086881 -0.011286 -0.117080 -0.001068 0.282863 0.279584 -0.098141 0.044335 -0.047962 0.130024 0.121278 0.153391 -0.159647 0.152071 -0.026166 0.001176 0.158670 -0.015647 0.096746 0.132724 -0.098680 0.048109 -0.024318 0.028133 -0.062828 -0.004122 -0.427200 0.054886 -0.074117 -0.119734 -0.032244 0.017241 0.023894 0.078194 0.014317 -0.083818 -0.047491 0.155154 0.025848 -0.023153 -0.070971 0.012216 -0.011032 -0.023606 0.034993 -0.081861 0.069017 0.117029 0.039909 0.041892 0.102620 0.046327 -0.014856 -0.098660 -0.106780 0.472003 0.074931 -0.007821 -0.135401 -0.051416 -0.093513 -0.019263 -0.120373 -0.057273 -0.110506 0.040568 0.031033 -0.008468 -0.024008 -0.041413 0.084695 0.003201 0.175388 -0.059806 0.040295 0.012454 0.006394 0.085022 0.023727 -0.025481 0.130892 -0.008876 0.027404 0.089726 0.030207 -0.053074 0.048996 0.006603 -0.204004 0.036388 
0.096888 -0.089229 0.025235 -0.003805 0.031216 0.052231 -0.107677 -0.115386 -0.092416 -0.067577 0.448385 0.425650 0.064499 0.006195 0.005073 -0.075902 -0.056793 0.130683 0.142333 0.051577 -0.198431 0.136838 0.146615 0.006405 -0.111271 -0.064962 0.228646 0.019920 0.138777 -0.241890 -0.316195 0.169729 0.172158 0.197773 0.114999 0.009611 0.016052 0.086143 -0.173481 0.081260 -0.109374 -0.068573 -0.125999 -0.158003 0.032505 0.039422 -0.108925 -0.115930 -0.018513 0.101111 0.062019 -0.008453 -0.110519 -0.257010 -0.022790 -0.036910 0.075132 -0.050610 -0.059019 0.086049 0.024013 -0.014676 0.089660 0.116502 -0.062014 0.001021 0.061272 -0.044066 0.030654 -0.038291 -0.061187 0.056582 -0.063843 -0.136159 -0.106077 0.077664 0.005579 -0.056591 0.113698 0.169751 -0.099369 0.189114 0.328529 -0.002802 -0.124857 0.011971 0.178062 0.111356 0.139202 -0.085529 0.049822 -0.098981 0.089701 0.007665 -0.061974 -0.108412 -0.055203 0.114500 -0.072786 -0.233380 0.016241 -0.075775 0.002728 0.101513 -0.007093 0.010484 -0.018316 -0.129333 0.059126 0.075271 -0.113557 0.102592 0.296925 0.055974 0.021392 -0.052240 -0.079793 
-0.111422 0.030623 -0.002227 -0.039059 -0.106739 0.024136 -0.055326 -0.155050 -0.325267 -0.060834 -0.257606 -0.244477 0.014945 -0.062424 0.074097 -0.131600 -0.037892 0.065878 0.033958 0.148090 0.026325 -0.202789 -0.192441 0.217291 0.158985 -0.053621 0.049125 0.148882 0.078124 -0.069092 -0.022525 0.019639 0.164777 0.127511 -0.012907 -0.293483 0.384688 0.273020 0.251938 0.101747 -0.153036 -0.013351 -0.341853 0.027841 0.057730 -0.136414 -0.105192 -0.024962 0.104419 0.027740 -0.051192 -0.015445 0.054794 0.158264 0.076598 -0.057056 0.022481 0.055808 -0.015625 -0.058907 0.043079 -0.035097 0.084705 0.047226 -0.011928 -0.055045 0.166903 0.035803 -0.045075 0.073617 -0.004643 -0.043985 0.101288 0.032813 -0.081931 0.046182 -0.142106 -0.064054 0.173307 -0.104512 -0.001110 -0.089747 0.092480 0.072894 -0.081710 -0.039889 0.017375 0.093664 0.142602 0.014121 -0.161995 0.128208 -0.012801 0.024826 0.053760 0.033316 -0.085883 -0.190070 -0.043792 0.261680 -0.045489 0.112484 0.002542 -0.005843 0.002668 -0.122302 0.021007 0.412117 -0.282846 -0.146505 -0.217972 -0.232485 -0.166409 -0.076366 0.022034 -0.027241 -0.072794 
-0.280139 -0.085401 -0.009602 -0.045802 0.035753 0.062028 0.003778 -0.013826 -0.106025 -0.003282 -0.062641 -0.203744 0.006940 0.057745 -0.036608 -0.032193 0.060256 0.067769 -0.072641 0.119657 0.034273 0.000256 -0.116127 -0.067108 -0.071988 -0.041164 0.224052 -0.040225 0.090166 -0.051239 -0.025709 -0.192823 -0.101617 -0.073817 0.028809 -0.129465 0.004793 -0.101112 -0.083191 0.607610 -0.045875 -0.153603 -0.136259 -0.084935 0.054581 0.048278 0.037968 -0.076329 0.008604 -0.005996 0.085527 0.006279 -0.020243 -0.050764 -0.002822 0.183795 0.143208 -0.046862 0.048103 0.052880 -0.022026 -0.048000 -0.066807 -0.047699 -0.084101 0.063708 -0.146345 -0.021055 0.059390 0.033602 0.015869 0.104872 -0.044053 -0.048578 -0.014343 -0.023922 0.098552 0.057015 -0.084105 0.037637 0.047456 -0.122400 -0.285523 -0.037290 -0.014135 0.026866 0.031996 0.007491 -0.046105 0.026726 0.443293 -0.053372 -0.032562 0.028370 0.087543 0.066589 -0.062763 -0.184549 0.032184 -0.222378 0.030142 0.717776 0.025611 -0.082212 0.054231 0.073882 -0.065587 -0.042476 -0.110877 0.047457 -0.184009 -0.140221 -0.095633 -0.090639 1.008588 0.034150 0.066275 
0.052454 -0.148036 -0.087734 0.102817 0.134860 0.056996 -0.102079 0.029251 -0.112050 0.112559 0.089274 0.101602 0.307432 0.057695 -0.016001 0.342492 -0.057092 -0.115137 -0.124295 -0.078087 0.108859 -0.102534 -0.154049 0.129210 -0.081407 -0.029070 0.044889 0.055271 0.179486 -0.186145 -0.161784 0.046241 -0.131104 -0.090966 -0.079585 -0.182227 0.148980 -0.042545 -0.101222 -0.096251 0.003016 0.040905 -0.147904 -0.054378 -0.077786 0.132360 0.096715 0.108580 -0.189970 0.123111 0.098909 0.062779 0.110925 0.079885 -0.064713 0.024016 0.133117 0.153876 -0.102377 0.115252 -0.179507 -0.065993 -0.077487 -0.071551 -0.189940 -0.024188 -0.019183 -0.125865 0.132939 0.032959 -0.062213 -0.033583 -0.162924 0.077316 0.068226 -0.074705 0.029436 0.016528 -0.131210 0.059115 0.067017 0.083596 -0.087589 -0.086341 -0.102142 0.053213 -0.172021 -0.121804 0.074799 -0.013305 0.036218 0.114008 -0.025295 -0.137205 -0.128512 -0.154190 0.023046 0.104163 -0.051234 -0.034923 -0.131445 0.048941 0.101666 -0.071995 -0.033436 0.093450 0.069977 0.007160 -0.167686 0.011471 -0.030943 -0.035408 -0.089107 -0.096521 -0.126357 0.149364 -0.060509 
0.363736 0.048832 0.066843 0.037758 0.044878 0.002370 -0.173232 -0.123247 -0.004506 0.031497 0.112476 0.082789 0.104845 -0.025821 -0.014036 0.112033 0.040683 -0.019349 -0.089687 -0.145803 -0.226949 -0.057280 -0.115724 -0.090431 -0.129462 -0.401645 0.250011 -0.074802 0.160712 -0.033191 -0.155676 0.369842 0.360901 0.001529 -0.138276 -0.092167 -0.131724 -0.021103 0.153664 0.566506 -0.275726 -0.019334 -0.085290 -0.065520 -0.043161 -0.085846 -0.001628 -0.014617 -0.093117 -0.004994 0.054446 0.008584 -0.043504 -0.337699 -0.068905 0.452677 0.133970 0.011353 -0.017189 -0.175603 -0.181764 -0.385630 -0.072021 0.007116 0.220344 -0.018148 0.143526 0.076290 0.050362 0.028313 0.083290 -0.005305 0.099897 -0.020832 0.012989 -0.062070 -0.068336 -0.024341 -0.007619 0.013446 0.075343 -0.028667 0.577830 0.034100 -0.010500 -0.025510 -0.019634 -0.135174 0.033501 0.013857 -0.049899 -0.202356 -0.020376 0.085134 -0.007016 0.051771 -0.039030 -0.071376 -0.033974 -0.091568 0.070586 0.210890 0.025054 0.036412 0.017662 0.032960 -0.022154 -0.129184 -0.098736 -0.069665 -0.142897 -0.067547 0.025089 -0.029825 0.028181 0.175760 -0.032404 






















































































































0.000000 
0.000000 
0.000000 
0.000000 
0.000000 
0.000000 
0.000000 
0.000000 
0.000000 
0.000000 
0.000000 
0.000000 
0.000000 
0.000000 
0.000000 
0.000000 
0.000000 
0.000000 
0.000000 
0.000000 
0.000000 
0.000000 
0.000000 
0.000000 
0.000000 
0.000000 
0.000000 
0.000000 
0.000000 
0.000000 
0.000000 
0.000000 
0.000000 
0.000000 
0.000000 
0.000000 
0.000000 
0.000000 
0.000000 
0.000000 
0.000000 
0.000000 
0.000000 
0.000000 
0.000000 
0.000000 
0.000000 
0.000000 
0.000000 
0.000000 
0.000000 
0.000000 
0.000000 
0.000000 
0.000000 
0.000000 
0.000000 
0.000000 
0.000000 
0.000000 
0.000000 
0.000000 
0.000000 
0.000000 
0.000000 
0.000000 
0.000000 
0.000000 
0.000000 
0.000000 
0.000000 
0.000000 
0.000000 
0.000000 
0.000000 
0.000000 
0.000000 
0.000000 
0.000000 
0.000000 
0.000000 
0.000000 
0.000000 
0.000000 
0.000000 
0.000000 
0.000000 
0.000000 
0.000000 
0.000000 
0.000000 
0.000000 
0.000000 
0.000000 
0.000000 
0.000000 
0.000000 
0.000000 
0.000000 
0.000000 
0.000000 
0.000000 
0.000000 
0.000000 
0.000000 
0.000000 
0.000000 
0.000000 
0.000000 
0.000000 
0.000000 
0.000000 
0.000000 
0.000000 
0.000000 
0.000000 
0.000000 
-0.193781 
-0.100294 
-0.106153 
-0.065266 
-0.745694 
0.099985 
-0.029797 
0.114286 
0.090144 
-0.141559 
-0.087999 
-0.934603 
-0.029166 
-0.783284 
-0.046814 
-0.145044 
-0.345244 
-0.035957 
-0.051352 
-0.060360 
0.034505 
-0.165428 
0.030801 
0.025691 
0.164144 
-0.072079 
-0.112514 
0.053335 
-0.109581 
-0.011657 
0.094713 
0.109845 
-0.100316 
0.266848 
0.377272 
-0.072610 
0.085043 
-0.418927 
0.061701 
0.186871 
0.201090 
-0.129352 
-0.310227 
-0.024400 
0.274867 
-0.351573 
0.039704 
-0.013375 
-0.200689 
0.049688 
-0.099357 
-0.146707 
0.113863 
0.333718 
-0.276201 
0.448435 
-0.307027 
-0.449880 
0.852913 
0.089686 
0.396463 
0.765959 
-0.218551 
0.556432 
-0.519861 
-0.353460 
-0.135372 
-0.379567 
-0.067158 
-0.422847 
-0.240262 
-0.140749 
-0.294253 
-0.452836 
1.234550 
-0.636052 
-0.633203 
-0.123659 
0.436672 
-0.155001 
1.066925 
0.278634 
-0.584238 
-0.064060 
0.088961 
-0.711992 
-0.143003 
-0.285053 
-0.647308 
-0.174276 
0.537786 
-0.423161 
-0.365974 
-0.336855 
-0.625882 
0.782830 
-0.277681 
0.027184 
-0.449806 
-0.496165 
-0.080807 
-0.373502 
-0.508318 
-0.239578 
1.078835 
-0.486095 
-0.650526 
-0.347799 
-0.380750 
-0.676621 
-0.296133 
-0.227446 
-0.055550 
0.133697 
0.030855 
-0.016686 
-0.014026 
0.005135 
0.386203 
0.166498 
-0.792248 
0.078073 
0.141683 
0.118246 
0.086834 
0.146197 
0.128570 
0.219737 
-0.038553 
-0.054199 
0.511464 
0.159078 
0.204642 
0.230802 
0.213909 
0.202569 
0.226981 
-0.193071 
0.180733 
0.016431 
0.035563 
-1.197921 
-1.091005 
0.227550 
0.203282 
0.267683 
0.553174 
0.438428 
0.249801 
0.215971 
-0.799431 
0.252657 
-0.450958 
0.385997 
0.041578 
0.101586 
-0.059298 
0.212873 
0.056949 
0.016656 
0.078514 
-0.030076 
0.022879 
-0.005603 
0.002499 
0.567204 
-0.017390 
0.246003 
0.208583 
-0.060447 
0.044559 
0.312113 
0.528925 
0.989539 
-0.050548 
0.002799 
-1.421442 
0.029327 
-0.077756 
0.011422 
0.033453 
-0.043281 
-0.034545 
0.028583 
0.008645 
0.001857 
-0.013718 
-0.086985 
-0.005370 
0.006111 
0.046870 
0.025902 
-0.002272 
0.117030 
-0.282879 
-0.015634 
0.018008 
0.096562 
-0.045233 
0.199951 
0.040073 
0.075064 
0.031743 
0.335287 
-0.030519 
-0.090186 
-0.009123 
0.035637 
-0.093411 
0.479248 
-0.049608 
-0.072580 
0.103239 
0.050595 
-0.018561 
0.024160 
-0.015464 
0.016387 
0.020619 
0.143065 
0.164678 
0.013566 
0.167612 
0.083497 
0.250177 
0.104156 
-0.094291 
-0.308475 
0.150831 
0.851000 0.386501 0.504594 
