0.301755 -0.147434 -0.006733 0.172306 -0.132706 -0.108000 0.148820 0.247333 0.149189 -0.048071 0.127040 -0.411736 0.238685 0.287013 0.227659 0.101904 -0.098837 0.152604 0.121314 -0.201169 -0.048386 0.031909 0.214357 0.045526 0.190505 0.015449 0.107714 0.070139 -0.322208 0.063312 -0.118020 -0.276662 
0.189081 0.165096 0.261452 -0.332938 -0.188623 -0.053158 0.000509 -0.018224 0.206943 0.503120 0.202233 -0.102483 0.145125 0.252865 -0.168643 0.180527 -0.197910 0.117089 0.210459 0.098636 -0.018625 0.160785 0.275933 -0.071640 0.173797 0.354645 -0.169074 0.678984 -0.472539 0.050541 -0.233980 -0.112305 
-0.010212 0.343933 -0.016923 0.077181 0.355229 -0.041039 -0.043498 0.074013 -0.067893 -0.439160 -0.164615 -0.017958 -0.250074 0.013001 -0.159379 -0.216361 0.043002 -0.071083 0.169890 -0.163603 0.076343 0.119260 -0.238323 -0.340673 -0.120431 -0.315195 -0.158312 -0.203016 0.466460 -0.106281 -0.108213 0.047698 
-0.120696 0.263527 -0.215205 -0.279228 -0.119474 0.523682 -0.255518 0.122113 0.105936 -0.010662 0.085439 0.531619 -0.077156 -0.034806 0.379139 -0.264595 0.116776 -0.242891 -0.247296 -0.228824 -0.291120 -0.024926 -0.080175 0.031211 0.074831 0.046305 0.075919 -0.130524 0.480338 0.109781 -0.085230 -0.207915 
-0.327950 -0.177723 -0.111003 -0.299424 0.662020 -0.247199 0.684559 -0.040350 0.097347 -0.129429 -0.133888 -0.113498 0.135810 0.060193 -0.301262 -0.097853 0.125562 -0.016955 0.342468 -0.132476 0.852012 0.691660 -0.325827 0.160840 0.228411 0.164186 0.075323 0.340363 -0.605971 0.139324 0.035447 0.310433 
-0.108985 -0.117767 -0.014980 -0.125964 0.032942 -0.329796 0.671082 0.127972 -0.193747 0.066865 0.128148 -0.507775 -0.082815 0.300770 -0.039755 -0.115004 -0.190574 0.508735 0.377751 -0.402855 0.532534 -0.154640 0.049663 0.098127 0.098757 -0.171312 -0.053151 0.120516 -0.530800 -0.205080 0.487582 0.193669 
0.195973 -0.018903 0.329374 0.328002 -0.134385 0.153960 -0.128942 0.382001 -0.223715 -0.058610 0.356852 0.299063 0.066712 -0.135156 -0.135696 0.219100 -0.052621 -0.271175 -0.070887 -0.007020 -0.322126 -0.184895 0.443581 -0.230917 0.172865 -0.120627 -0.013220 -0.059816 0.145445 -0.005892 -0.416805 -0.360346 
0.423679 0.301463 -0.202263 0.107537 -0.006775 0.080533 -0.168789 0.408965 -0.189116 -0.069929 0.167308 -0.012313 0.386485 -0.363368 -0.291634 -0.006822 -0.144769 0.152321 -0.066514 0.158676 0.260514 0.019125 0.294760 0.035207 0.310049 -0.103465 -0.221597 -0.334830 0.065836 -0.108004 -0.191506 -0.050883 
-0.089048 0.102275 -0.178661 0.310058 0.096510 -0.031732 0.116558 0.074268 0.401302 0.026576 0.067324 0.024612 0.056286 0.081768 0.080978 0.103970 
0.066389 -0.127071 -0.083382 0.173434 0.093114 -0.144024 -0.193718 0.012308 -0.054304 -0.033435 -0.063514 0.180715 0.045326 0.105740 -0.041540 0.174185 
-0.122048 -0.050381 0.107791 -0.049279 0.129419 0.108219 -0.060177 0.100681 0.144807 -0.055982 -0.120611 -0.164609 -0.127487 0.052977 0.158903 -0.113495 
-0.106132 -0.021586 0.109726 0.248058 0.053194 -0.171514 -0.091655 0.133005 0.073024 0.073119 -0.006675 -0.156742 0.027675 0.133736 0.159594 0.036257 
-0.046256 0.299796 -0.007755 -0.199417 0.169878 0.042933 -0.141390 -0.154088 0.016303 0.329337 -0.112253 0.046263 0.453844 -0.252973 -0.007909 -0.049852 
0.010765 -0.062771 -0.001715 0.588876 -0.062124 -0.094631 -0.248610 0.058385 0.294246 -0.101510 0.010148 0.039495 -0.127468 0.054183 -0.149991 0.314837 
0.027701 0.234627 0.059854 -0.635081 0.020409 0.050358 0.056638 -0.030577 -0.272537 0.178463 0.072865 0.006060 0.304916 -0.205302 -0.039486 -0.274920 
-0.015680 0.002641 -0.060999 0.304276 0.204130 0.157700 -0.036794 0.167579 0.150148 -0.121832 0.046837 -0.075764 0.139991 0.102418 0.112104 -0.120587 
0.136595 0.077416 0.065823 -0.154840 -0.122177 -0.112293 0.059032 0.018590 0.129403 -0.058257 0.122472 0.046359 0.018083 -0.129149 -0.165494 0.125321 
0.019816 0.018626 0.060732 -0.049487 -0.012680 -0.124941 -0.046224 0.001678 0.173342 -0.109252 0.055529 -0.123920 -0.223713 0.040796 0.030829 0.017717 
-0.116258 -0.083097 -0.002397 0.045352 0.087239 -0.086981 0.056984 0.067876 0.292768 0.000270 0.122394 -0.128309 0.008912 -0.224629 -0.125623 -0.064585 
-0.054607 -0.197426 -0.040867 0.258475 -0.245292 -0.137102 -0.268525 0.036953 -0.132481 0.083228 -0.026595 0.157575 -0.155126 -0.091143 -0.151874 0.066705 
-0.025088 0.154194 0.079999 0.131886 0.225696 0.021825 -0.105130 0.063512 0.041067 -0.116110 0.042053 -0.176442 -0.072882 0.017226 -0.027183 -0.043799 
0.072348 0.103154 -0.134162 -0.141090 -0.190337 -0.083727 -0.106888 0.053030 0.069255 0.046486 -0.020299 -0.036535 0.066601 -0.039322 0.140047 -0.222261 
-0.129263 -0.010083 -0.184363 -0.108447 -0.178139 -0.037793 -0.027366 -0.025197 0.048921 -0.137288 -0.021875 0.125036 0.048209 0.055230 -0.042119 0.169302 
0.123080 0.017591 -0.068209 0.123542 0.135059 0.032970 -0.035768 0.169781 0.088542 0.112925 -0.122178 -0.172720 -0.137955 -0.249023 -0.095131 0.022132 
0.076966 0.101487 -0.060459 0.285195 0.140546 -0.108420 -0.158444 -0.084809 0.103832 0.116893 -0.154799 -0.052037 0.130589 -0.073307 0.145748 0.239377 
-0.156903 0.041175 0.006465 0.074469 0.206784 -0.118497 0.050982 -0.095300 -0.041250 0.093495 -0.133479 0.057178 0.116768 0.011028 -0.118234 0.092358 
0.118473 0.149523 0.023167 -0.320829 0.180588 0.199420 0.166828 -0.105420 -0.046461 -0.093424 -0.027749 0.052278 0.150465 -0.092497 -0.113141 -0.111710 
0.069528 -0.035818 -0.045152 0.117250 0.062039 -0.127691 0.047912 0.223904 0.246672 -0.138696 -0.034146 0.069186 -0.074174 -0.003051 -0.052097 -0.051339 
-0.047146 0.452433 -0.146643 -0.615811 0.351591 0.195644 0.057666 0.093048 -0.050640 0.298586 -0.050135 0.043147 0.283917 -0.059965 -0.136931 -0.117571 
-0.096194 0.256847 -0.075090 -0.299587 0.195733 0.017970 -0.016462 0.058891 0.132584 0.020144 -0.029207 -0.067594 0.337984 -0.060909 0.057795 -0.039506 
0.071948 0.081238 0.006173 0.191737 0.192498 -0.163744 -0.066469 0.162163 0.429109 0.039959 -0.216572 -0.148039 -0.188249 -0.210321 -0.178806 -0.057641 
0.070776 0.113642 0.038674 -0.051267 -0.105543 -0.007515 -0.051042 0.061123 0.153642 0.004024 0.100697 0.094246 -0.053305 0.063338 -0.164580 -0.131063 
-0.095011 0.141172 0.030130 -0.013896 0.193265 -0.135597 -0.034479 0.130921 0.271960 -0.027354 0.033364 -0.169838 0.039692 -0.095224 -0.009654 -0.250221 
-0.107046 0.106127 -0.030607 0.051043 0.129014 0.125847 -0.043015 -0.079101 0.358224 0.037897 0.122861 0.076229 -0.088916 0.026059 0.102012 0.221682 
0.026874 -0.023159 -0.079306 0.037896 -0.035644 0.110946 0.011722 -0.052659 0.014787 -0.074759 -0.059653 0.091520 0.089814 0.073902 -0.164656 0.013750 
0.105132 0.081178 0.093912 -0.245092 0.064211 -0.021936 0.128393 -0.155193 0.010966 -0.071953 0.044744 0.027830 -0.187613 0.129266 -0.113573 -0.200978 
-0.169657 -0.264769 -0.448739 0.481202 -0.178443 0.168344 -0.415585 0.129804 0.025666 -0.157240 -0.073083 0.009226 -0.338231 -0.225923 0.005358 0.522020 
-0.110497 -0.102844 -0.109383 0.086488 0.020082 0.064979 0.099063 0.063359 -0.083346 0.016714 -0.079340 0.023258 -0.120957 -0.034406 0.030295 -0.143466 
-0.158502 -0.010566 -0.006271 -0.270751 -0.021078 0.046653 -0.120588 -0.150134 -0.205349 0.079384 -0.035252 0.180221 0.209397 0.016484 0.074843 -0.158841 
0.147035 0.205933 0.137049 -0.290402 0.081386 0.096444 -0.139167 0.071474 -0.219383 0.003016 -0.069081 -0.029708 0.241073 0.082510 -0.031312 0.033971 
0.068540 -0.156910 -0.080043 -0.013425 0.026554 -0.037721 0.017079 -0.061834 0.146235 0.152254 -0.129212 0.130158 0.117793 0.128209 -0.173767 0.089308 
0.292381 0.305693 -0.184683 -0.056785 0.030684 -0.361447 -0.360367 0.382977 -0.025387 -0.083796 0.019682 -0.129378 -0.085187 -0.049013 -0.102727 0.100246 
0.075755 -0.010191 -0.056328 -0.087393 0.071089 0.160582 0.314805 0.224228 0.094277 0.077854 -0.012187 -0.007522 0.026437 -0.003647 -0.012135 -0.102520 
-0.455721 0.121461 -0.116599 -0.153246 0.095149 0.163473 0.658830 -0.465693 -0.238547 -0.482353 -0.094574 -0.387649 0.130405 0.183483 0.022966 0.059902 
0.315357 0.332621 0.013350 0.015026 0.060569 -0.301783 -0.041797 0.362062 -0.199562 0.015324 -0.001852 -0.036617 -0.126965 0.133010 0.241803 -0.084224 
0.009146 0.034483 0.040862 -0.128484 -0.060668 0.027029 -0.064123 0.038767 0.089568 0.138775 0.113344 0.019276 -0.030829 -0.149630 -0.173214 -0.087321 
0.174832 0.152363 0.097784 0.020849 -0.147427 0.166905 0.385444 0.165218 0.004116 0.004543 0.044338 0.036091 -0.106596 0.077251 -0.077908 -0.034412 
-0.101183 0.286673 0.071342 0.034341 -0.007173 -0.147463 -0.130921 -0.141353 0.169646 0.122490 0.121154 -0.039214 0.178949 0.276156 0.123413 0.119779 
-0.160086 0.342290 -0.134813 0.057409 -0.038176 -0.165160 0.263286 0.210584 0.129453 -0.217145 0.137193 -0.245679 -0.106394 0.458721 0.263285 -0.073524 
0.338530 -0.026121 -0.154039 -0.065002 0.000878 -0.152687 -0.183738 0.095390 0.158542 0.035205 0.200275 0.176292 -0.138592 -0.058464 0.052331 0.084587 
0.150376 -0.137710 -0.046042 -0.045653 0.049052 -0.100436 -0.027419 0.021611 0.044355 -0.152164 0.099298 0.093973 -0.165439 -0.002077 -0.112456 0.151338 
0.243876 -0.202125 -0.097191 -0.014033 -0.095642 0.119021 0.092692 -0.141162 -0.161291 0.156439 0.146083 -0.115384 -0.038794 -0.080024 0.048029 -0.043129 
0.433869 -0.115829 0.096398 -0.015964 -0.086904 -0.262065 -0.532847 0.273921 -0.113673 0.203584 0.190471 -0.064444 -0.057733 -0.012064 -0.177790 -0.097899 
-0.216810 -0.024331 0.034194 -0.069403 -0.169679 0.237456 0.627778 0.105944 -0.029073 -0.089741 -0.135326 0.019394 -0.127523 -0.083763 -0.062925 0.213988 
-0.100150 -0.153928 -0.032386 0.008121 -0.119604 -0.010604 -0.017842 -0.061570 -0.068975 -0.122243 0.005139 0.050307 -0.163739 0.034442 0.146298 -0.139074 
-0.037732 -0.123698 -0.150931 0.142640 -0.068310 0.126298 0.350568 -0.032442 -0.147853 -0.375140 0.022789 -0.253556 -0.103466 -0.319220 -0.124838 -0.019864 
-0.137003 0.179328 0.227638 -0.057113 -0.123469 -0.138856 0.200675 -0.319299 -0.077589 -0.307593 -0.121000 0.390065 0.053601 -0.484364 -0.205840 0.017539 0.028053 -0.223833 0.035541 -0.146288 -0.013061 0.163781 0.147152 -0.166822 -0.107475 0.167318 -0.101102 0.149587 0.039297 -0.188195 -0.130717 
-0.142825 0.067425 -0.133766 0.048052 -0.229005 0.020789 -0.150323 -0.257262 -0.247172 -0.193284 0.256518 0.486358 -0.185409 0.367393 -0.238463 -0.285174 -0.101193 -0.011308 0.047640 0.087201 -0.116145 -0.148197 -0.033041 0.063354 0.040662 0.072480 -0.093514 0.126937 -0.031348 -0.004909 -0.146345 
0.130532 -0.174005 -0.018804 -0.069406 -0.145456 -0.190809 0.083378 0.166548 -0.088528 -0.118937 0.040133 -0.177906 0.080568 0.084114 0.063670 0.023116 -0.137371 -0.095741 -0.111278 0.134427 0.058366 0.115781 0.147185 -0.054406 -0.113872 -0.125461 0.044398 -0.125862 0.109552 -0.116036 -0.073034 
0.001796 -0.077967 0.136178 0.178761 0.022949 0.192788 0.010945 -0.078203 -0.142181 0.099727 0.208301 -0.089947 -0.138318 -0.048665 0.195875 0.133221 0.011443 -0.158744 0.161430 -0.031129 0.079323 -0.057563 -0.166571 -0.128861 0.049214 -0.101446 0.150259 0.100351 0.160065 -0.142777 -0.139040 
-0.021775 -0.030119 0.188942 -0.089385 0.238989 0.135310 0.168339 -0.085727 0.239286 0.020068 -0.123411 -0.091959 0.129427 0.078501 -0.147195 0.016190 -0.112069 -0.086187 -0.003938 0.033514 0.168938 0.115881 0.044192 -0.137032 -0.012176 0.119712 -0.163803 -0.088886 0.103478 -0.129042 -0.050882 
-0.125388 -0.187548 -0.127628 0.021448 0.028333 -0.257375 -0.205333 -0.009238 -0.221283 0.417933 -0.180909 -0.111750 0.404094 0.679722 0.193625 -0.167923 0.050763 0.178536 -0.057460 0.021386 0.083805 0.643693 0.253384 0.013405 -0.439902 -0.238086 -0.144189 -0.080550 0.207334 -0.168929 -0.014429 
-0.218112 -0.440896 0.267113 -0.080427 -0.172541 0.208537 -0.707453 -0.868219 0.282829 0.412900 -0.166162 -0.171986 -0.068644 0.581563 -0.224853 -0.004278 -0.231800 -0.025183 -0.095633 -0.008571 -0.112186 -0.434229 -0.300288 -0.258876 -0.428398 0.080392 -0.124798 0.017993 -0.048545 0.134527 -0.183809 
0.025426 -0.102879 -0.247651 -0.159981 0.090765 0.090636 -0.258078 -0.509122 -0.027521 -0.454772 0.325902 0.871734 -0.155593 -0.245389 -0.536152 -0.015709 -0.290790 -0.284789 -0.082182 -0.097300 -0.077198 -0.211102 -0.276495 -0.094844 -0.054201 0.157864 -0.172371 -0.025212 -0.413692 -0.113773 -0.030608 
0.056046 0.109354 0.048847 0.141332 -0.039075 -0.010522 0.224113 -0.187411 -0.117122 -0.172855 -0.235092 -0.134069 -0.139207 0.275844 0.218290 0.151568 0.027212 -0.145916 -0.109303 0.117301 -0.068608 0.139566 0.251393 0.166101 0.067644 -0.091366 0.080193 -0.082903 -0.026015 -0.139277 0.101119 
0.226963 0.306345 -0.027782 0.121923 -0.116521 0.164888 0.241783 -0.062012 -0.168183 0.131140 -0.060861 0.139343 0.266880 -0.066756 -0.126806 0.090886 0.149857 -0.030676 0.133164 0.077675 0.035665 0.127924 0.277410 0.065507 0.050276 0.068159 -0.200722 -0.174862 -0.126284 -0.084501 0.090647 
-0.232352 -0.187435 -0.091041 0.120646 -0.067136 -0.151793 0.135136 0.146111 -0.041178 0.008125 -0.095186 0.201032 -0.138860 -0.050118 -0.272857 -0.247638 -0.017970 -0.082314 -0.168807 -0.148640 0.153043 0.149743 -0.003319 -0.124071 0.059602 -0.086257 -0.048390 0.060101 -0.101920 0.041587 0.003535 
-0.081977 0.069235 0.152948 -0.192406 -0.215463 0.219580 0.028309 0.108491 -0.093931 -0.239552 -0.236841 -0.182712 0.121629 0.220065 -0.134697 -0.058248 0.093835 0.051598 -0.105058 0.153200 -0.037321 -0.117151 0.399950 0.303551 0.099371 -0.075264 0.113152 0.050040 0.235249 0.008792 -0.171515 
-0.086091 -0.135990 0.211744 -0.032119 -0.105081 0.194861 -0.219776 -0.189561 -0.144965 -0.216834 -0.180030 -0.102744 -0.040663 0.068448 -0.054764 0.146290 -0.007339 0.124280 -0.108682 -0.031137 -0.094053 0.003115 0.126050 0.111876 -0.005600 0.016867 0.087654 -0.132558 0.017943 -0.079623 -0.078560 
0.179643 -0.049336 -0.179208 -0.098543 0.138803 -0.238245 -0.186562 -0.075930 -0.194871 -0.274028 -0.215999 0.387758 0.148342 0.399036 0.098221 0.025255 -0.231691 0.187085 0.080344 0.017538 -0.151068 -0.163075 -0.015532 0.080402 0.091253 0.072866 0.086197 0.099798 0.005681 0.186342 -0.125479 
-0.067882 -0.070482 -0.035715 0.064666 -0.158612 0.021689 -0.233954 -0.212548 0.155665 -0.150826 -0.189854 0.080424 -0.102956 0.339003 -0.014268 0.211690 0.140701 -0.006780 0.097467 -0.016994 -0.044229 -0.148198 0.116002 -0.099797 0.160684 0.112818 0.139525 0.144527 -0.058912 0.163215 -0.126863 
0.089172 -0.137592 0.043757 -0.077699 -0.069195 -0.180142 0.006872 -0.003466 -0.233468 0.234214 0.020243 0.150825 -0.105336 0.025893 0.287779 -0.242916 -0.077247 -0.028445 0.083955 0.056915 0.055111 0.169776 0.187905 0.282681 0.118139 -0.089028 0.088144 0.058007 0.057808 0.068693 0.155536 
-0.076735 0.128328 0.011343 0.092072 -0.187239 0.084273 -0.224488 0.026939 0.098771 0.171099 -0.199042 -0.141564 0.218336 -0.048099 -0.148778 0.234877 0.054778 -0.006475 0.140724 -0.112372 -0.175365 0.106527 0.145575 -0.219555 0.048769 -0.177386 0.171641 -0.054208 0.149450 -0.035820 -0.087041 -0.173657 
-0.441684 0.105898 0.111744 -0.094731 -0.063531 0.155643 -0.005092 -0.162603 -0.086529 0.086373 -0.145711 0.027748 -0.086073 0.063377 0.195936 0.034326 -0.189470 -0.069325 -0.207396 -0.161485 -0.142972 -0.194813 -0.204561 0.078183 -0.279004 -0.127742 -0.199574 0.230404 -0.005521 -0.062543 -0.261118 0.100138 
-0.045769 0.289307 -0.203760 0.159515 0.192354 0.220530 -0.267134 0.034310 0.194148 -0.008991 -0.128117 -0.161752 -0.198041 0.189539 -0.124972 -0.137032 -0.022662 -0.005065 -0.007931 -0.017867 0.015311 0.142767 -0.142159 0.103837 0.222807 -0.062326 0.090783 0.012210 0.152065 0.150837 -0.166118 -0.190584 
0.172169 -0.045689 0.215303 0.060592 -0.069775 0.235793 -0.154441 -0.119275 -0.024307 -0.033797 0.012230 0.006914 -0.094603 0.129951 0.131892 0.065129 -0.110136 -0.126392 -0.199110 0.132499 -0.229951 -0.062129 -0.014486 0.239228 0.075492 -0.156860 0.013465 -0.030713 0.231452 0.170289 0.038287 0.122761 
-0.122745 0.005058 -0.063019 0.050655 -0.005521 0.031884 0.177752 0.216544 0.244459 -0.056390 -0.004487 -0.092543 -0.172811 -0.118967 0.218958 -0.051295 0.001012 -0.226523 -0.165169 0.017433 -0.075614 0.066717 0.010288 0.246250 0.143101 -0.222619 -0.019782 0.128181 0.194509 -0.230027 0.004570 -0.174609 
0.063359 0.208619 0.080801 -0.230490 0.002267 0.038785 0.173359 -0.058374 0.231088 -0.072367 0.053594 -0.220070 0.103046 0.097937 0.011608 -0.193226 0.173125 -0.040231 -0.006626 -0.204200 -0.078778 -0.037943 -0.246605 -0.303757 -0.094477 0.031922 0.158972 -0.150287 0.031268 -0.088947 -0.116092 -0.226421 
-0.282983 -0.199723 -0.114466 0.112061 0.064018 -0.116267 -0.345839 0.108611 0.058477 0.407735 0.267471 -0.178777 0.058256 -0.047117 0.165356 -0.048203 -0.192612 -0.051949 -0.028102 -0.062006 0.086361 0.096521 -0.007152 0.228009 -0.205627 -0.012111 -0.186024 0.061068 0.240129 0.001292 0.101126 -0.059654 
-0.055713 0.217236 0.155648 -0.083257 -0.230228 -0.233557 -0.184541 0.072019 0.276056 0.267746 0.307158 0.010640 -0.090841 -0.005766 0.258140 0.032968 0.137243 -0.060469 0.206946 -0.073778 0.257683 -0.029320 -0.141530 -0.179399 0.187559 -0.038926 0.086831 0.129785 0.136862 -0.005511 0.199716 -0.019981 
-0.039518 0.233605 0.117132 -0.029647 0.238446 0.162090 -0.193413 0.135699 0.113290 -0.243361 -0.044549 -0.224076 0.012157 -0.046956 0.014989 -0.122251 0.219204 -0.231682 -0.087408 0.121739 0.171830 0.241160 0.063911 -0.007017 -0.094317 -0.008324 -0.003652 -0.188329 0.172396 0.009189 -0.072575 -0.145748 
0.603723 0.029569 0.046710 -0.129704 -0.185442 0.111005 -0.508079 -0.250764 0.124900 0.011753 -0.336897 0.022133 0.190196 0.047723 -0.197130 0.183088 0.439190 0.095932 0.119315 0.165519 -0.108456 -0.064765 0.078070 0.085109 -0.016897 -0.002073 0.101193 -0.060339 0.009276 -0.175210 -0.056183 -0.241782 
0.073710 0.024883 -0.091347 0.192320 -0.080668 -0.048258 0.221491 -0.159683 0.215277 0.235634 0.016111 0.182071 0.036985 -0.141678 -0.062116 0.031348 0.022280 -0.185043 -0.050178 0.231906 -0.057119 -0.221871 -0.095268 -0.209260 -0.146342 0.224149 0.076937 0.206875 -0.138543 0.000218 0.388665 0.182183 
-0.854916 -0.291973 -0.235280 -0.052691 0.252351 -0.086810 0.517415 -0.097066 -0.425714 -0.803126 -0.369486 -0.161263 -0.124791 -0.171926 0.813177 -0.708867 -0.137611 -1.008923 -0.664063 0.236158 -0.158285 0.312927 -0.280274 -0.695606 -0.150041 -0.425374 -0.270104 -0.189732 -0.082672 -0.330777 0.611150 -0.168521 
0.032573 0.020009 -0.297870 -0.094126 -0.055385 0.128470 0.246165 -0.357993 -0.575382 -0.394307 -0.349724 -0.005133 0.062760 0.244359 -0.401819 -0.103783 -0.169388 -0.380240 -0.418414 -0.082761 0.154221 0.123818 -0.114899 -0.261296 -0.022141 -0.213409 0.057284 0.036142 -0.311598 0.097037 -0.042451 -0.031966 
0.538068 0.166213 -0.502489 -0.235271 0.415489 -0.299718 0.536014 -0.048407 -0.369493 -0.896470 -0.582333 0.427509 -0.151254 -0.081071 -0.796819 -0.233187 0.040837 -0.631978 -0.505815 -0.230881 -0.226099 0.205063 -0.165075 -0.369269 -0.101564 0.003991 -0.277890 0.014326 -0.380725 0.063435 -0.281875 -0.566584 
0.131646 0.179997 -0.261481 0.009532 -0.161291 -0.189022 0.156957 0.018632 -0.155370 -0.177071 0.188576 0.115494 0.140617 -0.192190 -0.277238 0.285935 0.171282 -0.080309 -0.007710 0.191865 -0.042953 0.264816 -0.022093 0.000091 -0.042853 0.226841 0.018576 0.135456 0.045691 -0.030300 0.164791 -0.057922 
-0.136181 0.231332 -0.186321 -0.125602 -0.146341 -0.031460 0.235833 0.018901 0.167712 0.172455 -0.124735 0.062074 0.227376 -0.019977 0.032830 0.157770 -0.052600 -0.041094 0.023154 0.149599 -0.102055 0.002793 0.076613 -0.044468 -0.080018 -0.092006 -0.077319 -0.198867 0.125173 -0.112656 0.115786 0.243456 
-0.932026 -0.837359 0.979268 1.105985 0.216186 0.307893 -0.136722 0.044418 
0.128305 -0.131042 0.204161 0.505392 0.066939 0.111045 -0.132668 -0.242036 
-0.017371 -0.111672 0.268089 -0.014736 0.242736 0.058995 0.158799 -0.010978 
0.151391 -0.150529 -0.135974 0.048578 -0.064061 0.094379 0.020000 0.011898 
0.159707 0.110904 -0.063181 0.131300 -0.040633 -0.031273 0.264557 0.432417 
-0.168669 -0.055446 0.074400 0.057501 0.065602 -0.027838 0.083671 -0.044080 
0.427534 0.430044 -0.413185 -0.361111 -0.023695 -0.123651 0.516605 0.618114 
-0.188920 -0.008542 0.132314 -0.016353 -0.006621 0.001418 0.083539 0.076660 
-0.314883 -0.034271 0.293340 0.590633 0.128991 0.007278 0.056910 0.148254 
-0.488938 -0.396607 0.429122 0.638176 0.173918 -0.045399 0.136262 0.004264 
-0.104448 -0.230772 0.222108 0.165123 -0.230847 0.076515 -0.371821 -0.240376 
-0.120217 -0.207375 0.107161 -0.113620 0.039806 -0.416007 0.423433 0.161538 
-0.056758 -0.025191 -0.111804 0.152940 -0.039623 0.127086 -0.050406 0.142650 
0.120644 0.065050 0.005347 -0.047099 0.081451 -0.009677 0.034941 -0.028605 
0.034913 -0.109042 0.024050 0.203101 0.440576 0.985782 -1.005544 -0.875345 
-0.031549 0.307484 -0.054005 -0.095867 0.439840 0.382519 -0.248086 -0.142781 
0.063560 0.197745 -0.001287 0.341488 -0.203818 0.078952 -0.095284 -0.254904 
-0.096472 -0.178097 0.178612 -0.101063 0.115446 -0.258676 0.184129 0.051694 
-0.081099 -0.015015 0.095249 0.295086 0.275816 0.319412 -0.176497 -0.258047 
-0.179604 0.019378 -0.002313 -0.176229 0.394603 -0.135588 0.230909 0.020666 
0.075993 -0.134434 0.151490 0.153077 0.113651 -0.017716 0.169973 -0.095963 
-0.048067 0.170887 0.118522 0.403804 0.431106 0.161182 0.029030 0.329088 
0.114754 0.008619 0.083218 0.198970 0.291113 0.178815 -0.260762 -0.051767 
-0.120329 0.039228 0.026317 -0.044265 0.124403 0.327011 -0.343797 -0.095535 
0.160731 0.085525 0.071894 0.034119 0.138504 0.068829 0.113100 -0.149925 
-0.185323 -0.153656 -0.202762 -0.206215 0.043526 -0.048716 -0.179570 -0.286665 
0.067825 0.082245 0.164729 -0.081080 -0.160274 -0.025452 0.145148 -0.096482 
-0.026927 0.220129 -0.065268 0.004337 0.078352 0.037269 -0.095142 0.157724 
-0.022966 0.128411 0.160409 0.040804 0.380369 0.190191 -0.062308 0.270253 
-0.019568 -0.163914 0.184238 0.069112 -0.003348 0.175768 -0.186188 -0.195003 
-0.175823 -0.260216 0.025995 0.000742 0.762676 -0.092567 0.334722 0.439531 
-0.340862 -0.062817 0.131190 0.116421 0.447537 0.064606 0.177488 0.318558 









0.000000 
0.000000 
0.000000 
0.000000 
0.000000 
0.000000 
0.000000 
0.000000 
-0.053079 
-0.249661 
0.308140 
-0.309331 
0.093046 
-0.697492 
0.302043 
0.146757 
-0.117999 
-0.275624 
0.299396 
0.385846 
-0.274189 
-0.238237 
0.178109 
0.189852 
-0.389283 
-0.646813 
-0.178804 
0.293290 
-0.195681 
0.150625 
0.158348 
-0.196574 
0.416541 
-0.243388 
-0.150891 
-0.449279 
-0.057481 
-0.228471 
0.346241 
-0.142712 
0.019036 
0.177640 
-0.284181 
0.117943 
0.211594 
-0.096416 
-0.423464 
0.079843 
0.322069 
-0.169734 
-0.208879 
0.024151 
-0.177774 
-0.194201 
-0.097837 
0.134925 
0.085137 -0.178278 
0.058147 -0.000093 
-0.203001 -0.022354 
-0.158247 0.000000 
-0.042614 -0.000111 
-0.010978 -0.102718 
0.298543 -0.243181 
-0.003870 -0.286640 
-0.115130 -0.025444 
0.057695 -0.048818 
-0.067473 -0.004408 
-0.183903 -0.153895 
-0.090588 0.000592 
0.121634 0.029899 
0.018757 0.020578 
0.072635 -0.004030 
-0.118864 
0.134516 
-0.190896 
-0.162568 
-0.217823 
-0.131761 
0.585358 
0.173380 
-0.145855 
0.129903 
-0.285425 
0.369392 
0.007790 
-0.014204 
-0.210630 
-0.283279 
0.500795 
-0.302972 
-0.416312 
-0.129872 
-0.164788 
-0.150517 
0.230109 
-0.167246 
0.207273 
0.461671 
0.247597 
0.432160 
-0.150606 
-0.177952 
0.787662 
-0.332463 
-0.295593 
0.394410 
-0.027369 
-0.397406 
-0.093616 
-0.665598 
-0.124327 
0.016561 
-0.296121 
0.320562 
-0.069712 
-0.278777 
-0.413501 
-0.156557 
-0.754733 
-0.676161 
0.328236 
0.101309 
-0.464021 
-0.494552 
-0.738099 
-0.612334 
0.146886 
-0.015371 
1.490000 0.546537 0.298580 
