-0.195843 0.063567 0.398590 -0.048109 0.375491 0.489054 0.186150 0.284324 0.167353 0.394508 -0.046709 0.246049 -0.310900 0.419544 0.710209 0.303302 0.080675 0.054341 0.139662 0.470814 -0.325099 0.262827 -0.051409 -0.334264 -0.145054 0.162872 -0.055439 -0.027052 0.105600 -0.336628 0.239417 0.016300 
-0.014907 -0.267873 0.558225 0.573400 0.159900 0.132165 -0.328768 -0.158139 -0.079341 -0.273125 -0.086316 -0.032853 0.134202 -0.068699 -0.261741 -0.029835 0.066353 0.150142 -0.034469 -0.052870 0.017067 0.114513 -0.007852 0.179068 -0.475076 0.084775 0.112242 -0.178920 0.139598 0.412312 -0.180920 -0.498495 
-0.266574 -0.206747 -0.482108 0.169907 -0.012925 -0.303056 -0.429106 -0.399451 -0.253857 -0.167609 0.229622 0.105702 0.263217 0.091953 -0.642577 0.190285 -0.000573 0.015703 -0.180087 0.086360 -0.183360 0.076942 -0.047434 -0.079312 0.077786 -0.314020 0.194799 -0.367634 -0.307910 -0.323681 -0.292908 -0.206007 
-0.082682 -0.172822 -0.226752 -0.343651 0.291391 0.097279 -0.317041 -0.249326 -0.376601 0.146111 0.517533 -0.338498 -0.610059 0.185745 -0.798172 0.117642 -0.047322 0.152659 0.091038 0.131271 -0.094054 -0.022247 0.004028 -0.418945 0.209678 -0.077967 0.008780 -0.104198 0.427793 -0.001965 0.293215 -0.077395 
-0.305546 0.040698 0.216261 0.459645 -0.047776 0.266862 0.102451 0.145505 0.074112 0.461460 -0.245108 0.240324 0.460847 -0.172342 0.016865 0.002945 -0.066987 0.019789 -0.073564 -0.099370 0.379392 0.044486 0.416515 -0.394702 -0.045543 -0.294778 -0.192566 -0.016244 -0.094748 0.036983 -0.294233 0.080069 
-0.271041 0.341673 0.046267 0.145544 -0.286232 0.092242 0.292349 -0.283370 0.221096 0.478497 0.221396 0.171063 -0.003859 -0.294749 -0.132566 -0.017484 0.004365 -0.281512 -0.057045 -0.273094 -0.122736 -0.116644 -0.070907 0.107116 -0.177221 -0.163274 0.226484 0.485637 -0.267626 -0.286607 -0.071054 -0.113656 
-0.243251 -0.296069 -0.061922 0.125918 -0.174890 0.275625 0.055849 0.305002 0.072819 -0.090547 0.136095 0.121619 -0.343988 -0.062229 -0.209868 -0.046808 0.341731 0.176933 -0.053135 -0.077749 0.060103 -0.042480 -0.268820 0.291283 -0.182266 -0.124858 0.483671 -0.357303 -0.062002 0.016870 0.044585 0.052518 
-0.126921 0.072671 0.012687 -0.039417 -0.065118 0.368598 -0.170190 0.233697 0.103483 -0.441377 -0.176579 0.022857 -0.166519 0.193414 0.278828 -0.118891 -0.252864 0.001023 -0.018492 -0.011849 -0.210831 -0.061769 -0.024244 -0.048512 0.411383 -0.185240 0.594760 -0.084076 -0.254431 0.625676 -0.154617 0.085435 
0.011213 -0.102043 0.126373 0.089886 -0.094101 -0.113058 0.043643 0.059299 -0.102819 -0.168402 -0.135114 0.003177 0.033646 -0.132786 0.065810 0.049696 
-0.033523 0.062526 0.040625 0.050329 -0.121036 0.068797 -0.169915 -0.285342 0.015702 0.043205 -0.064724 -0.154886 0.043942 -0.078837 0.272695 -0.135839 
-0.116655 0.022089 0.095035 -0.326780 0.390623 -0.027392 0.393738 0.313597 -0.176062 -0.218093 -0.184219 -0.270827 -0.149815 0.185111 0.179828 0.039635 
-0.061838 -0.556430 -0.172813 -0.282822 0.812915 -0.048556 0.359414 0.125490 -0.238723 0.074101 -0.770206 0.104771 0.016797 0.193291 -0.231860 -0.121806 
0.022649 -0.080282 -0.111169 -0.058219 0.349086 -0.119915 0.829359 -0.250258 -0.208924 -0.122890 -0.282551 -0.012988 -0.054524 -0.036840 -0.177733 0.011109 
-0.098456 0.036033 -0.041012 -0.381360 -0.036983 0.065716 0.293511 0.535604 -0.009563 0.042549 -0.197818 -0.090127 0.100599 0.234062 0.281046 -0.090424 
0.029846 0.080018 0.151688 -0.007046 -0.244056 -0.067807 0.070654 -0.124167 0.049024 0.068509 0.086836 -0.123834 0.098215 -0.059482 0.252141 -0.182059 
-0.015722 -0.165818 -0.190296 -0.151509 -0.068451 -0.176494 0.478691 0.325188 0.006033 -0.032727 -0.255802 -0.020512 0.021384 0.230222 -0.013384 -0.117451 
0.113826 0.136716 0.001650 0.131516 -0.089791 -0.173161 -0.128416 -0.239245 -0.005557 0.076723 0.154492 0.148945 0.012369 0.103560 -0.002850 0.109220 
-0.246377 0.217135 0.300142 0.088618 0.146476 -0.024433 0.133154 0.045170 -0.053649 -0.044318 -0.491203 -0.006919 -0.160218 -0.169630 0.723679 -0.131304 
-0.073249 0.096692 0.067653 -0.289202 -0.314522 0.116134 -0.312413 -0.496139 -0.362566 -0.081936 0.427912 -0.044950 -0.078026 -0.041258 -0.438268 0.198391 
-0.087648 0.179685 0.101844 -0.143474 0.102174 -0.117089 0.123113 -0.063234 0.061020 -0.135395 -0.061070 -0.067611 0.034923 -0.060995 -0.069767 0.169005 
-0.113761 -0.628811 -0.134655 -0.195286 0.300451 -0.000691 0.536164 -0.281982 -0.085754 -0.007063 -0.835446 0.013885 -0.201191 -0.026440 -0.049942 -0.013576 
0.032446 0.019863 -0.008148 -0.098517 -0.080302 -0.071480 0.068552 -0.298060 -0.111747 -0.075827 0.481273 0.038835 0.025911 -0.102305 -0.211471 0.024527 
0.024371 -0.128837 0.044977 -0.131315 -0.249418 0.016620 0.257566 0.176334 -0.112982 0.075328 -0.232370 -0.102425 0.025897 0.236623 0.180772 -0.081959 
0.024009 -0.021016 0.003355 -0.100110 0.196372 -0.027989 0.227196 -0.114421 0.004947 0.068747 0.036601 -0.026832 0.103535 -0.126043 0.105813 -0.124865 
-0.063759 -0.124306 -0.135829 -0.018264 -0.149729 0.086372 -0.235566 -0.504506 -0.258943 -0.164712 0.242638 -0.041632 0.120069 -0.057909 -0.260302 -0.089177 
-0.043583 -0.399958 -0.028369 -0.120122 0.236291 -0.015902 0.542462 -0.030086 -0.250507 -0.014812 0.095135 -0.074255 0.018765 0.364983 -0.177833 0.014608 
-0.117340 0.029801 -0.135083 -0.055539 -0.132987 -0.145980 -0.095724 -0.353362 -0.376012 -0.066041 0.156505 -0.241806 -0.086441 -0.119304 -0.209128 0.005077 
-0.176354 0.030776 0.024440 -0.024483 -0.108537 0.014896 0.024387 -0.510895 -0.504725 0.005952 0.298055 0.186901 -0.074485 -0.244542 -0.440970 0.101825 
0.124578 -0.092290 0.084544 -0.026910 0.137670 0.159481 0.264696 0.090452 -0.105480 0.077099 -0.035459 -0.035012 -0.002203 -0.135642 -0.120136 0.066163 
-0.127734 -0.105998 -0.006374 0.042703 -0.062634 -0.106562 -0.077653 -0.452804 0.036715 -0.111147 0.204737 0.058421 -0.038581 -0.017386 -0.440722 -0.071693 
-0.100756 -0.053355 0.124478 -0.158808 0.252620 0.053461 0.386773 0.131630 0.006871 -0.048288 -0.318514 -0.112132 -0.009420 0.015182 0.121253 0.085979 
0.121631 -0.033940 -0.049626 -0.073796 0.139862 0.091563 -0.031895 0.010676 -0.260480 0.081133 0.116662 -0.065733 0.177346 0.187863 -0.027228 0.022287 
-0.155117 -0.212175 -0.008990 -0.398901 -0.429187 -0.068334 -0.149089 0.005555 -0.202321 -0.029406 -0.108533 -0.152887 -0.060978 0.082279 -0.175001 0.102416 
-0.103195 0.025560 -0.104605 0.089245 0.068069 0.102437 0.239176 0.131489 -0.091209 0.037294 0.079945 -0.058457 -0.027289 -0.122269 0.000595 -0.139842 
0.029963 -0.115033 -0.172434 -0.301020 -0.244825 -0.082969 -0.116246 0.455658 -0.246015 -0.211835 -0.327621 -0.007473 0.242953 0.593796 0.042699 0.191212 
0.001717 0.161312 0.149952 -0.184519 0.099825 -0.016898 -0.064217 -0.169595 -0.176531 -0.051295 -0.185939 -0.036020 0.139044 -0.259699 0.264484 0.038250 
-0.026823 0.037034 -0.062725 -0.156689 -0.178389 0.060006 0.257474 -0.536040 -0.407186 -0.015405 0.150621 -0.204428 -0.113697 -0.262008 -0.301740 0.062378 
-0.145336 -0.163303 0.080737 -0.012075 0.087548 -0.064309 -0.118975 0.230084 -0.034431 0.106040 -0.375324 0.018693 0.223523 0.342409 -0.133689 0.118100 
-0.010459 -0.075062 0.094035 -0.229713 -0.015926 0.043981 0.350984 -0.462397 -0.369700 -0.066230 -0.052159 -0.100463 0.068279 -0.167658 -0.237169 -0.139473 
-0.187891 -0.185539 0.131331 -0.103598 -0.304828 0.147216 -0.035900 -0.057032 -0.004543 -0.032059 -0.267420 -0.053887 -0.029026 -0.090064 0.124761 -0.159360 
-0.113534 0.108918 -0.155246 -0.419572 -0.197306 -0.978338 0.797424 -0.345020 
-0.177960 0.121254 -0.271925 -0.195938 0.047930 0.001536 0.234327 0.407114 
0.227077 0.432813 -0.149080 -0.103990 0.099255 0.105090 -0.092143 0.175280 
-0.277715 0.460957 -0.394417 -0.020247 0.061750 -0.285977 0.015353 -0.149940 
0.072063 -0.214755 -0.373728 -0.156227 0.127274 -0.846332 0.694189 -0.021702 
0.064791 -0.040149 -0.089510 -0.152883 -0.001619 0.010785 -0.222235 -0.071588 
-0.100274 -0.572885 0.425297 -0.821152 -0.158269 -0.833570 0.271987 0.347094 
-0.200558 -0.636997 0.615086 -0.076570 -0.099424 -0.148959 0.250535 0.132925 
-0.053341 0.118288 -0.060431 -0.146391 -0.211630 -0.018233 -0.004007 0.075578 
-0.122267 0.150657 -0.203681 0.086626 -0.067867 -0.196889 -0.118350 0.085505 
-0.096568 0.375117 -1.225397 0.829828 -0.192972 0.374216 -0.625878 -0.607385 
-0.147773 -0.407633 -0.170176 -0.135579 0.014682 -0.026902 0.220401 -0.412462 
-0.017093 -0.182166 0.210190 -0.076092 0.230867 -0.032909 -0.040196 -0.134157 
-0.013121 -0.590474 0.568627 0.006045 -0.063219 -0.217656 -0.077356 -0.360322 
-0.204856 -0.104853 0.065880 -0.280530 -0.002351 0.358309 -0.001075 0.771638 
0.198466 -0.084156 0.096411 0.095598 0.213318 -0.055566 -0.131536 -0.198391 
0.151650 -0.322909 0.309573 0.145903 0.172786 -0.216750 0.310544 -0.097390 0.039451 0.305587 -0.159322 0.312362 -0.262955 0.265507 0.236559 -0.165197 
-0.387148 -0.101428 0.405628 0.049323 -0.670463 0.098070 -0.380881 0.120300 -0.893757 -0.267967 -0.078239 -0.120547 -0.051167 0.046272 0.117630 -0.134729 
-0.437617 -0.085838 -0.551742 0.228343 -0.157710 0.039790 0.390982 -0.019367 0.818456 0.043905 -0.363893 -0.284488 -0.293672 -0.100220 -0.341243 0.069862 
-0.517756 -0.149076 0.507049 0.287255 -0.470484 -0.213449 -0.280248 -0.365709 0.051225 -0.097939 -0.407207 -0.164293 0.093951 -0.186188 0.165337 0.138146 
0.287924 0.075882 -0.291786 0.223684 0.073515 0.337040 -0.160713 0.042256 -0.195411 0.111262 0.102261 -0.118733 -0.332765 0.340915 0.039878 -0.264663 
0.486368 -0.127351 -0.349176 -0.111116 -0.000401 -0.298895 0.095665 0.256004 0.079233 -0.263853 0.081671 -0.091652 0.273526 -0.100291 0.113088 0.551007 
0.341830 -0.656779 -1.002025 -0.601102 -0.836948 0.278894 -0.222912 -0.448282 0.160992 0.253164 0.075339 -0.234682 0.445018 -0.270579 -0.810622 0.658761 
0.265941 -0.135620 -0.348209 -0.453756 -0.207624 -0.180435 -0.000098 0.784731 -0.315623 0.062490 0.171845 0.176052 -0.036757 -0.193954 -0.155240 0.410422 
-0.168894 -0.030315 0.046622 -0.366521 -0.241043 -0.047462 0.018281 -0.483852 -0.186247 -0.240524 -0.086152 -0.125108 -0.205846 0.194471 0.202677 -0.020983 0.494692 -0.130191 -0.331954 -0.174613 -0.244726 -0.356299 -0.191771 -0.758282 -0.309758 -0.237803 -0.203100 -0.567038 0.035366 -0.237027 0.044124 0.013502 
-0.221566 -0.422442 -0.265996 0.074141 0.104579 0.049633 -0.174731 -0.263369 -0.039083 0.016084 -0.095432 0.119190 -0.132406 -0.059012 -0.258022 -0.193490 -0.199070 -0.081741 -0.084077 -0.274230 -0.026730 -0.115836 -0.219895 -0.002906 0.038870 -0.214184 -0.130840 -0.071344 0.070908 -0.157535 -0.212698 0.149846 
-0.052173 0.072530 0.047441 -0.321008 -0.141046 0.096026 0.040692 0.209675 0.058270 -0.193572 0.009279 0.041880 0.016359 0.036881 -0.047262 -0.223777 -0.230812 -0.296867 -0.050494 0.020545 0.054424 -0.043289 0.213375 0.341013 0.294906 -0.473406 -0.310902 -0.028114 -0.082598 0.003988 -0.050701 -0.086785 
-0.047888 -0.169799 -0.251306 0.326099 0.174490 0.008289 0.017745 0.017915 0.027856 -0.154441 0.261554 -0.159299 -0.161706 0.028938 -0.288706 0.057182 -0.039289 0.162612 -0.085663 -0.113380 0.153567 -0.164789 0.248829 0.348847 0.174377 -0.247315 -0.172427 0.553476 0.158160 0.128866 0.083700 -0.143915 
0.012650 -0.130822 0.136253 0.246533 -0.163892 -0.031969 -0.186448 0.143931 -0.155730 -0.211727 -0.288600 0.123603 0.076349 -0.229604 -0.417550 -0.090709 -0.193761 0.112800 0.018322 0.075434 0.279805 -0.160435 -0.029678 -0.343951 -0.061417 0.116228 -0.152957 0.095875 -0.033599 -0.172370 -0.048052 0.165192 
-0.116118 0.032811 -0.046276 -0.047641 -0.263991 0.006027 -0.245742 -0.077518 0.126958 -0.180736 -0.054300 -0.129351 -0.023836 0.156806 -0.129292 0.072403 -0.020949 -0.032476 0.051733 -0.332282 0.076906 0.205524 0.167953 -0.087483 0.026694 -0.230675 0.055962 -0.532251 -0.161325 -0.100460 -0.001683 -0.280012 
-0.127442 -0.290723 -0.135530 0.063868 0.012008 -0.184382 0.148890 -0.229095 -0.074397 -0.160765 -0.091966 0.098127 0.191158 0.105155 -0.117595 0.013356 -0.224210 0.210251 0.217529 0.159654 0.206685 0.106145 -0.216586 -0.020068 0.260002 0.243735 -0.018103 -0.271927 -0.138166 -0.122213 -0.197088 0.092231 
0.068974 -0.352446 -0.152274 -0.017751 -0.090385 -0.154516 0.233321 0.183044 0.133394 -0.097489 -0.210081 -0.136792 -0.161464 -0.074524 -0.106286 -0.074926 -0.306543 -0.326174 -0.163370 0.116725 0.016671 -0.303737 0.112918 -0.259224 0.021103 0.113214 -0.006977 0.100429 -0.035885 -0.050676 0.078755 0.791854 
-0.083059 0.246669 0.175199 0.667893 -0.193891 0.051009 -0.021497 -0.174813 0.004847 0.134322 0.294320 -0.180321 -0.083111 -0.150023 -0.412283 0.244629 -0.119550 0.103611 -0.215020 -0.358456 0.118956 -0.001656 -0.140169 -0.032458 0.149465 0.242993 0.332258 -0.013821 0.027633 -0.287398 -0.165834 -0.360171 
-0.445858 0.078373 -0.175390 -0.032982 -0.006391 -0.151642 0.087358 0.030002 -0.258892 -0.085023 0.061206 0.034591 0.041981 0.285766 -0.033708 -0.104770 -0.074791 -0.121166 -0.051588 -0.381061 -0.281034 -0.094099 -0.031128 -0.215133 -0.421723 -0.006272 0.086621 -0.567364 -0.049595 -0.010079 -0.148247 -0.023887 
-0.066359 -0.109667 0.015967 -0.085291 0.187326 -0.112736 -0.128693 -0.271329 0.225979 0.149580 -0.018795 -0.113549 0.126333 -0.012643 0.165847 -0.137163 0.001707 -0.207771 -0.056534 0.011436 -0.178530 -0.030535 0.018856 -0.255805 -0.390667 -0.072435 -0.293005 -0.375223 -0.109552 -0.074248 0.085667 0.097291 
-0.216668 -0.029819 0.017770 -0.221838 0.115226 0.147138 -0.104369 -0.070470 0.053525 -0.200759 0.063521 -0.056299 -0.111552 -0.060099 0.055038 0.173536 0.090772 0.181489 -0.007563 0.136434 0.086052 -0.232414 -0.191586 0.089734 0.170878 -0.035943 -0.222308 -0.158964 -0.217989 0.167232 0.174388 -0.185449 
-0.114195 0.001337 -0.175786 -0.329076 -0.170071 -0.073570 -0.113594 0.070547 0.307652 -0.238873 -0.168271 0.144245 -0.058168 0.181732 -0.009919 -0.225208 0.106174 -0.227703 0.233944 -0.059997 -0.193407 0.171121 -0.222603 -0.214775 -0.062919 -0.395248 -0.209973 -0.391050 0.192107 -0.320225 -0.007470 -0.298467 
-0.031151 0.097955 -0.134911 0.064134 -0.176918 0.051136 -0.030865 0.078878 0.056419 0.061647 -0.020688 -0.243433 -0.036915 -0.190527 -0.209765 -0.197799 -0.124119 0.203821 -0.028827 -0.046316 0.180977 -0.013931 -0.040629 -0.119054 0.023435 0.049695 0.094353 -0.015155 0.070396 -0.126897 0.084291 -0.204565 
-0.707487 -0.057468 -0.057535 -0.251366 -0.052844 -0.173562 0.034663 -0.140143 -0.377488 -0.147671 -0.267489 -0.146564 -0.094388 -0.019531 0.034638 0.020688 -0.450629 -0.160875 -0.064248 -0.156052 -0.199187 -0.075922 -0.104441 0.720215 0.253534 0.097722 -0.313969 -0.179700 -0.177010 0.165591 -0.241239 0.013545 
0.024068 -0.259806 -0.153487 -0.419707 0.029777 0.079251 -0.084656 -0.199015 -0.304496 -0.024773 0.013647 -0.035477 0.061403 0.255976 0.429252 0.073191 0.255094 0.254936 0.085874 -0.015892 -0.212786 -0.432143 -0.045318 -0.651255 -0.309776 0.153466 0.318643 -0.515522 0.064656 -0.233470 -0.133499 0.003092 
-0.177642 -0.442986 -0.321253 -0.072638 -0.136591 -0.177221 0.287094 0.393865 
-0.222114 0.228463 0.195708 -0.307416 0.053582 0.039500 0.053455 0.278469 
0.059481 0.191183 0.002901 -0.147270 -0.197736 0.019235 -0.104162 0.286043 
-0.142932 -0.374341 0.101232 0.051510 0.347547 -0.093167 0.637814 0.731971 
0.081446 0.066352 0.005122 -0.136610 0.115502 -0.027451 0.008387 -0.001868 
0.129189 -0.030483 0.124944 -0.108522 -0.040931 -0.121323 0.159852 -0.142371 
0.003725 0.075307 -0.297316 -0.007994 0.122025 0.104019 -0.123343 0.047503 
0.054564 -0.418713 0.163246 0.322202 0.116639 -0.519203 0.098967 -0.108043 
0.644154 0.211594 -0.458292 0.142923 -0.092747 0.094723 -0.048503 0.025688 
-0.066563 -0.166415 0.020185 0.001575 -0.129714 0.032155 0.029509 -0.126481 
-0.008085 0.308715 -0.138391 0.102937 -0.267945 -0.175754 0.064253 0.015322 
0.023464 0.080304 -0.170171 -0.142569 0.122466 0.068207 -0.053552 0.059014 
0.138734 0.062886 -0.060743 0.003292 0.016459 -0.006833 0.153692 0.107694 
0.031669 0.355507 -0.128891 -0.148301 0.643258 0.248508 -0.246402 -0.069527 
-0.074530 0.015546 0.217259 -0.071852 0.461961 0.603987 -0.138293 -0.003039 
0.077999 -0.025982 -0.163272 -0.064379 -0.157801 -0.040646 -0.145962 0.158303 
-0.120161 -0.124209 -0.079873 0.004429 0.759667 -0.207287 -0.037643 0.050737 
-0.130013 0.291439 -0.122156 -0.169357 -0.040585 0.264528 0.118103 0.400747 
0.452374 0.190865 -0.203127 -0.232894 0.028714 -0.082589 -0.022152 -0.047386 
-0.092065 -0.349682 0.082657 0.044924 -0.013307 0.181060 0.023280 -0.098190 
-0.194989 -0.251560 0.202989 0.097083 -0.015882 0.161629 0.011156 0.384676 
-0.067710 0.128792 0.389470 0.683678 -0.068380 0.223590 0.008974 0.033454 
-0.098751 -0.086872 -0.112973 0.273826 -0.093838 -0.022875 -0.055843 0.105984 
-0.151046 0.360915 0.556984 0.930107 -0.003491 -0.000313 0.074172 0.133000 
0.090232 -0.263795 0.112218 0.404575 -0.262886 -0.055044 0.221359 0.279145 
0.407831 -0.022550 -0.159805 -0.016785 -0.209399 -0.306564 0.131779 0.056832 
0.426630 0.553202 -0.238258 -0.125653 0.111319 -0.100217 0.057024 -0.122907 
-0.744445 -0.683238 0.439486 0.819054 0.020139 -0.156716 0.114247 -0.050528 
0.050434 -0.007222 0.055527 0.191515 0.097590 -0.056425 -0.105833 -0.037620 
-0.165706 -0.221779 0.408559 0.244585 -0.055655 0.096899 -0.376324 -0.169514 
-0.112926 -0.104751 0.038195 0.207250 -0.028296 -0.063064 -0.079737 -0.014208 
0.400393 -0.357904 -0.415422 0.274583 0.108385 0.452469 -0.281753 -0.093916 









0.000000 
0.000000 
0.000000 
0.000000 
0.000000 
0.000000 
0.000000 
0.000000 
-0.371179 
0.034989 
0.119502 
0.747079 
-0.658088 
-0.000317 
0.192678 
0.299819 
-0.090148 
0.296603 
-0.483933 
-0.291311 
0.114625 
-0.389969 
0.125456 
-0.299494 
-0.489984 
-0.610275 
-0.246740 
-0.465673 
-0.178272 
-0.529500 
-0.180862 
-0.136026 
-0.186905 
0.243338 
0.298215 
-0.221392 
-0.411182 
-0.176236 
-0.489126 
-0.088449 
-0.318773 
-0.224529 
-0.066510 
-0.366918 
0.209221 
-0.108996 
0.623020 
0.413238 
-0.551932 
-0.209464 
-0.530009 
-0.245064 
-0.039611 
-0.022863 
0.268463 
0.069100 
-0.069835 
-0.310179 
-0.054178 
-0.325508 
-0.248206 
-0.130334 
0.079975 
0.469577 
-0.567595 
0.062690 
0.400211 
0.699749 
0.119417 
-0.516825 
-0.214424 
0.502898 
0.300440 
-0.093312 
-0.182724 
-0.248342 
-0.419715 
-0.138126 
-0.093817 
-0.171292 
-0.169672 
0.110929 
-0.353093 
0.620617 
-0.141200 
-0.237827 
-0.213860 
0.574558 
-0.833177 
0.014258 
0.044940 
-0.173284 
-0.225029 
-0.080854 
-0.206627 
-0.135635 
-0.914520 
-0.346657 
-0.560497 
0.332949 
0.246385 
-0.279081 
-0.026935 
0.511060 
0.065370 
0.015401 
-0.139782 
1.144383 
-0.251484 
0.598205 
0.110065 
0.025097 
-0.364541 
0.205232 
0.181175 
-0.553735 
-0.619381 
0.058398 
-0.430466 
-0.593531 
1.539000 0.354291 0.224099 
