0.396777 0.082411 -0.196368 0.349897 -0.099945 -0.224909 -0.082970 0.296582 0.095775 -0.021790 -0.265856 -0.133413 0.184549 -0.089245 0.063894 -0.127717 -0.021155 0.396145 0.293112 0.110885 -0.120702 0.216852 0.274290 0.308823 0.219509 -0.274821 -0.156933 -0.265489 0.451118 -0.214061 0.154022 0.297322 
0.420728 -0.192813 0.052302 -0.209250 0.067220 -0.137650 -0.341165 -0.345659 -0.063424 -0.014051 -0.091840 -0.275177 0.025212 0.362155 0.033286 0.552307 0.281796 -0.035329 -0.096661 -0.358240 -0.165589 -0.067344 0.462718 -0.337875 -0.027841 -0.395476 -0.225906 -0.172629 -0.088456 -0.257793 -0.128479 -0.453668 
-0.218542 -0.297500 -0.053222 0.077509 0.108492 0.013955 0.277399 0.102183 0.036426 -0.290309 0.280513 0.173869 0.040182 -0.139230 0.156150 0.187109 0.362142 -0.168039 -0.130276 -0.315113 0.129358 -0.090291 -0.333521 -0.273939 0.198102 0.124836 0.213627 -0.229570 -0.289856 -0.333907 -0.148400 0.130836 
-0.252951 -0.062063 -0.023380 0.136792 0.284694 -0.195441 -0.129988 -0.144970 0.088060 -0.154316 -0.458535 -0.073648 -0.032171 0.087226 0.222345 0.117289 -0.253785 -0.204591 0.527573 -0.161473 0.135983 -0.204705 -0.449905 -0.071031 0.101672 1.010483 0.084894 -0.190872 0.193365 0.172891 0.053905 -0.156149 
-0.183093 -0.210999 0.302455 0.195625 0.091233 0.426717 0.133064 -0.291491 -0.138368 0.360493 -0.419529 0.145656 0.079327 0.227547 -0.021229 -0.247584 0.000817 -0.036391 -0.040024 0.212030 -0.033421 0.046566 0.598517 -0.368803 -0.034254 -0.400400 -0.299792 -0.064357 -0.290381 0.271199 -0.089884 -0.260921 
0.050948 -0.185232 0.175976 0.112729 -0.225404 0.099560 0.162346 -0.169000 0.191876 -0.275318 -0.450098 0.165447 -0.312488 -0.153973 0.177733 -0.357265 0.322205 -0.263451 0.275646 0.038323 -0.130630 0.091420 0.001360 -0.385004 -0.320275 -0.387650 -0.076945 -0.195732 -0.136275 0.261369 -0.148453 0.084713 
-0.138668 -0.219039 -0.143963 -0.001330 0.451535 -0.071640 0.182444 -0.004189 -0.069649 0.246462 0.036750 -0.092405 -0.125767 -0.194696 0.107649 -0.056224 -0.296355 -0.037302 -0.082052 0.102910 -0.176843 0.199449 0.032622 -0.105007 -0.242947 -0.046577 0.156535 -0.138584 -0.145744 0.211155 0.496551 -0.133712 
0.294076 -0.262073 0.183693 0.167237 0.046400 0.047768 -0.153795 0.013593 -0.243625 0.099230 -0.098849 -0.235213 0.049808 0.269783 -0.122813 0.312220 -0.199301 0.146598 -0.030700 -0.153822 -0.034296 -0.251949 -0.189915 0.066252 -0.139436 0.240250 0.491011 -0.070520 -0.022675 0.164175 0.449571 -0.293234 
0.130734 0.031833 0.321576 0.422591 -0.162776 -0.207583 0.046590 -0.165841 -0.143119 0.003527 -0.152063 -0.162818 -0.255216 0.220536 0.136170 0.062977 
-0.065498 0.223475 0.174034 0.112813 -0.157797 -0.100436 -0.055548 -0.085534 0.144860 0.184209 0.077587 -0.067581 -0.005586 0.049817 -0.052408 -0.116923 
-0.089800 0.117281 -0.055834 0.096694 -0.077227 0.308112 0.102116 -0.042071 -0.054462 0.075353 0.144839 -0.204213 0.216026 0.022213 0.074477 0.085033 
-0.075267 0.139881 0.039580 0.054721 0.148478 0.095625 0.394024 0.049267 -0.018108 0.057553 -0.084858 0.096105 0.071969 0.150793 -0.160930 -0.064587 
0.191794 -0.220504 0.215576 -0.070268 -0.119069 -0.205359 -0.091823 0.224057 0.244851 -0.171516 0.120656 -0.070119 -0.067468 0.285600 0.081508 -0.038888 
-0.157146 0.186962 -0.132945 0.082237 -0.104942 0.442505 0.158995 -0.150168 0.151740 0.026280 0.056098 0.088287 0.018195 0.052959 -0.055868 -0.097009 
0.010196 -0.083227 0.048575 -0.181024 -0.062249 0.300765 0.183514 -0.122552 0.299971 0.040161 0.016629 0.001552 -0.007140 -0.051868 -0.191716 0.109226 
-0.180434 -0.168359 0.009647 -0.045671 -0.156775 0.013220 0.170511 0.045369 0.037076 -0.049204 0.048497 0.075709 -0.215929 0.098368 -0.115662 0.129608 
-0.150150 -0.040006 -0.200858 0.065711 -0.074923 -0.063930 0.121495 -0.113007 -0.004910 -0.149696 0.072103 0.098382 0.109508 0.000342 0.028725 0.071507 
0.187548 -0.010299 0.239306 0.152482 0.150924 0.076635 0.097504 -0.109592 -0.276785 -0.125994 0.146064 -0.179538 0.001545 0.243995 -0.056386 0.126845 
0.125978 -0.197865 -0.036846 0.056137 0.138529 -0.264098 -0.277773 0.112251 -0.231770 -0.027159 -0.105336 0.112337 0.036156 0.051124 0.099928 0.142091 
-0.286971 -0.069441 -0.038365 -0.079870 -0.118661 0.124626 0.006613 -0.005557 0.231074 -0.232933 -0.036161 -0.124214 0.233149 -0.197416 -0.069060 0.016584 
-0.058363 -0.106535 0.002782 -0.040445 0.066161 0.086340 0.028627 0.269236 0.190353 0.088670 0.097685 -0.147334 -0.024324 -0.035304 0.066876 0.071501 
0.016369 -0.061433 0.234398 0.187827 0.079233 0.374785 -0.085823 0.160921 0.271875 -0.100843 0.074057 0.055375 0.049808 0.093379 -0.029671 -0.142110 
-0.136708 0.009439 0.052362 0.086157 -0.142817 -0.011310 0.155653 0.031979 0.217906 -0.036158 -0.003068 0.070224 0.104222 -0.118665 0.055114 -0.136001 
0.386078 -0.086216 0.234145 0.109433 -0.159666 -0.185279 -0.103046 0.152295 -0.262233 -0.131366 0.001051 -0.132318 -0.174380 0.034471 0.020735 -0.024730 
-0.004715 -0.032613 -0.138396 0.096129 -0.160141 0.126575 -0.207836 -0.208872 -0.145237 0.002151 0.038866 0.053364 0.250178 -0.265410 -0.173248 0.027300 
-0.008897 -0.116562 0.196081 0.171782 -0.155575 0.001222 -0.015190 -0.057103 0.066406 0.140976 -0.016302 0.166290 0.063643 0.219027 -0.102821 -0.026926 
-0.055283 -0.049882 -0.001423 0.154200 -0.158228 -0.197941 0.467735 -0.077457 0.101251 0.047485 -0.139983 -0.023081 0.290692 0.057224 -0.244555 -0.075119 
-0.167573 0.147781 -0.070492 -0.004439 -0.055752 -0.138048 0.383728 -0.119846 0.095471 0.025417 -0.108807 -0.079354 -0.089890 0.210983 0.023318 -0.163328 
0.016210 -0.060521 0.120707 -0.244631 -0.149474 0.062075 0.153613 0.289663 0.154720 0.046980 -0.006184 -0.085595 -0.136552 -0.141320 0.032532 0.034919 
-0.085930 0.160859 -0.100728 0.193547 -0.058133 0.028008 -0.068419 0.076767 -0.074211 -0.056900 -0.157246 0.081541 0.212592 0.155154 0.140710 0.132739 
0.105261 0.375394 0.083096 0.617048 0.024066 0.158340 0.168495 -0.316037 -0.235463 -0.365194 -0.112665 -0.023376 0.132108 -0.008942 0.021030 -0.148481 
-0.213356 0.044607 0.193163 0.053636 0.027995 0.133719 0.095148 -0.196048 0.044546 0.084118 0.106362 -0.069614 -0.106242 0.255144 -0.163033 -0.131480 
0.082754 -0.093165 -0.122115 0.020075 0.162096 0.022319 0.074044 0.026202 0.153798 -0.165986 -0.034239 0.048541 -0.070463 0.161264 0.049691 0.019679 
-0.050219 -0.364624 -0.113236 -0.247743 -0.005869 -0.630896 0.182120 0.530340 0.652195 -0.248831 -0.151523 -0.039040 -0.309593 0.117854 0.283644 -0.014501 
0.163516 -0.002097 -0.003184 -0.021947 -0.012482 -0.122433 -0.181139 0.103036 0.115908 -0.069928 -0.160965 -0.062134 -0.077217 0.253086 0.430291 -0.142294 
-0.049230 -0.141272 -0.099402 0.025732 0.011553 -0.043887 0.081458 0.023698 0.012087 0.055003 0.099972 0.011094 -0.168679 -0.029503 -0.012444 0.088018 
-0.162777 0.071967 0.049440 0.199640 -0.028904 -0.047636 0.244486 -0.006547 0.145313 0.200706 0.081099 -0.030118 -0.033162 0.242625 -0.088691 -0.183205 
-0.001042 0.120724 0.078589 -0.160431 -0.174475 0.038321 0.260292 0.091198 -0.005334 0.055193 -0.107937 -0.125669 -0.040869 -0.004617 0.197882 -0.130639 
-0.050215 -0.145506 0.392502 0.018687 0.066018 -0.076819 -0.033985 -0.015554 -0.016934 0.066110 0.079050 -0.027351 -0.177521 0.537252 0.418345 -0.053885 
-0.215526 -0.101038 0.048332 -0.026820 0.074180 -0.169148 0.121212 0.142838 0.221163 0.099241 -0.106067 -0.158850 -0.097387 -0.012458 -0.115710 -0.073575 
-0.040196 -0.406924 0.175003 -0.291804 0.164992 -0.289148 0.308249 0.179047 
-0.225355 0.285057 0.333292 0.035179 0.035289 -0.189159 -0.217848 0.264182 
0.045984 -0.136066 0.173368 -0.085041 0.578597 0.043898 -0.186575 -0.027861 
-0.056247 0.085804 0.785325 0.085800 0.066615 -0.184215 -0.403811 -0.156654 
-0.179290 -0.176312 -0.181189 0.170256 -0.167555 0.062912 -0.122806 -0.132788 
-0.197827 -0.141541 0.172120 0.022442 -0.105436 -0.003392 0.461482 0.876162 
-0.040247 0.753164 -0.005092 -0.156994 0.077687 0.016629 -0.187821 0.338997 
-0.232015 0.046948 -0.212975 -0.013791 0.134749 -0.054615 0.562524 -0.548258 
-0.041011 0.670147 -0.209567 -0.133217 0.242577 -0.121622 0.468553 -0.237197 
-0.024541 0.219496 -0.033062 0.067868 0.006344 -0.088007 0.111121 0.333817 
-0.207756 -0.174988 -0.142596 -0.045914 0.135804 -0.143113 -0.135520 0.204639 
-0.111427 0.003042 -0.020245 -0.053419 0.161073 -0.156758 0.058789 -0.059853 
-0.227974 0.256165 0.145439 0.002412 -0.280655 -0.043266 -0.036973 0.320884 
-0.167816 0.113464 -0.099828 0.038077 0.727707 -0.117118 -0.239589 -0.264478 
-0.046816 -0.070344 -0.152713 -0.194468 0.529592 0.032928 0.310198 -0.208434 
-0.217144 -0.213334 -0.088785 0.208090 -0.061142 -0.167818 -0.047267 -0.090647 
0.301617 -0.277814 0.343661 -0.298053 0.129023 -0.282199 0.109579 0.239031 0.152304 -0.285861 -0.055874 0.126104 -0.103693 0.229398 0.153430 0.177435 
-0.202459 -0.245975 0.269006 -0.223654 -0.102176 0.214907 -0.393956 0.165330 -0.320516 0.306426 0.264002 -0.001518 0.382345 0.310535 0.372810 0.928285 
-0.387411 0.172323 0.824454 0.112353 0.207720 0.152061 0.259821 0.288173 -0.284023 -0.367522 -0.171945 -0.329546 0.081291 -0.302338 -0.165765 -0.328677 
-0.102515 0.113985 -0.063168 0.337441 -0.082929 0.148195 0.188593 -0.107933 0.004805 0.011537 0.165116 -0.033120 0.003616 0.074818 -0.128588 0.055126 
-0.495169 -0.202008 0.008591 -0.071771 0.293595 0.548278 -0.212241 -0.279399 0.861898 -0.129216 0.076092 0.362929 -0.419258 0.004292 -0.480774 0.206874 
-0.255102 0.011841 0.237005 -0.032890 -0.171909 0.085566 0.232275 0.203855 -0.241091 0.016591 -0.204450 0.104272 -0.250473 0.024238 -0.190461 0.075945 
0.238796 0.030767 -0.617115 0.048412 0.122070 -0.725820 -0.183579 0.044420 0.196282 0.358668 -0.031013 -0.261201 -0.074725 -0.157020 -0.084533 0.185821 
0.510779 -0.313619 -0.102701 -0.247071 0.266713 -0.094404 0.569983 0.613348 -0.736607 -0.310212 0.052709 -0.309368 0.227010 0.146199 0.306129 0.236890 
-0.089189 -0.263286 -0.156628 0.367964 -0.114922 0.330763 -0.078605 -0.020227 -0.231368 0.103627 -0.094347 0.025250 -0.489437 0.036583 -0.228163 -0.217091 0.109043 0.269401 -0.347495 -0.039535 -0.007940 -0.152305 -0.077441 -0.041122 -0.185778 0.056569 0.110095 -0.382994 0.202420 0.461688 0.073225 0.402056 
0.195807 0.092671 0.141363 -0.157039 -0.174777 -0.179641 -0.127442 0.042288 0.180420 0.098519 -0.124422 0.222607 -0.041482 -0.123131 -0.235974 0.224902 -0.218451 -0.111755 -0.065181 -0.000406 -0.020262 0.100424 -0.150160 0.144764 0.070619 -0.192607 0.171922 -0.134309 -0.252383 -0.093936 -0.162734 0.226757 
-0.242114 0.152604 -0.210086 -0.129651 -0.218450 0.119887 -0.047404 0.256059 0.192746 0.383413 0.323210 -0.268086 0.650348 0.219591 -0.249726 0.312797 -0.237183 -0.284891 -0.381415 0.030572 -0.179919 -0.005127 -0.167152 0.102348 0.399440 -0.089797 0.208183 -0.068313 -0.186774 -0.178270 0.202862 -0.114375 
0.216961 0.176530 0.089917 0.235773 -0.180968 -0.095078 0.181817 0.239317 -0.195730 0.107769 -0.202765 -0.234014 0.052794 -0.188256 0.232210 0.119793 0.014402 -0.025362 -0.066980 0.076587 -0.163685 0.102881 -0.065463 -0.241134 0.208042 -0.122846 0.167591 -0.029271 -0.090747 0.068791 0.221462 -0.147709 
-0.004697 0.139648 -0.130923 0.184476 0.226997 -0.064074 -0.246495 -0.393180 0.208690 0.101488 -0.336725 -0.082990 0.094725 -0.255276 -0.180375 -0.034946 -0.039117 0.159525 0.390314 0.081461 -0.136623 -0.094316 0.067063 -0.117866 0.024959 0.073485 -0.224889 0.177287 -0.137246 -0.129604 -0.341441 -0.047148 
-0.166427 -0.054013 -0.141732 -0.290699 -0.009324 0.348579 -0.451096 -0.023459 0.143047 -0.207503 0.202528 -0.139351 -0.005768 0.242106 0.069846 0.392279 -0.277393 -0.056722 0.027039 0.050481 -0.197606 -0.241837 0.077383 0.155962 0.318285 -0.123935 -0.162499 0.175198 0.141208 0.084582 -0.105099 -0.333654 
-0.179510 0.121869 -0.146421 0.215808 0.085315 -0.177819 0.245040 -0.320332 0.075614 0.274653 0.129086 0.175608 0.056735 -0.167155 0.083563 -0.155170 0.113732 -0.132707 0.102018 -0.097577 -0.148461 0.043343 0.245651 0.174915 -0.369061 0.189786 0.175381 0.163850 -0.018225 -0.298344 -0.261778 0.073655 
0.200282 -0.070726 -0.173177 0.187330 0.040548 -0.221374 0.073663 -0.528277 0.298022 0.222253 -0.220094 -0.039971 -0.221281 0.049423 0.076902 -0.035216 0.342621 0.084796 -0.076619 0.312847 -0.211309 -0.053769 0.171453 -0.192974 -0.300496 0.093235 -0.316515 -0.092874 0.115183 -0.432773 -0.516549 0.028194 
-0.145879 -0.206594 -0.123958 0.057008 -0.120270 -0.338963 -0.644588 -0.509907 0.029970 -0.544139 -0.013802 0.039103 -0.039650 -0.292536 0.096196 0.032994 0.104106 -0.344812 0.529447 0.012580 0.100438 -0.007414 0.072239 0.146595 0.073701 -0.041868 -0.438097 0.249403 0.244448 0.041957 -0.401075 -0.164528 
-0.032067 -0.080556 0.211621 0.180109 -0.066956 0.281788 0.035392 0.141641 0.057949 -0.091487 -0.075136 0.160719 -0.085883 -0.100182 -0.066922 -0.449790 0.087517 0.181557 0.307120 -0.106317 -0.084014 0.062722 -0.196713 -0.137485 -0.189207 -0.112987 0.079604 -0.238238 0.004618 0.095520 -0.161965 -0.152916 
-0.051555 0.270690 0.154922 0.123697 0.169147 0.030672 0.107249 0.094695 0.154356 -0.060543 -0.107709 -0.052967 -0.090770 0.091451 -0.001675 -0.172762 0.037418 -0.125536 0.025814 -0.219861 0.140648 0.013207 -0.092313 -0.209826 0.150992 -0.166721 -0.169992 -0.084700 -0.133632 0.015018 -0.007015 0.016482 
-0.056047 -0.097266 -0.046670 -0.102340 0.178594 -0.189224 0.118214 0.033119 -0.010105 -0.101408 -0.166100 -0.295248 -0.223957 -0.023565 -0.167143 0.314634 0.089164 0.091624 0.189598 0.052222 -0.191971 -0.133776 0.133963 0.228234 0.025102 0.197216 -0.099235 0.141902 -0.069545 0.083878 -0.083458 0.091431 
-0.145492 0.145330 0.233005 -0.183768 -0.225672 0.253222 0.199075 -0.003928 0.002989 0.445853 0.091257 0.064241 -0.050211 0.088130 0.081572 0.007551 -0.030060 -0.074553 -0.391090 -0.010838 0.191098 0.102616 -0.114233 -0.091829 0.182472 0.142490 -0.163940 -0.300955 -0.066421 0.012059 0.232909 0.141833 
-0.042772 0.158732 0.223658 -0.001503 0.134005 0.119436 0.216568 -0.174691 0.100515 0.009844 0.176614 -0.113018 -0.189133 0.013256 0.076450 -0.036459 -0.161201 0.110735 0.178961 -0.198803 -0.037728 -0.114025 -0.021469 -0.180917 0.221775 0.028145 -0.141664 0.075929 -0.174799 -0.148780 0.004335 0.012890 
0.169649 -0.008702 -0.240521 0.151869 -0.123916 0.178327 0.222636 0.163964 -0.124725 0.367869 -0.231026 -0.000578 -0.284980 0.155052 0.260133 -0.080009 0.086766 0.164732 -0.135648 0.251925 -0.180768 -0.217597 -0.191988 -0.220424 0.068753 -0.025449 0.121063 -0.018496 -0.132127 -0.030403 0.005448 -0.110453 
0.099674 -0.035817 0.302321 -0.222716 -0.110580 0.380085 0.110488 0.041889 -0.012417 -0.149861 -0.277835 0.265146 -0.680936 -0.073834 0.012821 0.172113 -0.368369 -0.260223 0.035266 -0.126701 -0.178771 0.213921 -0.102712 -0.002259 0.009392 -0.352261 -0.214906 -0.157403 -0.105513 0.442489 0.016666 -0.142625 
-0.085120 0.056659 -0.097736 0.021509 -0.031223 -0.103730 -0.105591 0.145494 
-0.010556 0.027297 -0.066303 0.200447 0.148160 -0.038053 -0.120439 0.020222 
-0.174879 0.130562 0.217023 0.056087 0.018732 -0.118038 -0.116238 0.018429 
0.139504 0.216992 0.116793 0.604093 -0.094851 0.098031 0.233118 -0.110414 
0.013299 0.168559 0.017258 0.153183 -0.114029 0.088697 0.126292 0.027944 
0.229826 -0.380461 -0.192178 0.351125 0.150319 0.297370 -0.286186 -0.390535 
-0.143985 -0.019288 0.405618 -0.065430 0.300492 0.560199 -0.225444 0.102018 
0.149252 -0.030113 -0.173366 -0.195405 -0.100731 0.562390 -0.401021 -0.104911 
0.241535 0.153885 -0.152608 0.071978 0.354916 -0.191035 0.067130 0.271047 
-0.275244 0.207502 0.133179 -0.161916 0.928400 0.537526 -0.224179 -0.100546 
0.163871 0.307337 -0.070082 -0.364747 -0.127468 0.034554 0.039225 -0.078080 
-0.346785 -0.011943 0.061945 0.256449 0.032435 -0.023640 0.116916 -0.058293 
-0.173944 0.927989 0.118451 -0.143957 -0.114496 -0.080410 -0.192997 -0.207360 
0.259383 0.108761 -0.198983 0.089493 0.302500 0.268064 -0.092299 -0.208052 
-0.111955 -0.045352 -0.031641 0.047741 -0.144839 0.115511 -0.014936 -0.131045 
0.457554 -0.039179 -0.434752 -0.284512 0.004197 -0.165929 0.112988 0.169785 
-0.169299 0.143926 0.369579 0.396387 0.026945 -0.033943 0.116376 0.082757 
0.131588 0.277018 0.313357 0.540516 0.015663 0.031501 -0.081678 0.195356 
-0.412303 -0.148082 0.365680 0.138791 -0.023539 0.172280 0.372119 0.560300 
-0.038307 -0.119260 0.022297 -0.024527 0.066812 -0.200191 -0.118377 -0.017937 
-0.138992 0.104596 0.031501 -0.158799 0.038554 -0.127999 0.085885 -0.149424 
-0.197994 -0.075340 0.187840 0.089213 -0.045092 0.144626 -0.055862 0.077876 
-0.117486 0.080449 -0.048768 -0.087469 0.064747 0.198755 -0.147642 -0.059607 
-0.104669 0.053071 -0.016106 -0.119577 -0.310529 0.208269 0.165013 0.071003 
0.358609 0.016069 -0.424002 0.104410 -0.066456 0.125653 0.099368 0.185689 
-0.090097 0.038870 0.292776 0.340294 0.257183 -0.060537 0.012241 0.022966 
-0.008372 0.119794 0.164205 -0.027133 0.181898 0.506955 -0.202252 0.011816 
0.085750 0.277223 0.166222 -0.129763 -0.072664 -0.043589 0.200694 0.292215 
-0.115649 -0.075867 -0.099711 -0.001600 0.253251 -0.241548 0.223002 0.298356 
0.044054 -0.281572 0.122794 0.565269 -0.211037 -0.300893 -0.035345 -0.086119 
-0.104391 0.029821 0.032270 -0.017582 -0.201295 0.525610 -0.146661 0.211408 
-0.037195 -0.127435 0.338674 0.763567 0.098422 0.228593 -0.209469 -0.291522 









0.000000 
0.000000 
0.000000 
0.000000 
0.000000 
0.000000 
0.000000 
0.000000 
0.483478 
-0.116301 
-0.072963 
-0.011606 
-0.101863 
-0.456798 
-0.372963 
0.003706 
0.108302 
0.162430 
-0.040085 
0.113224 
-0.345611 
-0.234840 
-0.202021 
-0.003974 
-0.076682 
-0.225587 
0.312823 
0.445966 
0.130094 
-0.349894 
0.087024 
0.094145 
-0.295902 
-0.395596 
-0.357791 
0.219919 
0.120806 
-0.047925 
0.531592 
-0.077265 
0.209859 
0.026057 
0.231351 
0.037629 
0.137744 
-0.320823 
0.211689 
0.025340 
-0.344325 
-0.277933 
-0.110520 
-0.087401 
-0.221245 
0.300177 
0.292144 
0.087308 
-0.181225 
0.208996 
0.023289 
-0.245417 
0.214654 
-0.045457 
0.239183 
-0.013021 
0.093631 
-0.037766 
0.391286 
-0.319065 
-0.917199 
-0.057277 
-0.258961 
-1.022829 
0.115902 
-0.271961 
-0.097501 
-0.046190 
0.161494 
-0.339842 
-0.059894 
0.068683 
-0.120288 
-0.178627 
-0.218050 
-0.329485 
0.031457 
0.223486 
0.649400 
0.459463 
-0.174159 
0.077029 
0.361387 
-0.034122 
0.575603 
0.065085 
-0.064002 
-0.160035 
0.390913 
-0.465156 
-0.190413 
-0.299899 
-0.103670 
-0.132475 
-0.247374 
-0.385719 
-0.118837 
-0.222735 
0.241854 
0.070238 
0.125813 
0.177979 
0.262797 
0.420697 
-0.825850 
-0.323443 
0.641196 
-0.319031 
-0.162103 
-0.202860 
-0.187663 
-0.482842 
1.497000 0.229118 0.148227 
