*************************************************************************************************************************************
|      ITER |        MB |        LE |        VM |       BVM |        IF |        IB |       MAW |       MAB |        LR |        ET | Fri Feb 16 22:15:52 2024 
-------------------------------------------------------------------------------------------------------------------------------------
|         1 |        37 |  6.03E-01 |  0.931656 |  0.931656 |     17.35 |     17.46 |  0.094609 |  0.146681 |  1.00E-02 |      0.25 | 
|         1 |        74 |  4.09E-01 |  0.934493 |  0.934493 |     16.92 |     16.66 |  0.178281 |  0.287728 |  1.00E-02 |      0.75 | 
|         1 |       111 |  3.10E-01 |  0.938366 |  0.938366 |     16.95 |     16.67 |  0.099428 |  0.159579 |  1.00E-02 |      1.27 | 
|         1 |       148 |  2.58E-01 |  0.937736 |  0.938366 |     16.96 |     16.55 |  0.074253 |  0.166905 |  9.99E-03 |      1.78 | 
|         1 |       185 |  2.24E-01 |  0.935651 |  0.938366 |     16.97 |     16.60 |  0.310158 |  0.477527 |  9.99E-03 |      2.30 | 
|         1 |       222 |  1.97E-01 |  0.939029 |  0.939029 |     16.97 |     16.55 |  0.119120 |  0.163987 |  9.98E-03 |      2.81 | 
|         1 |       259 |  1.81E-01 |  0.942556 |  0.942556 |     17.00 |     16.53 |  0.055329 |  0.112771 |  9.98E-03 |      3.32 | 
|         1 |       296 |  1.77E-01 |  0.941642 |  0.942556 |     17.06 |     16.52 |  0.074768 |  0.074243 |  9.97E-03 |      3.84 | 
|         1 |       333 |  1.67E-01 |  0.934640 |  0.942556 |     17.14 |     16.49 |  0.522061 |  0.679480 |  9.96E-03 |      4.36 | 
|         1 |       370 |  1.55E-01 |  0.928284 |  0.942556 |     17.27 |     16.48 |  0.070724 |  0.079906 |  9.95E-03 |      4.90 | 
|         1 |       407 |  1.45E-01 |  0.918040 |  0.942556 |     17.38 |     16.49 |  0.162694 |  0.174849 |  9.94E-03 |      5.43 | 
|         2 |        37 |  4.89E-02 |  0.926242 |  0.942556 |     18.32 |     16.65 |  0.153361 |  0.106028 |  9.93E-03 |      5.67 | 
|         2 |        74 |  3.21E-02 |  0.931228 |  0.942556 |     18.47 |     16.61 |  0.082902 |  0.090011 |  9.92E-03 |      6.20 | 
|         2 |       111 |  2.61E-02 |  0.905449 |  0.942556 |     18.47 |     16.58 |  0.142427 |  0.165986 |  9.91E-03 |      6.74 | 
|         2 |       148 |  2.37E-02 |  0.916328 |  0.942556 |     18.50 |     16.52 |  0.058629 |  0.070157 |  9.90E-03 |      7.27 | 
|         2 |       185 |  2.91E-02 |  0.901844 |  0.942556 |     18.48 |     16.54 |  0.248915 |  0.269206 |  9.88E-03 |      7.80 | 
|         2 |       222 |  2.81E-02 |  0.915103 |  0.942556 |     18.49 |     16.59 |  0.068439 |  0.081249 |  9.87E-03 |      8.34 | 
|         2 |       259 |  2.57E-02 |  0.918432 |  0.942556 |     18.47 |     16.51 |  0.051284 |  0.054671 |  9.85E-03 |      8.87 | 
|         2 |       296 |  2.41E-02 |  0.912401 |  0.942556 |     18.48 |     16.47 |  0.189002 |  0.208669 |  9.84E-03 |      9.40 | 
|         2 |       333 |  2.36E-02 |  0.917659 |  0.942556 |     18.50 |     16.47 |  0.077965 |  0.080647 |  9.82E-03 |      9.94 | 
|         2 |       370 |  2.65E-02 |  0.949514 |  0.949514 |     18.49 |     16.44 |  0.443019 |  0.426680 |  9.80E-03 |     10.48 | 
|         2 |       407 |  3.96E-02 |  0.934707 |  0.949514 |     18.64 |     16.60 |  0.099790 |  0.078102 |  9.78E-03 |     11.03 | 
|         3 |        37 |  1.91E-02 |  0.917721 |  0.949514 |     20.95 |     18.22 |  0.040401 |  0.041332 |  9.76E-03 |     11.28 | 
|         3 |        74 |  2.68E-02 |  0.913811 |  0.949514 |     20.80 |     18.24 |  0.104147 |  0.104124 |  9.74E-03 |     11.86 | 
|         3 |       111 |  2.98E-02 |  0.918918 |  0.949514 |     20.68 |     18.23 |  0.355906 |  0.163304 |  9.72E-03 |     12.44 | 
|         3 |       148 |  2.69E-02 |  0.915839 |  0.949514 |     20.54 |     18.24 |  0.077148 |  0.077531 |  9.69E-03 |     13.01 | 
|         3 |       185 |  2.30E-02 |  0.922837 |  0.949514 |     20.48 |     18.16 |  0.048109 |  0.033801 |  9.67E-03 |     13.57 | 
|         3 |       222 |  2.05E-02 |  0.917715 |  0.949514 |     20.45 |     18.09 |  0.183943 |  0.160617 |  9.65E-03 |     14.14 | 
|         3 |       259 |  1.85E-02 |  0.900508 |  0.949514 |     20.42 |     18.05 |  0.159997 |  0.158677 |  9.62E-03 |     14.71 | 
|         3 |       296 |  1.71E-02 |  0.911442 |  0.949514 |     20.42 |     17.99 |  0.101642 |  0.088118 |  9.59E-03 |     15.28 | 
|         3 |       333 |  1.62E-02 |  0.928219 |  0.949514 |     20.41 |     17.95 |  0.106888 |  0.096531 |  9.57E-03 |     15.85 | 
|         3 |       370 |  2.05E-02 |  0.901539 |  0.949514 |     20.41 |     18.00 |  0.636875 |  0.687348 |  9.54E-03 |     16.42 | 
|         3 |       407 |  2.44E-02 |  0.929421 |  0.949514 |     20.46 |     18.12 |  0.074410 |  0.068306 |  9.51E-03 |     17.01 | 
|         4 |        37 |  1.20E-02 |  0.921228 |  0.949514 |     20.78 |     18.11 |  0.098108 |  0.116735 |  9.48E-03 |     17.26 | 
|         4 |        74 |  1.03E-02 |  0.911152 |  0.949514 |     20.66 |     17.88 |  0.131520 |  0.152759 |  9.45E-03 |     17.82 | 
|         4 |       111 |  9.96E-03 |  0.924334 |  0.949514 |     20.58 |     17.78 |  0.070372 |  0.063750 |  9.42E-03 |     18.40 | 
|         4 |       148 |  1.52E-02 |  0.945278 |  0.949514 |     20.49 |     17.74 |  0.227648 |  0.198943 |  9.39E-03 |     18.97 | 
|         4 |       185 |  1.47E-02 |  0.926672 |  0.949514 |     20.37 |     17.68 |  0.069789 |  0.055859 |  9.35E-03 |     19.54 | 
|         4 |       222 |  1.31E-02 |  0.922717 |  0.949514 |     20.31 |     17.59 |  0.029487 |  0.027167 |  9.32E-03 |     20.10 | 
|         4 |       259 |  1.21E-02 |  0.922952 |  0.949514 |     20.30 |     17.56 |  0.089538 |  0.079731 |  9.29E-03 |     20.67 | 
|         4 |       296 |  1.30E-02 |  0.918271 |  0.949514 |     20.29 |     17.55 |  0.082677 |  0.045907 |  9.25E-03 |     21.24 | 
|         4 |       333 |  1.43E-02 |  0.915522 |  0.949514 |     20.27 |     17.59 |  0.877765 |  0.465754 |  9.21E-03 |     21.82 | 
|         4 |       370 |  1.59E-02 |  0.935276 |  0.949514 |     20.29 |     17.68 |  0.070499 |  0.062966 |  9.18E-03 |     22.40 | 
|         4 |       407 |  1.50E-02 |  0.925544 |  0.949514 |     20.30 |     17.67 |  0.111914 |  0.039765 |  9.14E-03 |     22.97 | 
|         5 |        37 |  5.58E-03 |  0.928552 |  0.949514 |     20.70 |     17.68 |  0.047205 |  0.039854 |  9.10E-03 |     23.22 | 
|         5 |        74 |  5.43E-03 |  0.912122 |  0.949514 |     20.64 |     17.69 |  0.088313 |  0.074385 |  9.06E-03 |     23.80 | 
|         5 |       111 |  6.77E-03 |  0.920586 |  0.949514 |     20.52 |     17.61 |  0.079443 |  0.069855 |  9.02E-03 |     24.38 | 
|         5 |       148 |  7.19E-03 |  0.931364 |  0.949514 |     20.49 |     17.53 |  0.051592 |  0.044262 |  8.98E-03 |     24.95 | 
|         5 |       185 |  7.77E-03 |  0.925385 |  0.949514 |     20.46 |     17.48 |  0.397749 |  0.147498 |  8.94E-03 |     25.52 | 
|         5 |       222 |  7.43E-03 |  0.913110 |  0.949514 |     20.43 |     17.48 |  0.051538 |  0.047532 |  8.90E-03 |     26.10 | 
|         5 |       259 |  7.13E-03 |  0.923828 |  0.949514 |     20.44 |     17.49 |  0.072412 |  0.068731 |  8.86E-03 |     26.68 | 
|         5 |       296 |  9.69E-03 |  0.916541 |  0.949514 |     20.45 |     17.57 |  0.153447 |  0.124051 |  8.82E-03 |     27.26 | 
|         5 |       333 |  9.44E-03 |  0.932850 |  0.949514 |     20.46 |     17.58 |  0.042444 |  0.045125 |  8.77E-03 |     27.83 | 
|         5 |       370 |  8.99E-03 |  0.918968 |  0.949514 |     20.48 |     17.57 |  0.079488 |  0.062067 |  8.73E-03 |     28.41 | 
|         5 |       407 |  9.18E-03 |  0.916084 |  0.949514 |     20.47 |     17.60 |  0.081100 |  0.084138 |  8.68E-03 |     28.99 | 
|         6 |        37 |  5.27E-03 |  0.902617 |  0.949514 |     20.59 |     17.38 |  0.076923 |  0.074060 |  8.64E-03 |     29.24 | 
|         6 |        74 |  4.72E-03 |  0.915243 |  0.949514 |     20.58 |     17.38 |  0.042751 |  0.036778 |  8.59E-03 |     29.81 | 
|         6 |       111 |  5.40E-03 |  0.927126 |  0.949514 |     20.59 |     17.41 |  0.057785 |  0.053098 |  8.54E-03 |     30.39 | 
|         6 |       148 |  1.51E-02 |  0.899406 |  0.949514 |     20.53 |     17.60 |  0.224558 |  0.195409 |  8.50E-03 |     30.98 | 
|         6 |       185 |  1.31E-02 |  0.932470 |  0.949514 |     20.62 |     17.66 |  0.054319 |  0.051587 |  8.45E-03 |     31.57 | 
|         6 |       222 |  1.14E-02 |  0.919530 |  0.949514 |     20.68 |     17.62 |  0.114110 |  0.111615 |  8.40E-03 |     32.14 | 
|         6 |       259 |  1.10E-02 |  0.918789 |  0.949514 |     20.72 |     17.71 |  0.027776 |  0.025662 |  8.35E-03 |     32.73 | 
|         6 |       296 |  1.09E-02 |  0.926906 |  0.949514 |     20.77 |     17.77 |  0.036344 |  0.032944 |  8.30E-03 |     33.32 | 
|         6 |       333 |  1.05E-02 |  0.911824 |  0.949514 |     20.80 |     17.80 |  0.087527 |  0.078541 |  8.25E-03 |     33.90 | 
|         6 |       370 |  1.00E-02 |  0.920690 |  0.949514 |     20.82 |     17.79 |  0.061151 |  0.051273 |  8.20E-03 |     34.48 | 
|         6 |       407 |  9.43E-03 |  0.925763 |  0.949514 |     20.83 |     17.76 |  0.048849 |  0.049620 |  8.15E-03 |     35.06 | 
|         7 |        37 |  2.83E-03 |  0.935077 |  0.949514 |     20.97 |     17.78 |  0.025389 |  0.028022 |  8.09E-03 |     35.31 | 
|         7 |        74 |  3.17E-03 |  0.932390 |  0.949514 |     20.95 |     17.62 |  0.052076 |  0.045402 |  8.04E-03 |     35.90 | 
|         7 |       111 |  3.58E-03 |  0.922932 |  0.949514 |     20.95 |     17.60 |  0.054926 |  0.046502 |  7.99E-03 |     36.47 | 
|         7 |       148 |  4.08E-03 |  0.926077 |  0.949514 |     20.95 |     17.63 |  0.060628 |  0.052037 |  7.93E-03 |     37.06 | 
|         7 |       185 |  5.24E-03 |  0.916019 |  0.949514 |     20.96 |     17.64 |  0.065681 |  0.067436 |  7.88E-03 |     37.65 | 
|         7 |       222 |  4.91E-03 |  0.909218 |  0.949514 |     20.96 |     17.64 |  0.054619 |  0.043322 |  7.82E-03 |     38.23 | 
|         7 |       259 |  4.75E-03 |  0.919441 |  0.949514 |     20.98 |     17.66 |  0.089153 |  0.084458 |  7.77E-03 |     38.81 | 
|         7 |       296 |  4.63E-03 |  0.912584 |  0.949514 |     20.97 |     17.64 |  0.047156 |  0.029557 |  7.71E-03 |     39.40 | 
|         7 |       333 |  4.40E-03 |  0.922828 |  0.949514 |     20.95 |     17.60 |  0.063746 |  0.055521 |  7.66E-03 |     39.99 | 
|         7 |       370 |  4.43E-03 |  0.927495 |  0.949514 |     20.92 |     17.61 |  0.054732 |  0.039505 |  7.60E-03 |     40.56 | 
|         7 |       407 |  4.43E-03 |  0.924682 |  0.949514 |     20.92 |     17.64 |  0.062774 |  0.053690 |  7.54E-03 |     41.11 | 
|         8 |        37 |  3.32E-03 |  0.927410 |  0.949514 |     21.11 |     17.65 |  0.041587 |  0.037438 |  7.49E-03 |     41.35 | 
|         8 |        74 |  2.99E-03 |  0.915157 |  0.949514 |     20.96 |     17.55 |  0.038184 |  0.027506 |  7.43E-03 |     41.90 | 
|         8 |       111 |  4.56E-03 |  0.923929 |  0.949514 |     20.92 |     17.57 |  0.034221 |  0.026157 |  7.37E-03 |     42.45 | 
|         8 |       148 |  4.31E-03 |  0.926168 |  0.949514 |     20.89 |     17.60 |  0.058635 |  0.052974 |  7.31E-03 |     43.01 | 
|         8 |       185 |  4.62E-03 |  0.920285 |  0.949514 |     20.88 |     17.66 |  0.035924 |  0.031666 |  7.25E-03 |     43.56 | 
|         8 |       222 |  4.34E-03 |  0.927207 |  0.949514 |     20.90 |     17.66 |  0.053030 |  0.022152 |  7.19E-03 |     44.12 | 
|         8 |       259 |  4.20E-03 |  0.916286 |  0.949514 |     20.92 |     17.67 |  0.054106 |  0.041425 |  7.13E-03 |     44.66 | 
|         8 |       296 |  3.96E-03 |  0.920690 |  0.949514 |     20.91 |     17.59 |  0.058275 |  0.047463 |  7.07E-03 |     45.21 | 
|         8 |       333 |  3.96E-03 |  0.917972 |  0.949514 |     20.89 |     17.55 |  0.053633 |  0.047145 |  7.01E-03 |     45.76 | 
|         8 |       370 |  3.79E-03 |  0.918646 |  0.949514 |     20.89 |     17.52 |  0.060233 |  0.052234 |  6.95E-03 |     46.31 | 
|         8 |       407 |  3.63E-03 |  0.923742 |  0.949514 |     20.91 |     17.50 |  0.022979 |  0.019499 |  6.89E-03 |     46.86 | 
|         9 |        37 |  3.37E-03 |  0.926348 |  0.949514 |     20.86 |     17.24 |  0.071189 |  0.064756 |  6.83E-03 |     47.10 | 
|         9 |        74 |  4.79E-03 |  0.922630 |  0.949514 |     20.92 |     17.26 |  0.029131 |  0.026212 |  6.77E-03 |     47.65 | 
|         9 |       111 |  4.80E-03 |  0.939369 |  0.949514 |     20.94 |     17.41 |  0.114015 |  0.095679 |  6.71E-03 |     48.21 | 
|         9 |       148 |  4.40E-03 |  0.923954 |  0.949514 |     20.93 |     17.38 |  0.022344 |  0.019356 |  6.64E-03 |     48.76 | 
|         9 |       185 |  4.11E-03 |  0.916107 |  0.949514 |     20.94 |     17.42 |  0.134408 |  0.066688 |  6.58E-03 |     49.31 | 
|         9 |       222 |  3.80E-03 |  0.915407 |  0.949514 |     20.95 |     17.39 |  0.048770 |  0.055796 |  6.52E-03 |     49.87 | 
|         9 |       259 |  3.65E-03 |  0.926561 |  0.949514 |     20.93 |     17.32 |  0.028961 |  0.025202 |  6.46E-03 |     50.42 | 
|         9 |       296 |  3.46E-03 |  0.920721 |  0.949514 |     20.96 |     17.31 |  0.030242 |  0.026256 |  6.39E-03 |     50.97 | 
|         9 |       333 |  3.33E-03 |  0.914620 |  0.949514 |     20.96 |     17.29 |  0.051417 |  0.041905 |  6.33E-03 |     51.53 | 
|         9 |       370 |  3.30E-03 |  0.917449 |  0.949514 |     20.97 |     17.31 |  0.026744 |  0.022192 |  6.27E-03 |     52.07 | 
|         9 |       407 |  3.19E-03 |  0.925079 |  0.949514 |     20.95 |     17.28 |  0.024227 |  0.022597 |  6.20E-03 |     52.62 | 
|        10 |        37 |  1.90E-03 |  0.920166 |  0.949514 |     20.95 |     16.95 |  0.023540 |  0.022650 |  6.14E-03 |     52.86 | 
|        10 |        74 |  2.04E-03 |  0.928180 |  0.949514 |     21.05 |     17.15 |  0.033003 |  0.030820 |  6.08E-03 |     53.42 | 
|        10 |       111 |  2.21E-03 |  0.923334 |  0.949514 |     21.05 |     17.26 |  0.051577 |  0.042969 |  6.01E-03 |     53.97 | 
|        10 |       148 |  2.40E-03 |  0.926586 |  0.949514 |     21.03 |     17.32 |  0.037145 |  0.038114 |  5.95E-03 |     54.52 | 
|        10 |       185 |  2.29E-03 |  0.915507 |  0.949514 |     21.01 |     17.20 |  0.024120 |  0.020577 |  5.89E-03 |     55.07 | 
|        10 |       222 |  2.30E-03 |  0.913961 |  0.949514 |     20.99 |     17.17 |  0.033510 |  0.023019 |  5.82E-03 |     55.63 | 
|        10 |       259 |  2.32E-03 |  0.918683 |  0.949514 |     20.98 |     17.18 |  0.031062 |  0.026691 |  5.76E-03 |     56.18 | 
|        10 |       296 |  2.25E-03 |  0.929445 |  0.949514 |     20.97 |     17.13 |  0.026881 |  0.023380 |  5.69E-03 |     56.73 | 
|        10 |       333 |  2.22E-03 |  0.921366 |  0.949514 |     20.98 |     17.13 |  0.045667 |  0.051025 |  5.63E-03 |     57.28 | 
|        10 |       370 |  2.46E-03 |  0.916516 |  0.949514 |     20.95 |     17.11 |  0.042275 |  0.027919 |  5.57E-03 |     57.83 | 
|        10 |       407 |  2.46E-03 |  0.924969 |  0.949514 |     20.94 |     17.09 |  0.040107 |  0.035553 |  5.50E-03 |     58.38 | 
|        11 |        37 |  5.05E-03 |  0.922741 |  0.949514 |     20.68 |     16.92 |  0.019142 |  0.024267 |  5.44E-03 |     58.61 | 
|        11 |        74 |  3.41E-03 |  0.918574 |  0.949514 |     20.73 |     16.91 |  0.027538 |  0.023377 |  5.37E-03 |     59.17 | 
|        11 |       111 |  3.19E-03 |  0.938321 |  0.949514 |     20.78 |     16.90 |  0.943335 |  0.164220 |  5.31E-03 |     59.72 | 
|        11 |       148 |  3.40E-03 |  0.928669 |  0.949514 |     20.84 |     17.11 |  0.038790 |  0.037509 |  5.24E-03 |     60.27 | 
|        11 |       185 |  3.08E-03 |  0.926610 |  0.949514 |     20.83 |     17.05 |  0.022183 |  0.017153 |  5.18E-03 |     60.82 | 
|        11 |       222 |  3.05E-03 |  0.913020 |  0.949514 |     20.84 |     17.09 |  0.099896 |  0.089461 |  5.12E-03 |     61.37 | 
|        11 |       259 |  2.95E-03 |  0.930872 |  0.949514 |     20.85 |     17.07 |  0.033361 |  0.031434 |  5.05E-03 |     61.93 | 
|        11 |       296 |  2.84E-03 |  0.913618 |  0.949514 |     20.83 |     17.08 |  0.027695 |  0.023583 |  4.99E-03 |     62.48 | 
|        11 |       333 |  2.78E-03 |  0.919768 |  0.949514 |     20.83 |     17.06 |  0.022370 |  0.015460 |  4.92E-03 |     63.03 | 
|        11 |       370 |  2.66E-03 |  0.917670 |  0.949514 |     20.83 |     17.03 |  0.016922 |  0.014118 |  4.86E-03 |     63.58 | 
|        11 |       407 |  2.63E-03 |  0.916855 |  0.949514 |     20.83 |     17.05 |  0.009436 |  0.007933 |  4.80E-03 |     64.12 | 
|        12 |        37 |  1.87E-03 |  0.923723 |  0.949514 |     20.84 |     16.86 |  0.145341 |  0.044879 |  4.73E-03 |     64.36 | 
|        12 |        74 |  2.08E-03 |  0.918234 |  0.949514 |     20.77 |     16.72 |  0.017847 |  0.019008 |  4.67E-03 |     64.91 | 
|        12 |       111 |  1.96E-03 |  0.926647 |  0.949514 |     20.77 |     16.75 |  0.032578 |  0.028410 |  4.61E-03 |     65.45 | 
|        12 |       148 |  1.87E-03 |  0.925274 |  0.949514 |     20.85 |     16.74 |  0.033211 |  0.029905 |  4.54E-03 |     66.00 | 
|        12 |       185 |  2.21E-03 |  0.921687 |  0.949514 |     20.86 |     16.72 |  0.056424 |  0.015345 |  4.48E-03 |     66.55 | 
|        12 |       222 |  2.14E-03 |  0.918263 |  0.949514 |     20.86 |     16.75 |  0.019507 |  0.018661 |  4.42E-03 |     67.10 | 
|        12 |       259 |  2.08E-03 |  0.914535 |  0.949514 |     20.88 |     16.77 |  0.036218 |  0.020571 |  4.36E-03 |     67.66 | 
|        12 |       296 |  2.02E-03 |  0.920382 |  0.949514 |     20.87 |     16.78 |  0.013628 |  0.011689 |  4.29E-03 |     68.21 | 
|        12 |       333 |  1.95E-03 |  0.923560 |  0.949514 |     20.88 |     16.77 |  0.082514 |  0.053115 |  4.23E-03 |     68.76 | 
|        12 |       370 |  1.92E-03 |  0.914187 |  0.949514 |     20.89 |     16.79 |  0.017494 |  0.017500 |  4.17E-03 |     69.31 | 
|        12 |       407 |  1.93E-03 |  0.921635 |  0.949514 |     20.87 |     16.74 |  0.020670 |  0.020907 |  4.11E-03 |     69.85 | 
|        13 |        37 |  1.56E-03 |  0.922539 |  0.949514 |     20.86 |     16.68 |  0.024501 |  0.021509 |  4.05E-03 |     70.09 | 
|        13 |        74 |  1.89E-03 |  0.923437 |  0.949514 |     20.76 |     16.70 |  0.027916 |  0.023604 |  3.99E-03 |     70.64 | 
|        13 |       111 |  1.84E-03 |  0.923698 |  0.949514 |     20.81 |     16.71 |  0.012542 |  0.006855 |  3.93E-03 |     71.19 | 
|        13 |       148 |  1.84E-03 |  0.925954 |  0.949514 |     20.84 |     16.74 |  0.032913 |  0.024158 |  3.87E-03 |     71.74 | 
|        13 |       185 |  1.74E-03 |  0.915471 |  0.949514 |     20.90 |     16.77 |  0.033409 |  0.018598 |  3.81E-03 |     72.29 | 
|        13 |       222 |  1.83E-03 |  0.924249 |  0.949514 |     20.92 |     16.76 |  0.019550 |  0.017392 |  3.75E-03 |     72.84 | 
|        13 |       259 |  1.76E-03 |  0.924059 |  0.949514 |     20.93 |     16.73 |  0.026369 |  0.016450 |  3.69E-03 |     73.39 | 
|        13 |       296 |  1.92E-03 |  0.926751 |  0.949514 |     20.91 |     16.73 |  0.183761 |  0.074739 |  3.63E-03 |     73.94 | 
|        13 |       333 |  1.87E-03 |  0.925970 |  0.949514 |     20.90 |     16.70 |  0.271898 |  0.048795 |  3.57E-03 |     74.49 | 
|        13 |       370 |  1.86E-03 |  0.916947 |  0.949514 |     20.92 |     16.71 |  0.015197 |  0.013457 |  3.52E-03 |     75.04 | 
|        13 |       407 |  1.85E-03 |  0.918159 |  0.949514 |     20.92 |     16.70 |  0.039939 |  0.036977 |  3.46E-03 |     75.59 | 
|        14 |        37 |  1.92E-03 |  0.921649 |  0.949514 |     20.65 |     16.51 |  0.024740 |  0.015240 |  3.40E-03 |     75.83 | 
|        14 |        74 |  1.63E-03 |  0.921119 |  0.949514 |     20.80 |     16.49 |  0.024632 |  0.021360 |  3.34E-03 |     76.38 | 
|        14 |       111 |  1.53E-03 |  0.925028 |  0.949514 |     20.84 |     16.55 |  0.047552 |  0.031490 |  3.29E-03 |     76.92 | 
|        14 |       148 |  1.57E-03 |  0.921363 |  0.949514 |     20.84 |     16.56 |  0.031566 |  0.013784 |  3.23E-03 |     77.48 | 
|        14 |       185 |  1.51E-03 |  0.922556 |  0.949514 |     20.84 |     16.57 |  0.024197 |  0.020836 |  3.18E-03 |     78.03 | 
|        14 |       222 |  1.45E-03 |  0.924020 |  0.949514 |     20.82 |     16.54 |  0.019965 |  0.017435 |  3.12E-03 |     78.58 | 
|        14 |       259 |  1.48E-03 |  0.921854 |  0.949514 |     20.79 |     16.53 |  0.034431 |  0.021837 |  3.07E-03 |     79.13 | 
|        14 |       296 |  1.70E-03 |  0.925869 |  0.949514 |     20.82 |     16.56 |  0.010101 |  0.008537 |  3.01E-03 |     79.68 | 
|        14 |       333 |  1.67E-03 |  0.918548 |  0.949514 |     20.82 |     16.57 |  0.030172 |  0.019896 |  2.96E-03 |     80.23 | 
|        14 |       370 |  1.65E-03 |  0.919074 |  0.949514 |     20.84 |     16.57 |  0.040954 |  0.027657 |  2.91E-03 |     80.78 | 
|        14 |       407 |  1.65E-03 |  0.929459 |  0.949514 |     20.84 |     16.57 |  0.038799 |  0.023633 |  2.86E-03 |     81.33 | 
|        15 |        37 |  1.59E-03 |  0.916913 |  0.949514 |     21.00 |     16.78 |  0.018294 |  0.017285 |  2.80E-03 |     81.56 | 
|        15 |        74 |  1.42E-03 |  0.921938 |  0.949514 |     20.92 |     16.54 |  0.016069 |  0.013779 |  2.75E-03 |     82.11 | 
|        15 |       111 |  1.86E-03 |  0.925070 |  0.949514 |     20.86 |     16.44 |  0.015947 |  0.013154 |  2.70E-03 |     82.65 | 
|        15 |       148 |  1.89E-03 |  0.920132 |  0.949514 |     20.91 |     16.57 |  0.036014 |  0.031615 |  2.65E-03 |     83.20 | 
|        15 |       185 |  1.79E-03 |  0.923533 |  0.949514 |     20.87 |     16.51 |  0.014667 |  0.014811 |  2.60E-03 |     83.75 | 
|        15 |       222 |  1.74E-03 |  0.926314 |  0.949514 |     20.87 |     16.51 |  0.012760 |  0.012274 |  2.55E-03 |     84.30 | 
|        15 |       259 |  1.73E-03 |  0.919701 |  0.949514 |     20.88 |     16.54 |  0.020001 |  0.010800 |  2.51E-03 |     84.85 | 
|        15 |       296 |  1.68E-03 |  0.923804 |  0.949514 |     20.89 |     16.54 |  0.009177 |  0.006936 |  2.46E-03 |     85.40 | 
|        15 |       333 |  1.64E-03 |  0.914785 |  0.949514 |     20.89 |     16.54 |  0.028204 |  0.024768 |  2.41E-03 |     85.95 | 
|        15 |       370 |  1.62E-03 |  0.919275 |  0.949514 |     20.89 |     16.54 |  0.008048 |  0.006956 |  2.36E-03 |     86.50 | 
|        15 |       407 |  1.60E-03 |  0.919170 |  0.949514 |     20.87 |     16.51 |  0.058005 |  0.048698 |  2.32E-03 |     87.04 | 
|        16 |        37 |  1.37E-03 |  0.924526 |  0.949514 |     20.97 |     16.54 |  0.174432 |  0.063358 |  2.27E-03 |     87.28 | 
|        16 |        74 |  1.31E-03 |  0.921027 |  0.949514 |     20.92 |     16.51 |  0.014717 |  0.013048 |  2.23E-03 |     87.83 | 
|        16 |       111 |  1.35E-03 |  0.921102 |  0.949514 |     20.84 |     16.45 |  0.019105 |  0.016720 |  2.19E-03 |     88.38 | 
|        16 |       148 |  1.35E-03 |  0.917496 |  0.949514 |     20.79 |     16.47 |  0.061213 |  0.054638 |  2.14E-03 |     88.93 | 
|        16 |       185 |  1.41E-03 |  0.919097 |  0.949514 |     20.84 |     16.48 |  0.026147 |  0.021679 |  2.10E-03 |     89.48 | 
|        16 |       222 |  1.41E-03 |  0.924814 |  0.949514 |     20.84 |     16.48 |  0.140535 |  0.077619 |  2.06E-03 |     90.03 | 
|        16 |       259 |  1.38E-03 |  0.920632 |  0.949514 |     20.83 |     16.46 |  0.014786 |  0.012921 |  2.02E-03 |     90.57 | 
|        16 |       296 |  1.54E-03 |  0.921438 |  0.949514 |     20.82 |     16.44 |  0.127481 |  0.039469 |  1.98E-03 |     91.12 | 
|        16 |       333 |  1.51E-03 |  0.921825 |  0.949514 |     20.80 |     16.43 |  0.019503 |  0.009354 |  1.94E-03 |     91.66 | 
|        16 |       370 |  1.52E-03 |  0.921203 |  0.949514 |     20.82 |     16.44 |  0.012531 |  0.010735 |  1.90E-03 |     92.22 | 
|        16 |       407 |  1.51E-03 |  0.921427 |  0.949514 |     20.84 |     16.44 |  0.024000 |  0.011171 |  1.86E-03 |     92.77 | 
|        17 |        37 |  1.52E-03 |  0.923839 |  0.949514 |     21.00 |     16.32 |  0.011798 |  0.010298 |  1.82E-03 |     93.00 | 
|        17 |        74 |  1.37E-03 |  0.920699 |  0.949514 |     20.86 |     16.34 |  0.022840 |  0.014908 |  1.79E-03 |     93.54 | 
|        17 |       111 |  1.30E-03 |  0.919258 |  0.949514 |     20.89 |     16.26 |  0.018390 |  0.015640 |  1.75E-03 |     94.08 | 
|        17 |       148 |  1.36E-03 |  0.923371 |  0.949514 |     20.87 |     16.30 |  0.022927 |  0.021153 |  1.72E-03 |     94.63 | 
|        17 |       185 |  1.41E-03 |  0.924410 |  0.949514 |     20.86 |     16.38 |  0.036151 |  0.029700 |  1.68E-03 |     95.18 | 
|        17 |       222 |  1.34E-03 |  0.925518 |  0.949514 |     20.86 |     16.35 |  0.025420 |  0.022048 |  1.65E-03 |     95.73 | 
|        17 |       259 |  1.35E-03 |  0.924147 |  0.949514 |     20.86 |     16.34 |  0.020764 |  0.019606 |  1.61E-03 |     96.28 | 
|        17 |       296 |  1.51E-03 |  0.918548 |  0.949514 |     20.88 |     16.35 |  0.032583 |  0.017518 |  1.58E-03 |     96.82 | 
|        17 |       333 |  1.50E-03 |  0.922925 |  0.949514 |     20.88 |     16.36 |  0.021306 |  0.018380 |  1.55E-03 |     97.37 | 
|        17 |       370 |  1.47E-03 |  0.920595 |  0.949514 |     20.86 |     16.37 |  0.065559 |  0.023956 |  1.52E-03 |     97.91 | 
|        17 |       407 |  1.46E-03 |  0.919550 |  0.949514 |     20.84 |     16.35 |  0.018610 |  0.010642 |  1.49E-03 |     98.46 | 
|        18 |        37 |  1.30E-03 |  0.922922 |  0.949514 |     20.65 |     15.95 |  0.102190 |  0.035952 |  1.46E-03 |     98.69 | 
|        18 |        74 |  1.82E-03 |  0.917852 |  0.949514 |     20.81 |     16.16 |  0.014529 |  0.012858 |  1.43E-03 |     99.24 | 
|        18 |       111 |  1.63E-03 |  0.919688 |  0.949514 |     20.75 |     16.21 |  0.013584 |  0.013154 |  1.41E-03 |     99.78 | 
|        18 |       148 |  1.69E-03 |  0.922106 |  0.949514 |     20.80 |     16.28 |  0.069866 |  0.028951 |  1.38E-03 |    100.33 | 
|        18 |       185 |  1.58E-03 |  0.923114 |  0.949514 |     20.81 |     16.30 |  0.022417 |  0.010699 |  1.36E-03 |    100.88 | 
|        18 |       222 |  1.48E-03 |  0.919836 |  0.949514 |     20.83 |     16.31 |  0.010939 |  0.010598 |  1.33E-03 |    101.43 | 
|        18 |       259 |  1.45E-03 |  0.922494 |  0.949514 |     20.81 |     16.30 |  0.108020 |  0.037689 |  1.31E-03 |    101.97 | 
|        18 |       296 |  1.43E-03 |  0.927146 |  0.949514 |     20.82 |     16.30 |  0.011007 |  0.009820 |  1.28E-03 |    102.52 | 
|        18 |       333 |  1.39E-03 |  0.922357 |  0.949514 |     20.83 |     16.29 |  0.009430 |  0.007571 |  1.26E-03 |    103.07 | 
|        18 |       370 |  1.37E-03 |  0.921779 |  0.949514 |     20.85 |     16.31 |  0.017408 |  0.014977 |  1.24E-03 |    103.61 | 
|        18 |       407 |  1.38E-03 |  0.919726 |  0.949514 |     20.86 |     16.31 |  0.036877 |  0.021748 |  1.22E-03 |    104.15 | 
|        19 |        37 |  1.22E-03 |  0.918293 |  0.949514 |     21.03 |     16.41 |  0.018381 |  0.015008 |  1.20E-03 |    104.38 | 
|        19 |        74 |  1.47E-03 |  0.919577 |  0.949514 |     21.03 |     16.38 |  0.023383 |  0.018472 |  1.18E-03 |    104.93 | 
|        19 |       111 |  1.49E-03 |  0.921053 |  0.949514 |     20.93 |     16.37 |  0.012150 |  0.012140 |  1.17E-03 |    105.48 | 
|        19 |       148 |  1.72E-03 |  0.920127 |  0.949514 |     20.87 |     16.36 |  0.007881 |  0.007394 |  1.15E-03 |    106.02 | 
|        19 |       185 |  1.60E-03 |  0.922695 |  0.949514 |     20.85 |     16.35 |  0.025743 |  0.015598 |  1.13E-03 |    106.57 | 
|        19 |       222 |  1.54E-03 |  0.921571 |  0.949514 |     20.88 |     16.34 |  0.024141 |  0.012689 |  1.12E-03 |    107.12 | 
|        19 |       259 |  1.51E-03 |  0.918392 |  0.949514 |     20.88 |     16.36 |  0.011737 |  0.011408 |  1.10E-03 |    107.67 | 
|        19 |       296 |  1.48E-03 |  0.918949 |  0.949514 |     20.89 |     16.35 |  0.009670 |  0.008451 |  1.09E-03 |    108.21 | 
|        19 |       333 |  1.44E-03 |  0.922284 |  0.949514 |     20.91 |     16.35 |  0.016432 |  0.009716 |  1.08E-03 |    108.76 | 
|        19 |       370 |  1.40E-03 |  0.919213 |  0.949514 |     20.89 |     16.34 |  0.008399 |  0.008038 |  1.07E-03 |    109.31 | 
|        19 |       407 |  1.37E-03 |  0.919062 |  0.949514 |     20.88 |     16.33 |  0.031409 |  0.022671 |  1.06E-03 |    109.85 | 
|        20 |        37 |  1.14E-03 |  0.920840 |  0.949514 |     21.08 |     16.41 |  0.022494 |  0.020724 |  1.05E-03 |    110.09 | 
|        20 |        74 |  1.02E-03 |  0.921586 |  0.949514 |     20.92 |     16.41 |  0.008496 |  0.008095 |  1.04E-03 |    110.64 | 
|        20 |       111 |  1.43E-03 |  0.923449 |  0.949514 |     20.94 |     16.36 |  0.011299 |  0.009398 |  1.03E-03 |    111.18 | 
|        20 |       148 |  1.34E-03 |  0.922222 |  0.949514 |     20.95 |     16.37 |  0.009629 |  0.010997 |  1.02E-03 |    111.73 | 
|        20 |       185 |  1.30E-03 |  0.919608 |  0.949514 |     20.94 |     16.38 |  0.018270 |  0.014941 |  1.02E-03 |    112.27 | 
|        20 |       222 |  1.30E-03 |  0.916161 |  0.949514 |     20.90 |     16.34 |  0.022052 |  0.008801 |  1.01E-03 |    112.82 | 
|        20 |       259 |  1.32E-03 |  0.919138 |  0.949514 |     20.90 |     16.35 |  0.079428 |  0.028614 |  1.01E-03 |    113.37 | 
|        20 |       296 |  1.31E-03 |  0.919563 |  0.949514 |     20.91 |     16.31 |  0.019712 |  0.016082 |  1.00E-03 |    113.91 | 
|        20 |       333 |  1.28E-03 |  0.920210 |  0.949514 |     20.89 |     16.31 |  0.027473 |  0.029658 |  1.00E-03 |    114.45 | 
|        20 |       370 |  1.28E-03 |  0.919661 |  0.949514 |     20.88 |     16.28 |  0.010980 |  0.009516 |  1.00E-03 |    115.00 | 
|        20 |       407 |  1.33E-03 |  0.920848 |  0.949514 |     20.87 |     16.29 |  0.066437 |  0.016589 |  1.00E-03 |    115.55 | 
-------------------------------------------------------------------------------------------------------------------------------------
