-0.385000 0.140943 0.298121 0.051252 -0.271339 -0.234928 -0.252388 0.055194 -0.034615 -0.085061 -0.246687 0.187914 -0.075541 0.100590 0.284520 0.342414 0.075987 -0.345812 0.009645 0.228218 -0.205902 0.170496 -0.063439 0.046972 -0.056909 0.041713 -0.072473 0.086482 0.164927 0.132247 0.245563 0.139641 0.058187 -0.121793 -0.114078 -0.056179 0.136766 -0.333197 -0.158901 -0.228529 -0.030247 0.053935 -0.187136 0.058714 0.010004 -0.063348 0.370799 -0.149168 0.236281 -0.052922 0.061739 -0.029777 0.330318 -0.289393 0.197520 -0.204542 -0.088517 0.052611 0.076581 0.015551 -0.022966 0.176388 -0.021487 0.015659 
0.217430 0.141049 0.018607 0.008201 0.066374 0.037972 -0.151390 -0.170059 -0.063770 -0.141300 -0.069057 0.076641 -0.012531 -0.058690 -0.187546 0.115467 0.107307 0.058067 -0.160319 0.255044 0.235621 -0.109278 0.189277 -0.010704 0.265501 0.147905 -0.049263 -0.113424 -0.085143 0.289408 -0.070135 -0.308484 0.171256 0.011496 0.114269 -0.181419 -0.114230 -0.073141 -0.325842 0.004268 0.177341 -0.009617 0.161427 -0.299332 -0.143161 0.221598 0.136808 0.208488 0.136988 -0.160861 -0.088933 -0.031760 -0.043271 -0.071315 0.217482 0.359915 0.178337 -0.119315 -0.176871 0.074003 -0.055950 0.098463 0.174255 -0.185777 
-0.271725 0.297828 0.145729 -0.124697 -0.140778 -0.147317 -0.152145 0.096274 0.042220 -0.049440 0.063927 0.089078 -0.098366 0.131343 0.007869 0.113633 0.175889 -0.121197 -0.152304 -0.034635 0.111638 0.382507 0.150143 -0.047827 -0.269971 -0.142391 0.016243 0.202970 0.078720 -0.190044 0.208896 0.138213 -0.015996 0.373352 -0.208362 0.190768 0.236806 0.034855 0.169836 0.141351 0.155513 -0.179637 -0.131731 -0.018535 0.203611 0.134362 -0.008152 -0.026213 0.057305 0.204265 -0.136924 -0.169800 0.620677 0.057113 -0.026167 -0.355052 0.015308 0.117931 0.260386 0.176587 -0.013897 0.256756 -0.100972 -0.042719 
0.067416 0.175596 0.104136 -0.297027 0.026184 -0.259370 -0.028484 -0.237469 -0.073482 -0.198938 -0.062005 -0.000823 0.245073 -0.249332 -0.075115 -0.116305 -0.194374 -0.195864 0.281959 0.043826 -0.072073 0.075825 -0.337895 0.382338 0.133019 0.208167 0.027956 -0.045452 0.148012 -0.874563 -0.137032 -0.058024 0.185041 0.051453 -0.059468 -0.167869 -0.352071 -0.074719 0.213474 0.044015 -0.337437 -0.034655 0.152947 -0.039063 0.105643 0.227343 -0.077468 0.243996 0.045375 0.190431 -0.055484 0.161456 0.504061 0.540855 -0.045723 -0.145789 0.048099 -0.255373 -0.291961 0.038648 -0.069079 0.370078 -0.092093 0.025606 
0.049692 -0.243024 0.025449 -0.161990 -0.023701 -0.127387 -0.230585 0.232132 -0.145820 0.128174 -0.334515 0.209287 0.027364 0.207716 0.078379 0.050604 0.030219 -0.101941 0.170613 0.058370 -0.097114 0.084425 -0.105821 0.121001 0.266202 -0.091107 -0.091006 -0.385297 0.035465 -0.098193 -0.055777 0.187817 -0.025355 0.072930 -0.080187 0.016722 0.070974 0.102307 0.034938 0.159438 -0.185318 0.001794 0.229579 0.201634 -0.011053 0.089264 -0.122607 0.148944 0.344788 -0.169702 -0.059140 -0.200366 0.267232 0.255993 -0.040006 -0.088942 -0.020027 -0.026497 -0.096232 -0.042301 0.133008 0.189246 0.083433 -0.128531 
0.063382 -0.035970 0.136350 -0.377246 0.254246 -0.206561 -0.058254 -0.028174 0.303371 -0.149050 -0.128634 -0.232083 0.190079 -0.040359 -0.123236 0.064375 0.048047 0.299922 0.022660 -0.134475 0.264865 -0.028538 0.091046 -0.127041 0.077645 -0.428929 -0.293876 0.184845 0.252911 0.124461 0.088865 -0.042900 0.286306 -0.232251 0.037624 0.189680 0.028564 0.063431 0.059024 -0.139890 0.141178 0.064126 0.039207 0.050773 -0.219614 0.092452 0.031296 -0.343959 0.002100 -0.145774 0.019370 0.054488 -0.101704 -0.191999 0.016420 0.029535 0.016078 0.325558 0.302244 -0.147501 0.042642 -0.053013 0.162034 0.249927 
0.256019 -0.053293 0.184072 -0.017889 -0.122593 -0.349319 0.020181 -0.204585 0.097136 -0.033030 0.265826 0.322122 -0.197519 -0.108621 0.265660 0.335248 0.119721 0.025528 -0.017434 -0.137239 -0.342517 -0.240218 0.008988 0.075309 -0.147746 0.061263 -0.294061 0.296866 0.192839 0.251909 0.068957 0.088322 -0.078123 -0.073898 -0.121494 0.142479 -0.177963 0.292289 0.060432 0.289588 -0.193213 0.106223 0.338573 -0.004057 -0.193023 0.165851 -0.043447 0.195277 0.056431 0.163286 0.030377 -0.131432 -0.202629 -0.131256 -0.260087 -0.190098 0.063438 -0.246329 -0.308334 0.271783 -0.274845 0.196659 0.031320 -0.008626 
-0.222176 0.072957 -0.152430 -0.118078 -0.044283 0.134375 -0.118041 0.037566 0.082741 -0.104136 -0.304389 0.131505 -0.271159 -0.027997 -0.164650 -0.081884 -0.047242 0.224890 0.307983 0.038451 -0.175439 -0.301836 0.044296 0.248876 -0.076713 0.156311 -0.023885 -0.100487 0.020501 -0.275134 0.167562 0.081489 0.143656 0.244163 -0.059853 -0.229472 0.183742 0.262135 -0.053639 0.067470 0.235372 -0.071633 -0.110080 -0.240148 -0.013480 -0.113933 -0.125784 0.081979 0.136658 -0.148550 0.118890 0.151333 0.085642 0.039859 0.072863 0.109163 -0.198839 -0.034406 0.216588 -0.211380 0.021597 0.066630 0.259142 -0.091175 
0.044920 -0.080880 -0.031220 -0.002974 0.096464 0.122993 -0.062652 0.125026 0.168639 -0.042880 0.066410 0.070007 0.004317 -0.007239 -0.070995 -0.056663 0.075200 0.147264 0.024358 -0.031253 -0.030454 -0.073033 -0.113487 -0.050060 0.119071 -0.081428 -0.131326 0.034513 0.092093 -0.130477 -0.045939 0.048696 
0.017952 0.062187 0.192295 -0.025900 0.079397 0.034268 -0.109777 0.073236 -0.017094 0.035939 -0.014437 -0.071533 0.173114 -0.046542 -0.067498 0.073193 0.018057 -0.074573 -0.108526 0.041995 0.065710 0.003202 0.148080 0.095179 -0.084385 -0.036920 0.167982 -0.046933 -0.183631 -0.038518 -0.008092 -0.093198 
0.063008 -0.094552 0.093354 0.023157 0.086924 -0.075141 0.069818 0.124692 -0.074409 -0.092905 -0.081058 -0.048225 -0.060128 0.005417 0.144686 0.049992 0.055708 0.107450 -0.019371 0.112711 -0.088350 -0.035814 0.046479 0.042314 -0.063000 -0.094123 0.021111 -0.099886 0.046945 0.042550 0.033381 -0.125662 
0.027733 0.010690 0.102919 -0.134063 0.018863 0.068086 0.056126 0.012820 0.016306 0.027113 0.169270 0.133411 -0.051347 0.094353 0.079878 -0.122869 0.122114 -0.196454 0.081989 0.057115 0.057705 -0.110127 -0.041054 -0.022043 -0.065252 -0.123575 0.102543 0.044680 0.014936 0.046043 -0.007467 0.139437 
0.024145 0.074560 0.009718 -0.094322 -0.044641 -0.003102 -0.054999 -0.045940 0.118652 -0.107123 0.048391 0.067473 0.120270 0.044112 0.045611 -0.011656 -0.117434 0.026885 0.026152 0.076016 0.049019 -0.065992 -0.002228 -0.153709 0.001637 0.000048 0.008640 -0.005462 0.058328 0.015830 -0.066094 0.039406 
0.034964 -0.008100 0.041680 -0.064249 0.054452 0.007433 -0.015923 -0.090713 0.108787 -0.094509 -0.033063 0.066195 0.062777 -0.100731 -0.034554 0.013014 0.099790 -0.070231 -0.032221 -0.113153 -0.003718 0.023615 0.005551 -0.006509 0.075826 -0.018268 0.104057 0.052656 0.091212 -0.048081 -0.005745 0.109477 
-0.031354 -0.042739 0.015212 0.026290 -0.123004 -0.038834 -0.199089 -0.102524 0.089650 -0.027201 0.160918 -0.047144 0.035547 -0.092208 0.095773 -0.077209 0.064651 0.059613 0.019107 -0.000719 0.015855 -0.077616 0.072943 -0.041599 -0.042296 -0.047168 0.114223 -0.052549 -0.114737 -0.140475 0.099149 0.072600 
0.016151 -0.108206 -0.147920 -0.082440 0.135877 -0.038792 0.048137 -0.008187 0.054142 -0.095679 0.063266 -0.046271 -0.001634 0.101971 0.007771 -0.105978 -0.117862 -0.019181 0.094973 0.025602 0.119957 -0.052459 -0.085696 0.087688 -0.044879 -0.052339 -0.080198 -0.039300 0.020116 0.013012 0.091821 0.147608 
-0.035411 0.099628 -0.110691 0.024423 -0.097317 0.030731 -0.102098 0.097679 -0.036483 -0.060840 -0.119416 0.091466 0.094739 -0.045670 0.063823 -0.041994 0.060314 0.015175 -0.020430 0.035965 -0.042184 0.016517 0.104498 -0.025640 0.064706 0.024835 -0.052541 -0.109844 0.084426 -0.096549 0.099319 -0.112246 
-0.088779 -0.087084 -0.091068 -0.046585 0.150227 -0.032204 -0.028729 0.045917 -0.013361 -0.117159 0.122217 -0.019885 0.001099 0.025502 0.132704 -0.011917 0.027487 0.085922 0.003160 -0.043130 0.063136 0.019266 -0.043932 0.011082 0.021180 -0.085333 0.002544 0.087675 0.000366 0.012591 0.065020 0.110089 
-0.053425 0.055143 0.162097 -0.115364 -0.090122 0.069409 -0.221146 0.100782 0.026473 0.033521 0.166279 0.029467 0.098365 -0.055557 0.016259 -0.090653 0.039516 -0.096165 0.138451 0.095828 -0.099868 -0.002178 -0.014552 0.061644 0.092930 -0.185692 -0.023916 0.082367 0.075343 -0.102428 -0.097160 -0.068178 
-0.029041 0.051770 -0.034600 -0.172285 -0.106317 -0.043792 0.079906 0.045417 -0.077170 0.023269 0.000619 -0.082332 -0.059160 0.071530 -0.001457 -0.026347 0.099485 -0.174442 -0.064071 -0.163847 0.035787 0.026578 0.073199 -0.171125 -0.073212 0.045556 0.069134 -0.036711 0.025043 -0.016632 -0.023164 0.028673 
-0.009768 -0.008458 0.041293 0.046858 0.222905 0.018199 -0.109140 -0.031399 0.128336 -0.005472 -0.114959 0.121442 -0.108236 -0.052875 -0.011598 -0.100604 -0.106891 0.169187 -0.051486 0.019134 -0.078162 -0.085523 -0.070774 0.162923 0.053116 0.108378 0.074051 -0.113681 0.087831 0.007997 0.040670 -0.034127 
0.122830 0.019948 -0.045218 -0.109923 -0.013998 0.147705 0.047919 -0.112492 0.019358 -0.043340 -0.129722 0.113283 -0.116584 0.036289 0.112518 -0.009665 -0.189038 0.016621 0.107287 -0.012836 0.013792 0.000793 -0.001325 0.021751 0.068974 -0.025795 0.053699 0.102689 0.068250 0.138598 0.004212 -0.012212 
-0.023644 -0.007198 0.081760 0.079109 -0.138036 -0.202864 0.045850 0.055603 -0.025548 0.037041 0.081541 0.016249 -0.133284 0.013911 0.087174 0.076473 -0.068261 -0.096639 -0.025759 -0.046351 0.081109 0.130206 -0.096782 0.049751 -0.017039 -0.112873 0.110704 -0.016855 0.051873 0.055108 0.102918 0.064595 
-0.043652 -0.043794 -0.006100 -0.077633 -0.070944 0.078813 0.209866 0.187871 0.004654 -0.021594 0.056993 0.080351 -0.026693 0.090759 0.067696 0.112480 -0.081606 0.034323 -0.138960 -0.116337 0.025216 -0.031562 0.108021 0.001226 -0.025831 -0.013372 0.036161 -0.027549 -0.021685 -0.038999 0.092388 -0.049115 
0.059638 -0.115806 0.004910 -0.076292 -0.110484 0.085222 0.054393 0.104307 -0.025261 -0.058626 -0.011673 0.097175 0.033331 -0.054383 0.009452 -0.018561 -0.072589 -0.027598 0.077308 -0.042158 0.159767 0.039275 0.010785 -0.073098 -0.037510 -0.024796 -0.000637 0.045890 0.024530 0.003338 -0.081886 0.034052 
0.012064 0.091499 -0.098148 0.001933 -0.121614 -0.110708 -0.008055 -0.090773 0.020156 0.058081 -0.094386 0.107057 0.102087 0.006291 0.004719 0.034150 -0.000460 0.068760 -0.020209 -0.070608 0.006891 -0.086349 0.025059 -0.000622 0.051198 -0.084037 -0.164772 -0.011656 0.102675 -0.153663 -0.003927 -0.067092 
-0.042199 0.007769 0.084158 -0.005954 0.012638 -0.093904 -0.086641 -0.025893 -0.129994 0.137658 -0.106824 -0.083833 -0.070326 0.071666 0.106096 0.013411 -0.085917 -0.001507 0.092547 0.070997 -0.119654 -0.023000 -0.134545 -0.000015 0.066013 0.094239 0.018381 -0.070000 0.029325 0.024521 -0.022177 0.119831 
0.111316 -0.046720 0.017906 -0.001631 0.091044 -0.011224 0.044290 0.140686 -0.050084 -0.167215 -0.002517 0.119097 0.079742 0.183193 0.013104 -0.021332 0.066150 -0.032472 0.038841 -0.067460 -0.130423 0.012949 -0.078131 -0.020854 0.077368 0.064685 0.105470 0.093587 -0.113260 0.090520 -0.024254 0.051119 
0.128647 -0.160664 -0.052060 0.110939 0.190166 0.078031 -0.100873 0.095996 -0.003626 0.015936 -0.069687 -0.009959 0.052228 -0.192951 -0.152831 -0.052843 0.077703 0.024743 -0.001244 0.200390 -0.013150 -0.099928 -0.014362 0.152275 -0.103931 -0.005958 -0.175546 -0.042547 0.067256 0.208540 0.011283 -0.087192 
0.035209 -0.053044 0.020549 0.055931 0.180685 0.174839 -0.051766 -0.015064 -0.073207 0.109347 0.057097 0.086297 -0.096674 -0.201724 -0.094137 0.152673 -0.036170 0.105708 0.044538 -0.038532 -0.112219 -0.041488 -0.000096 0.161664 -0.053046 0.054175 0.083747 -0.081050 -0.016550 0.201261 -0.110570 -0.027569 
0.146279 -0.032902 0.043783 -0.228060 -0.100048 -0.091057 0.053416 0.120826 0.154569 -0.059946 0.067394 0.102058 0.052287 -0.078291 0.051458 0.037962 -0.032685 -0.129348 0.099263 -0.169056 0.149287 -0.013780 0.011803 -0.037764 -0.089767 0.021169 0.019426 0.074837 -0.013997 -0.038764 -0.054984 -0.130802 
-0.086607 -0.090608 -0.015152 0.041987 -0.217734 0.060597 0.019633 0.020091 -0.077352 0.048149 0.059096 0.017247 -0.021612 -0.027864 0.044453 -0.042405 0.126840 0.059608 -0.002451 0.040407 0.055065 0.058773 -0.141475 -0.141553 0.018688 0.053245 0.081087 -0.108910 -0.023560 -0.026897 -0.043085 0.052196 
-0.101555 0.042574 -0.153082 -0.023395 0.123043 0.112833 0.104604 0.011205 -0.104165 -0.048020 -0.018438 0.128141 -0.118924 -0.044132 -0.051351 0.124953 0.079116 0.123356 -0.002134 0.119724 0.020050 0.006164 -0.153071 0.028102 -0.087522 0.169774 -0.081986 0.059372 0.091822 0.104658 -0.038570 0.064459 
-0.131113 0.101665 0.156299 0.133512 -0.068383 0.035633 0.165273 0.016115 -0.044314 0.050406 0.135821 -0.044540 0.078501 -0.044478 -0.041631 0.051965 0.208788 -0.039495 -0.028699 -0.041816 0.009342 0.055166 -0.009785 -0.213923 -0.040590 -0.082929 0.183113 -0.043932 0.017357 -0.130569 -0.086092 0.139655 
-0.087354 -0.079716 0.124444 -0.007525 0.021219 -0.050187 0.044139 -0.058315 0.046399 -0.061147 0.171351 -0.081387 0.078158 -0.011949 0.152234 -0.102123 -0.133594 -0.094630 0.028670 -0.127690 -0.059390 -0.063579 0.002640 -0.055318 -0.040017 -0.062522 0.146089 0.082036 -0.018638 -0.052672 0.076442 0.105349 
0.047406 0.098054 0.047348 0.065834 -0.083561 -0.141290 -0.097960 0.070282 -0.050523 0.205168 0.117418 -0.007924 0.034246 0.003083 0.008232 0.123328 0.058819 -0.050444 -0.117732 -0.077810 0.007302 -0.000875 0.164387 -0.050061 -0.008581 -0.143476 -0.019699 -0.092666 -0.128078 -0.079017 -0.045655 -0.006066 
-0.129593 -0.002236 -0.038898 0.002379 -0.054874 0.014340 0.006230 0.125974 -0.004817 0.013835 -0.018050 -0.006107 -0.015617 0.003101 0.015793 0.068402 -0.041512 0.092667 0.060636 0.125121 -0.085487 0.016575 0.041310 0.037956 0.051120 0.071360 -0.050551 -0.025125 -0.033563 -0.103905 0.048830 -0.029901 
0.168270 -0.103140 0.098234 -0.100841 0.055993 0.000733 0.009897 0.076002 0.033124 0.028184 -0.051159 0.105894 -0.042126 0.101465 0.069066 0.066131 -0.085366 -0.082262 0.065623 -0.104961 -0.014991 0.004930 -0.029335 -0.029456 0.032862 -0.043340 -0.022147 0.132197 -0.010363 -0.045323 -0.077530 0.090679 
0.038722 -0.085020 -0.033122 0.034945 -0.058468 0.062981 -0.051645 -0.018786 -0.045724 0.052488 -0.008699 -0.138772 0.018979 -0.044143 0.033222 0.184820 0.185084 0.060026 -0.049562 0.059476 -0.006312 0.038215 0.136627 0.090869 -0.170494 -0.020358 -0.036631 -0.130454 0.096171 0.064655 -0.018715 -0.027588 
0.011691 0.023918 -0.123713 0.048982 -0.091894 -0.067768 0.048896 -0.136124 -0.051094 0.141042 -0.041888 -0.020458 -0.126976 -0.061970 0.035420 -0.070614 -0.119760 0.054299 -0.063345 -0.103125 -0.013285 0.047481 0.047385 -0.000645 -0.031151 0.003818 0.077410 -0.055726 0.076282 0.026498 0.174758 0.088787 
-0.048111 -0.085252 -0.047103 0.083288 -0.018220 0.044017 0.008794 -0.028184 0.033102 0.108477 -0.016561 0.110075 -0.108720 0.027547 -0.171788 -0.032070 -0.040580 0.019029 -0.087456 0.049542 -0.172541 0.008156 0.120335 0.024677 0.033402 0.072197 0.029601 -0.085449 -0.102927 0.132786 0.031091 -0.088878 
0.112920 -0.076672 -0.082159 -0.083387 0.081304 0.190226 0.038778 -0.080052 -0.020588 0.027427 0.010294 -0.090233 0.123756 -0.090133 -0.205432 0.085229 0.162176 -0.058126 -0.120426 0.054852 0.127318 -0.152209 -0.047667 -0.022673 -0.141251 -0.011339 -0.028951 -0.099046 0.085007 -0.012901 0.045280 0.030902 
-0.024692 0.135532 -0.115043 -0.009184 0.097983 -0.033137 -0.058556 0.070298 0.164279 -0.041705 0.087638 0.024714 -0.014075 0.171001 -0.002852 -0.150109 -0.128425 -0.031844 -0.071714 -0.067799 -0.030623 -0.039622 0.003464 -0.145541 0.086663 -0.062563 -0.043014 0.051817 0.011325 0.059871 -0.033040 -0.072155 
0.117658 -0.016363 -0.024013 -0.084655 0.127699 -0.062724 -0.115002 0.105050 0.034806 -0.132206 -0.038131 0.043942 -0.039371 -0.040082 0.139207 -0.078828 -0.231165 -0.057968 0.083869 0.060595 -0.039639 -0.120010 0.146448 0.079253 -0.018282 -0.133329 -0.004797 0.009928 0.073771 -0.001619 0.024645 0.056773 
-0.018461 -0.045556 -0.112802 -0.178860 -0.007973 -0.004555 0.119329 -0.043584 0.009424 0.078716 -0.022973 0.084864 -0.059644 0.119948 -0.018823 0.058465 -0.059640 -0.027384 0.029653 -0.028665 0.188590 -0.009863 0.003114 0.151650 0.007350 0.038965 0.073435 0.046720 -0.009907 -0.066769 0.036175 0.043974 
0.005388 -0.040122 -0.035201 -0.015308 -0.276367 -0.038755 -0.090924 0.013000 -0.013397 0.045584 -0.030042 0.043431 -0.034249 -0.029170 -0.069061 -0.146200 -0.010362 -0.079420 0.080180 -0.071610 0.028252 -0.054754 -0.142850 -0.042140 -0.047936 0.093606 -0.187943 0.040864 0.113247 -0.155302 -0.092384 -0.028255 
0.037569 0.080186 -0.127816 0.029777 -0.089755 -0.007925 -0.120447 0.004066 -0.049588 0.074668 0.056320 0.039904 0.000462 -0.036342 0.045038 0.041251 0.026508 -0.009840 0.028048 0.010846 0.084590 -0.088819 0.096518 0.131619 -0.071307 0.025217 -0.047669 -0.145149 -0.088486 -0.083400 0.008130 0.142895 
0.062208 -0.031375 -0.022174 -0.109571 -0.190486 -0.031374 0.101443 -0.030623 -0.045056 -0.131211 0.057650 0.001244 -0.037364 0.093701 -0.046424 -0.136662 -0.157534 -0.048950 0.066811 0.017577 0.108706 -0.003376 0.039270 -0.071581 -0.013457 0.035944 0.042371 0.096075 0.124290 -0.148266 0.038789 -0.006540 
0.084560 -0.008662 -0.115291 -0.045980 -0.066550 -0.014668 -0.011410 0.056463 0.160806 -0.084505 -0.053377 0.076819 0.122558 0.088849 -0.071588 -0.116733 -0.253945 -0.072308 0.107182 0.023370 0.019153 0.086158 0.118398 0.074982 -0.071678 0.030908 0.055624 0.119279 -0.076964 -0.145375 -0.039223 0.085157 
0.007251 0.056234 0.034461 -0.138621 -0.169308 -0.159598 0.070669 0.061507 0.021565 -0.003898 0.136587 -0.039884 -0.048431 0.218675 0.029600 -0.034634 -0.089591 -0.039053 0.075766 0.084395 -0.073170 -0.038248 0.102043 -0.193652 0.022248 -0.073035 -0.087156 -0.017029 -0.036429 -0.105869 0.060965 0.121966 
0.063122 -0.049034 -0.172502 0.102745 -0.044648 0.126975 0.105227 0.040266 0.050244 0.106396 0.022208 -0.037657 0.073924 -0.117396 0.020836 -0.086575 -0.057957 0.047164 -0.077913 0.027193 -0.026959 -0.110483 -0.053628 -0.174103 0.032918 0.101888 -0.076386 0.097711 0.064494 0.053253 0.033915 -0.023991 
-0.110344 0.104561 -0.103647 0.057363 0.090597 -0.017007 0.008964 -0.069323 -0.062817 -0.032197 -0.006933 -0.058298 -0.098138 -0.062259 0.007937 -0.056822 -0.088337 -0.019104 0.022616 0.035027 -0.021078 -0.154343 -0.000113 0.068982 0.021252 0.134333 0.074845 -0.116138 0.037358 0.032819 0.137911 0.093641 
0.008630 -0.066900 0.009467 0.028928 0.091691 -0.007555 -0.120284 -0.089428 0.044545 0.012959 -0.000080 0.039521 -0.029744 -0.032968 -0.029276 0.048120 -0.014229 -0.073635 -0.028781 -0.123368 0.165549 0.021345 -0.063515 0.095578 -0.119396 -0.004626 0.125311 0.090190 -0.006700 0.004588 0.046991 0.172076 
-0.044403 -0.120369 0.080278 0.115514 0.118646 0.051153 -0.011300 0.013726 0.045157 0.031843 -0.128886 0.126092 0.099029 -0.045837 -0.076828 0.049337 0.034059 0.073494 -0.191248 0.020902 -0.156785 -0.111433 -0.000426 -0.040128 -0.133442 -0.026426 -0.188861 0.065953 0.086107 0.129953 -0.034959 -0.028289 
-0.011981 -0.010029 0.172972 0.047398 0.079266 0.043191 0.033109 0.114521 -0.029368 -0.053140 0.027838 -0.044497 -0.061941 0.151016 0.186880 0.023807 0.023700 0.013782 0.020624 -0.006743 -0.034761 0.040173 -0.002853 -0.087639 0.065018 -0.148512 0.008016 0.010140 -0.125230 0.091137 -0.025522 -0.104567 
-0.048268 -0.105462 0.145879 0.079028 -0.054676 0.046941 0.046174 -0.075547 0.004069 0.158232 -0.051741 -0.091356 -0.015523 -0.058644 -0.051498 -0.074330 0.189437 -0.050312 -0.019059 -0.049825 -0.051013 0.071618 -0.019195 -0.157954 -0.145128 0.136411 -0.032410 0.028119 0.027356 -0.096232 -0.081337 0.056304 
0.022168 -0.069280 -0.104142 -0.044608 0.078267 0.122106 0.130739 0.042182 -0.000516 -0.113777 -0.033338 -0.060640 -0.113147 -0.001563 -0.125526 0.025651 -0.068172 0.139359 -0.156432 -0.100995 0.067014 0.078995 -0.099684 -0.041059 0.032636 0.176408 -0.027212 -0.045030 0.097762 0.154534 0.094472 -0.099856 
-0.049535 -0.058065 0.154412 0.184266 0.091967 0.027433 -0.081136 0.050861 -0.107764 0.002004 -0.017774 0.041034 -0.096583 -0.139987 -0.014669 -0.067461 0.072570 -0.000735 -0.148906 0.041420 -0.181403 -0.098430 0.000084 0.197961 -0.057057 -0.097758 -0.182702 0.059133 0.012686 0.030406 -0.094655 -0.035471 
-0.001178 0.061380 0.009641 0.019090 -0.034646 -0.194785 0.097131 -0.022624 0.027394 -0.091189 0.115731 0.070838 -0.022988 0.017511 0.172125 0.064367 -0.093674 -0.118266 -0.047416 -0.022285 -0.049337 0.043930 0.015729 -0.065497 0.073453 0.022285 0.024977 0.077160 0.029640 -0.136579 0.085194 -0.006791 
-0.140511 -0.017493 -0.022521 -0.053603 -0.061234 -0.125996 -0.083377 0.090007 0.036450 0.005872 0.114951 0.032440 0.010964 0.045851 0.016308 0.047345 0.056214 0.093899 -0.021534 0.004617 -0.071756 0.136932 0.005458 0.055597 0.059436 0.034718 0.084203 -0.080964 -0.061500 -0.115981 0.003014 -0.040703 
0.099357 0.071221 0.027491 0.007440 0.197473 0.106667 0.048801 -0.035913 -0.095487 -0.011552 -0.053910 0.075073 -0.063330 0.044694 0.056086 0.082425 -0.011857 -0.125350 -0.109492 -0.028907 0.096035 0.025546 -0.055898 0.072570 -0.017408 0.128222 -0.014428 0.056154 -0.038626 0.114298 -0.024579 -0.027982 
0.003686 0.035070 -0.019386 -0.018523 0.153010 -0.076542 0.030065 -0.063492 -0.051530 0.065943 0.007535 -0.012053 0.033351 -0.067857 -0.027250 0.017601 -0.076201 0.046689 0.137458 -0.022872 -0.147103 -0.125618 -0.174608 0.058806 -0.083095 0.038856 0.016846 0.010551 0.072942 -0.039584 -0.130825 0.069148 
-0.076767 -0.088481 0.076515 0.049564 0.025609 -0.008817 0.018054 0.048895 0.144572 -0.197794 -0.092072 0.057691 -0.017184 0.131694 0.021314 -0.163752 -0.111834 -0.125950 0.055446 0.050452 -0.081011 0.048511 -0.018457 -0.166842 0.132559 -0.020568 0.133335 0.061326 0.008947 0.113722 -0.111334 0.036318 
0.071500 -0.071663 0.017812 -0.037389 0.030690 0.003381 -0.009101 -0.058450 0.096233 0.014047 -0.097793 -0.030308 -0.021283 -0.020716 -0.106732 -0.122809 0.048624 0.081588 -0.143432 0.072333 -0.061214 0.079341 0.033592 -0.086665 -0.055621 0.038074 0.026074 0.032226 -0.003790 0.043907 0.028019 -0.063757 
0.117624 -0.054410 0.053534 -0.038727 0.024813 -0.009908 -0.032650 -0.003365 0.059949 -0.116220 -0.005724 0.032239 0.032388 0.093976 0.091656 0.028197 -0.197908 -0.011102 0.039401 -0.036125 -0.046072 -0.049535 0.028196 -0.181241 -0.018124 -0.088129 0.034743 0.084425 -0.064537 -0.083282 -0.090143 -0.077120 
0.046642 0.148562 -0.019566 -0.040294 0.015719 -0.001861 0.036195 -0.012884 -0.011284 -0.144562 -0.041451 0.102320 0.002021 0.080379 0.107616 0.002828 -0.229713 -0.099868 -0.012281 0.023417 0.078867 0.008982 0.089215 0.041804 -0.005310 -0.026071 -0.025637 -0.084713 -0.061658 0.041324 0.003742 0.082981 
-0.011612 -0.054234 -0.167009 -0.061975 0.049706 -0.004009 -0.088150 -0.116593 0.115020 -0.077740 0.042683 -0.007309 0.084277 -0.059245 -0.090226 -0.074214 -0.223743 -0.096995 0.078648 -0.119306 0.019358 0.009706 0.113290 0.066367 -0.098375 -0.068968 0.040392 -0.158291 0.015616 0.087942 0.136469 -0.136817 
-0.015256 0.033364 0.111982 0.075392 0.029127 0.094755 -0.152012 0.075814 -0.130331 0.017017 -0.117915 0.107165 0.148701 -0.068594 0.114061 0.006886 0.128267 -0.087755 -0.049699 0.014913 -0.029348 -0.053280 -0.032470 0.020116 -0.123151 0.034885 -0.031431 0.114590 0.069952 -0.006906 -0.138644 0.059222 
-0.014679 0.072840 -0.028615 -0.109589 0.114532 0.081918 0.049176 0.008535 -0.000966 0.012856 -0.004171 0.065940 -0.131971 0.023376 0.091064 0.029340 -0.195650 -0.073066 0.081753 -0.011456 -0.056392 0.030432 -0.048403 -0.017340 0.102819 -0.035574 -0.059561 0.046353 -0.000408 0.039586 -0.002443 0.073147 
-0.042097 -0.053085 0.066197 0.024398 -0.147142 0.027814 0.077230 0.054656 -0.115245 0.165898 -0.103678 -0.077085 -0.011288 0.068597 -0.096242 0.000915 0.048406 0.070433 0.016344 -0.057230 0.052946 -0.009087 0.053106 -0.014997 -0.042717 -0.085695 -0.056607 0.074197 -0.014172 -0.015234 0.003938 -0.029915 
0.090474 -0.038775 -0.047604 -0.096315 -0.016101 0.033596 0.080902 0.037008 -0.011563 0.063897 -0.115443 -0.085928 -0.014618 0.026437 0.019110 0.065629 0.041025 0.090739 0.027396 0.106272 -0.102767 0.003371 -0.025473 0.017516 0.037593 0.113433 -0.061545 -0.069140 0.025736 -0.061707 0.102026 -0.050041 
-0.102019 -0.024358 -0.000488 0.210279 -0.033712 -0.012212 0.035394 0.124823 -0.018396 -0.008243 0.062522 0.090501 -0.041296 -0.054133 -0.025813 -0.018964 -0.146323 0.101822 0.014866 0.066548 0.044893 -0.088127 0.093084 0.054609 0.130818 -0.011978 0.023012 -0.094713 -0.023591 -0.002602 0.083058 -0.026595 
0.195516 -0.074209 0.002451 -0.242551 0.203862 0.019121 0.177072 -0.042861 
-0.026680 0.123853 -0.095767 0.215236 -0.047487 0.072147 0.047540 0.046961 
-0.098868 0.122020 -0.062767 -0.140309 -0.320932 -0.141011 0.228887 -0.334790 
0.080590 0.161165 0.043196 0.118826 -0.282186 -0.135154 -0.105987 -0.083049 
0.117120 -0.207273 0.070531 0.052552 -0.028196 -0.059389 -0.476167 -0.651031 
-0.016381 -0.092931 0.280601 -0.258385 0.057975 -0.100539 -0.223030 -0.210037 
0.006474 -0.289987 -0.236637 -0.182074 -0.265197 0.143536 -0.390782 0.144597 
0.285441 0.006646 -0.093984 -0.170930 -0.160526 -0.022946 0.120090 -0.009809 
0.011428 -0.210582 -0.049219 0.085895 -0.025748 -0.187379 0.311770 -0.024921 
-0.144900 0.291452 0.269415 -0.097691 -0.139050 -0.221495 -0.167355 0.012665 
-0.115730 0.144744 -0.158750 0.154794 -0.107009 0.097045 0.279095 -0.080042 
0.338151 -0.085165 -0.056240 -0.027495 0.069241 0.029019 0.142514 -0.110703 
-0.078991 0.145377 -0.122774 -0.192980 0.048221 -0.258528 0.162914 0.008565 
0.040038 -0.224748 -0.373307 0.030383 -0.014393 0.306758 0.044391 0.131971 
0.003597 0.053809 -0.217361 0.215058 -0.099591 0.260120 0.304183 -0.189179 
-0.031130 0.171460 0.066081 -0.170595 -0.083803 0.142245 -0.152092 0.067900 
-0.107892 0.101334 0.150292 -0.154824 -0.067783 -0.053841 -0.363411 0.003252 
0.214218 -0.033675 0.033874 0.177970 -0.215711 -0.087433 -0.244736 0.121728 
-0.021690 -0.153536 -0.243935 0.204218 0.250354 0.150160 0.101520 0.022397 
0.115499 0.073784 0.171383 0.042297 -0.164150 -0.202770 -0.044582 -0.051979 
-0.083734 0.072440 -0.003984 -0.126540 0.259192 0.208152 0.005201 -0.012904 
-0.153204 -0.041597 -0.054487 -0.076284 -0.156047 0.089151 0.033559 0.129910 
0.298644 0.150695 0.024316 -0.101191 -0.058341 0.105494 0.251590 0.112403 
-0.003948 0.251545 0.616031 0.021559 0.013643 0.189485 0.325518 -0.169328 
0.139600 -0.180799 -0.184189 0.319402 -0.144674 0.002608 0.081585 0.054354 
-0.155819 -0.097234 0.025628 0.058469 0.045709 -0.077305 -0.449335 0.203735 
-0.342612 0.098815 -0.191656 -0.026973 -0.236790 0.113807 0.149584 -0.090443 
-0.142557 -0.212521 -0.195988 -0.061912 0.194360 -0.031918 0.066728 -0.118334 
0.032804 -0.088733 0.055187 0.076999 0.290082 -0.011279 -0.190123 0.029791 
0.104040 -0.099435 0.076320 -0.057527 -0.095623 0.219385 -0.449285 -0.304129 
0.059815 0.036244 0.014967 0.137689 -0.000208 0.223234 -0.006199 0.080790 
-0.297614 -0.089237 -0.077480 0.165774 0.194940 0.137427 -0.054726 -0.073541 
0.228226 -0.362106 -0.311188 -0.028996 0.120610 -0.263482 0.622984 -0.076570 0.355241 0.349163 0.120388 -0.618852 0.430220 0.439136 -0.473184 -0.290206 0.094119 0.501745 0.036436 -0.540569 0.229612 -0.140161 0.700796 0.466048 0.413910 -0.215692 0.212326 0.246400 0.487925 0.014014 0.551776 0.123576 0.367549 0.097759 -0.263107 0.041750 -0.223597 -0.082468 0.193421 
-0.257456 0.351929 0.496211 -0.437147 0.141890 0.605341 -0.429276 0.518510 0.023534 -0.431048 0.115872 -0.007170 0.257684 -0.362139 0.086348 0.240370 -0.414251 0.379517 -0.383809 0.097383 0.181038 0.360191 0.019611 -0.299550 -0.071783 -0.626839 -0.309533 -0.333423 -0.335276 -0.079709 -0.449959 0.006076 0.224435 -0.347505 0.035742 0.299662 0.390226 0.349293 0.016369 
0.290400 0.366741 0.064973 -0.366444 0.156107 0.295356 -0.259160 -0.183897 0.339229 -0.460269 0.028264 -0.230668 0.484211 -0.501098 0.244801 0.451851 0.157710 0.493529 -0.489810 0.345024 0.090528 0.177087 0.590455 0.387465 0.408525 -0.291762 0.071745 0.132340 -0.013783 0.374430 -0.281214 0.392561 -0.017181 -0.362436 -0.064092 0.303346 0.334821 0.526779 0.553401 
-0.269667 0.112620 -0.555043 0.067786 -0.055634 -0.161117 -0.053057 -0.039278 0.616187 -0.202878 0.028918 -0.078992 -0.007701 -0.760666 -0.086592 -0.295894 0.299206 -0.144110 -0.519773 -0.356776 0.471895 -0.368467 -0.343754 0.268186 -0.219718 -0.267499 0.383911 0.394070 -0.801219 -0.461370 -0.017859 -0.149225 0.097993 0.030583 0.166206 -0.134759 -0.302116 -0.190441 0.091079 
0.211407 -0.137168 -0.365781 -0.284042 0.411075 -0.224895 0.345882 -0.285716 0.166764 -0.641971 -0.185379 -0.538027 0.424345 0.155635 0.328923 0.153644 0.458074 -0.385339 -0.502081 0.368920 -0.397387 -0.369580 -0.591307 -0.056956 -0.262978 0.425954 -0.055716 -0.213850 0.509700 0.244523 0.192077 0.299441 -0.290919 0.184111 0.021347 0.191522 -0.055850 -0.137293 0.237670 
0.225111 0.176100 -0.022486 0.238402 -0.018260 -0.073270 0.471953 -0.395399 0.323567 0.537394 -0.291779 0.049326 -0.627708 0.205123 0.355636 0.236302 0.099424 0.292617 -0.692937 -0.553488 0.224566 -0.016670 -0.803937 -0.069791 0.327743 0.352494 -0.087982 0.189721 -0.578770 -0.376409 0.181064 0.283839 0.089521 0.216581 0.549145 -0.527922 -0.065456 -0.276540 -0.214091 
-0.537180 -0.081681 0.030198 0.035183 -0.107608 -0.183902 0.475001 -0.357841 -0.356227 0.014483 -0.650726 -0.330884 -0.553417 0.573533 -0.425703 -0.194167 -0.020764 -0.138320 -0.526285 -0.384598 -0.067772 -0.450309 -0.509294 -0.560555 -0.752078 -0.892552 -0.667262 -0.114189 -0.299571 -0.065280 0.291998 -0.201686 -0.023998 -0.041583 -0.026781 -0.146364 -0.225832 -0.263842 -0.195476 
-0.086032 -0.697440 0.443312 0.617830 -0.277478 0.059887 -0.461803 0.635760 -0.484929 -0.135431 -0.772020 -0.096691 0.222725 -0.034397 0.310079 -0.675166 -0.161155 0.208258 -0.556797 0.257775 0.455709 0.209178 -0.175267 -0.504235 0.534493 0.326568 0.140644 0.017199 0.883562 -0.436918 -0.404006 -0.177328 0.092398 -0.046087 -0.122541 0.311950 0.005367 0.171661 -0.124881 
-0.266309 0.160281 0.031125 -0.180312 0.062182 -0.178471 0.109472 0.162863 0.010719 -0.167455 -0.212826 -0.001679 -0.106646 0.120101 0.107822 0.130023 0.008589 -0.132692 -0.112016 -0.185229 -0.118820 -0.191685 -0.020184 0.106425 0.063805 -0.105637 0.127484 -0.033605 0.092139 -0.074306 -0.160649 -0.048489 -0.080075 0.256861 -0.185988 -0.044857 0.144082 -0.148347 -0.022178 -0.087694 -0.127802 -0.105565 -0.097914 0.049484 0.162066 0.139620 -0.110067 0.100990 0.244424 -0.020191 0.104966 -0.143723 -0.020848 0.076617 0.117196 -0.127208 0.057329 0.074453 -0.002589 0.055777 0.149033 -0.026623 0.102358 0.000514 
-0.003846 -0.111481 0.070415 0.074658 0.045958 -0.029631 -0.271717 0.015619 0.169346 -0.038462 0.042665 0.120586 0.000099 0.019642 0.163126 -0.096300 -0.037685 -0.252411 -0.103850 0.184828 -0.069285 -0.161840 -0.154566 -0.058665 0.150158 -0.063961 -0.179258 0.157444 0.209853 0.192365 0.218445 -0.053768 -0.242771 -0.081078 0.278632 0.035460 -0.216446 -0.191688 0.004576 0.205680 0.075526 -0.111629 0.136080 0.137502 0.137495 0.071200 -0.147124 -0.208528 0.117488 0.070026 -0.077484 0.061853 0.084216 -0.176178 -0.304644 -0.046106 0.141335 -0.304659 0.092571 -0.029192 0.252525 0.101232 -0.052967 -0.123535 
0.031163 0.125166 0.126366 -0.053395 0.143251 0.131743 -0.087666 0.072958 -0.111190 -0.124857 -0.078075 -0.034537 0.090047 -0.144184 0.045489 -0.121388 0.152800 0.265609 0.071057 -0.088585 -0.145014 0.082781 0.077636 -0.114865 0.011353 0.083610 0.195318 -0.006814 -0.133496 -0.030002 0.041049 -0.080244 -0.036603 -0.168350 0.063635 -0.114489 -0.074062 0.160702 0.005731 -0.017303 -0.128061 0.021595 0.072033 -0.040670 0.240501 0.125603 0.070323 0.133699 -0.135787 0.034437 -0.184855 0.012124 0.198520 0.001565 0.092651 -0.080124 0.377537 0.097836 -0.105069 -0.139715 -0.198847 0.315217 -0.141262 0.338088 
-0.168274 -0.250889 -0.055653 -0.016690 -0.221456 0.208810 0.304201 -0.084007 0.124653 0.116349 0.030573 0.215256 -0.060847 -0.000792 -0.121460 0.043514 0.099926 0.250970 0.060365 -0.007320 0.228597 -0.070877 0.091464 0.154815 -0.068721 0.241371 0.123063 -0.371058 -0.023903 -0.202634 -0.144197 -0.029335 -0.063859 -0.026328 0.100073 -0.073053 0.046879 0.173751 -0.119270 -0.113498 -0.184591 -0.118031 0.064674 -0.056769 0.110913 -0.174209 0.150946 0.245011 -0.072835 0.154423 -0.024858 -0.018069 -0.003875 0.082543 -0.056011 -0.004050 0.118271 0.059448 0.252156 -0.055051 -0.206589 -0.060669 0.142036 -0.078096 
0.005814 -0.021740 -0.008255 -0.128230 0.126659 0.097089 -0.164700 -0.159583 -0.162164 -0.184613 -0.090980 -0.080628 -0.215930 -0.176411 -0.034737 -0.021928 0.121258 -0.135043 0.021156 0.093331 -0.047445 -0.194328 -0.016282 -0.095725 0.081949 -0.069737 -0.079697 0.056879 0.047012 0.165597 -0.055981 -0.066511 -0.082710 0.109900 -0.012916 0.150448 0.022464 0.049885 0.173694 0.074769 0.131571 -0.055748 -0.094090 0.139455 -0.116143 -0.030147 -0.056655 -0.108953 -0.071950 -0.120205 -0.123891 -0.022533 0.014301 0.158743 0.061370 0.110339 -0.148212 0.065932 -0.252300 -0.155233 0.119218 -0.176834 -0.014792 -0.038823 
0.177686 -0.095035 -0.015527 -0.037903 0.180668 -0.117951 -0.144047 0.184101 -0.065859 -0.025485 0.147017 0.073120 -0.078908 -0.121280 -0.076369 -0.097883 -0.051610 -0.191617 0.062463 0.038166 -0.227025 -0.097442 0.118837 -0.067642 0.183866 0.039395 0.044524 0.090181 0.132258 0.096119 0.198754 0.150361 0.134480 -0.070288 -0.020519 0.147312 0.026049 0.045120 0.175449 -0.208883 -0.048866 0.001560 0.053270 -0.039406 0.108150 0.118926 0.011072 -0.084413 -0.188720 -0.000624 -0.193620 -0.186330 0.099094 0.107740 -0.058775 -0.012111 0.099248 0.064109 0.175826 0.009140 0.117347 0.182680 -0.094603 0.164547 
-0.170491 0.181102 0.145311 0.199221 0.124745 -0.048828 0.072463 0.179725 -0.073161 0.040702 -0.168681 -0.163849 -0.084136 0.204286 0.011951 -0.013950 -0.074174 -0.002470 -0.009793 0.010585 -0.038399 0.003049 -0.210266 0.199550 0.106761 -0.249570 -0.068746 0.031562 -0.172302 -0.135523 -0.120596 -0.209404 0.236208 0.120972 -0.091683 0.163225 -0.045079 -0.084040 0.238530 0.061569 0.114219 -0.139018 0.088720 -0.032570 0.164221 -0.340946 0.147625 -0.147127 0.114347 -0.154427 0.219973 -0.169997 -0.254242 0.194610 -0.114320 0.030241 -0.358501 0.267973 -0.293032 -0.015101 0.267448 -0.371117 0.198468 0.070851 
0.176220 0.217347 -0.090524 -0.065586 -0.133470 -0.102348 0.182923 0.183491 -0.253993 -0.001699 -0.041761 -0.197435 0.127418 0.057398 -0.151842 -0.044852 -0.153199 -0.121751 0.061388 -0.196857 0.200521 0.090488 0.256087 -0.175066 -0.138310 0.169619 0.053921 0.102027 -0.102260 -0.214580 0.063486 -0.027708 0.155709 -0.087025 -0.100710 -0.216813 -0.047946 -0.005168 -0.153507 -0.215372 -0.186662 -0.043285 -0.100680 0.053841 -0.123964 0.049811 -0.102926 0.044560 -0.051674 0.151129 -0.026096 -0.017074 0.079520 0.118499 0.153019 0.077793 0.192477 -0.175012 0.207326 0.134162 -0.174730 0.141506 0.089868 0.233073 
-0.216433 -0.080804 -0.155230 -0.004423 0.123839 -0.188706 0.258771 -0.311925 0.048139 -0.069071 0.156243 0.149227 0.028194 -0.030825 0.022035 -0.008629 -0.284009 -0.370474 0.182656 -0.031265 0.019701 -0.090226 -0.105068 -0.159587 0.044769 -0.291812 0.111543 0.112128 0.041666 0.183748 0.108080 -0.025889 -0.102451 0.197406 0.015004 -0.064718 0.069949 0.118492 -0.020601 -0.160635 0.075356 -0.124730 0.196423 0.179952 -0.102980 -0.018885 -0.116328 -0.223889 0.084869 -0.163628 0.070331 0.204225 -0.039085 -0.084380 -0.102591 -0.091791 -0.282881 0.032392 0.007028 -0.040201 0.213785 -0.283828 0.026888 -0.314097 
-0.073504 -0.207682 0.022008 0.069490 0.199683 -0.106087 0.126207 0.189734 0.090927 -0.014311 0.065385 0.257358 0.152784 0.326952 0.219662 -0.067189 -0.055554 0.338431 0.335892 0.029665 0.078424 -0.204694 0.020564 0.113242 -0.221096 -0.019531 -0.217551 -0.229718 0.015118 -0.053302 0.106880 -0.163205 -0.205957 0.167219 0.015825 0.221721 -0.036296 0.186509 0.253435 0.158782 -0.097100 -0.004454 0.025805 0.169806 0.235643 0.060871 -0.007092 0.157568 -0.055454 -0.098570 0.086587 0.118027 -0.255729 -0.228339 -0.013002 -0.240111 0.056571 0.316636 0.121220 0.290770 -0.095021 0.143901 -0.061380 0.201277 
-0.048515 -0.056547 -0.038021 0.143384 -0.038189 -0.038237 0.063941 0.018886 0.072661 -0.187066 0.139232 -0.136567 -0.009587 0.236145 0.234811 0.066138 0.030034 -0.198814 -0.023871 0.144703 -0.051141 -0.200073 0.153463 0.045276 0.164083 -0.073750 -0.076808 -0.160475 -0.065627 0.054281 -0.054890 0.172000 -0.153748 0.223850 0.007018 0.166636 0.026252 -0.168478 0.202605 0.225978 -0.017799 -0.088459 0.119330 0.104921 -0.190072 0.184166 -0.045321 -0.143893 0.236003 0.150641 0.120296 0.209196 0.177787 0.070726 -0.043013 0.193974 0.081699 -0.136508 0.064809 0.134607 0.242990 0.179973 -0.093899 -0.078646 
0.116170 -0.155771 -0.177311 -0.133303 -0.065176 0.132734 -0.130891 0.104697 0.033863 -0.178504 0.008875 0.114745 0.233881 0.187818 0.135515 0.046484 0.053902 0.012759 0.011091 0.073446 -0.157942 -0.058211 0.055208 -0.008492 -0.099457 0.132596 -0.049123 -0.245969 0.015690 -0.283145 -0.082391 0.205837 -0.300991 -0.037466 -0.058103 0.003514 -0.013434 -0.005486 -0.018813 0.140519 0.025944 -0.059960 -0.156302 -0.047923 -0.006800 0.142413 0.093700 -0.119237 -0.180184 0.134423 0.059032 -0.026525 -0.016130 -0.208661 0.030942 0.189866 0.255742 0.004439 0.345333 -0.077473 -0.016943 0.166990 -0.113794 0.215834 
-0.313164 -0.024040 -0.070659 -0.046637 -0.010973 0.025528 0.061692 -0.151357 -0.191259 -0.054729 -0.021142 0.054903 -0.246270 -0.208504 -0.009165 0.051970 -0.050593 -0.067329 0.031685 -0.174676 0.123943 -0.032875 -0.164220 0.114237 -0.116036 -0.158694 0.176768 0.073808 -0.033423 0.276778 0.009566 0.148334 0.134377 0.293480 -0.183544 -0.063246 -0.014629 -0.135090 -0.169804 -0.009451 -0.145456 0.180131 -0.119466 -0.157444 -0.248635 0.373107 -0.099336 0.149418 -0.011931 -0.216310 0.010098 0.115656 0.252640 0.233177 0.035798 0.113864 -0.028824 -0.334679 -0.135669 0.033339 -0.232430 0.249630 -0.290228 -0.127796 
-0.014763 0.037548 0.144526 0.192637 0.182054 -0.162477 -0.167337 0.242868 0.103591 -0.020404 -0.271931 0.060329 -0.062567 0.041626 0.034983 0.072767 0.209246 0.242529 0.046661 -0.062321 0.003209 -0.222827 -0.251142 0.118481 -0.074995 -0.013175 -0.202775 -0.128021 -0.182607 -0.125590 0.017480 -0.254813 0.135142 -0.086132 -0.173312 0.094956 0.101767 -0.019219 0.109148 0.051423 0.098230 0.101680 -0.071667 -0.082460 0.005099 -0.217240 -0.016688 0.282503 0.055744 0.086756 0.079587 -0.198470 0.084134 0.055157 0.137655 -0.231592 0.048821 0.402603 -0.206086 0.234188 -0.187682 -0.099064 0.077314 0.177244 
-0.070621 0.086682 -0.061853 -0.269038 -0.163941 0.224165 -0.014943 0.264326 0.057264 -0.190693 -0.153477 0.259683 -0.081386 -0.150914 0.179048 0.137949 -0.168897 -0.192004 0.065563 -0.210800 -0.036343 0.028623 -0.076774 -0.021448 -0.011962 0.018968 0.104880 0.189939 -0.011821 0.070696 -0.130420 -0.164116 -0.092585 0.074058 -0.163211 -0.018726 0.065619 0.206585 -0.029743 -0.065276 -0.147574 0.069616 -0.165241 -0.000700 0.209334 -0.262815 -0.207239 -0.147801 -0.119882 0.294873 -0.227735 -0.168543 0.004255 -0.024433 0.030028 0.140179 -0.001092 -0.172484 0.027945 -0.218752 0.130687 -0.066145 -0.114380 0.019605 
-0.052658 -0.027284 0.148555 -0.218280 0.031794 -0.176991 -0.292873 0.028445 0.163110 -0.068743 0.055751 0.111775 0.045888 0.069924 0.310979 0.144084 0.030369 -0.321284 -0.267439 -0.134942 -0.226528 -0.047121 -0.165760 0.139560 0.228243 -0.076055 0.156202 0.249031 -0.097979 -0.085173 0.161081 -0.038530 -0.116024 0.030539 0.064934 0.094415 0.026235 0.033248 0.309569 0.153301 0.061919 -0.013768 0.012948 -0.106690 -0.002284 -0.011276 -0.162200 -0.233648 0.096179 -0.036819 -0.117726 0.126014 0.163091 -0.077343 0.037111 -0.015977 0.091424 0.094499 -0.218712 -0.202270 0.287829 0.063348 -0.036196 -0.022614 
-0.079431 -0.105487 0.058354 -0.077315 -0.154363 0.123673 -0.016909 -0.011396 0.027487 0.082127 0.057256 0.161186 -0.164625 0.080418 0.080694 0.220830 0.061612 -0.183315 0.126131 0.078732 0.052888 0.113259 -0.196116 0.047444 0.074080 -0.092988 0.022265 0.081323 -0.111001 0.003754 0.075753 0.089011 0.026390 0.115313 -0.118727 0.144490 -0.016973 -0.036073 -0.074975 0.151453 -0.171266 -0.017269 0.048989 -0.009542 -0.148040 -0.000248 -0.125213 0.100361 0.036340 -0.140066 0.002252 -0.094499 -0.184922 0.013922 -0.001828 0.154984 -0.065754 -0.199843 -0.069928 0.013469 -0.058106 -0.162402 -0.029491 -0.304201 
-0.072442 -0.066961 0.328076 -0.024516 0.202207 -0.123138 0.017960 0.039491 0.023304 0.088121 0.004400 0.204051 -0.079350 -0.009712 0.077004 0.097421 0.004248 -0.066334 0.270145 -0.062679 -0.030293 -0.180246 -0.026566 -0.061904 -0.069999 0.096073 0.192326 0.070667 -0.068374 0.002140 0.319775 0.253632 0.159674 0.278319 -0.063186 0.038834 -0.072054 -0.050687 -0.017873 -0.225344 -0.263990 -0.063510 0.275317 -0.150509 0.261909 0.311155 0.177866 -0.078383 0.213222 -0.018904 -0.119554 0.032023 0.104391 -0.006868 0.141887 -0.300253 0.132306 0.024729 0.055050 0.056597 -0.233817 0.190026 -0.067385 0.195335 
-0.006835 0.036229 -0.103539 0.353550 -0.083558 0.017635 -0.096414 -0.106177 0.069804 -0.231480 0.044463 -0.140675 0.135926 0.058950 0.217404 0.060079 0.057297 0.262234 -0.166194 -0.007448 0.132447 0.073561 -0.026332 0.269916 0.149313 -0.215696 -0.198453 -0.249267 0.182070 -0.190485 0.119348 0.045019 -0.309233 0.075662 -0.057062 -0.014856 -0.065733 -0.225677 0.281586 0.324104 0.186259 -0.224766 -0.196561 -0.138493 -0.236007 0.375917 0.189911 0.302515 0.230188 -0.088786 -0.034456 -0.045775 -0.026059 -0.023048 -0.176433 0.201227 0.361973 0.129167 0.189232 0.292957 0.149007 0.470844 -0.235619 0.221146 
-0.086559 0.121175 -0.186580 -0.088140 -0.148006 0.141996 -0.072521 0.184948 0.099440 -0.075800 -0.079162 -0.087522 -0.105270 -0.238500 -0.127788 -0.088223 -0.093027 -0.030009 -0.215970 -0.045177 -0.143599 -0.039381 -0.107582 0.273879 -0.082645 0.225790 0.200347 0.160293 -0.028450 -0.080678 0.018666 0.064890 -0.191085 0.138790 -0.167218 -0.067382 0.106771 -0.151076 -0.214324 0.122295 0.224199 0.000972 -0.034716 -0.130039 -0.043460 0.300194 -0.193975 0.228749 -0.156662 0.028982 -0.261227 -0.107775 0.266246 -0.077791 -0.112426 0.158836 0.088049 -0.270627 0.110293 -0.032411 -0.234138 0.288191 -0.330901 -0.083471 
-0.075869 -0.240804 0.119920 -0.065113 0.000193 0.115709 0.343597 -0.079624 -0.074045 0.075280 0.185669 0.261425 -0.043032 0.224166 -0.028587 0.050082 -0.045729 0.198891 0.299290 -0.103273 -0.095879 0.216310 0.133693 -0.143972 -0.294064 0.062330 0.052598 -0.238449 0.179761 0.052953 0.143093 0.085197 -0.151420 0.010975 0.076120 0.004211 -0.054385 0.027529 -0.258635 -0.087793 -0.052596 0.077614 0.040036 0.127253 0.191550 0.282999 -0.017570 -0.125954 0.070802 -0.211163 -0.044978 0.145827 0.080682 -0.233768 0.102602 -0.194416 0.088831 -0.057930 0.046714 0.011782 -0.242236 -0.026286 0.100274 -0.078773 
-0.020702 -0.141064 -0.115237 0.065056 -0.003949 -0.153079 0.010217 -0.098125 0.153643 0.030292 -0.072197 0.217555 0.069038 -0.052644 0.171385 -0.022721 -0.049277 -0.049291 0.222323 -0.079683 -0.182557 0.083128 -0.014330 0.046133 -0.062264 0.173781 0.201118 -0.020316 0.164511 0.032061 -0.070833 0.057794 -0.213169 -0.090616 -0.074056 -0.022303 -0.055999 0.012039 -0.004172 -0.089733 -0.151146 -0.005754 -0.162909 0.056744 0.221171 0.399739 0.151477 -0.026499 0.167050 0.215160 -0.003070 -0.117403 0.145368 0.117646 0.021078 -0.172049 0.311088 -0.016062 0.161920 0.061395 -0.249562 0.448499 -0.258645 0.040267 
-0.351623 -0.072102 0.154277 0.070751 0.248587 -0.226506 0.149353 -0.329208 -0.284312 -0.033417 0.318462 -0.242760 0.010022 0.039748 0.005821 0.050480 -0.103456 0.106990 0.107945 -0.215280 0.146351 -0.243723 -0.009543 0.141996 0.215782 -0.204155 -0.057556 -0.174033 0.040411 0.133605 0.319495 0.151321 0.051010 0.341915 -0.102445 0.050946 -0.178211 -0.334369 0.223842 -0.174394 0.076602 -0.022613 -0.051349 -0.158861 -0.143288 0.572019 -0.133485 0.140837 0.243508 0.024404 -0.139990 0.021978 0.392314 0.098594 0.289620 0.047514 0.504470 -0.243566 -0.163457 -0.027422 0.026248 0.598922 -0.396764 -0.039227 
-0.258671 0.115252 -0.176966 0.011058 -0.128925 -0.222651 0.165156 -0.288396 0.088177 0.067285 0.066982 0.108481 -0.067429 0.091861 0.236814 0.125293 -0.218550 -0.161788 -0.052786 -0.203794 0.215127 -0.204002 0.123485 0.116481 0.005706 -0.032024 -0.211637 -0.174164 0.091781 0.002829 0.153392 -0.017379 -0.128269 0.395059 -0.109113 0.004051 -0.121058 -0.106272 0.147060 0.023859 -0.193791 -0.161298 0.025361 0.027937 -0.050853 0.058108 -0.036404 0.042634 0.259244 0.009529 0.081132 0.128354 0.052273 0.133354 0.113619 -0.078618 -0.001872 0.000562 -0.000147 -0.082875 0.289501 -0.172871 -0.099667 -0.143713 
-0.473069 0.136201 0.151412 -0.212033 -0.126974 -0.068095 0.263737 -0.002590 -0.081935 -0.134295 0.086450 0.354209 0.141349 -0.133338 0.128914 0.161671 0.000893 0.140846 0.160721 -0.250818 -0.140149 0.056786 0.075141 0.059722 -0.066724 0.134785 0.230702 -0.062631 0.125970 -0.197181 0.185747 0.188276 -0.157835 0.259092 -0.341289 -0.111308 0.251988 0.167614 0.021287 -0.171989 -0.343477 -0.100443 -0.066496 0.139980 0.107899 -0.069019 0.052159 -0.083118 0.075443 0.253226 -0.094009 0.053404 0.075113 0.255083 0.109351 -0.167428 0.215048 0.026749 0.219972 0.092184 -0.144204 0.143464 0.013081 0.176574 
-0.203146 -0.172756 0.014246 -0.192615 -0.387896 0.035928 0.326468 0.103597 0.215289 -0.231982 -0.200697 0.566656 -0.246576 0.228821 0.239390 0.455797 0.002238 0.024230 0.132330 0.013571 0.027175 -0.106253 -0.039231 0.364362 -0.064931 0.104804 -0.056254 -0.345426 -0.179189 -0.401165 -0.194058 -0.039827 -0.123498 -0.010513 0.109584 0.279142 0.273585 0.190801 -0.170254 0.126635 0.118821 0.049781 -0.246515 0.265498 0.002225 0.036177 -0.031723 0.361953 -0.155859 0.044116 -0.016050 0.026961 -0.064068 0.098254 -0.207129 0.389369 -0.073234 0.151423 0.227905 0.083998 -0.145324 0.236657 0.104012 -0.067423 
-0.327742 0.077738 -0.170772 0.051981 -0.128849 0.129691 0.311328 -0.186969 0.002185 -0.204395 0.148126 0.141564 -0.130853 0.095768 0.083072 0.019976 -0.219708 0.135248 0.181595 -0.002567 0.166435 -0.054012 0.126112 0.094608 -0.199395 -0.020493 -0.073239 0.015810 -0.072698 -0.123825 -0.041550 0.031683 -0.226459 0.308517 -0.292665 -0.047910 0.117932 0.213792 0.027181 -0.168343 -0.203815 0.010335 0.058663 -0.087312 -0.155433 -0.030066 -0.023638 -0.026096 0.003731 0.034380 0.108312 -0.096145 0.035313 0.109902 0.207931 0.192284 -0.087841 -0.109829 0.280120 -0.029132 0.036113 -0.054036 0.030877 0.012317 
-0.258644 -0.077017 -0.169869 0.141955 -0.034615 0.012894 0.352887 -0.051040 -0.071621 0.094355 0.140050 0.067490 -0.076947 0.061678 0.078231 0.123869 0.057633 0.049923 0.204259 0.024055 -0.057406 0.048477 0.003024 -0.090661 0.055840 -0.102608 -0.032724 -0.142937 0.081802 -0.147954 0.178588 0.215253 -0.013931 0.293811 0.072136 -0.093823 0.045885 0.175315 0.103462 0.013558 -0.061426 0.000644 0.208038 0.142898 0.181885 0.112111 0.002582 0.077760 -0.018152 -0.117933 0.032766 0.040306 0.015150 0.130441 0.054589 0.102983 -0.112677 -0.116454 -0.053640 0.131511 -0.074858 -0.150682 0.084327 0.097485 
-0.272503 -0.021505 -0.103063 0.025584 -0.296984 0.197663 0.084567 0.221768 -0.037222 -0.135419 -0.119068 0.108230 -0.109089 -0.232913 -0.130872 0.105863 -0.006532 0.400497 0.048076 -0.184976 0.261066 -0.192037 -0.044247 0.503145 0.034527 0.278604 0.175903 -0.034231 -0.309870 -0.112865 -0.036275 -0.263492 0.333558 0.210718 -0.083333 0.031370 0.359315 -0.289037 -0.311679 0.137910 -0.002421 0.206876 -0.317597 -0.160933 0.047333 0.173302 -0.093844 0.581839 -0.119193 0.023980 -0.184986 -0.294941 0.323716 0.271037 0.237908 -0.011718 0.263279 0.172935 -0.251419 0.308396 -0.463877 0.482162 -0.215472 -0.188787 
0.083846 0.127402 -0.023837 0.142084 0.128593 -0.115050 -0.183135 -0.086618 -0.139766 -0.095914 -0.097420 -0.006695 0.017702 -0.009990 0.132239 -0.138481 -0.070599 0.073217 -0.243560 -0.105133 0.082759 -0.257408 -0.041640 0.163052 0.189538 -0.000189 -0.038936 0.199545 -0.002023 0.078925 -0.085923 -0.066554 0.043676 0.046635 -0.057064 0.016571 0.098123 -0.179565 0.070632 0.260604 0.197417 0.053861 0.057206 -0.035038 -0.185019 0.070807 0.038155 0.011193 0.040062 -0.007602 -0.011426 -0.162145 0.153676 -0.137086 0.034752 -0.053952 0.143668 -0.068047 -0.156640 0.066270 0.161315 0.051880 -0.218180 -0.067406 
-0.221537 -0.024831 0.047703 0.223987 -0.132557 -0.196846 0.163879 0.063304 0.099673 0.090059 -0.110861 0.052055 -0.138531 0.194591 -0.116607 0.051368 0.011801 0.103800 0.072415 -0.116359 0.158616 -0.056950 -0.142555 0.146166 0.103286 -0.016512 -0.123325 -0.010901 -0.125312 0.093084 0.105449 -0.205687 -0.071288 0.014796 -0.132850 -0.042991 -0.015293 -0.149504 0.223768 -0.051133 0.095625 -0.014986 0.167593 -0.124426 -0.076136 -0.184579 0.110772 0.065295 0.148186 -0.082028 0.190394 0.052122 0.074316 -0.120630 -0.012579 0.080520 -0.062532 0.231660 -0.166165 0.152117 0.087956 -0.177191 0.230921 -0.003368 
-0.142014 -0.173232 0.196427 -0.194151 -0.119769 0.071101 -0.037386 0.129537 -0.076831 -0.127184 0.135737 0.120304 -0.144952 0.016571 -0.054311 0.273062 -0.176509 0.058228 0.054909 -0.183864 -0.210716 -0.236214 0.033573 0.185186 0.208322 -0.114888 0.086221 0.138733 -0.037857 0.095143 -0.035499 -0.152544 0.067427 -0.012135 -0.129881 0.139411 0.151900 -0.055019 0.034232 -0.062765 0.009899 0.018617 0.084876 0.137985 -0.042404 0.272751 0.093759 -0.105997 0.154714 0.009545 -0.080490 0.123389 0.041338 -0.105470 0.047669 -0.034311 -0.078020 -0.117707 0.042877 0.014476 0.093247 -0.064873 -0.035298 -0.002580 
-0.166307 -0.048838 -0.098939 0.094822 -0.665583 -0.457446 -0.047218 0.319246 
-0.146300 0.200495 0.288322 0.383723 0.146951 0.130657 0.157203 0.261987 
0.311260 -0.191552 0.261808 -0.222811 -0.217892 0.195596 0.059302 -0.140551 
0.052311 0.365154 -0.269607 -0.036020 -0.292824 0.206553 -0.121276 -0.303837 
0.258031 -0.146222 0.287647 0.273460 -0.474695 0.180460 0.019394 -0.178781 
-0.215055 -0.101152 -0.151977 -0.104318 -0.005511 -0.283306 0.216684 0.238844 
0.350351 -0.081537 -0.908068 -0.325451 0.335968 0.430239 0.028071 -0.133973 
0.267399 0.169771 0.179057 -0.255404 0.153680 -0.229552 0.353823 0.096333 
0.137088 -0.031689 -0.103201 -0.123529 0.003166 -0.416674 -0.149289 0.000681 
-0.017980 -0.262644 -0.175964 -0.183932 -0.427310 0.170864 -0.048529 0.032054 
0.042436 -0.194118 -0.146904 0.292148 -0.125624 0.127774 -0.179374 -0.136077 
0.471920 -0.306777 -0.366746 -0.713589 0.417710 -0.184908 0.003545 -0.176244 
0.236372 0.150910 -0.136819 0.375627 -0.084949 -0.021148 0.200904 0.015027 
0.310459 0.013053 -0.346884 -0.156340 0.071446 -0.096195 -0.325878 -0.194579 
0.315128 0.153788 0.098739 0.217215 0.367962 -0.233129 -0.313448 -0.052008 
0.115601 -0.032114 -0.117626 -0.461018 0.409110 -0.006424 -0.098017 -0.211962 
0.132493 0.143089 -0.023473 -0.131439 -0.207639 -0.060566 0.104890 0.084080 
0.285675 0.375918 -0.355904 -0.449800 -0.638344 -0.047612 0.284187 0.363945 
0.426610 -0.245747 -0.459283 -0.296645 0.050992 0.328220 -0.046402 0.025521 
-0.025891 -0.015283 -0.336288 -0.127881 -0.239596 -0.232293 -0.133323 -0.112346 
-0.240527 0.246716 -0.375182 -0.178471 -0.158015 0.185479 -0.005030 -0.052029 
-0.126917 -0.210883 -0.350914 -0.007067 -0.134078 -0.124276 0.301752 0.098683 
0.033908 -0.043487 -0.266889 0.291458 0.131181 0.059532 0.151559 0.132796 
0.028350 0.606926 0.165456 -0.419460 0.282831 -0.036113 -0.042695 -0.297438 
-0.047696 0.134469 0.439644 0.079174 -0.083796 -0.078733 -0.288477 -0.276585 
0.022282 -0.110055 -0.047571 -0.126428 -0.133933 -0.247927 0.275043 0.594523 
-0.068121 -0.293745 0.314375 0.028109 -0.064967 0.003759 0.083084 0.293153 
-0.401498 -0.280124 0.741744 0.202661 0.302748 0.101203 0.037111 0.178683 
0.108423 -0.104204 -0.043635 0.331187 0.024932 -0.001096 -0.029048 -0.122984 
-0.268705 -0.376575 0.288450 0.128069 -0.315351 0.106484 -0.048974 -0.197741 
0.173218 -0.212565 0.128961 0.195267 -0.299831 0.287612 -0.175275 -0.199507 
-0.084424 -0.258428 -0.158160 0.390483 -0.061228 0.021883 -0.021800 -0.155199 
-0.244170 -0.065828 0.103880 -0.440731 -0.395572 0.391165 0.214755 0.030527 
-0.131317 0.055274 0.109065 0.277596 0.441519 0.487475 -0.191188 -0.323643 
0.049579 -0.330696 -0.120155 -0.282631 -0.245276 -0.196771 0.089893 -0.342707 
0.112400 -0.005928 0.099957 -0.282895 0.030501 -0.104476 -0.218787 -0.206006 
-0.088568 0.206692 0.091550 -0.235454 0.391728 0.007476 -0.074876 0.278099 
0.194183 -0.290697 -0.260353 -0.050788 0.359675 -0.029182 0.187383 0.391048 
0.388355 0.337907 0.244011 0.436626 0.299742 0.124867 -0.284813 -0.415491 
-0.031016 0.251662 0.065485 -0.211694 -0.196523 -0.485100 -0.182896 -0.352850 
-0.246162 0.264186 0.126077 -0.237393 -0.257481 -0.224249 -0.129171 -0.436508 
-0.182577 -0.006487 0.093206 -0.137352 -0.072329 0.034738 0.177053 0.135003 
0.159231 -0.431761 -0.114346 -0.014190 -0.241454 0.091222 -0.095280 -0.276583 
0.119620 -0.247920 -0.058703 -0.090126 0.179190 -0.134953 -0.197399 0.058778 
0.478464 -0.376941 0.062566 -0.228017 -0.138194 -0.085102 0.208258 0.201621 
-0.425653 -0.368191 0.803675 0.890567 -0.018334 0.228084 -0.191114 -0.358121 
0.250402 0.072925 -0.122979 -0.034802 -0.173326 0.094442 0.036345 0.029086 
-0.091856 0.700621 -0.123151 -0.461510 -0.148608 -0.082537 0.045557 0.244145 
0.138581 0.143515 0.020759 0.231767 -0.086759 0.243075 -0.446160 -0.094061 
0.225860 0.120481 0.109600 0.266322 0.236382 -0.177047 0.232174 0.282251 
0.048416 0.035759 -0.252210 -0.231035 0.112846 0.139062 -0.078121 -0.171867 
0.038113 -0.232994 -0.166229 0.129583 0.042022 0.028508 -0.202439 -0.163668 
-0.193172 0.014993 0.522913 0.380376 -0.121049 -0.014433 0.008011 -0.007755 
-0.206646 0.284147 0.101301 0.163231 0.351578 0.317244 0.005484 0.394694 
-0.044126 0.146333 0.077119 0.216375 0.040815 0.384783 0.067226 0.300272 
-0.380204 0.163818 -0.126299 0.009429 0.472971 -0.326765 -0.038623 -0.179962 
0.062932 -0.034443 0.453748 0.796258 -0.344864 -0.152037 0.018361 0.145228 
0.489076 0.325159 -0.083637 -0.407299 0.291368 0.202834 -0.046736 0.341922 
0.277298 -0.105424 -0.460503 0.443320 0.317975 -0.335335 0.003151 0.154796 
0.140785 0.454542 -0.110103 -0.154304 0.061000 0.263154 0.030101 -0.141259 
-0.068083 -0.000776 0.230769 0.616175 0.420757 0.087716 -0.299609 -0.903022 
-0.393763 0.025552 0.912685 1.078333 -0.182831 -0.090808 0.074274 0.125921 
0.201950 -0.000704 -0.527616 -0.542132 0.079961 0.188348 -0.010655 0.164026 
0.471608 0.269973 -0.024248 0.263188 0.049149 0.019431 0.400397 -0.013115 









0.000000 
0.000000 
0.000000 
0.000000 
0.000000 
0.000000 
0.000000 
0.000000 
-0.034948 
0.160927 
-0.035938 
0.283191 
0.208120 
0.355700 
0.466570 
0.297811 
0.008705 
0.382347 
0.620811 
0.037452 
-0.172892 
0.094407 
0.331269 
-0.019076 
0.000036 
0.061557 
-0.028862 
0.009310 
-0.229903 
-0.205448 
0.190271 
-0.214601 
-0.373633 
-0.284366 
0.551946 
0.051693 
-0.202622 
0.475960 
-0.293989 
0.075247 
-0.201981 
-0.425209 
0.017061 
0.505075 
0.162288 
0.104953 
0.019698 
0.211207 
0.239863 
0.095654 
-0.500543 
-0.160205 
0.396301 
-0.552746 
0.223340 
-0.241372 
-0.500771 
0.007880 
0.311350 
0.024045 
-0.250232 
-0.091101 
0.333392 
-0.123246 
0.274808 
0.352307 
0.221531 
0.078589 
0.138329 
-0.404269 
-0.119376 
-0.095215 
0.141610 
0.071412 
0.082441 
-0.123954 
-0.014975 
-0.170440 
-0.623912 
-0.103271 
0.205041 
-0.330265 
0.267661 
0.133343 
0.145653 
-0.038866 
0.412386 
-0.094083 
-0.436830 
-0.295874 
0.243528 
-0.171851 
0.265892 
-0.042410 
-0.104920 
0.357481 
-0.030156 
-0.273222 
0.204415 
0.133584 
-0.073567 
-0.103222 
0.087443 
-0.008202 
-0.268303 0.551214 
0.346767 0.313387 
-0.080477 0.534985 
-0.176064 0.582603 
-0.014156 0.507455 
-0.086895 0.602403 
0.947308 0.380269 
-0.479807 0.645211 
0.283849 
-0.452626 
-0.137417 
-0.125904 
0.130075 
0.024657 
0.328653 
0.278277 
0.154896 
-0.198496 
-0.107821 
-0.055279 
0.067666 
0.037627 
0.307954 
-0.024369 
-0.203973 
-0.061931 
-0.355288 
-0.111203 
-0.248869 
-0.297667 
-0.658615 
0.267610 
0.514630 
-0.713405 
0.373612 
0.006999 
-0.108410 
-0.077714 
0.033809 
-0.088924 
-0.032236 
0.367133 
-0.261445 
-0.235029 
0.046929 
-0.049859 
-0.401458 
0.039202 
-0.174667 
-0.185354 
-0.007159 
-0.462692 
0.272681 
-0.210174 
0.183394 
-0.358077 
-0.056805 
-0.421191 
-0.247959 
-0.177746 
-0.283609 
-0.091393 
0.153241 
-0.155415 
0.069219 
-0.326733 
0.062574 
0.477542 
0.074469 
0.077184 
-0.171212 
-0.114409 
-0.266133 
0.035584 
-0.397119 
-0.237184 
0.025708 
0.118168 
0.440619 
-0.410319 
-0.265321 
0.081562 
-0.265251 
-0.080177 
-0.261328 
-0.399148 
-0.079364 
-0.004277 
0.118998 
0.309918 
-0.092610 
0.036027 
-0.140619 
0.564307 
0.362539 
0.034181 
-0.302394 
0.281053 
0.132424 
-0.026293 
0.486395 
-0.439471 
0.289423 
0.193203 
-0.145957 
0.216036 
0.511964 
1.211773 
0.725351 
0.381349 
0.052264 
0.620730 
1.425000 0.067409 0.044269 
