-0.303249 -0.163065 0.142809 0.060409 0.027605 0.111209 0.072393 -0.006254 0.031756 0.288009 -0.248759 0.202928 -0.155829 0.229228 0.156680 0.129450 -0.222870 -0.114333 -0.038206 0.130150 -0.068803 0.093445 -0.051894 -0.240092 -0.222036 0.035897 -0.185853 -0.287833 -0.075787 -0.140572 -0.092823 -0.142314 -0.026175 -0.134038 0.194515 0.357357 -0.006250 0.132068 -0.086307 -0.036462 -0.003986 -0.014804 -0.013048 0.089558 -0.204921 -0.250865 -0.137467 -0.136362 -0.267030 0.060237 -0.152094 -0.071790 -0.077731 0.000751 -0.107155 0.095913 -0.105330 0.073982 0.216697 -0.061535 -0.075420 0.318926 -0.096096 -0.168713 
-0.273950 -0.130083 -0.196279 0.263784 0.152388 -0.101442 -0.170911 -0.082833 0.209268 -0.052442 0.113022 0.350879 0.056593 0.201866 -0.262182 0.190935 0.240998 0.090118 -0.067276 0.151501 -0.114379 0.202173 -0.118930 -0.033346 -0.067100 -0.272403 0.099834 -0.193677 0.015518 -0.303031 -0.070154 -0.167636 -0.151913 -0.067820 -0.242729 -0.202159 0.062548 0.032549 0.000985 -0.002383 0.205024 -0.281963 0.104492 -0.057208 -0.319616 0.165282 0.027431 -0.008877 0.025478 0.161484 -0.001769 0.214468 0.017089 0.370914 -0.179557 -0.245792 -0.076599 0.124492 -0.081687 -0.054793 0.117405 0.006872 -0.075476 -0.191555 
-0.116123 0.154141 0.011421 0.336400 0.177476 0.129352 -0.037455 -0.075726 0.151549 0.195429 -0.324591 0.170015 0.241967 -0.033979 -0.038194 -0.001185 -0.235397 0.225548 -0.083387 0.243336 0.053735 0.259769 0.176733 -0.373060 -0.002142 -0.123289 -0.087524 -0.020121 0.012343 -0.055296 0.020131 0.091831 -0.126705 0.120461 0.159929 0.280175 0.018549 0.248162 0.132251 -0.381329 0.163913 0.227443 0.220713 0.110967 -0.040607 -0.150233 -0.230690 0.054725 -0.009676 0.167875 -0.235826 -0.214173 -0.059112 -0.190557 -0.171230 0.181323 -0.273333 0.007178 0.163084 0.148726 -0.222937 -0.153117 0.063351 -0.304384 
-0.110859 -0.244608 0.044705 0.292194 -0.299379 0.024515 0.120447 0.193728 0.058658 0.069559 0.006412 0.168386 -0.070955 -0.335197 -0.014251 -0.078496 0.198325 0.005952 0.122054 -0.159371 -0.024465 0.381692 -0.170245 0.178199 -0.072896 -0.072194 0.405066 -0.080208 0.035533 -0.222175 0.099586 0.026054 -0.012315 -0.059708 -0.042044 -0.146607 -0.011755 0.156773 -0.016997 -0.261451 0.014112 -0.274529 -0.030717 0.043118 -0.125213 -0.058479 0.191356 -0.057862 -0.124483 -0.146755 -0.161604 -0.015931 -0.181772 0.204556 -0.161157 -0.001098 0.205883 -0.208415 0.009918 -0.040851 -0.088724 0.168214 -0.014539 -0.052736 
0.018076 0.004901 0.266321 0.090312 -0.109462 -0.148795 -0.091617 0.129255 -0.003649 -0.285778 -0.192833 0.029376 0.018222 -0.297201 0.140506 0.047760 -0.109105 -0.011607 -0.038723 0.126632 -0.085105 0.097764 -0.174183 -0.135109 0.187406 0.195878 0.100325 -0.088228 0.071571 0.253396 0.180113 -0.146541 -0.120031 0.025914 0.179579 -0.121123 0.097947 0.009865 0.135607 -0.114693 0.078548 -0.189187 0.016205 -0.167194 -0.180312 -0.148412 0.130519 0.164127 0.181336 -0.144140 -0.050438 -0.377243 0.146100 -0.044984 -0.200981 0.185517 -0.145259 0.243850 -0.237230 0.073343 0.225248 0.122022 -0.269090 -0.296838 
-0.053836 0.214899 -0.118649 0.007236 0.164521 -0.187317 0.005869 -0.288996 -0.004671 -0.151266 -0.174506 -0.005061 -0.008209 -0.184443 -0.456993 -0.024477 -0.182403 -0.042908 0.096787 -0.266810 0.286943 0.147345 0.309541 0.292715 0.092122 0.300725 0.135432 0.066978 0.201365 0.128974 -0.038040 -0.130739 0.251740 0.193193 0.099650 -0.092367 -0.320190 0.017400 -0.130023 -0.064954 0.091223 0.283426 0.138343 -0.157219 0.268320 0.009601 0.140541 -0.294833 -0.256893 -0.047769 -0.245729 0.365338 0.195314 -0.181251 0.240969 -0.070485 0.369913 0.097104 -0.148544 0.066315 -0.040624 0.032615 -0.238035 -0.140382 
0.016621 0.195971 0.055372 0.219417 -0.344608 -0.436488 -0.217424 0.243767 0.022180 0.284723 -0.310466 0.024288 0.152837 0.085485 0.080537 0.270192 0.242118 0.097651 0.093174 0.204988 0.152826 -0.039472 -0.123275 0.100092 -0.196437 0.071175 -0.019140 0.058303 -0.068031 -0.002741 0.280048 -0.327399 -0.230157 -0.002914 0.263127 -0.097414 0.040717 0.310161 -0.119514 -0.037705 0.227906 -0.190031 0.305220 -0.023855 -0.436425 0.005170 -0.113118 0.238102 -0.115939 0.262010 0.086134 -0.265540 0.066434 -0.186641 0.163582 0.121781 0.154827 -0.185077 -0.104560 -0.080043 0.073800 0.057123 -0.206556 0.342326 
0.149262 -0.221973 -0.086849 -0.051090 -0.296560 0.064123 0.178996 -0.247216 0.089097 0.122026 0.028555 0.196366 -0.078224 0.152510 0.321217 -0.011940 -0.000115 0.010237 0.021451 -0.157724 0.157382 -0.185371 0.197462 0.000778 0.042636 -0.040802 0.160314 -0.158646 0.161225 -0.186868 -0.245038 0.049541 -0.193202 0.034616 0.129908 -0.082222 -0.190211 0.025454 0.025609 -0.117136 -0.222024 0.263356 -0.320902 -0.085719 0.052293 0.196701 0.278428 -0.107991 0.039104 0.038521 0.022461 -0.170381 0.238426 -0.027585 0.241307 -0.092917 0.068570 0.151107 0.168185 0.050847 0.149652 -0.139808 0.171926 -0.251727 
0.050257 -0.027734 0.006660 0.195580 -0.009119 0.044444 -0.045059 -0.015046 0.047883 -0.130445 0.097806 -0.066565 0.070071 0.067014 0.085973 -0.036116 -0.036135 -0.004217 0.045300 -0.010434 0.038296 -0.173817 0.005320 -0.011236 -0.065753 -0.046999 0.215607 -0.132044 0.029016 0.107797 -0.004256 -0.052797 
0.032916 0.075852 -0.075827 -0.000266 -0.030829 -0.069046 -0.077013 -0.014161 -0.045015 -0.118026 -0.016746 -0.153310 -0.113774 0.108917 -0.017917 0.185045 -0.062007 0.072131 0.066274 0.169603 0.068608 -0.177912 0.026589 0.106472 -0.039346 0.029836 0.263653 0.195321 -0.030177 -0.170269 -0.048090 0.073196 
0.043845 -0.071801 -0.002537 0.038800 -0.007308 0.065379 0.126438 0.055149 -0.027295 0.121938 0.087015 0.039927 0.062245 -0.121225 -0.128617 -0.018008 -0.128761 -0.111308 0.108102 0.070823 0.077391 -0.125467 -0.010919 -0.058233 0.080821 -0.029514 -0.107050 -0.029438 -0.090789 -0.078785 -0.092785 -0.115677 
0.031456 0.049722 0.063569 -0.144230 -0.000846 0.034133 0.034072 0.037783 0.019542 0.033700 -0.040840 -0.028770 -0.017300 -0.011913 0.067724 0.014666 0.012511 -0.003132 -0.017663 -0.015416 0.071429 0.153562 0.032892 0.011231 -0.128653 0.049150 0.015032 0.003162 0.178493 0.098808 0.059048 0.034633 
-0.071315 0.021380 -0.058233 -0.188053 -0.149433 0.036762 -0.175523 0.098079 0.136467 -0.068676 0.018821 0.056765 -0.083564 0.141800 -0.009147 0.199673 0.022399 0.014780 -0.134340 0.028643 0.069567 0.128399 0.032310 0.091887 0.028770 0.090228 0.156282 0.138002 -0.035760 0.003989 -0.114946 -0.123208 
0.167974 0.077342 -0.075264 0.074677 -0.091649 -0.054546 0.029075 0.075790 0.082784 -0.081916 0.006655 0.155947 -0.036359 0.108230 -0.035746 0.089426 -0.047549 0.036025 0.096681 -0.136288 0.021319 -0.126505 -0.080034 -0.116803 -0.073228 -0.112474 0.132111 0.037760 0.119016 -0.072030 0.085950 0.010353 
0.070785 0.134110 -0.018546 0.110112 -0.052777 0.032008 0.156999 -0.054756 0.112166 0.009573 0.117517 0.048088 -0.030264 -0.065300 -0.047108 0.009480 -0.119933 -0.090945 0.102875 0.092370 -0.025881 0.012330 -0.106993 -0.020014 0.079422 0.094437 -0.157723 -0.058478 0.138145 0.085098 -0.110632 0.063882 
0.109759 -0.025287 0.104175 -0.018207 -0.048722 0.000065 -0.044958 -0.124933 -0.105534 0.000728 0.105257 -0.028316 0.013760 -0.134765 -0.068102 -0.153308 -0.126078 -0.096155 0.118692 0.046080 -0.041883 0.023264 -0.068888 -0.135819 0.102548 -0.057242 0.027730 0.053305 -0.054376 0.065976 0.074937 -0.087204 
-0.040391 -0.033922 -0.042682 -0.012776 -0.074352 0.026529 0.030294 -0.119715 -0.072785 0.059242 0.004726 0.096574 0.006221 0.047224 0.094966 0.042394 0.095879 0.075274 -0.035843 -0.049125 0.037053 0.167269 -0.052257 -0.010997 -0.084291 0.065734 -0.068126 -0.018074 0.054471 -0.048848 0.067103 0.080140 
0.083416 -0.179231 0.028504 0.089188 0.116062 -0.131650 0.106662 -0.037501 0.054050 0.014007 0.016727 -0.057688 -0.003516 -0.060488 -0.125178 -0.043229 -0.068930 0.010722 -0.055367 -0.116175 -0.147991 -0.024445 0.032317 -0.103088 -0.064985 -0.102862 0.021846 0.013127 0.003879 0.053211 0.007760 0.194537 
0.034146 0.116681 0.130004 -0.019297 -0.102594 0.101238 -0.068388 0.070263 -0.175230 0.066457 -0.075681 0.022414 -0.048978 -0.042226 -0.020898 0.031393 0.030017 0.119486 0.064414 0.022224 -0.100078 -0.061721 -0.094457 -0.092452 -0.037115 0.089438 0.189562 -0.004491 0.006694 0.032667 0.042111 -0.071709 
0.011090 -0.008231 0.000546 -0.038069 0.151058 0.062772 -0.074172 -0.088386 0.013933 -0.028312 0.115499 0.145260 -0.027184 -0.077673 -0.024698 -0.128186 -0.067879 -0.061582 0.021353 -0.095084 -0.003051 0.257905 0.000466 0.082137 0.069680 -0.009018 -0.068537 0.014545 0.143476 -0.038501 -0.011195 0.006145 
0.058726 -0.063676 0.123058 -0.021490 0.037151 -0.056683 0.030369 -0.060764 0.038338 0.114800 -0.042951 0.074828 -0.116545 0.122329 0.157988 -0.087009 -0.079840 0.029924 0.000908 0.019142 0.057221 0.163161 0.023579 0.031728 -0.062962 -0.084959 0.112439 -0.023387 0.042344 -0.033088 0.086868 -0.029013 
0.004683 0.023613 -0.072216 0.010549 0.166695 0.106390 0.078809 0.032111 0.061388 -0.095322 -0.071141 -0.113703 -0.098646 -0.038052 -0.070865 -0.061426 -0.056768 0.034008 0.057520 0.096901 0.076184 0.109082 -0.062209 -0.055051 0.063442 0.003454 -0.020690 -0.023566 0.016549 0.003531 0.044388 -0.095157 
0.091456 -0.030269 -0.094165 0.202214 0.067346 0.091369 0.047703 0.010123 -0.120500 0.004523 0.105077 -0.063303 -0.090827 0.125959 -0.123455 -0.098354 0.038333 -0.028031 0.119798 0.096083 0.061267 -0.300508 0.062974 0.010305 -0.026874 -0.050401 0.127426 0.030683 -0.029092 -0.010126 0.102097 -0.044278 
0.066802 -0.129068 -0.059764 0.021694 -0.071763 0.075477 -0.106318 -0.049480 -0.146419 0.037220 0.024247 -0.082215 0.116655 -0.049426 -0.112304 0.045680 0.068606 -0.088021 -0.098729 -0.032617 -0.022786 -0.083401 0.160287 0.147980 -0.080839 0.112818 -0.063200 0.148246 -0.137087 -0.068844 -0.107651 0.138136 
-0.041069 -0.045840 0.068696 0.004821 -0.080663 0.000624 -0.012417 -0.139253 -0.006230 -0.062876 -0.015215 -0.094392 -0.156799 -0.005519 0.194590 -0.031615 0.052660 -0.005564 -0.132737 -0.089757 -0.143202 0.288211 -0.148628 -0.105721 0.027900 -0.090731 -0.108685 -0.107484 0.073951 0.077985 0.050763 0.129712 
0.120784 -0.092541 -0.095492 0.084604 0.091750 0.025638 -0.120487 -0.134714 0.044369 0.038367 0.003197 0.027737 -0.131661 -0.015101 0.016703 -0.121421 0.009715 0.022090 -0.077571 0.008681 -0.053533 0.116842 -0.108687 0.071748 0.056785 -0.105848 0.037337 0.014013 0.138859 -0.081751 0.036765 0.078728 
0.030215 -0.002897 0.051917 -0.009313 -0.010944 0.031142 0.049151 0.063788 -0.024310 -0.139170 0.018220 -0.002163 -0.034138 -0.126065 0.106619 -0.070917 -0.015593 -0.045529 -0.005540 0.055478 -0.011921 0.064049 -0.007520 -0.015743 0.123728 -0.108192 -0.053958 -0.016586 0.037660 0.111643 -0.014935 0.125237 
-0.043038 -0.100734 -0.097868 0.000509 0.088079 0.062298 -0.045273 -0.094065 0.008177 -0.020348 0.068411 -0.034462 -0.065691 0.054815 -0.163901 0.003807 0.058163 0.022415 -0.036786 -0.082797 0.021584 -0.149313 0.163379 0.034577 -0.067826 -0.048549 -0.004788 0.205348 0.080941 0.051341 0.052515 -0.039921 
0.076146 0.037668 0.089697 0.071035 -0.005358 -0.023201 -0.141268 0.046534 0.037667 -0.069898 -0.112375 0.012208 0.021526 -0.064012 0.008822 -0.016042 -0.036609 0.105792 -0.050821 0.043718 0.090607 0.123096 0.012900 -0.033305 0.032973 0.017182 -0.070977 -0.040251 0.077481 -0.134233 0.026258 0.057874 
0.081474 0.077122 -0.027665 -0.140720 -0.166003 0.004665 -0.092131 0.067837 0.039210 -0.085684 -0.038778 -0.010562 -0.008197 0.039377 0.028526 0.020729 -0.021155 -0.094812 0.016910 -0.025393 0.037388 0.088194 0.068430 -0.065339 0.047522 -0.055657 -0.025759 -0.064911 -0.027031 -0.015609 0.036954 -0.101287 
-0.080631 -0.137059 -0.197010 -0.108658 0.051767 -0.080351 0.034397 -0.107967 0.016075 -0.096984 -0.087528 0.041556 0.076868 0.090274 0.000729 0.096774 -0.028043 0.115250 0.011064 0.042440 0.081512 0.044556 -0.133242 -0.008291 0.089157 0.040884 0.056002 -0.059686 0.022953 -0.047898 -0.105151 -0.004352 
-0.043942 -0.058006 0.059642 0.107263 -0.034011 -0.052524 0.100727 0.056101 -0.108242 -0.023518 -0.120410 -0.117781 -0.078963 -0.005669 0.065392 0.010330 0.033186 0.040489 -0.120548 -0.078178 -0.070771 -0.108207 0.028472 -0.103431 0.142407 -0.084489 -0.039067 -0.145429 -0.012340 -0.037820 -0.038354 0.086941 
-0.064200 0.143190 -0.035356 0.047139 -0.140858 0.047577 -0.041756 0.043957 0.125217 0.065034 0.065409 -0.125501 -0.022839 -0.022311 -0.005762 0.051937 0.091629 -0.020036 -0.012417 -0.034692 0.086422 -0.022196 -0.043486 0.056546 0.045009 0.000536 0.077585 0.003307 0.032179 -0.176294 -0.052450 -0.136471 
-0.107990 0.091914 -0.120613 -0.033111 -0.024772 -0.021400 0.097329 0.052121 -0.041634 -0.098336 0.023413 0.019216 0.087953 0.098213 -0.043399 0.003345 -0.023712 -0.055729 0.054676 -0.050716 -0.096459 -0.033560 -0.014762 0.127202 -0.021795 -0.037649 -0.061239 -0.092942 -0.077746 -0.019335 -0.037784 -0.042710 
-0.039775 0.019956 0.025606 0.129068 0.111699 -0.052137 0.015762 -0.043431 0.014053 0.039744 0.091438 -0.072816 0.034094 -0.058193 0.106543 -0.037381 0.013045 0.018496 -0.022551 0.007619 -0.100933 0.047028 -0.052112 -0.039457 -0.128107 0.041688 -0.035825 -0.039780 0.009038 0.049609 0.105666 0.037460 
-0.059990 -0.074784 0.034231 -0.078745 0.038362 0.051832 -0.064938 -0.075434 0.029278 -0.089003 -0.041933 -0.060049 -0.110218 -0.061281 0.093552 0.132744 0.046741 0.080241 -0.016091 0.073968 0.039335 -0.235879 -0.125250 0.001541 0.084942 -0.064083 0.056354 -0.082289 -0.079402 0.099866 0.126232 -0.075941 
-0.065368 -0.008932 -0.103671 -0.134162 -0.074146 -0.059112 -0.064163 0.034510 0.079688 -0.113222 -0.074203 0.028361 -0.025372 0.045323 0.151033 -0.114622 0.027667 -0.042931 0.044176 -0.036373 -0.080654 0.236210 -0.113968 -0.154056 -0.036830 -0.121701 -0.114581 -0.081097 0.159227 -0.159157 0.020080 -0.047379 
-0.082034 0.055605 -0.108565 0.055656 -0.133980 -0.003371 0.019622 0.075115 0.097648 -0.002474 0.019767 -0.152527 0.024201 -0.066058 -0.063718 -0.083770 -0.063489 0.084982 0.002349 0.024768 0.107192 -0.102029 0.006322 -0.005287 0.018224 0.045166 0.073338 -0.025233 0.021225 -0.101290 0.038354 -0.111342 
0.135020 0.090576 0.118900 -0.084049 -0.054754 -0.098398 0.044538 -0.120622 0.068339 -0.055966 -0.106809 -0.139786 -0.089885 -0.085359 0.000842 -0.026225 -0.108025 0.073210 0.109950 0.116464 -0.091895 -0.085818 -0.053131 0.041727 0.079719 0.074104 -0.014992 -0.008620 -0.039242 0.043091 0.056599 -0.055467 
0.198271 -0.033038 -0.089387 -0.017695 -0.006277 0.075253 0.025164 -0.131205 -0.085119 -0.017619 0.010039 -0.031746 -0.093880 0.109803 0.147654 0.112201 -0.020620 0.118279 0.093732 0.064172 -0.060983 -0.280942 -0.112326 -0.128295 0.098029 -0.070428 0.261644 -0.081277 0.134124 0.036413 0.062163 -0.010715 
-0.116368 0.040015 0.085341 -0.014602 -0.110328 -0.086731 0.107317 0.104816 0.064939 -0.010026 0.025886 -0.000997 0.002917 0.062800 -0.050272 0.151845 0.055934 0.053869 0.087509 -0.070777 -0.073529 -0.137075 -0.043516 0.130388 0.188991 -0.023591 -0.092814 -0.016621 0.015504 -0.033542 0.065479 0.017067 
0.066081 0.062399 -0.025985 -0.116033 0.052122 -0.026314 0.018879 -0.035452 0.100336 -0.070796 0.106372 -0.161057 -0.090583 -0.035684 0.187686 -0.092731 -0.078117 0.075061 -0.117450 -0.084726 0.051598 0.041480 -0.128810 0.040493 0.057208 -0.111309 -0.051262 0.038291 0.084791 -0.138195 0.067803 0.000409 
0.050238 -0.079532 -0.103546 0.058875 0.051209 0.013642 -0.078538 0.010351 0.017194 -0.089942 -0.008723 0.062901 -0.061578 -0.037918 -0.088641 -0.069229 -0.103462 0.041344 -0.022757 0.162072 -0.013629 -0.061399 0.059950 -0.032741 0.040802 0.080701 -0.166589 -0.026138 0.043056 -0.009729 -0.044941 0.004713 
0.154834 0.009061 -0.163909 0.000658 0.043278 -0.051530 0.164945 0.052034 0.066093 -0.065922 -0.031654 0.114760 -0.114197 0.163419 -0.044707 0.127809 0.039799 -0.125374 -0.095207 -0.066330 0.021477 -0.168250 -0.059178 -0.098406 0.063161 -0.031246 -0.001436 0.114584 -0.062160 0.002000 -0.083245 0.128517 
-0.071037 -0.003477 0.052196 0.064200 0.076172 0.017352 0.030242 -0.020625 -0.171049 0.133305 -0.086737 -0.040008 0.082173 0.097873 -0.070414 -0.031750 0.062941 0.028462 0.120342 -0.029740 0.056006 -0.262984 -0.001997 -0.004123 -0.020851 0.014074 0.152330 0.074294 0.078970 -0.071842 0.029754 -0.115371 
0.090997 -0.168249 0.088356 0.017257 -0.018681 -0.091308 -0.139514 -0.161851 -0.053527 -0.042960 -0.025430 0.047150 0.031021 -0.134916 0.026141 0.033270 -0.140784 -0.037331 -0.124528 0.098157 -0.100344 0.016025 -0.017040 -0.023465 -0.135618 -0.119775 -0.026389 0.072627 0.118989 0.066088 -0.053939 0.199387 
0.088377 0.117058 -0.013528 -0.066348 -0.167666 -0.024963 0.068310 -0.114929 0.093897 0.010411 -0.066857 -0.020651 -0.012450 0.020620 0.024845 -0.056885 0.006984 -0.018988 0.078418 -0.087118 0.131602 0.182509 0.042857 -0.128472 -0.091580 -0.081383 0.087238 0.002253 -0.026302 -0.122147 0.087155 -0.113723 
0.072889 -0.060664 0.106081 0.074261 0.018825 0.031151 -0.128146 -0.003916 -0.005360 -0.085776 0.041628 -0.043565 0.048872 -0.089512 -0.084391 0.007062 0.019006 0.014039 -0.004458 -0.028322 0.018873 -0.082398 0.006110 0.055513 0.060765 0.016260 0.037615 0.058783 -0.082964 0.091906 -0.121221 -0.055241 
-0.112957 0.085645 -0.040022 -0.050425 -0.143575 -0.006499 -0.014985 0.034670 0.028346 0.108817 -0.081645 -0.045526 -0.022707 -0.026674 0.061102 -0.094158 -0.053670 -0.104302 0.009792 -0.028328 -0.001176 0.157613 -0.029254 -0.111960 0.001994 0.052889 0.071532 -0.060678 0.052484 -0.128627 0.031870 0.027726 
0.039464 0.034937 -0.158994 0.074999 -0.026933 -0.076505 0.044889 0.038111 -0.007828 -0.123840 0.070718 0.088456 0.007909 -0.006473 -0.049267 0.084474 0.011241 0.104420 -0.111698 0.106008 -0.084318 0.049213 0.071823 0.029466 -0.031158 0.061291 0.046468 0.099835 0.157098 -0.083770 -0.012830 0.070608 
0.077184 0.078480 0.011988 -0.149846 -0.104257 -0.048347 -0.021384 -0.112372 -0.021824 0.069669 -0.106688 0.040105 -0.128762 -0.065164 0.033884 0.056871 -0.049488 0.026790 0.006779 -0.081717 -0.063128 0.187939 0.061212 -0.020452 0.005093 -0.005298 -0.077194 0.029344 0.040908 0.007272 -0.007837 0.001792 
0.075227 0.065979 0.047255 0.020652 -0.075241 -0.005826 0.056195 -0.047173 -0.003760 0.103983 -0.058242 0.089663 -0.150639 0.040544 -0.003616 0.009774 -0.106165 -0.040926 -0.013065 -0.066304 0.112718 -0.091017 -0.035942 -0.029334 0.085643 0.011380 -0.058836 -0.047716 -0.002189 -0.014882 0.083785 0.099057 
-0.063842 0.018023 -0.000730 -0.048988 -0.135840 -0.057382 0.102557 0.058366 0.046924 -0.117039 -0.094200 0.013958 0.081189 0.073724 -0.038790 0.154825 -0.111080 -0.013060 -0.040782 -0.042234 0.105234 -0.072210 -0.034742 -0.015885 0.053948 0.003044 0.130853 0.045466 0.104475 0.039767 0.096543 -0.140658 
-0.084886 -0.029810 0.016479 -0.034947 0.107206 0.014363 0.076031 -0.051318 -0.124947 -0.096888 0.077218 -0.142938 -0.085952 0.151274 0.083016 -0.006798 0.051207 -0.084257 -0.082129 -0.085585 0.055506 -0.002476 0.084535 -0.073371 -0.034192 0.016568 0.163115 0.021226 -0.055278 0.079189 -0.002723 0.002736 
-0.186787 -0.090230 0.009612 -0.054972 -0.076609 -0.030798 0.005735 0.039987 0.083789 -0.002265 0.078107 -0.027010 -0.016106 -0.091615 0.153648 -0.110202 0.007476 -0.034552 0.151376 -0.000430 -0.138668 0.189571 -0.008642 -0.014322 -0.101789 0.009544 -0.238789 -0.174782 -0.027180 0.055901 0.024625 -0.054929 
0.067015 -0.160153 0.014739 -0.037563 0.049334 0.098780 0.036402 -0.145426 -0.111830 -0.025967 0.118595 -0.071428 0.066963 0.085137 0.097618 -0.035332 0.091253 0.092909 0.084859 0.063722 -0.080222 -0.070102 -0.012668 -0.032877 0.009868 -0.028409 0.082742 -0.033687 -0.028136 -0.081138 0.090982 -0.053241 
-0.074456 -0.040797 -0.091921 0.067815 -0.091454 0.101531 -0.117586 -0.085763 -0.108746 0.125059 0.104289 -0.142787 -0.029052 0.109469 0.059507 -0.079587 -0.030777 0.001236 0.029977 0.043619 0.108488 0.007991 -0.137527 0.078699 -0.143675 -0.011366 0.053437 0.050628 0.060570 0.087250 0.121034 0.044812 
-0.046555 -0.049745 0.032614 0.018770 0.118062 0.084299 0.062029 0.000151 -0.024577 -0.002297 0.001117 -0.001795 -0.045817 -0.060810 -0.063804 0.104091 0.101723 0.112120 -0.168905 -0.040289 -0.012928 -0.085925 0.067159 0.095366 -0.151489 0.048801 0.018379 0.125223 0.015947 -0.055388 -0.035213 0.183956 
0.031361 -0.079662 -0.045205 0.024131 -0.033999 0.142388 0.108062 0.008168 -0.080962 0.005488 0.121020 -0.012044 0.054688 0.055743 -0.044816 0.027704 0.025141 0.105864 -0.124482 -0.106218 -0.087197 -0.080412 -0.101692 -0.014781 -0.114012 -0.020424 0.033477 0.014518 0.000179 0.144312 -0.027571 -0.014512 
-0.063261 0.071515 0.099325 -0.099399 -0.077326 0.052471 -0.107676 0.226476 -0.135969 -0.182981 -0.070929 0.125451 0.004615 -0.088329 0.040191 0.071647 0.126612 -0.009010 -0.119719 -0.154583 -0.061483 -0.086471 -0.050772 -0.006660 0.143320 0.093140 0.151050 -0.038507 -0.028946 -0.017842 -0.034097 0.081430 
-0.012805 -0.084374 -0.116437 -0.049448 0.092733 0.020447 -0.076454 0.103221 0.050327 0.009551 0.082145 -0.130971 0.130070 -0.094730 -0.045093 0.010127 0.065888 0.007102 0.014569 0.067098 0.035199 -0.018835 0.135594 0.016084 -0.020765 0.116165 0.009926 -0.035783 -0.061883 -0.110603 -0.055504 0.120063 
0.016289 0.081132 -0.022249 -0.088491 -0.077038 -0.006804 -0.122049 0.109887 0.006986 0.107045 -0.055674 0.106637 0.039333 -0.041574 -0.016298 -0.087126 0.026881 -0.092069 -0.029572 -0.133801 -0.074587 0.178751 -0.021485 0.075825 0.058674 -0.065478 -0.097048 0.082137 -0.044311 0.033182 0.064179 -0.146763 
-0.128025 0.004890 -0.045112 0.050854 -0.005082 -0.057460 -0.070283 -0.079663 -0.140145 -0.142912 0.083739 -0.017074 0.033255 -0.072301 -0.076217 0.158907 0.003749 -0.037446 -0.127151 0.085276 -0.078561 0.033441 0.038431 -0.082647 -0.095325 0.035832 0.112517 -0.009686 0.079316 0.049329 -0.008993 -0.062392 
0.095188 0.092872 -0.066427 0.089274 -0.074099 -0.080990 0.120505 -0.105851 0.136241 0.009600 -0.069735 -0.129819 0.059917 -0.031764 -0.057184 -0.064568 -0.016161 -0.024935 0.062417 0.108957 0.071898 -0.072233 0.034315 -0.144414 0.065975 0.022186 0.079322 0.048551 0.110716 -0.053559 0.152538 -0.010481 
0.005233 -0.009817 0.203082 0.002657 0.050009 0.029915 0.067058 -0.014010 -0.045828 -0.028776 -0.088559 -0.066826 -0.024247 -0.031612 0.098422 -0.052390 0.065694 0.061589 -0.126593 0.081988 -0.123063 0.121593 0.121179 0.048915 0.134878 -0.021666 0.041070 -0.123201 0.130226 -0.006983 -0.005211 -0.024910 
-0.189332 0.007838 -0.001588 0.104368 -0.009526 0.120062 0.037630 0.129336 0.127509 -0.197053 -0.012528 -0.013256 0.131944 0.119145 0.074035 -0.036992 0.089408 0.077681 -0.056852 0.037425 0.026062 0.022914 0.026732 0.023149 0.004080 0.045651 -0.041221 0.074498 -0.098825 -0.052066 -0.105704 -0.076422 
0.072066 -0.128892 -0.130088 0.088717 0.105267 -0.068307 0.014040 0.001547 0.021838 0.099233 -0.031070 -0.068804 0.038550 -0.125681 -0.032523 -0.064518 0.027445 0.094231 0.075052 -0.026790 -0.109382 0.088661 0.047788 0.054595 -0.053149 -0.055162 -0.018650 -0.095777 0.040139 0.095180 -0.036885 -0.040123 
0.044627 0.006420 -0.081135 -0.019826 -0.011243 0.043235 -0.014494 -0.127246 0.126606 0.120876 -0.065952 -0.060770 -0.143806 0.057680 0.107781 0.035346 -0.029088 0.018829 -0.034157 0.059490 -0.030771 0.207992 -0.023438 -0.068631 -0.001051 -0.089517 -0.053019 -0.130872 -0.087605 0.005643 0.034315 0.036940 
-0.123336 0.029140 -0.020636 0.089826 0.043269 -0.060025 0.108058 -0.035332 -0.168013 -0.117477 0.031783 -0.105802 0.080471 -0.030823 0.052954 -0.029514 0.117013 -0.046938 -0.105308 0.104947 -0.049582 -0.021376 -0.052963 0.086516 0.026181 0.069715 0.098039 0.169564 -0.099110 0.089037 0.045701 -0.062817 
-0.000784 -0.024606 -0.005927 -0.103042 -0.127184 -0.130977 0.036759 0.015966 -0.079992 0.020740 -0.040929 0.117107 -0.029018 -0.063058 -0.043389 0.039293 -0.003384 -0.098107 0.026149 0.089532 0.076984 -0.087411 0.027592 0.060956 0.056086 -0.009592 -0.061628 -0.182357 -0.090757 -0.068595 -0.060541 0.087152 
0.024679 -0.048959 0.028029 0.070376 0.068103 -0.091302 0.076994 -0.007934 -0.105440 0.013711 0.018512 -0.041915 -0.000360 0.084772 0.070902 -0.107347 -0.045523 0.064088 0.123081 -0.051049 0.046798 -0.063669 -0.079474 -0.041076 -0.027781 0.048590 0.021937 0.007229 -0.045565 0.141225 -0.094301 0.053677 
0.010337 -0.028902 0.049536 0.006798 0.142666 -0.047401 0.062973 0.054219 -0.015508 -0.017042 -0.103810 -0.078297 -0.079660 -0.087390 -0.021015 0.128701 0.099647 -0.013834 -0.147093 0.015256 0.008972 -0.157071 -0.101761 -0.114237 -0.067346 -0.025157 0.116198 -0.023924 -0.043508 0.103289 -0.051501 0.116699 
0.143276 0.112013 0.319087 -0.280996 -0.112287 0.111665 -0.196124 0.207371 
-0.064254 -0.200788 0.146201 0.157707 0.000398 -0.191881 -0.157623 0.126334 
0.141807 -0.064620 -0.155241 -0.183363 0.022621 -0.320117 -0.202252 0.141145 
0.039207 -0.073232 -0.106792 -0.228385 -0.097611 0.190823 0.204872 -0.006879 
-0.237746 0.140191 -0.061637 -0.215165 0.146657 0.244995 0.242338 -0.113909 
-0.126855 0.016914 -0.204693 0.034055 0.101244 0.139510 -0.159445 -0.055845 
0.040647 -0.060887 -0.021673 -0.181315 -0.109222 0.084751 0.201452 0.122990 
-0.148207 -0.215138 -0.119646 -0.064834 0.229922 -0.122928 0.176729 0.001750 
0.162599 0.107789 0.338315 0.183158 -0.210165 -0.109230 0.072656 0.003266 
-0.073930 0.102307 -0.088527 0.281921 0.006510 0.002353 -0.315056 0.187841 
0.005253 -0.065764 -0.147133 0.064431 -0.126579 0.291494 0.091099 -0.026633 
-0.253721 0.234597 0.259207 -0.113657 0.271328 -0.052495 -0.007305 0.270747 
-0.141328 -0.093550 -0.193476 0.044156 -0.119661 0.025304 0.122989 0.073552 
-0.124532 -0.129743 0.062190 -0.017610 0.009480 0.252095 -0.107946 -0.210227 
0.246064 0.082663 -0.040922 -0.093498 -0.303324 -0.145066 -0.117273 -0.205666 
-0.012712 -0.110095 0.205672 -0.297442 0.262423 -0.098660 0.103562 -0.101886 
-0.026086 0.023915 -0.183342 -0.028636 0.215218 0.057665 -0.004958 -0.130043 
0.103468 0.054055 -0.016554 -0.063426 -0.070938 0.065169 -0.060762 -0.231924 
0.107441 -0.120302 -0.051913 0.207071 -0.113134 0.151574 -0.103755 0.236766 
0.192827 -0.190198 0.043461 0.188304 -0.207621 0.105670 0.280332 -0.081763 
-0.071231 -0.133719 0.106876 0.240211 0.091883 0.115379 0.009161 -0.087455 
-0.054421 0.305816 0.064784 0.246237 -0.203449 -0.340884 -0.130352 -0.371472 
-0.197201 0.045689 -0.013680 0.106198 0.033527 -0.050037 0.117485 0.033710 
-0.071251 -0.095370 -0.087681 0.027323 0.087838 0.027633 0.084938 -0.118167 
0.140418 -0.148450 0.106030 0.014764 0.102419 -0.263560 0.034638 0.174826 
-0.128378 -0.080846 -0.059477 0.045237 0.105658 -0.056704 0.091101 -0.083817 
0.178401 -0.025556 0.065650 -0.075124 0.195699 0.111438 -0.304071 -0.286022 
-0.260472 0.072059 0.096797 0.041355 0.207794 0.114973 -0.147537 -0.065329 
0.058332 0.264687 0.167431 -0.108078 -0.297709 -0.003582 -0.083132 -0.012544 
0.021274 0.035993 -0.088315 -0.447607 0.021913 -0.027167 -0.020203 0.079509 
0.253523 0.028765 0.047190 0.089048 -0.156188 0.038241 -0.213109 0.049269 
-0.011048 0.351151 0.113965 -0.288855 -0.065266 -0.040929 0.098389 -0.064326 
-0.348023 0.320519 -0.125397 -0.225039 0.024864 0.390039 0.212600 0.527684 0.053081 -0.235027 -0.331938 0.331585 -0.224129 0.346456 -0.339884 0.091727 -0.152674 -0.042243 -0.078211 0.341795 -0.272751 -0.131486 -0.168507 -0.086705 -0.557921 0.021194 0.577412 0.228745 0.432321 0.358706 0.011372 -0.187881 -0.074789 -0.363194 0.115824 0.415480 -0.034225 0.357740 0.027601 
0.216294 -0.258059 0.393349 0.059191 0.408188 0.559897 0.016128 -0.467675 -0.490815 -0.460287 0.440557 0.419968 -0.366787 0.307667 -0.458465 0.585824 -0.241887 0.103521 0.337666 -0.066312 0.025487 0.141915 -0.417654 0.281711 -0.226818 -0.449120 -0.316429 -0.600397 0.014815 -0.539143 -0.560344 -0.382695 -0.269244 -0.115278 0.226793 0.448987 0.101727 0.011185 -0.061433 
0.359022 0.150942 0.117375 0.254673 0.427489 0.512153 0.724361 0.311789 0.755839 0.024076 0.357403 0.038831 -0.525808 0.034920 0.276606 0.435157 0.276886 0.386879 0.390825 0.611087 -0.148638 0.094536 0.453159 -0.202228 -0.547571 0.356548 -0.134481 -0.066424 -0.104703 0.274853 0.011833 0.251973 -0.259429 -0.092775 -0.124165 0.053024 0.107282 0.373076 -0.088211 
0.235125 0.458474 -0.581762 -0.106752 0.570455 0.136031 -0.592174 -0.043031 -0.334692 0.469425 0.152962 -0.491823 -0.439300 -0.171982 0.594048 0.473988 -0.186345 0.130848 -0.240720 -0.163982 -0.518834 -0.461457 0.247545 0.148284 0.052503 0.051214 0.395859 0.220727 -0.196470 -0.308879 0.425900 -0.973940 -0.139125 0.246816 0.005634 0.051626 0.040399 0.076888 -0.060989 
0.225410 -0.297497 0.375627 0.395452 -0.128729 -0.490669 0.393120 -0.173397 0.297456 0.299174 0.013660 -0.559427 0.513872 0.008639 0.475474 -0.209026 0.552752 -0.108822 -0.333839 -0.005557 0.229859 -0.040038 0.306140 0.478384 0.464445 0.151542 -0.195664 -0.223161 -0.482701 -0.055063 0.540366 0.489376 0.356416 0.354766 0.237719 -0.139736 -0.147406 -0.048122 0.102237 
0.207440 -0.275403 -0.386963 0.368921 -0.459688 0.450161 0.052293 -0.144707 0.182839 -0.393103 0.433333 0.183141 0.494293 -0.179270 -0.541155 0.322879 0.290259 0.108106 -0.543774 -0.412126 0.265322 0.186011 -0.562061 -0.058237 0.125965 0.633110 0.028213 0.436774 -0.435843 0.533568 0.182127 0.418264 -0.011547 -0.184944 0.082875 0.072266 0.001266 -0.135618 0.410267 
0.284322 0.221445 -0.091931 -0.467192 -0.293811 0.117950 -0.266351 -0.142684 -0.459797 -0.291174 -0.456278 -0.112326 0.494976 -0.699184 0.378921 -0.336230 -0.076978 0.069407 0.623061 -0.031678 0.103198 0.417130 -0.206253 -0.194916 -0.148658 -0.242642 -0.284795 0.214797 -0.170687 0.242866 -0.370796 0.327616 -0.025805 0.244940 0.158191 0.249026 -0.121457 -0.149064 -0.049482 
0.134293 0.008210 -0.232713 -0.055277 0.019864 -0.288968 0.416558 -0.311677 0.765022 -0.277402 -0.460385 -0.030526 0.303674 0.299659 -0.052498 0.024080 -0.565165 -0.500584 0.135464 0.070640 -0.122596 -0.195265 -0.105312 -0.544388 -0.358566 -0.475114 -0.630668 0.453182 -0.249786 0.205674 0.332949 -0.538381 -0.317215 0.114784 -0.231886 0.064051 0.111595 0.048782 0.099535 
-0.051966 -0.019950 0.200387 -0.211500 0.033414 0.051090 0.072816 -0.019202 0.099072 0.035248 -0.072696 -0.097304 0.177292 -0.137473 0.147683 0.208663 0.073610 0.075852 -0.128630 -0.049343 -0.122873 0.050401 0.066896 -0.114487 0.078260 0.145165 -0.061332 0.056836 0.051935 -0.068341 -0.117139 -0.182646 0.034547 -0.086437 -0.095297 -0.259404 -0.155144 0.139438 -0.018869 0.156702 0.037188 0.114362 -0.146392 -0.000239 -0.120489 0.031563 0.110565 0.201771 -0.066769 0.164435 -0.050435 -0.113477 -0.021958 -0.186503 -0.189275 -0.083755 0.177955 0.143225 0.122338 -0.043853 -0.244071 -0.073903 -0.035078 0.162774 
0.091026 0.078407 0.152019 0.072386 -0.080008 -0.022857 -0.029205 0.250070 0.039414 -0.013546 0.061004 0.035237 -0.148946 -0.222563 -0.047754 -0.026094 0.143140 0.167599 0.162833 -0.053876 0.120704 -0.148214 0.122025 0.206714 -0.120211 0.051801 -0.081433 -0.054288 0.143183 0.074392 -0.128772 0.113738 0.199562 -0.161263 -0.131452 -0.124231 0.088642 0.097125 -0.150336 -0.071563 0.060134 0.132287 0.246154 0.166040 -0.236571 0.077407 -0.060938 -0.127696 -0.023333 -0.042008 0.015741 -0.190184 0.149230 -0.207546 0.295807 0.069327 0.103005 0.172120 -0.171475 -0.077134 -0.036869 -0.073085 -0.078250 -0.014514 
0.018239 0.032872 0.133526 -0.120995 -0.022005 0.240845 0.177254 0.062780 -0.024663 -0.017377 0.073160 0.035388 0.120499 0.201547 0.198285 0.157160 -0.132266 -0.084478 -0.232879 0.187355 -0.069159 0.090626 -0.019081 -0.210613 0.229691 0.073161 0.101214 0.037736 0.158649 0.193196 -0.032172 -0.086472 -0.161754 -0.258836 0.205798 0.127049 -0.154116 -0.263472 0.047164 0.057728 0.026545 -0.066571 -0.065810 0.033516 0.157680 -0.390009 -0.004186 -0.113204 -0.028334 0.056854 0.189812 0.177083 -0.030191 0.128433 0.138497 -0.010660 0.122650 0.131944 0.078345 0.213975 0.024653 -0.083443 -0.119094 0.237659 
0.011130 0.138420 -0.000881 0.044331 -0.104987 -0.020895 -0.134148 0.039464 -0.171256 0.081660 0.053106 -0.096393 0.146686 0.045016 0.022346 -0.059548 0.075218 -0.089309 0.094077 -0.014732 0.081093 0.156681 0.021802 0.000155 -0.054450 0.083583 -0.147205 -0.180897 0.265299 -0.058311 -0.124162 -0.107058 -0.250141 0.170609 0.040030 -0.090579 0.230035 0.093673 0.040572 -0.129801 -0.187968 0.102235 -0.204940 0.044681 -0.010780 -0.300044 -0.194762 0.073951 -0.191621 0.162008 -0.264183 0.139505 0.018073 0.161924 -0.192982 0.026493 -0.143481 0.003824 0.056834 0.175651 -0.143797 -0.056495 -0.001251 -0.061038 
-0.115761 0.131085 0.182517 -0.203193 -0.242877 -0.124838 -0.021374 -0.030047 -0.079597 -0.263750 -0.060277 -0.031829 -0.157822 -0.104128 -0.287329 0.012587 -0.072757 -0.133038 -0.150059 -0.106708 0.221694 -0.011877 0.131204 -0.172938 -0.062966 0.232900 -0.169130 0.036750 -0.037906 0.006848 0.005046 0.195895 -0.104342 0.167290 0.199768 -0.161785 0.305855 -0.003884 -0.056649 -0.027608 0.139896 -0.182647 0.081049 0.087291 -0.060827 0.089928 0.221243 0.100743 0.138216 -0.023019 0.037138 0.025130 0.103430 0.072735 0.151699 -0.121449 -0.039493 0.145399 0.114405 0.122928 -0.124821 0.315094 0.189134 0.046291 
0.020760 0.043546 0.215523 -0.052534 -0.160202 0.141246 -0.075710 0.035901 -0.029518 -0.101489 -0.122697 0.272949 0.085983 -0.261525 0.003778 -0.023300 -0.027557 -0.122445 -0.026028 -0.151524 0.114721 -0.090364 0.105157 0.395554 0.079538 0.080558 0.210681 -0.135758 -0.145516 -0.022752 -0.035190 0.087951 -0.300877 -0.223103 -0.032207 -0.185385 0.059349 -0.215671 0.121324 -0.178559 -0.158027 0.198516 0.162333 -0.191289 -0.294202 -0.079763 0.188550 0.046043 0.082732 -0.060324 0.068796 -0.208696 -0.148357 -0.248545 -0.270419 -0.204916 0.253434 0.274014 -0.216625 -0.062039 -0.175475 -0.071200 0.268409 -0.079388 
-0.051649 0.153089 -0.022297 -0.170422 0.006172 0.060697 -0.165909 0.051417 -0.346000 -0.131452 0.049874 -0.174935 0.005507 0.150043 0.029302 -0.211104 -0.097599 0.037723 -0.177432 0.196077 0.095383 -0.109562 0.162850 0.264083 -0.151277 0.395080 0.214766 0.159252 0.133263 0.323245 0.108983 -0.029485 -0.325857 -0.336624 0.129068 0.110805 -0.031531 -0.352734 -0.018683 0.036448 -0.355272 0.011288 0.000663 0.133544 0.112694 -0.303506 0.036643 0.026597 0.071614 0.072326 -0.050911 0.154369 0.250091 -0.152526 -0.102413 -0.045638 -0.001894 -0.027778 0.128311 0.140138 -0.030900 0.016922 -0.172578 0.120638 
0.201225 0.086710 -0.217184 -0.023946 -0.116680 0.114053 -0.007226 0.176658 -0.198039 -0.060558 0.068482 0.087851 0.046381 0.153853 -0.173986 0.022895 -0.219319 0.219056 -0.186181 0.261463 -0.149802 -0.021915 0.274354 0.112964 0.049930 0.163769 -0.108796 -0.110631 -0.016569 -0.092339 0.193782 -0.067866 0.114604 -0.097196 0.045411 -0.045734 -0.055674 -0.067559 0.076824 -0.185540 0.193804 -0.019942 -0.190983 0.050341 -0.089732 0.111888 -0.173946 -0.264525 -0.024701 -0.086187 -0.163984 -0.031334 0.087243 -0.131709 0.216693 0.238854 0.115094 0.085062 -0.107338 -0.280561 0.199089 0.167118 -0.011163 0.087736 
-0.337643 0.341984 -0.126150 -0.240061 -0.014903 0.163723 -0.245273 0.157284 -0.326933 0.005539 -0.029715 -0.169629 -0.081072 0.194508 0.027978 0.001764 -0.270693 0.130258 -0.133096 -0.139510 0.082193 -0.239542 0.160807 0.262024 -0.301510 0.413295 0.080819 0.267511 0.337750 0.334452 0.028687 0.200067 -0.247628 -0.073288 -0.114034 0.029682 -0.003215 -0.068856 -0.069746 0.166362 -0.382957 -0.087682 -0.186183 0.076201 0.135208 -0.116181 -0.230810 -0.098991 -0.107308 0.215267 -0.152453 0.290014 0.374967 -0.332025 -0.067877 0.207089 0.228226 -0.158291 0.181537 0.062881 0.185350 -0.061084 -0.015872 0.059941 
0.023988 0.207331 -0.123200 -0.156104 -0.060962 -0.075541 0.170551 0.082166 0.044832 0.111829 -0.015318 -0.045366 0.006078 -0.067485 0.078843 0.100703 0.190867 0.039557 -0.002445 0.164072 0.075090 -0.286845 0.047653 -0.068196 -0.045518 0.006284 -0.116929 -0.113286 0.274445 0.254807 -0.018448 -0.083888 0.104435 0.205857 0.028720 -0.190294 0.017206 -0.007612 0.036990 0.150074 0.075877 0.058563 -0.048437 0.179175 -0.050605 0.221087 -0.011744 -0.091152 0.028061 0.144759 -0.196615 -0.147528 -0.168731 0.225279 0.289744 -0.116163 -0.205081 -0.190064 -0.019318 0.035303 -0.165672 -0.152201 -0.064343 0.157088 
0.156067 0.039430 0.339902 -0.134605 0.129841 0.243841 -0.120971 -0.159292 0.010669 0.083100 0.212418 0.278408 0.077640 -0.098923 0.041121 -0.133119 -0.012241 -0.206133 -0.094175 -0.081272 0.219490 -0.142821 -0.014219 0.160265 -0.107646 0.241871 0.083791 -0.144557 -0.093204 0.124936 0.049412 -0.246405 -0.252713 0.131804 0.110490 -0.164087 0.117102 0.056499 0.019227 -0.103853 -0.123075 -0.073263 -0.194352 0.068623 0.007889 -0.180998 0.280126 0.243710 0.006550 -0.017448 -0.171611 -0.092489 -0.197723 0.091501 -0.197648 -0.149185 0.114743 0.250887 -0.064557 0.200588 0.001305 -0.197080 0.230645 -0.088384 
-0.098866 -0.124650 -0.009843 0.120686 -0.253071 0.271942 -0.187355 -0.047419 -0.108041 -0.079651 -0.173845 0.198957 -0.038620 -0.018526 -0.030957 -0.221586 -0.019109 -0.127920 -0.054381 0.109564 0.135131 0.167796 -0.109200 0.143959 0.028662 0.033465 0.041026 0.017199 -0.345736 -0.104582 0.146979 -0.033446 0.023553 -0.201710 -0.136086 0.157590 -0.135010 -0.176625 -0.059365 -0.062786 -0.134946 0.061791 -0.063549 0.071008 0.058197 -0.187978 0.113648 -0.062619 -0.048185 -0.050904 -0.084482 -0.017646 -0.185678 -0.170293 0.054715 0.066274 0.172981 0.014692 -0.093156 0.262116 0.111629 0.212552 -0.073116 -0.057364 
-0.147165 -0.084033 -0.156650 -0.054736 0.356604 -0.174915 0.009998 -0.188014 0.130895 0.159418 0.217122 -0.072528 0.135366 0.081252 0.383544 -0.156488 -0.022464 0.190275 0.114474 -0.175271 -0.218165 0.003051 -0.300366 -0.134988 0.151785 -0.194396 -0.131590 -0.015376 0.014048 -0.065279 0.174873 -0.227079 0.146870 0.045254 -0.168557 0.074832 -0.339252 0.031986 0.063640 0.114725 -0.217736 -0.003057 -0.028273 -0.177713 -0.045399 -0.102635 -0.169202 0.094597 -0.129765 0.008624 0.247901 -0.001616 -0.020024 -0.003162 -0.115592 0.168286 -0.108209 -0.009664 -0.067992 -0.047218 -0.208706 -0.377169 -0.213392 0.016095 
-0.208993 0.191550 -0.099946 -0.103555 -0.150046 0.197742 -0.169418 -0.004842 -0.185719 0.099752 -0.030391 0.009616 0.125617 0.263228 -0.356074 -0.180356 -0.046473 -0.203903 -0.078061 0.099904 -0.127378 -0.137041 -0.068616 -0.081505 0.030127 0.135657 0.013448 0.081598 0.025999 -0.071311 0.064287 0.186127 -0.279412 0.159994 -0.070917 -0.007832 0.143395 -0.012840 0.150710 0.098591 -0.214396 -0.002949 -0.148029 -0.119804 -0.008648 -0.160690 -0.195304 0.146252 -0.051371 0.099906 -0.083735 0.086787 0.101688 0.143794 0.091275 -0.035181 -0.063017 -0.067009 -0.043430 -0.064956 0.136003 0.277429 0.177092 0.075009 
0.071692 -0.022545 -0.157781 -0.109817 0.108476 -0.366420 0.206303 0.099279 0.117462 -0.233307 0.243563 -0.258267 -0.010881 -0.290660 0.250708 0.228793 0.074142 0.013113 -0.024845 -0.005817 -0.195605 -0.241524 0.237446 -0.122981 0.081788 -0.086145 -0.049574 -0.015168 0.320457 0.025555 -0.299468 0.058167 0.146994 -0.110852 0.128376 -0.216312 -0.123073 0.087610 -0.268093 0.119660 0.284021 0.097342 0.174745 0.031293 0.135313 0.189314 -0.030836 0.034715 0.174266 0.135785 -0.170354 0.048317 -0.109405 0.298175 0.096916 0.124414 -0.117879 0.081524 -0.108807 -0.271322 -0.179851 -0.091580 0.094548 0.216155 
-0.108257 -0.045912 -0.047217 -0.044105 -0.261265 -0.021301 -0.121751 0.093993 -0.170844 -0.108305 -0.101413 0.241642 0.186635 0.085960 -0.162601 0.208184 0.025576 -0.090470 0.121506 -0.040107 0.138738 0.033797 -0.040682 0.076042 -0.211185 -0.011495 0.072058 -0.097932 -0.078002 -0.100353 -0.092254 0.134845 -0.242632 0.150463 0.041428 -0.195759 0.197128 0.221833 -0.126007 0.076352 -0.097844 -0.039689 -0.032020 -0.248672 -0.074524 -0.133967 0.243685 0.107194 -0.003669 0.165917 -0.242933 -0.159808 -0.251752 -0.010987 -0.083411 -0.131951 0.103410 0.104849 0.046668 0.031969 -0.142916 0.306040 0.034228 -0.122700 
0.041370 0.083615 -0.045357 0.138456 0.063146 0.049384 0.031211 0.005112 -0.197807 -0.098568 0.191684 -0.085981 -0.004345 0.104270 0.343226 0.235680 0.058447 -0.073410 -0.139376 0.180576 0.035718 0.097168 -0.111611 -0.004858 0.041076 0.208586 0.047151 0.047874 0.333614 0.166673 0.135805 -0.252737 -0.085321 -0.061063 0.000248 -0.212014 0.172017 0.061474 0.217064 -0.249976 0.165312 0.016688 -0.205269 -0.129625 -0.025598 -0.127294 -0.070587 0.043426 -0.050803 -0.075482 0.040227 -0.236314 -0.169951 0.193348 -0.126788 0.221873 0.060875 0.150231 0.028248 -0.069807 0.025149 -0.193133 0.067747 -0.039523 
0.194484 0.003095 0.054474 0.100305 -0.121674 -0.011095 0.128321 -0.087446 0.126647 -0.118574 0.057628 -0.046882 0.073123 0.033086 -0.095828 -0.034955 -0.106545 0.132714 -0.104405 -0.037513 0.172882 0.029126 -0.007486 0.101680 -0.020177 0.162941 0.201969 -0.095040 0.012300 -0.004305 -0.026504 -0.067470 -0.139976 -0.113626 0.042808 -0.090089 0.051705 -0.061887 0.133248 -0.071399 0.145846 -0.004448 -0.007463 -0.109188 -0.099605 0.059724 0.114715 -0.081359 0.016955 0.109100 0.035465 -0.155975 -0.190352 0.174660 0.053102 0.117314 0.156223 0.201964 -0.173693 -0.072892 -0.110695 0.002743 0.193977 0.055022 
0.074667 -0.245305 -0.120029 -0.086077 -0.114379 -0.215797 0.162701 -0.160126 0.019342 -0.303588 -0.103969 -0.028965 0.016527 -0.210232 -0.295916 -0.071921 0.034882 0.202952 -0.029993 -0.120658 0.020728 0.035421 0.291625 0.045876 -0.061677 -0.234282 0.232722 0.232058 -0.110274 -0.021899 -0.127217 0.117021 0.221476 -0.214991 0.074708 -0.065114 -0.072252 -0.242243 -0.177850 0.234124 0.007216 0.203534 0.227311 -0.147339 0.075461 0.040207 -0.045857 0.042798 0.022186 -0.156468 0.190077 -0.027983 0.025415 0.122869 -0.174601 0.203103 0.156130 0.275772 0.103574 0.091124 0.043051 0.410357 -0.162168 0.026370 
0.009010 0.127351 -0.078214 0.131877 -0.277470 0.069703 0.117690 -0.053208 -0.057533 -0.117827 0.036139 -0.204112 -0.147927 -0.079907 -0.088700 0.086339 -0.178054 0.070917 -0.267514 0.182825 -0.127604 -0.201392 0.186743 0.218614 -0.219447 0.002433 0.044894 0.113791 -0.056808 0.019283 -0.182521 0.146798 0.009801 -0.043416 0.145126 -0.025504 0.026723 -0.070512 -0.145135 0.106730 -0.092439 0.117583 -0.178495 -0.104008 0.172009 0.056098 0.058474 -0.213415 -0.105631 0.119594 0.057894 -0.009003 0.111415 0.068820 0.028598 0.274216 0.102869 -0.141789 0.121157 -0.185130 0.053418 0.251796 0.130131 -0.082830 
-0.063356 -0.126028 0.018552 0.087637 0.221130 0.105880 0.059759 -0.222873 -0.046309 0.031248 -0.078477 -0.083472 -0.004993 -0.019482 0.065616 0.094028 -0.146418 -0.089915 -0.109043 0.172971 0.014534 0.120316 0.093533 -0.120293 0.073340 -0.031093 -0.070066 -0.054241 -0.058470 -0.199346 0.032492 -0.090372 0.004928 -0.113080 -0.063655 0.044175 0.103830 0.050712 0.094453 -0.044015 -0.167255 0.107521 0.001473 -0.089301 0.247417 -0.201883 -0.141298 -0.209781 -0.098483 -0.138533 0.163174 -0.128115 0.062285 0.175930 -0.170037 0.103361 -0.042384 0.045439 0.186655 0.091202 0.114117 -0.087452 -0.163309 -0.074736 
0.061451 -0.235066 0.081514 0.069156 0.105643 0.009196 0.207229 -0.191386 -0.065733 0.019687 -0.052214 -0.097886 -0.173513 0.067113 -0.084372 0.011280 0.087710 0.023602 -0.033033 0.100254 -0.131110 0.210933 0.021834 0.102644 -0.035441 -0.108362 -0.005587 -0.028913 0.030482 -0.107994 0.121659 -0.048862 0.156103 -0.047751 0.189434 0.100473 -0.161521 0.096393 0.159475 -0.004645 0.068378 0.043305 0.108750 -0.033083 -0.108086 -0.149676 -0.092615 0.068653 -0.042033 -0.012735 0.127123 0.058678 -0.103591 -0.132704 -0.141486 0.248626 0.062508 0.149704 -0.034962 0.004230 -0.091617 0.192409 0.105944 -0.170103 
0.015299 0.352987 0.107307 0.005175 0.136928 -0.007437 -0.095962 0.059268 -0.204384 -0.150707 0.054704 -0.223501 -0.049298 -0.003715 0.245724 0.162300 -0.121914 0.098367 0.014005 0.126647 0.114990 -0.322518 0.112002 -0.038972 0.133398 0.301882 0.077279 -0.073766 0.346018 0.243665 -0.200659 0.035662 -0.030631 -0.174841 0.001894 -0.104519 0.108538 0.013821 -0.243137 0.106346 0.149454 -0.096110 0.078776 0.029140 0.127774 0.121003 -0.150373 -0.112891 0.009181 0.222293 0.019709 -0.051687 -0.031326 0.076260 0.251578 0.184870 -0.069269 -0.019346 -0.074707 -0.169574 -0.077463 -0.073162 0.120518 0.252340 
0.052511 -0.187746 0.006395 -0.136118 -0.030609 0.018538 0.210290 0.025450 0.043369 0.041547 0.129713 0.073115 0.051066 0.247028 0.068135 0.258777 0.167961 -0.072904 -0.078636 0.212454 0.171238 -0.140909 0.109603 -0.232041 0.107570 -0.143339 -0.092215 0.099279 0.031712 -0.113283 0.131422 0.106035 -0.119773 0.103420 -0.009083 0.115383 0.189471 -0.073216 0.022608 -0.037121 0.223258 -0.101177 -0.225910 -0.093327 -0.010919 0.019181 0.010573 -0.191674 -0.135573 -0.052430 -0.156562 0.123084 -0.162148 0.362998 -0.126844 -0.142411 -0.213053 -0.026141 -0.134701 0.046685 0.043481 -0.140949 0.128987 0.106466 
0.073969 0.084293 0.183865 -0.079120 0.280001 -0.080489 0.123095 0.070843 0.068659 0.197317 0.300725 0.198356 0.032283 -0.149593 0.452381 0.011978 0.210706 -0.225149 0.068836 -0.088272 -0.131334 -0.048699 -0.142055 -0.250570 0.238894 0.028862 0.018503 -0.120876 0.264522 -0.038440 -0.153456 -0.192603 0.098695 0.152074 0.044865 0.107748 0.116015 -0.032004 0.064237 -0.070974 0.169847 -0.083281 -0.120686 -0.025863 0.014448 -0.073908 0.203159 0.005828 -0.031734 -0.109879 0.118965 -0.094056 0.036329 -0.018635 0.028032 -0.076757 -0.213043 -0.125208 0.020125 0.148229 -0.084296 -0.161585 -0.096340 -0.095449 
0.144129 0.172067 -0.178952 0.057591 -0.106788 0.079307 -0.294734 -0.141161 0.092206 0.006982 0.086906 0.112104 0.092275 -0.047252 -0.003163 -0.125489 0.055563 0.154436 -0.016084 0.016922 -0.037967 0.124771 0.152849 0.127177 -0.180694 0.229846 -0.089953 -0.104295 0.257094 0.045748 0.141331 -0.170351 -0.204766 0.152055 0.258059 -0.141788 0.037664 -0.071015 0.183554 -0.172354 -0.006665 -0.138647 -0.332688 -0.148434 -0.002602 -0.106156 -0.020938 -0.198065 -0.183774 0.099783 -0.075506 -0.229786 -0.014418 -0.100589 -0.058727 0.160749 -0.041584 0.030473 -0.107661 -0.015040 -0.224958 -0.395291 -0.022742 -0.055688 
0.267991 -0.072701 0.125425 -0.052483 -0.259170 0.077225 -0.032109 0.190232 0.087074 0.150610 0.177404 0.031283 -0.167432 -0.125802 -0.009901 -0.137920 -0.158459 -0.123173 -0.013567 0.131130 0.135708 0.043799 0.001288 0.286717 0.010218 0.161185 0.149511 -0.080231 0.158283 0.293862 0.200507 0.111086 -0.143919 0.208540 -0.136334 -0.105652 0.073825 0.180514 0.221997 -0.176674 0.212249 0.119971 -0.002534 0.181570 -0.169064 0.029824 0.192173 -0.214536 0.011375 -0.094109 0.114910 -0.226467 -0.143223 -0.070541 0.370344 0.003510 -0.130142 0.087614 -0.192430 -0.269421 0.160266 -0.271616 0.239165 0.118580 
0.090436 0.184313 -0.261447 0.039011 0.276270 -0.240397 -0.137186 0.080896 -0.147897 -0.039692 0.002395 -0.108558 -0.106922 -0.030919 0.019463 -0.059239 0.109302 -0.004987 0.087378 -0.242091 0.093926 0.030481 0.023722 0.285461 -0.169463 0.108346 0.147726 -0.209969 0.190540 0.067496 0.244466 0.107677 0.127764 -0.107568 -0.238748 0.048708 -0.213788 0.213752 -0.008247 -0.176771 0.040457 0.109449 -0.095449 -0.152307 -0.001860 0.245915 -0.045277 -0.036042 -0.129049 -0.114020 -0.080172 -0.197845 0.168422 -0.385872 0.092422 0.159505 0.179256 0.048034 0.157114 -0.039703 0.083411 0.042739 -0.062626 -0.078508 
0.197599 0.130954 -0.036265 0.148092 -0.149882 0.195147 -0.157849 0.009016 0.085017 -0.006598 -0.095596 -0.027345 -0.145415 0.098807 -0.074582 -0.097785 0.121989 -0.152984 -0.046454 0.097091 -0.110890 -0.068442 -0.014245 -0.028480 0.029350 -0.028293 0.239270 -0.065357 -0.217301 0.127482 0.127527 -0.068481 -0.054215 -0.227283 -0.166375 0.159774 0.162143 -0.250312 -0.101490 0.000370 0.035947 0.014502 0.180707 0.180935 -0.189471 -0.018189 -0.079251 -0.146717 0.097242 0.087684 0.146036 0.093200 -0.087397 -0.140941 0.328244 0.008321 -0.009380 0.170534 0.077183 0.048027 0.058078 0.061194 0.137101 0.141208 
0.085323 0.086285 -0.205288 0.137034 0.219790 0.034531 -0.282336 -0.089952 -0.246912 0.178358 -0.106633 -0.196732 -0.070218 0.071539 0.030476 0.077759 -0.155984 0.076099 0.053157 0.061121 -0.148681 0.075060 -0.063246 0.375846 -0.130133 -0.042924 0.039907 0.160023 0.220358 -0.136590 0.196861 -0.023526 0.071793 -0.257434 -0.135647 0.085458 0.009522 -0.109325 0.016984 0.022060 -0.254550 0.068926 -0.225230 -0.016556 -0.124667 0.014435 -0.111958 -0.136867 0.044760 -0.052247 -0.158429 -0.134531 0.261096 -0.310122 -0.268542 0.194405 0.029475 -0.085626 0.039753 -0.269579 0.000704 -0.276156 -0.066283 -0.097074 
-0.136643 0.300249 -0.116360 -0.176476 0.330782 -0.102023 -0.251475 -0.074287 0.054558 0.042570 0.239259 0.110528 -0.105304 0.046185 0.113924 0.145747 0.155328 -0.081457 -0.087426 0.097419 0.091189 -0.279497 -0.142841 0.183629 -0.014068 0.224854 -0.221162 -0.197471 0.392981 0.216580 -0.046903 -0.159312 -0.176344 0.159609 -0.063256 -0.141222 -0.152780 0.126367 -0.024396 0.078732 0.082273 -0.142698 -0.047272 0.233337 0.165920 0.194564 0.035784 0.148079 -0.064798 0.226009 -0.025438 0.154805 0.305496 -0.212606 0.125651 0.004716 0.004148 0.014256 0.017869 -0.134810 0.020134 -0.320360 -0.019108 0.174008 
0.259900 -0.006952 -0.105219 0.205412 0.162440 0.149181 0.198305 -0.280192 -0.075443 0.057957 0.039022 -0.235844 -0.021288 0.150657 0.525806 0.043899 0.134176 0.118936 -0.034699 0.144587 -0.074676 -0.041053 -0.232828 -0.072860 0.031037 0.033997 0.124631 0.131627 0.394855 -0.160867 0.096160 -0.177671 -0.176879 -0.345203 0.137401 0.016325 -0.024425 -0.313177 0.280995 -0.327005 -0.124122 0.114637 -0.279929 -0.110441 0.048541 -0.354979 -0.274976 -0.201205 -0.005328 -0.120543 0.206254 -0.077359 -0.055537 0.206016 -0.119533 0.328587 0.016447 -0.013378 0.036584 0.051234 -0.063504 -0.445314 -0.235701 0.023397 
-0.344542 -0.061938 -0.036931 -0.360767 -0.011455 0.274502 0.002747 0.256651 
-0.226412 0.074800 0.148254 0.341457 0.246289 0.050818 -0.250408 -0.598144 
0.099815 0.329056 0.271868 0.249686 0.271909 0.219037 0.213531 0.300110 
-0.176786 -0.266776 -0.146732 -0.275089 -0.288218 -0.209771 0.052227 0.183996 
0.544703 0.050496 -0.577627 -0.495506 0.418816 -0.081420 0.054590 0.122712 
-0.456217 0.169844 0.358051 0.273810 -0.330229 -0.105646 0.190258 0.207458 
0.233320 0.284158 -0.349147 -0.294213 -0.333209 0.271483 0.143160 0.116667 
-0.214213 0.085655 -0.002512 0.368710 0.259431 0.106127 -0.176620 -0.103778 
0.099426 0.160952 -0.300665 -0.240925 0.300757 0.142117 0.165288 0.312200 
-0.133751 0.125218 -0.320179 -0.214715 -0.004858 -0.335039 0.077112 -0.015467 
0.000670 0.204617 -0.176805 -0.421168 0.178783 0.148867 -0.206475 -0.045213 
-0.276907 0.242648 0.272214 0.172142 0.342089 -0.080985 0.330994 0.254034 
0.134535 0.180809 0.124761 -0.090079 -0.041793 -0.133337 0.126997 0.021083 
-0.186566 0.220578 -0.085063 0.026405 -0.494511 -0.233373 0.006418 -0.268950 
0.511265 0.266661 -0.475087 -0.902894 0.115419 0.032901 0.022987 0.349380 
0.200404 0.192649 0.018073 -0.310236 0.067445 0.187233 -0.114337 -0.265978 
0.053778 0.233702 -0.181388 -0.204666 0.250973 0.021123 0.018106 0.135301 
0.109265 -0.426159 -0.109529 -0.161283 -0.117742 0.125426 -0.100166 -0.203304 
-0.013532 -0.028329 -0.236370 0.057599 0.419505 -0.082317 0.074463 0.122769 
-0.259397 0.139843 0.043467 -0.173399 -0.552367 0.117834 -0.109754 -0.113658 
-0.082256 0.164155 0.324380 0.048275 0.162726 -0.087697 0.087580 -0.142365 
0.023193 -0.171718 0.009801 -0.249340 -0.189106 -0.252355 0.479784 0.302846 
-0.012307 -0.221486 0.331434 0.085535 -0.021668 0.301165 -0.240397 -0.117131 
-0.214762 -0.657400 0.469924 0.094576 0.299922 0.071129 0.017076 0.009181 
0.005958 0.254517 -0.285511 -0.090447 0.002462 0.211093 0.153695 0.167994 
-0.242009 0.018526 0.484006 0.083694 0.060614 0.019462 -0.193753 -0.561837 
-0.075264 -0.173631 0.207350 0.201601 -0.072403 0.210093 0.190269 0.212061 
0.231535 -0.165503 0.035288 0.228037 -0.366749 0.160446 0.107148 0.007162 
0.244867 0.201800 -0.263976 -0.689615 0.293764 0.330700 -0.060684 -0.653765 
-0.201584 0.119410 0.092948 0.475218 0.251479 0.353364 -0.178503 -0.299584 
-0.428166 -0.208444 -0.136532 -0.095083 -0.163907 -0.309407 0.101606 0.009792 
-0.076918 -0.157828 0.131304 0.458640 0.009292 0.084960 -0.119356 -0.308070 
0.362433 -0.300996 -0.756249 -0.276565 0.120925 0.164332 0.058069 -0.009875 
-0.080591 0.401395 -0.122249 -0.381271 0.449066 -0.439322 -0.141021 -0.287412 
0.104477 0.173479 0.268262 -0.249476 -0.320458 0.142306 -0.088369 0.027830 
-0.074518 -0.068175 -0.380406 0.291160 -0.309643 -0.081355 0.304985 0.088184 
-0.252875 0.356136 0.349125 -0.067759 -0.039003 -0.011975 -0.072335 -0.069728 
0.092329 0.054291 -0.132292 -0.355866 0.531354 -0.328366 -0.217936 -0.231232 
-0.318630 0.035129 -0.044139 -0.426753 -0.189449 -0.161670 0.219143 0.121965 
0.419372 0.053717 -0.042178 0.439932 0.126465 0.126608 -0.185633 -0.060439 
-0.026475 0.247378 -0.195212 -0.575266 0.422676 0.423073 0.086903 -0.161275 
0.007835 -0.237752 -0.003953 0.011224 -0.063185 0.121043 0.137589 0.040758 
0.246963 -0.127592 -0.158492 0.577310 0.321550 0.407587 0.156902 0.220410 
-0.133358 0.117792 -0.145628 0.339424 0.171260 0.235005 -0.147802 -0.080440 
0.284343 0.130107 -0.122306 -0.053477 -0.255301 -0.047248 -0.162380 -0.247441 
0.108226 -0.359040 -0.159345 -0.059977 0.728231 0.231082 -0.157456 -0.287302 
-0.124889 0.209458 0.375565 0.140692 0.451083 0.103182 0.052964 0.263426 
0.353751 0.214865 0.080893 0.297341 0.330343 -0.115184 -0.023880 0.260758 
-0.031342 -0.004094 0.000589 0.196099 0.150865 0.246229 0.091373 0.068320 
0.116980 0.153044 0.199289 0.126477 0.124874 -0.035415 -0.289803 -0.286180 
0.024574 -0.044356 -0.283763 0.076076 -0.069582 0.313658 0.325432 0.133023 
0.196191 0.215513 -0.163147 0.387635 -0.250945 0.004582 -0.013335 -0.202124 
0.130550 -0.352939 -0.203498 0.474161 0.131290 -0.007894 -0.217536 -0.335818 
0.047741 0.625473 -0.237275 -0.425959 -0.585433 0.084768 0.041888 -0.172075 
-0.506639 0.179731 -0.304341 0.435148 0.087445 0.326430 -0.422031 0.070962 
0.068944 -0.436083 -0.191011 -0.351183 -0.343020 0.093046 -0.007510 -0.254026 
0.113717 -0.326552 0.399333 0.149203 -0.084085 -0.031224 0.037465 0.147640 
0.001908 -0.060675 0.336682 -0.050536 0.051163 0.207383 0.209730 0.143791 
0.241431 -0.065306 -0.050407 0.095408 -0.237068 -0.105794 -0.104793 -0.073663 
0.230516 0.361429 0.086908 0.256757 -0.206294 -0.090252 0.315665 0.154038 
-0.274634 -0.028770 -0.149061 0.287919 -0.211383 -0.063945 0.102204 -0.144110 
-0.139508 -0.325225 0.592028 1.048371 -0.338983 -0.018029 -0.054370 -0.216824 
-0.315989 0.100590 0.398217 -0.050746 0.128373 0.050501 0.002321 -0.187139 
0.054315 0.162899 -0.036451 0.046910 -0.018779 0.300312 -0.275189 -0.231022 









0.000000 
0.000000 
0.000000 
0.000000 
0.000000 
0.000000 
0.000000 
0.000000 
0.197172 
0.629381 
-0.192802 
-0.217000 
-0.081756 
0.273524 
-0.082312 
-0.149928 
-0.154830 
-0.011629 
0.305217 
-0.176813 
-0.114994 
-0.226638 
0.312334 
0.155414 
-0.473798 
-0.061084 
0.013804 
0.209894 
-0.166059 
-0.041244 
0.032932 
0.177026 
-0.073503 
0.067358 
-0.055622 
0.191222 
-0.329085 
-0.004389 
0.128984 
0.565322 
0.091008 
0.111458 
-0.147818 
0.298150 
0.303805 
0.128224 
-0.314801 
0.249812 
-0.355647 
-0.148769 
-0.336314 
-0.058926 
0.027347 
0.321963 
-0.664989 
0.023702 
-0.041505 
0.307744 
0.324892 
0.163358 
-0.007051 
-0.279050 
0.127630 
0.111864 
0.120177 
-0.052589 
-0.241581 
-0.279400 
0.260849 
0.324231 
-0.122086 
-0.027045 
0.154676 
-0.023625 
-0.142340 
0.094184 
-0.006077 
0.011241 
0.099884 
-0.001873 
-0.273043 
-0.295161 
0.099916 
-0.022135 
-0.136123 
0.352929 
-0.220502 
0.411824 
0.100825 
-0.002437 
-0.068508 
0.059949 
0.049051 
-0.652039 
-0.120773 
0.080828 
-0.060550 
0.043338 
0.363341 
0.114058 
0.069350 
0.120775 
-0.000238 
0.046226 
-0.095292 0.414074 
-0.266634 0.485471 
0.003575 0.525747 
-0.706978 0.451103 
0.424840 0.423479 
0.311206 0.383740 
-0.209073 0.442046 
-0.139878 0.510682 
0.158874 
0.277171 
0.211497 
-0.259419 
-0.037738 
0.547476 
0.396247 
-0.332050 
0.451354 
0.034955 
0.426036 
0.021702 
0.226053 
-0.181086 
-0.009063 
-0.068225 
-0.043756 
-0.020947 
-0.125641 
-0.290909 
-0.348068 
-0.399126 
0.344275 
-0.365108 
0.415860 
-0.053703 
0.169195 
-0.034404 
0.278319 
-0.190859 
0.382628 
0.184650 
-0.052600 
0.337638 
0.427381 
-0.364302 
0.196827 
0.278198 
-0.238965 
0.298316 
-0.175055 
-0.168933 
-0.094143 
0.308587 
-0.018215 
-0.073001 
0.322351 
-0.091860 
-0.057892 
-0.248654 
0.155705 
-0.084162 
-0.024527 
-0.239953 
0.072971 
0.329836 
-0.074545 
-0.004258 
0.184157 
0.204798 
0.086395 
0.330751 
-0.153404 
-0.070455 
-0.355174 
-0.392226 
-0.129197 
0.149734 
0.051515 
-0.304856 
-0.068223 
0.206480 
-0.288007 
0.091998 
0.193017 
0.275012 
-0.276678 
-0.183983 
0.232375 
0.367157 
0.196447 
0.189453 
0.002897 
0.095582 
0.317581 
-0.358908 
0.282252 
-0.163367 
0.060534 
0.081858 
-0.074278 
0.222101 
0.062440 
-0.370530 
-0.049986 
-0.064472 
-0.199379 
0.251400 
0.434360 
1.086308 
0.638650 
0.588297 
0.088999 
0.582247 
1.152000 0.100109 0.060695 
