*************************************************************************************************************************************
|      ITER |        MB |        LE |        VM |       BVM |        IF |        IB |       MAW |       MAB |        LR |        ET | Wed Mar 13 16:35:03 2024 
-------------------------------------------------------------------------------------------------------------------------------------
|         1 |       143 |  5.59E-01 |  0.927950 |  0.927950 |     11.46 |     11.25 |  2.593764 |  0.908055 |  9.99E-03 |      0.84 | 
|         1 |       286 |  4.66E-01 |  0.932212 |  0.932212 |     11.60 |     11.29 |  0.442410 |  0.584915 |  9.97E-03 |      5.11 | 
|         1 |       429 |  4.62E-01 |  0.938956 |  0.938956 |     11.92 |     11.58 |  0.630800 |  0.670355 |  9.93E-03 |      9.38 | 
|         1 |       572 |  4.29E-01 |  0.940795 |  0.940795 |     12.37 |     12.04 |  0.411365 |  0.442306 |  9.88E-03 |     13.85 | 
|         1 |       715 |  4.22E-01 |  0.943854 |  0.943854 |     12.65 |     12.36 |  4.231410 |  3.140137 |  9.82E-03 |     18.65 | 
|         1 |       858 |  4.37E-01 |  0.942923 |  0.943854 |     12.83 |     12.51 |  0.734986 |  0.596417 |  9.74E-03 |     23.13 | 
|         1 |      1001 |  4.15E-01 |  0.940843 |  0.943854 |     13.01 |     12.68 |  1.077979 |  1.177536 |  9.65E-03 |     27.77 | 
|         1 |      1144 |  4.08E-01 |  0.943675 |  0.943854 |     13.14 |     12.79 |  2.226940 |  1.592442 |  9.54E-03 |     32.50 | 
|         1 |      1287 |  4.07E-01 |  0.940195 |  0.943854 |     13.26 |     12.90 |  0.903371 |  0.956241 |  9.42E-03 |     37.76 | 
|         1 |      1430 |  3.87E-01 |  0.942781 |  0.943854 |     13.34 |     12.97 |  0.978468 |  0.940239 |  9.29E-03 |     42.56 | 
|         1 |      1573 |  3.81E-01 |  0.940441 |  0.943854 |     13.35 |     12.99 |  1.691316 |  0.842536 |  9.15E-03 |     47.29 | 
|         1 |      1579 |  3.82E-01 |  0.937779 |  0.943854 |     13.36 |     12.99 |  0.838262 |  0.509553 |  9.14E-03 |     51.32 | 
|         2 |       143 |  2.29E-01 |  0.944953 |  0.944953 |     14.46 |     14.02 |  1.084986 |  0.734195 |  8.98E-03 |     52.30 | 
|         2 |       286 |  2.81E-01 |  0.945975 |  0.945975 |     14.26 |     13.84 |  1.342207 |  1.329272 |  8.82E-03 |     57.07 | 
|         2 |       429 |  2.79E-01 |  0.950095 |  0.950095 |     13.86 |     13.58 |  9.291232 |  2.017787 |  8.64E-03 |     62.28 | 
|         2 |       572 |  2.52E-01 |  0.950023 |  0.950095 |     13.64 |     13.36 |  0.524477 |  0.353747 |  8.45E-03 |     67.29 | 
|         2 |       715 |  2.89E-01 |  0.922407 |  0.950095 |     13.56 |     13.20 |  6.197098 |  9.781991 |  8.25E-03 |     72.01 | 
|         2 |       858 |  2.93E-01 |  0.933900 |  0.950095 |     13.40 |     13.05 |  1.176065 |  0.341747 |  8.05E-03 |     76.84 | 
|         2 |      1001 |  3.07E-01 |  0.937245 |  0.950095 |     13.32 |     12.95 |  0.619129 |  0.699410 |  7.83E-03 |     81.47 | 
|         2 |      1144 |  3.14E-01 |  0.945092 |  0.950095 |     13.22 |     12.86 |  4.074675 |  2.674475 |  7.61E-03 |     85.81 | 
|         2 |      1287 |  3.14E-01 |  0.945228 |  0.950095 |     13.17 |     12.78 |  0.605612 |  0.518951 |  7.38E-03 |     90.32 | 
|         2 |      1430 |  3.05E-01 |  0.954077 |  0.954077 |     13.10 |     12.70 |  0.593488 |  0.432174 |  7.14E-03 |     94.77 | 
|         2 |      1573 |  3.01E-01 |  0.949521 |  0.954077 |     13.02 |     12.64 |  0.561054 |  0.399724 |  6.90E-03 |     99.16 | 
|         2 |      1579 |  3.02E-01 |  0.949744 |  0.954077 |     13.02 |     12.63 |  5.277574 |  3.570041 |  6.89E-03 |    102.94 | 
|         3 |       143 |  3.12E-01 |  0.951281 |  0.954077 |     12.54 |     12.38 |  1.899260 |  1.494904 |  6.65E-03 |    103.76 | 
|         3 |       286 |  2.46E-01 |  0.942529 |  0.954077 |     12.81 |     12.62 |  1.684158 |  0.637920 |  6.40E-03 |    108.36 | 
|         3 |       429 |  2.43E-01 |  0.948703 |  0.954077 |     12.84 |     12.64 |  1.591938 |  1.101813 |  6.14E-03 |    113.24 | 
|         3 |       572 |  2.52E-01 |  0.950642 |  0.954077 |     12.96 |     12.72 |  0.388671 |  0.321821 |  5.89E-03 |    118.73 | 
|         3 |       715 |  2.58E-01 |  0.952400 |  0.954077 |     12.96 |     12.63 |  3.545946 |  2.403840 |  5.63E-03 |    123.53 | 
|         3 |       858 |  2.42E-01 |  0.944598 |  0.954077 |     13.10 |     12.67 |  0.379371 |  0.224995 |  5.38E-03 |    128.35 | 
|         3 |      1001 |  2.46E-01 |  0.950126 |  0.954077 |     13.37 |     12.94 |  1.560502 |  0.697195 |  5.12E-03 |    133.97 | 
|         3 |      1144 |  2.56E-01 |  0.940663 |  0.954077 |     13.38 |     12.96 |  0.688688 |  0.312624 |  4.87E-03 |    139.10 | 
|         3 |      1287 |  2.53E-01 |  0.948370 |  0.954077 |     13.41 |     13.01 |  1.675234 |  1.124696 |  4.62E-03 |    144.67 | 
|         3 |      1430 |  2.50E-01 |  0.942477 |  0.954077 |     13.55 |     13.19 |  0.617269 |  0.430308 |  4.37E-03 |    149.81 | 
|         3 |      1573 |  2.59E-01 |  0.943431 |  0.954077 |     13.62 |     13.31 |  0.326161 |  0.307487 |  4.12E-03 |    154.86 | 
|         3 |      1579 |  2.60E-01 |  0.941321 |  0.954077 |     13.62 |     13.31 |  3.607529 |  2.432231 |  4.11E-03 |    159.26 | 
|         4 |       143 |  1.66E-01 |  0.946019 |  0.954077 |     15.13 |     16.06 |  0.935081 |  1.376656 |  3.87E-03 |    160.40 | 
|         4 |       286 |  2.11E-01 |  0.942710 |  0.954077 |     15.37 |     16.29 |  0.607368 |  0.711856 |  3.63E-03 |    166.65 | 
|         4 |       429 |  1.89E-01 |  0.948663 |  0.954077 |     15.17 |     16.04 |  1.813889 |  0.688308 |  3.40E-03 |    172.69 | 
|         4 |       572 |  2.18E-01 |  0.952091 |  0.954077 |     14.96 |     15.83 |  0.448568 |  0.320655 |  3.18E-03 |    178.20 | 
|         4 |       715 |  2.05E-01 |  0.947039 |  0.954077 |     14.70 |     15.51 |  0.696615 |  0.513510 |  2.97E-03 |    183.63 | 
|         4 |       858 |  2.09E-01 |  0.949739 |  0.954077 |     14.73 |     15.52 |  0.544835 |  0.385561 |  2.76E-03 |    189.01 | 
|         4 |      1001 |  2.08E-01 |  0.943420 |  0.954077 |     14.72 |     15.48 |  0.594903 |  0.637357 |  2.56E-03 |    194.69 | 
|         4 |      1144 |  2.22E-01 |  0.945784 |  0.954077 |     14.62 |     15.33 |  0.418022 |  0.283843 |  2.37E-03 |    199.79 | 
|         4 |      1287 |  2.29E-01 |  0.944974 |  0.954077 |     14.47 |     15.15 |  1.437220 |  1.024789 |  2.19E-03 |    204.75 | 
|         4 |      1430 |  2.26E-01 |  0.945327 |  0.954077 |     14.38 |     15.03 |  0.536487 |  0.368913 |  2.02E-03 |    209.76 | 
|         4 |      1573 |  2.25E-01 |  0.946467 |  0.954077 |     14.28 |     14.89 |  1.004541 |  0.674875 |  1.87E-03 |    214.64 | 
|         4 |      1579 |  2.25E-01 |  0.945323 |  0.954077 |     14.28 |     14.89 |  0.877886 |  0.350539 |  1.86E-03 |    218.87 | 
|         5 |       143 |  2.13E-01 |  0.943641 |  0.954077 |     13.76 |     14.29 |  0.729356 |  2.231951 |  1.72E-03 |    219.77 | 
|         5 |       286 |  2.07E-01 |  0.944871 |  0.954077 |     13.65 |     14.12 |  0.857949 |  0.581172 |  1.58E-03 |    225.80 | 
|         5 |       429 |  1.95E-01 |  0.944874 |  0.954077 |     13.83 |     14.34 |  0.748549 |  0.508136 |  1.46E-03 |    232.05 | 
|         5 |       572 |  2.00E-01 |  0.945137 |  0.954077 |     13.91 |     14.41 |  0.534666 |  1.250710 |  1.36E-03 |    238.83 | 
|         5 |       715 |  1.91E-01 |  0.946672 |  0.954077 |     13.69 |     14.14 |  0.328067 |  0.224360 |  1.26E-03 |    246.15 | 
|         5 |       858 |  1.91E-01 |  0.948284 |  0.954077 |     13.60 |     14.00 |  0.634631 |  0.662957 |  1.18E-03 |    251.36 | 
|         5 |      1001 |  1.97E-01 |  0.946209 |  0.954077 |     13.59 |     13.99 |  0.261436 |  0.208251 |  1.12E-03 |    256.78 | 
|         5 |      1144 |  2.08E-01 |  0.951192 |  0.954077 |     13.65 |     14.03 |  0.318971 |  0.217035 |  1.07E-03 |    264.07 | 
|         5 |      1287 |  2.10E-01 |  0.949609 |  0.954077 |     13.75 |     14.15 |  0.631890 |  0.428218 |  1.03E-03 |    269.94 | 
|         5 |      1430 |  2.10E-01 |  0.950282 |  0.954077 |     13.74 |     14.14 |  0.357877 |  0.283688 |  1.01E-03 |    276.26 | 
|         5 |      1573 |  2.04E-01 |  0.946771 |  0.954077 |     13.73 |     14.11 |  0.489420 |  0.174191 |  1.00E-03 |    284.06 | 
|         5 |      1579 |  2.03E-01 |  0.947137 |  0.954077 |     13.72 |     14.11 |  0.815384 |  1.128386 |  1.00E-03 |    289.87 | 
-------------------------------------------------------------------------------------------------------------------------------------
