0.102683 0.191937 0.169476 0.215090 0.131254 0.062457 -0.427976 -0.011949 0.025809 -0.479512 0.187524 0.246863 -0.122155 0.041624 -0.071278 0.247623 -0.132098 0.204256 0.176580 0.350229 0.036422 0.475670 0.081292 -0.009480 0.200971 -0.003212 0.128935 0.061065 -0.249255 -0.024101 -0.122245 0.023204 
-0.444971 -0.322972 0.173383 -0.017700 0.204731 0.302818 0.113604 -0.130177 0.147031 -0.030090 0.034002 0.129544 -0.079806 -0.248715 -0.210289 0.080874 0.104460 0.378958 0.254782 -0.031148 0.240398 0.248824 -0.291012 -0.034212 0.348908 0.243842 -0.312603 -0.359431 0.018227 -0.031265 0.375869 -0.410102 
0.018940 0.379990 0.063311 -0.349350 0.018686 -0.105533 -0.092978 -0.061909 -0.268836 -0.049227 -0.092098 -0.262122 0.430903 -0.192669 -0.234347 0.175891 -0.198716 0.464084 0.420291 0.218192 -0.159772 0.175366 0.103086 -0.095914 0.211567 0.264362 0.003479 -0.009384 0.308594 -0.006616 0.068371 -0.167420 
0.028435 -0.164636 -0.149150 0.115792 -0.010702 0.097607 -0.226409 0.166122 -0.216590 -0.131129 -0.886277 -0.051855 0.547390 0.005462 -0.322281 -0.082577 0.098590 0.279566 -0.035383 0.137432 -0.145260 0.118096 -0.352654 -0.041473 0.100500 0.278921 0.135049 -0.425285 -0.210925 0.188434 -0.098066 -0.266113 
0.212403 0.205388 -0.314795 0.068727 -0.039786 0.099634 -0.295695 -0.227700 0.131218 0.036785 -0.389921 0.302578 0.396258 -0.033038 -0.210765 -0.028273 -0.066494 0.110510 0.013499 -0.221774 -0.016622 0.211880 -0.244307 0.262519 -0.202125 0.400860 -0.172952 -0.264460 0.086009 0.229853 -0.154009 -0.218953 
-0.029289 -0.104276 0.163239 0.215693 0.387515 0.407217 -0.243098 -0.283310 -0.046255 -0.133720 -0.107370 -0.242211 0.112296 0.069534 0.354599 0.015433 -0.405301 -0.352737 0.119613 0.191279 -0.031541 0.199057 0.088690 -0.023390 0.288768 0.187991 0.141807 -0.047493 0.222967 0.272211 0.182557 -0.418517 
-0.161600 -0.059014 0.250965 -0.290127 -0.204872 0.348303 0.003902 0.148294 -0.159370 0.111876 -0.232593 0.224590 -0.089835 0.188137 -0.225448 0.038558 0.219503 0.168523 -0.245265 -0.097633 0.012691 0.235568 0.259995 -0.146367 0.095664 -0.173942 0.026906 -0.222595 -0.121120 -0.364726 -0.028236 0.142901 
-0.105601 -0.182684 0.156152 0.195949 -0.227140 -0.047629 -0.097395 -0.121043 -0.093591 -0.046400 -0.238351 0.067168 -0.014333 -0.201239 -0.269130 -0.125825 -0.355773 -0.045601 0.166629 0.018042 -0.240773 0.194144 0.114998 0.061546 -0.200493 -0.079152 0.094179 -0.058948 -0.078548 -0.310377 -0.180052 -0.209666 
-0.069152 0.042061 0.182147 0.013996 -0.162579 -0.075622 0.064458 -0.044656 0.209949 0.057861 0.211075 -0.248565 -0.034572 -0.191987 0.017244 -0.061085 
-0.095654 -0.047106 0.222141 -0.046351 -0.194003 0.090028 -0.303321 -0.231983 0.049992 0.112850 0.158534 -0.077824 0.080179 0.059952 0.148502 0.052471 
0.032204 0.080806 -0.063724 0.171908 0.100410 -0.143212 -0.136325 0.061099 -0.102719 -0.201717 -0.210651 -0.010660 -0.063241 0.053153 0.083351 -0.123336 
0.004391 0.066801 -0.149392 0.154276 -0.195545 -0.080428 0.144906 -0.026122 -0.032915 -0.112674 -0.197222 -0.169262 0.112506 -0.178707 0.000442 -0.024056 
0.229461 0.119395 -0.141144 0.078834 -0.126543 0.097020 0.091628 -0.101206 0.217190 0.133123 0.125085 -0.158171 -0.117030 0.126153 0.185233 -0.201929 
0.164192 -0.078018 -0.295193 0.237296 -0.052967 0.050414 -0.040837 -0.040267 -0.026802 -0.047136 0.044615 -0.009495 0.050001 -0.029698 -0.170021 -0.298776 
-0.124861 0.196101 -0.147456 -0.016483 -0.031298 0.193552 0.175463 0.105000 -0.172948 0.088956 -0.051611 0.190767 -0.166693 0.020978 -0.064454 0.197923 
0.027790 -0.088446 0.115240 -0.248608 0.253014 -0.099538 0.151699 -0.090880 0.065115 0.075318 0.005389 0.006911 0.078378 -0.005731 -0.103955 0.292540 
0.142958 0.194496 0.000092 0.202071 -0.255759 -0.021262 0.120554 0.105513 0.128620 -0.062913 -0.304606 -0.124081 0.282213 -0.049464 0.192589 -0.016876 
-0.011737 0.134205 0.138123 -0.027999 -0.041987 0.062314 0.057324 0.221569 -0.247303 0.152037 -0.018746 -0.003201 -0.129152 0.035496 -0.233846 -0.120624 
-0.231983 0.118051 -0.007232 0.014211 -0.040852 -0.011227 0.032008 0.021195 0.142895 0.170896 -0.088347 0.109810 -0.091331 0.019985 0.114033 0.085091 
0.058326 -0.151948 -0.016445 0.048331 0.133688 0.059192 -0.080646 -0.139188 -0.043908 0.179491 -0.176622 -0.178157 0.033884 -0.170439 0.051404 -0.109028 
0.140380 -0.105421 0.173995 -0.060035 0.117165 0.033324 -0.086042 0.015622 -0.053706 0.227895 0.075199 -0.098184 -0.109163 0.151808 0.018431 -0.121414 
0.170033 -0.123768 -0.030400 0.003934 0.054986 0.095165 0.022123 0.113979 0.113695 -0.007510 0.067053 -0.220906 -0.084482 -0.126931 -0.057002 0.090424 
0.019730 -0.106151 -0.139618 -0.059771 -0.149432 0.126330 0.125794 0.027777 0.266107 -0.102357 -0.109991 -0.119997 -0.175103 0.281851 -0.024406 0.068852 
-0.288601 0.163327 -0.031932 0.235941 -0.090352 -0.168723 -0.079599 -0.141745 0.252963 -0.267894 -0.182780 0.164980 0.052440 -0.037884 0.219336 0.202634 
0.032313 0.012505 0.047452 0.009314 0.043904 0.127199 0.218484 0.091251 0.188053 0.109004 -0.181376 0.228144 0.270399 -0.075314 0.237237 0.285787 
-0.058650 -0.055607 0.046709 0.079203 -0.031294 -0.138886 -0.122494 -0.283888 -0.256728 0.041282 0.071495 0.046012 0.116242 -0.014153 0.245084 -0.078138 
0.011647 0.085634 0.089521 0.099070 -0.074467 0.011717 -0.088547 -0.302639 -0.003255 0.035728 -0.197699 0.094911 0.084031 0.110393 0.009235 -0.213346 
0.135996 -0.079828 -0.210565 -0.141311 -0.058931 -0.183085 -0.098538 -0.010650 0.071985 -0.165240 0.137930 -0.101698 0.090009 0.119779 -0.055181 0.045792 
0.096205 0.251577 -0.169162 0.314353 -0.024586 0.051186 -0.030923 -0.053418 -0.175761 -0.005368 0.023120 -0.142019 0.234166 -0.034182 -0.015264 0.018861 
-0.014969 -0.275250 -0.216406 0.098839 0.035149 -0.232804 -0.128678 -0.245126 -0.029367 -0.041172 -0.202109 -0.140062 -0.073968 -0.146945 0.064082 -0.411803 
-0.209305 0.080355 -0.117596 -0.004882 -0.098413 -0.126673 -0.301581 0.052563 -0.029898 0.004581 -0.023459 -0.061133 -0.183154 -0.037692 -0.123105 0.066176 
0.044648 0.062119 0.002544 0.317109 0.025168 0.194768 0.041115 0.088385 0.100986 -0.115757 -0.044919 0.103745 0.199481 -0.199730 0.117409 0.172945 
0.034983 0.100995 -0.194008 -0.183580 -0.155950 -0.109553 -0.014883 -0.209103 0.033492 0.152399 0.061469 0.074659 -0.135171 -0.045261 -0.075311 -0.189918 
0.133849 0.013206 0.093909 0.129678 0.001453 0.036756 0.175494 -0.236437 -0.050880 0.117005 0.103320 0.110442 0.085238 0.147014 0.109376 -0.080627 
0.086598 -0.207423 0.010694 -0.011905 0.074146 -0.220942 -0.053916 0.218314 0.158196 -0.226625 0.012797 -0.175716 -0.108913 0.025351 -0.172638 0.095786 
-0.082557 -0.075913 -0.084847 0.035907 0.017278 -0.043581 -0.145686 0.140406 0.137700 -0.054009 0.217759 -0.063503 0.102330 0.060762 -0.074109 0.137202 
-0.044049 0.106175 0.046016 0.022945 -0.061693 0.248886 -0.270363 -0.047191 0.184287 -0.001993 0.053246 -0.031116 -0.254652 0.169667 0.076561 0.068802 
0.210343 -0.110713 -0.032926 0.105517 -0.122654 0.026610 0.159521 -0.178257 0.046706 0.127620 0.115743 -0.183430 -0.073190 0.160934 0.158285 0.188926 
-0.023208 0.128682 -0.235085 -0.090061 -0.118009 -0.022567 0.074539 -0.009508 0.124543 -0.009849 -0.086586 0.200374 -0.195947 -0.016021 -0.001819 -0.066895 
-0.054027 0.117764 0.070782 -0.002819 0.032180 0.020003 0.142159 0.014367 0.032325 -0.082559 0.035094 -0.181971 0.027365 -0.101482 0.074302 0.283372 
0.279976 0.007799 0.186825 -0.062721 -0.000825 -0.277149 0.058440 0.005601 -0.056450 0.124758 -0.174187 0.137745 -0.084127 0.224127 -0.227354 -0.191903 
-0.361970 -0.143129 -0.198100 -0.320037 0.255073 0.242500 0.080038 0.040548 0.124627 0.207643 -0.399050 0.026803 0.080849 -0.230467 0.246987 -0.114481 
0.257924 -0.266640 -0.033880 -0.058386 -0.045482 0.289244 0.002984 -0.069396 0.097098 -0.487748 0.087740 -0.078449 0.075317 -0.044489 0.259064 -0.272354 
-0.147710 -0.272631 -0.299950 -0.345135 0.065202 -0.011438 0.194746 -0.216332 0.208250 0.236459 -0.058618 0.201879 -0.341625 -0.058827 -0.149927 -0.241214 
0.176077 -0.204201 -0.001569 0.119919 -0.139956 -0.231878 -0.183482 0.124571 -0.196359 -0.218386 0.058475 0.083033 0.040594 0.016881 0.236186 0.332010 
-0.002592 -0.159406 0.193002 -0.089711 0.291715 0.241165 0.326809 0.077060 0.009091 0.256373 -0.258352 -0.047449 -0.044232 -0.050082 -0.069893 -0.273590 
0.261894 -0.016877 0.286389 -0.131235 0.146155 -0.373102 0.195734 -0.138015 -0.044819 0.174834 -0.428174 0.350532 0.290075 -0.169141 0.124339 -0.001690 
-0.027762 -0.112154 0.159053 -0.337869 -0.140267 0.206135 -0.031881 0.122947 -0.197528 0.196143 0.025277 0.148254 -0.220753 0.161315 0.472187 0.009602 
-0.257912 0.405131 0.134026 -0.046321 0.349211 0.021977 -0.177761 -0.218362 0.308815 0.129164 0.033989 0.253721 0.208804 0.139062 -0.178876 -0.255436 
0.362465 -0.073821 -0.088746 0.338408 -0.151655 0.108230 0.143412 0.105431 -0.036956 -0.292009 -0.146593 -0.207648 0.189168 -0.154688 -0.092242 -0.132472 
0.349281 0.123286 0.264618 0.304788 0.128626 -0.030377 -0.102857 0.205483 -0.008295 -0.320777 0.042748 0.030736 0.244218 0.262939 -0.042909 -0.189139 
-0.160871 -0.258059 -0.125728 0.116595 0.122241 0.139705 0.133972 0.163238 -0.210227 0.158607 -0.024852 -0.290479 0.331624 -0.359887 -0.017498 0.336677 
-0.086128 -0.391755 -0.049090 -0.265829 0.069092 -0.214572 -0.169801 -0.401511 0.215374 0.071075 -0.131276 0.121495 -0.027840 -0.093264 0.118647 0.011932 
0.037936 0.301540 0.158555 0.058331 0.155048 0.169418 0.201804 0.360749 -0.245189 -0.184612 -0.141866 -0.204543 0.100349 -0.013410 -0.247565 0.002235 
-0.160586 0.131799 -0.259971 -0.018351 0.165637 -0.222787 0.228210 -0.362686 0.364639 -0.007632 -0.325117 -0.111192 0.116686 -0.096615 -0.095554 -0.273581 
-0.053158 0.070738 0.153739 -0.370049 0.507551 0.024608 -0.295097 -0.347102 0.213291 -0.091493 -0.153300 -0.054645 0.217531 0.155647 0.466542 0.167862 
-0.005494 0.102443 0.352179 -0.036889 -0.327585 -0.212790 -0.154414 0.470225 -0.067643 0.152691 0.509901 -0.005529 -0.691037 -0.168678 -0.293034 -0.018438 -0.131966 0.032219 -0.247145 0.127344 -0.015153 0.119781 -0.163348 0.070840 0.059913 -0.106794 0.173429 -0.115197 -0.065288 0.074607 -0.034914 
-0.127375 0.041329 -0.016678 0.038142 0.215475 0.066940 -0.241628 0.164476 -0.349901 0.025717 -0.214956 -0.474347 -0.132327 0.198007 -0.234645 -0.442062 -0.131966 -0.012514 -0.102842 0.094181 0.026550 -0.004787 -0.094687 -0.112559 0.136977 -0.007473 -0.033150 -0.073963 0.077706 -0.037594 0.005019 
0.132669 -0.273030 -0.126818 -0.187819 0.390924 -0.011978 -0.103678 -0.052878 -0.393303 0.301673 0.409877 -0.361989 -0.188267 0.231260 -0.319812 -0.093709 0.032219 -0.012514 -0.050553 0.152843 0.003092 0.100701 -0.080015 -0.124886 0.197044 0.122017 0.042043 -0.076731 0.058552 0.120538 -0.059113 
0.051634 -0.073405 0.147533 0.446953 -0.190129 -0.272349 0.024966 0.517060 -0.302293 0.105775 -0.026786 -0.289294 -0.257717 -0.469279 -0.087661 -0.104181 -0.247145 -0.102842 -0.050553 -0.090010 -0.032236 -0.022185 -0.200395 0.184828 0.209468 -0.045077 0.106607 -0.036162 -0.380863 0.056399 -0.005772 
0.075816 -0.249168 -0.093054 -0.055936 0.222208 0.245181 0.204927 -0.384914 0.232126 0.039362 -0.401962 0.248033 0.464051 0.390499 -0.304326 -0.490838 0.127344 0.094181 0.152843 -0.090010 0.296274 -0.109723 0.202661 0.061310 -0.164311 -0.109206 -0.061937 0.296614 0.343113 0.062859 0.048169 
-0.424810 0.342107 -0.247497 0.290847 0.193330 -0.455062 0.182388 -0.415414 0.289710 0.312828 0.025516 0.043332 0.365196 0.032763 0.170221 0.249958 -0.015153 0.026550 0.003092 -0.032236 0.296274 0.080333 0.096250 0.064630 -0.062295 -0.081770 0.017866 0.075792 0.252814 0.033331 -0.160683 
-0.011372 0.159434 0.215190 0.106749 -0.460400 0.326936 0.474093 -0.016656 -0.111833 0.174434 0.191308 -0.423440 -0.073491 -0.212465 0.142048 -0.168238 0.119781 -0.004787 0.100701 -0.022185 -0.109723 0.080333 0.078508 -0.175165 0.042929 -0.095342 -0.074026 -0.096070 -0.240006 0.037403 0.043000 
0.035636 0.351133 -0.158342 0.375980 0.579281 -0.286478 0.269862 -0.092259 -0.277263 0.302352 0.439353 -0.418766 -0.121295 -0.340785 -0.169649 0.181888 -0.163348 -0.094687 -0.080015 -0.200395 0.202661 0.096250 0.078508 0.044884 0.245458 0.006585 0.082461 -0.010109 0.131826 -0.069114 -0.007796 
-0.036484 -0.322409 -0.022455 0.011311 -0.417822 -0.078599 -0.038474 -0.245155 -0.161746 -0.099823 -0.352319 0.052382 0.278894 0.353854 0.076389 -0.396016 0.070840 -0.112559 -0.124886 0.184828 0.061310 0.064630 -0.175165 0.044884 -0.068629 0.175744 -0.167602 -0.067424 0.126917 -0.017129 -0.007145 
0.259388 0.110175 -0.094503 -0.315331 0.088261 0.473165 0.362772 -0.471538 -0.225187 -0.504245 -0.087338 -0.148401 0.332652 -0.135713 -0.188652 0.050644 0.059913 0.136977 0.197044 0.209468 -0.164311 -0.062295 0.042929 0.245458 -0.068629 -0.031550 0.005101 0.041336 0.033235 0.116885 0.200408 
-0.214434 0.427990 0.041192 -0.168407 0.091661 -0.241632 -0.414545 0.360226 -0.126092 -0.304063 -0.126246 0.233816 0.016231 -0.210819 0.386036 0.273601 -0.106794 -0.007473 0.122017 -0.045077 -0.109206 -0.081770 -0.095342 0.006585 0.175744 -0.031550 -0.076950 -0.060458 -0.013155 -0.099656 0.025817 
0.294037 -0.197010 0.052728 -0.459577 -0.110102 0.308927 -0.159943 -0.080833 -0.201726 -0.235912 0.020591 -0.087459 -0.062578 0.322745 -0.121703 0.216339 0.173429 -0.033150 0.042043 0.106607 -0.061937 0.017866 -0.074026 0.082461 -0.167602 0.005101 -0.076950 -0.066757 0.146419 -0.035703 -0.015029 
-0.027641 -0.498493 0.031364 0.266658 0.318888 0.034897 -0.048232 -0.235243 0.405095 0.550073 0.029149 -0.078590 -0.160056 0.057180 -0.403730 -0.395858 -0.115197 -0.073963 -0.076731 -0.036162 0.296614 0.075792 -0.096070 -0.010109 -0.067424 0.041336 -0.060458 -0.066757 0.266287 0.119242 0.084718 
-0.009400 0.020785 0.079345 -0.335540 0.302062 -0.647012 -0.394958 0.077569 -0.403957 0.261911 0.129045 -0.088171 -0.199572 0.315979 0.095485 -0.076824 -0.065288 0.077706 0.058552 -0.380863 0.343113 0.252814 -0.240006 0.131826 0.126917 0.033235 -0.013155 0.146419 0.266287 0.033523 -0.101846 
-0.209103 -0.101312 -0.519651 -0.193129 0.309528 -0.200167 -0.121371 -0.142292 0.327150 0.056749 0.354060 0.460536 0.119230 0.323587 -0.171456 0.368385 0.074607 -0.037594 0.120538 0.056399 0.062859 0.033331 0.037403 -0.069114 -0.017129 0.116885 -0.099656 -0.035703 0.119242 0.033523 -0.031747 
0.342961 -0.181352 -0.565107 -0.124981 0.686034 -0.220178 0.101952 0.160674 0.445316 -0.105919 -0.149421 0.344250 0.056912 -0.338384 -0.115317 0.323886 -0.034914 0.005019 -0.059113 -0.005772 0.048169 -0.160683 0.043000 -0.007796 -0.007145 0.200408 0.025817 -0.015029 0.084718 -0.101846 -0.031747 
-0.119204 0.115217 0.019059 -0.156754 0.301767 0.179169 -0.167114 -0.030343 0.200398 0.089064 0.314321 0.012454 -0.229028 -0.278401 0.206193 -0.183099 0.117260 -0.357478 -0.187440 -0.144911 0.038129 -0.091143 -0.242792 0.145750 -0.156034 0.116936 0.169315 0.242675 0.141389 -0.115093 0.010227 0.202638 
-0.150508 0.202372 -0.176464 0.390608 -0.153825 0.231213 0.004090 -0.131352 0.400940 -0.347974 -0.440562 -0.291602 -0.267738 0.483710 -0.136694 0.315072 -0.160482 0.295077 0.236377 0.307857 0.291011 -0.139180 0.033420 -0.152899 -0.133481 -0.124103 -0.340187 0.030134 -0.001578 0.196833 -0.255414 0.034409 
-0.188046 -0.013017 0.151750 0.195706 -0.355669 0.364596 0.126466 -0.329472 -0.326262 -0.114878 -0.042303 -0.017107 -0.342888 0.057304 -0.129989 -0.203036 -0.266550 -0.128044 -0.269867 -0.128944 -0.059154 0.215497 -0.444504 -0.020299 -0.330181 -0.031213 -0.305791 0.052738 -0.153863 -0.148453 -0.231986 0.174680 
0.229159 0.062897 -0.114718 0.343737 0.018567 0.002844 0.589138 0.127538 -0.144678 -0.334799 -0.337926 -0.144413 0.204991 -0.270121 0.042585 0.018543 -0.075949 0.066941 -0.218258 0.182422 0.029573 0.120677 -0.135651 0.072926 0.412334 -0.195181 -0.242200 -0.144396 0.162568 -0.318240 -0.043850 -0.082455 
0.554847 0.486527 -0.251808 0.025331 0.348849 -0.576016 -0.292956 0.292514 0.110011 -0.245129 -0.314366 -0.201655 0.292074 -0.035267 0.149744 0.479470 0.128018 0.115430 0.167562 -0.426436 0.347946 -0.402345 0.471851 0.421876 -0.026204 0.296945 0.212799 -0.501968 -0.184924 0.009433 -0.064751 -0.581424 
-0.173668 0.191314 0.015876 -0.305173 0.471628 0.184414 0.114146 -0.042384 0.189533 0.123188 0.286544 -0.078145 -0.160828 -0.109723 -0.239341 0.447938 0.141666 -0.351079 -0.284507 -0.085629 -0.307930 0.214861 -0.167674 0.140740 0.091524 -0.386257 0.538266 0.149589 0.034321 0.020591 0.351751 0.587704 
0.073201 -0.210050 0.115581 0.080413 -0.187434 0.255348 0.294465 0.269633 0.232650 -0.299844 -0.190314 -0.210882 -0.142347 0.025755 -0.156795 0.360566 0.213344 -0.276779 -0.087942 0.101015 -0.283118 0.182884 -0.061550 0.082921 0.371308 -0.342243 0.214829 0.001955 0.356772 -0.204335 -0.007909 -0.068486 
0.333487 0.085059 0.105305 -0.347353 -0.350565 -0.473632 0.456564 0.066143 -0.337801 -0.330302 -0.022224 0.248991 0.200216 0.187054 0.195630 -0.239122 -0.638798 -0.109049 0.109879 -0.160852 0.201140 -0.408568 -0.374975 0.143731 -0.280383 0.126977 -0.467709 -0.210123 -0.105089 0.183425 -0.432714 -0.112475 
0.322004 -0.249324 -0.176331 0.265616 0.177668 -0.493843 0.124093 0.496389 -0.092253 -0.116051 0.115348 -0.071088 0.114929 -0.152076 -0.187417 0.009725 0.044360 -0.084589 0.322838 -0.125773 -0.397696 0.171806 0.421644 -0.197789 0.262388 -0.434365 0.030412 0.199258 0.192111 -0.132869 -0.159033 -0.010291 
-0.039583 -0.096118 0.142956 0.191943 -0.273903 -0.312022 0.265942 -0.191572 0.026188 -0.055098 -0.307740 0.305095 0.469677 -0.405800 -0.062130 -0.282876 -0.156633 0.248598 0.022947 -0.252747 0.217180 0.174475 -0.019518 -0.214681 0.191431 -0.213635 0.189020 -0.185420 0.330515 -0.530441 0.025912 -0.562984 
0.048975 -0.243162 0.535229 -0.418759 -0.458630 -0.077049 -0.081308 0.266011 0.280057 -0.215795 -0.162079 0.317764 0.093860 0.174763 -0.323785 -0.214448 0.097703 0.107084 0.140373 -0.103313 0.226437 0.012373 0.015929 -0.329135 -0.052160 0.028828 -0.211539 0.043974 0.325121 -0.308733 -0.253061 -0.298496 
-0.039253 -0.389296 -0.279501 -0.132977 0.259754 -0.494434 -0.344675 0.266326 -0.200932 0.263279 0.049389 0.222480 0.146587 0.059135 -0.009192 -0.194852 -0.049491 -0.380144 0.456878 0.178876 -0.064706 -0.105062 0.441027 -0.172993 -0.125525 -0.074369 0.064509 0.262553 -0.077274 0.220993 -0.163018 0.132300 
-0.279092 -0.369590 -0.428107 0.247767 0.044196 0.075497 -0.322575 0.048186 0.477640 0.333677 0.044624 -0.198692 -0.251782 0.164985 0.204250 0.126084 0.625102 -0.060030 0.061847 0.224883 -0.295125 0.117831 0.399944 -0.141202 0.307055 0.118052 0.011944 -0.018250 0.044312 -0.205042 0.457529 0.054377 
-0.265601 -0.194381 -0.046772 -0.010664 0.105785 0.213804 -0.545193 -0.082830 -0.131677 0.389845 0.454338 0.275939 0.001147 0.058902 -0.173865 -0.375961 0.021550 0.340561 -0.166925 -0.149199 0.058320 0.245875 0.271782 -0.139510 0.022780 0.374435 0.346462 -0.289116 -0.478768 0.112364 0.290287 0.003959 
0.095569 -0.309602 -0.360734 0.016948 -0.003941 0.137910 0.105330 -0.249453 -0.176342 -0.010875 0.131420 -0.246267 -0.387101 0.090229 0.270417 0.023861 0.011471 0.136050 0.220136 0.436715 0.021088 0.037781 -0.194417 -0.149992 0.007622 0.329619 -0.358170 0.230570 0.121309 0.273051 -0.149875 0.022834 
0.191228 -0.059169 0.023460 0.083832 -0.065834 0.156505 0.050194 0.214237 0.441668 0.229926 -0.192006 -0.459390 -0.287758 0.614597 -0.062402 0.100430 0.181580 -0.022505 0.284453 0.166076 0.257622 -0.375460 0.204618 -0.084039 -0.371860 0.345709 -0.341128 0.236876 0.194238 0.243078 -0.287412 0.151439 
-0.192103 0.213245 0.309495 0.577340 -0.416317 -0.073089 0.338208 0.075401 
0.082655 -0.093074 0.069603 0.322968 -0.762690 0.444699 -0.153080 -0.121227 
-0.593348 -0.166177 -0.179806 0.583782 0.116617 0.067073 -0.241811 -0.251118 
-0.053175 0.074735 0.549543 -0.531825 0.054438 0.155060 -0.037276 0.021249 
0.662607 0.475808 -0.171609 -0.148755 -0.753360 -0.269704 0.085658 -0.042139 
-0.151969 -0.015262 -0.448287 -0.739963 0.849317 0.685501 0.073608 -0.067903 
-0.346120 0.542327 0.923232 0.441458 0.257746 -0.122201 -0.094015 -0.393732 
-0.323858 0.284005 -0.070005 -0.001567 -0.458648 -0.620806 0.243764 0.204971 
-0.458358 0.266647 -0.327089 -0.423873 -0.072864 0.333254 0.387092 0.483567 
0.402221 -0.262167 -0.840800 -0.329428 0.508356 0.109942 0.185259 0.103735 
0.495164 -0.044109 -0.534269 -0.085864 0.318428 -0.098952 -0.272583 -0.167235 
-0.180083 -0.486233 -0.011408 0.543457 0.055166 -0.177747 -0.362510 -0.494954 
-0.435404 -0.336734 0.551985 0.429402 -0.347844 -0.030275 -0.045590 -0.486684 
-0.014402 -0.404214 -0.382756 -0.721195 -0.343754 0.108377 0.272736 0.720976 
0.364644 0.194113 0.265409 0.596994 0.370502 0.330517 0.067047 0.405971 
-0.072351 0.722100 0.009269 -0.454754 -0.763411 0.205115 0.195508 0.193041 
-0.257772 0.368344 -0.489439 -0.729661 0.058444 0.295561 0.148890 0.528819 
-0.109173 -0.601043 0.334312 -0.352399 -0.369579 0.251560 -0.156263 0.025652 
-0.095692 -0.343674 0.122642 -0.181805 -0.154064 -0.540537 0.763451 0.153747 
0.186032 0.214861 0.167167 -0.358064 0.529129 -0.116386 0.305066 0.476719 
-0.258491 -0.471858 0.026256 0.176507 -0.296451 0.292297 0.169115 0.224833 
-0.122372 0.140648 -0.018402 -0.553798 0.191368 0.033336 -0.532740 -0.493415 
0.212301 -0.216350 -0.420864 -0.949566 -0.847770 -0.528385 0.108499 0.256588 
0.331162 0.266254 0.004140 0.291439 -0.260314 0.402078 -0.032240 -0.142724 
-0.180838 0.343292 0.383786 -0.866687 -0.191699 -0.114831 -0.253139 -0.404834 
0.372802 -0.532775 -0.083035 0.216521 0.085730 0.247820 0.423142 0.551973 
0.086297 0.242764 -0.735819 -0.536036 -0.240527 0.152347 0.001989 -0.650411 
0.041972 0.212676 -0.415333 -0.308070 0.242779 -0.490521 0.179955 0.191651 
-0.565599 0.556599 0.260530 0.290594 0.528204 0.077395 0.032544 0.389075 
0.659655 -0.245059 -0.450290 -0.368633 -0.484372 -0.075349 0.252978 0.312171 
0.305789 0.083697 -0.410008 -0.599700 -0.001323 0.225806 -0.296773 -0.306362 
0.542724 0.479816 -0.919362 -0.050125 0.188652 -0.304014 -0.199662 -0.104180 









0.000000 
0.000000 
0.000000 
0.000000 
0.000000 
0.000000 
0.000000 
0.000000 
-0.140758 
0.111766 
-0.242464 
-0.123356 
-0.299429 
-0.299291 
0.363078 
0.131234 
0.045909 
-0.188735 
0.278228 
-0.268788 
-0.517600 
-0.112755 
-0.002393 
0.587917 
0.445595 
-0.251238 
-0.257928 
-0.073584 
-0.148924 
-0.425206 
0.030832 
0.473786 
-0.316180 
-0.043733 
-0.002404 
0.194149 
0.429341 
-0.087284 
0.043608 
0.450386 
-0.103202 
0.406588 
-0.007896 
-0.059329 
-0.337899 
0.340438 
-0.245032 
0.218234 
0.142933 
-0.249860 
0.057762 
-0.025668 
0.234936 
0.137810 
-0.167005 
0.811154 
-0.236165 
-0.165252 
0.045007 
-0.493512 
0.447136 
0.472586 
-0.197238 
0.245935 
0.059693 
0.115889 
-0.209382 
-0.125384 
0.221473 
0.452372 
0.125611 
0.022076 
0.340874 
-0.408453 
-0.014592 
0.116296 
0.258808 
-0.473275 
-0.216853 
-0.222091 
0.065256 
0.200221 
0.128091 
0.231007 
0.375645 
-0.224406 
0.251326 
-0.318898 
0.216497 
-0.257566 
0.245812 
-0.106255 
-0.557053 
-0.050559 
0.119007 
0.076323 
0.010597 
0.329128 
0.090286 
0.096509 
-0.013001 
-0.526811 
0.800694 
-0.430397 
0.234709 
-0.440267 
-0.349520 
0.256830 
0.047129 
-0.293352 
-0.525945 
0.130561 
-0.679519 
0.255758 
-0.319048 
-0.143782 
0.679676 
-0.408088 
-0.217300 
-0.142673 
-0.112892 
0.600680 
0.399332 
1.542429 
1.160155 
0.702405 
0.109446 
0.874392 
3.641000 0.152171 0.098520 
