*************************************************************************************************************************************
|      ITER |        MB |        LE |        VM |       BVM |        IF |        IB |       MAW |       MAB |        LR |        ET | Fri Feb 16 19:47:15 2024 
-------------------------------------------------------------------------------------------------------------------------------------
|         1 |        37 |  9.89E-01 |  0.937755 |  0.937755 |      8.00 |      7.00 |  0.061242 |  0.282935 |  1.00E-02 |      0.12 | 
|         1 |        74 |  9.70E-01 |  0.934407 |  0.937755 |      8.00 |      7.00 |  0.149801 |  0.411511 |  1.00E-02 |      0.35 | 
|         1 |       111 |  9.10E-01 |  0.935477 |  0.937755 |      8.00 |      7.00 |  0.159930 |  0.257963 |  1.00E-02 |      0.57 | 
|         1 |       148 |  8.14E-01 |  0.947551 |  0.947551 |      8.00 |      7.00 |  0.266865 |  0.279683 |  9.99E-03 |      0.80 | 
|         1 |       185 |  7.37E-01 |  0.937069 |  0.947551 |      8.00 |      7.00 |  0.442928 |  0.258841 |  9.99E-03 |      1.03 | 
|         1 |       222 |  6.80E-01 |  0.952796 |  0.952796 |      8.00 |      7.00 |  0.481309 |  0.520958 |  9.98E-03 |      1.26 | 
|         1 |       259 |  6.42E-01 |  0.946404 |  0.952796 |      8.00 |      7.00 |  0.319572 |  0.317551 |  9.98E-03 |      1.49 | 
|         1 |       296 |  5.92E-01 |  0.938523 |  0.952796 |      8.00 |      7.00 |  0.489367 |  0.189305 |  9.97E-03 |      1.74 | 
|         1 |       333 |  5.47E-01 |  0.929185 |  0.952796 |      8.00 |      7.00 |  0.354455 |  0.109899 |  9.96E-03 |      1.98 | 
|         1 |       370 |  5.09E-01 |  0.918902 |  0.952796 |      8.00 |      7.00 |  0.276272 |  0.228836 |  9.95E-03 |      2.22 | 
|         1 |       407 |  4.77E-01 |  0.917940 |  0.952796 |      8.00 |      7.00 |  0.479022 |  0.152812 |  9.94E-03 |      2.47 | 
|         2 |        37 |  3.17E-01 |  0.933738 |  0.952796 |      8.00 |      7.00 |  0.163783 |  0.143142 |  9.93E-03 |      2.60 | 
|         2 |        74 |  2.68E-01 |  0.931541 |  0.952796 |      8.00 |      7.00 |  0.408355 |  0.191239 |  9.92E-03 |      2.84 | 
|         2 |       111 |  2.38E-01 |  0.917972 |  0.952796 |      8.00 |      7.00 |  0.157315 |  0.258331 |  9.91E-03 |      3.07 | 
|         2 |       148 |  2.15E-01 |  0.911748 |  0.952796 |      8.00 |      7.00 |  0.183852 |  0.210193 |  9.90E-03 |      3.31 | 
|         2 |       185 |  1.99E-01 |  0.913476 |  0.952796 |      8.00 |      7.00 |  0.248959 |  0.101928 |  9.88E-03 |      3.54 | 
|         2 |       222 |  1.89E-01 |  0.886107 |  0.952796 |      8.00 |      7.00 |  0.143075 |  0.161356 |  9.87E-03 |      3.78 | 
|         2 |       259 |  1.80E-01 |  0.879157 |  0.952796 |      8.00 |      7.00 |  0.138821 |  0.113147 |  9.85E-03 |      4.01 | 
|         2 |       296 |  1.74E-01 |  0.889372 |  0.952796 |      8.00 |      7.00 |  0.227622 |  0.098535 |  9.84E-03 |      4.25 | 
|         2 |       333 |  1.71E-01 |  0.884775 |  0.952796 |      8.00 |      7.00 |  0.218921 |  0.174757 |  9.82E-03 |      4.49 | 
|         2 |       370 |  1.66E-01 |  0.888871 |  0.952796 |      8.00 |      7.00 |  0.173137 |  0.107953 |  9.80E-03 |      4.72 | 
|         2 |       407 |  1.63E-01 |  0.903845 |  0.952796 |      8.00 |      7.00 |  0.176581 |  0.094099 |  9.78E-03 |      4.96 | 
|         3 |        37 |  1.31E-01 |  0.856957 |  0.952796 |      8.00 |      7.00 |  0.106141 |  0.053388 |  9.76E-03 |      5.08 | 
|         3 |        74 |  1.21E-01 |  0.896643 |  0.952796 |      8.00 |      7.00 |  0.265598 |  0.147740 |  9.74E-03 |      5.32 | 
|         3 |       111 |  1.21E-01 |  0.871126 |  0.952796 |      8.00 |      7.00 |  0.221534 |  0.042904 |  9.72E-03 |      5.56 | 
|         3 |       148 |  1.18E-01 |  0.882091 |  0.952796 |      8.00 |      7.00 |  0.340673 |  0.302563 |  9.69E-03 |      5.80 | 
|         3 |       185 |  1.19E-01 |  0.893215 |  0.952796 |      8.00 |      7.00 |  0.393485 |  0.130924 |  9.67E-03 |      6.03 | 
|         3 |       222 |  1.19E-01 |  0.895032 |  0.952796 |      8.00 |      7.00 |  0.097565 |  0.108072 |  9.65E-03 |      6.27 | 
|         3 |       259 |  1.20E-01 |  0.883444 |  0.952796 |      8.00 |      7.00 |  0.175851 |  0.093035 |  9.62E-03 |      6.51 | 
|         3 |       296 |  1.19E-01 |  0.876996 |  0.952796 |      8.00 |      7.00 |  0.246822 |  0.146098 |  9.59E-03 |      6.74 | 
|         3 |       333 |  1.22E-01 |  0.902113 |  0.952796 |      8.00 |      7.00 |  0.167710 |  0.151939 |  9.57E-03 |      6.98 | 
|         3 |       370 |  1.26E-01 |  0.939667 |  0.952796 |      8.00 |      7.00 |  0.412322 |  0.189499 |  9.54E-03 |      7.22 | 
|         3 |       407 |  1.30E-01 |  0.929413 |  0.952796 |      8.00 |      7.00 |  1.129403 |  0.512436 |  9.51E-03 |      7.45 | 
|         4 |        37 |  1.47E-01 |  0.926511 |  0.952796 |      8.00 |      7.00 |  0.431896 |  0.341944 |  9.48E-03 |      7.57 | 
|         4 |        74 |  1.43E-01 |  0.909811 |  0.952796 |      8.00 |      7.00 |  0.189000 |  0.162648 |  9.45E-03 |      7.80 | 
|         4 |       111 |  1.35E-01 |  0.919831 |  0.952796 |      8.00 |      7.00 |  0.583523 |  0.298599 |  9.42E-03 |      8.04 | 
|         4 |       148 |  1.31E-01 |  0.894755 |  0.952796 |      8.00 |      7.00 |  0.371435 |  0.177506 |  9.39E-03 |      8.28 | 
|         4 |       185 |  1.44E-01 |  0.933360 |  0.952796 |      8.00 |      7.00 |  0.299494 |  0.126449 |  9.35E-03 |      8.51 | 
|         4 |       222 |  1.41E-01 |  0.920852 |  0.952796 |      8.00 |      7.00 |  0.306883 |  0.138977 |  9.32E-03 |      8.75 | 
|         4 |       259 |  1.40E-01 |  0.920969 |  0.952796 |      8.00 |      7.00 |  0.386085 |  0.322070 |  9.29E-03 |      8.98 | 
|         4 |       296 |  1.41E-01 |  0.926309 |  0.952796 |      8.00 |      7.00 |  0.254763 |  0.177129 |  9.25E-03 |      9.22 | 
|         4 |       333 |  1.39E-01 |  0.918721 |  0.952796 |      8.00 |      7.00 |  0.110601 |  0.075486 |  9.21E-03 |      9.45 | 
|         4 |       370 |  1.40E-01 |  0.930922 |  0.952796 |      8.00 |      7.00 |  0.184829 |  0.133314 |  9.18E-03 |      9.69 | 
|         4 |       407 |  1.38E-01 |  0.923543 |  0.952796 |      8.00 |      7.00 |  0.216585 |  0.239548 |  9.14E-03 |      9.92 | 
|         5 |        37 |  1.35E-01 |  0.890987 |  0.952796 |      8.00 |      7.00 |  0.146201 |  0.143114 |  9.10E-03 |     10.04 | 
|         5 |        74 |  1.23E-01 |  0.890388 |  0.952796 |      8.00 |      7.00 |  0.221890 |  0.275961 |  9.06E-03 |     10.28 | 
|         5 |       111 |  1.21E-01 |  0.883866 |  0.952796 |      8.00 |      7.00 |  0.130572 |  0.168696 |  9.02E-03 |     10.52 | 
|         5 |       148 |  1.15E-01 |  0.921996 |  0.952796 |      8.00 |      7.00 |  0.269314 |  0.204762 |  8.98E-03 |     10.76 | 
|         5 |       185 |  1.15E-01 |  0.888699 |  0.952796 |      8.00 |      7.00 |  0.269966 |  0.101731 |  8.94E-03 |     10.99 | 
|         5 |       222 |  1.13E-01 |  0.908398 |  0.952796 |      8.00 |      7.00 |  0.223445 |  0.257402 |  8.90E-03 |     11.23 | 
|         5 |       259 |  1.12E-01 |  0.911984 |  0.952796 |      8.00 |      7.00 |  0.126175 |  0.149060 |  8.86E-03 |     11.47 | 
|         5 |       296 |  1.12E-01 |  0.927616 |  0.952796 |      8.00 |      7.00 |  0.278870 |  0.169892 |  8.82E-03 |     11.70 | 
|         5 |       333 |  1.15E-01 |  0.925490 |  0.952796 |      8.00 |      7.00 |  0.244288 |  0.202062 |  8.77E-03 |     11.94 | 
|         5 |       370 |  1.21E-01 |  0.928020 |  0.952796 |      8.00 |      7.00 |  0.382304 |  0.234894 |  8.73E-03 |     12.18 | 
|         5 |       407 |  1.21E-01 |  0.919380 |  0.952796 |      8.00 |      7.00 |  0.351657 |  0.084544 |  8.68E-03 |     12.41 | 
|         6 |        37 |  1.26E-01 |  0.920179 |  0.952796 |      8.00 |      7.00 |  0.606176 |  0.438505 |  8.64E-03 |     12.53 | 
|         6 |        74 |  1.19E-01 |  0.913556 |  0.952796 |      8.00 |      7.00 |  0.397993 |  0.136428 |  8.59E-03 |     12.76 | 
|         6 |       111 |  1.12E-01 |  0.922281 |  0.952796 |      8.00 |      7.00 |  0.207107 |  0.087558 |  8.54E-03 |     13.00 | 
|         6 |       148 |  1.10E-01 |  0.913969 |  0.952796 |      8.00 |      7.00 |  0.291244 |  0.145004 |  8.50E-03 |     13.24 | 
|         6 |       185 |  1.08E-01 |  0.915790 |  0.952796 |      8.00 |      7.00 |  0.141029 |  0.084722 |  8.45E-03 |     13.47 | 
|         6 |       222 |  1.11E-01 |  0.902080 |  0.952796 |      8.00 |      7.00 |  0.256430 |  0.234406 |  8.40E-03 |     13.71 | 
|         6 |       259 |  1.11E-01 |  0.898405 |  0.952796 |      8.00 |      7.00 |  0.351103 |  0.203326 |  8.35E-03 |     13.95 | 
|         6 |       296 |  1.11E-01 |  0.892022 |  0.952796 |      8.00 |      7.00 |  0.248944 |  0.168430 |  8.30E-03 |     14.19 | 
|         6 |       333 |  1.11E-01 |  0.916266 |  0.952796 |      8.00 |      7.00 |  0.231411 |  0.122886 |  8.25E-03 |     14.42 | 
|         6 |       370 |  1.09E-01 |  0.921571 |  0.952796 |      8.00 |      7.00 |  0.337446 |  0.185922 |  8.20E-03 |     14.66 | 
|         6 |       407 |  1.08E-01 |  0.916128 |  0.952796 |      8.00 |      7.00 |  0.483214 |  0.702125 |  8.15E-03 |     14.90 | 
|         7 |        37 |  1.09E-01 |  0.905825 |  0.952796 |      8.00 |      7.00 |  0.265700 |  0.273889 |  8.09E-03 |     15.01 | 
|         7 |        74 |  1.06E-01 |  0.909911 |  0.952796 |      8.00 |      7.00 |  0.106078 |  0.056139 |  8.04E-03 |     15.25 | 
|         7 |       111 |  1.01E-01 |  0.909716 |  0.952796 |      8.00 |      7.00 |  0.135566 |  0.143638 |  7.99E-03 |     15.49 | 
|         7 |       148 |  1.00E-01 |  0.912522 |  0.952796 |      8.00 |      7.00 |  0.244465 |  0.205450 |  7.93E-03 |     15.73 | 
|         7 |       185 |  1.01E-01 |  0.912598 |  0.952796 |      8.00 |      7.00 |  0.123692 |  0.046917 |  7.88E-03 |     15.96 | 
|         7 |       222 |  1.02E-01 |  0.878415 |  0.952796 |      8.00 |      7.00 |  0.164511 |  0.125754 |  7.82E-03 |     16.20 | 
|         7 |       259 |  1.01E-01 |  0.881530 |  0.952796 |      8.00 |      7.00 |  0.197676 |  0.126029 |  7.77E-03 |     16.43 | 
|         7 |       296 |  1.00E-01 |  0.928816 |  0.952796 |      8.00 |      7.00 |  0.759500 |  0.144707 |  7.71E-03 |     16.67 | 
|         7 |       333 |  9.89E-02 |  0.899593 |  0.952796 |      8.00 |      7.00 |  0.296560 |  0.230596 |  7.66E-03 |     16.90 | 
|         7 |       370 |  9.66E-02 |  0.927660 |  0.952796 |      8.00 |      7.00 |  1.039953 |  0.846939 |  7.60E-03 |     17.13 | 
|         7 |       407 |  9.41E-02 |  0.929029 |  0.952796 |      8.00 |      7.00 |  1.389259 |  0.973838 |  7.54E-03 |     17.37 | 
|         8 |        37 |  1.33E-01 |  0.928191 |  0.952796 |      8.00 |      7.00 |  0.544312 |  0.243691 |  7.49E-03 |     17.49 | 
|         8 |        74 |  9.53E-02 |  0.929352 |  0.952796 |      8.00 |      7.00 |  0.154193 |  0.137391 |  7.43E-03 |     17.72 | 
|         8 |       111 |  8.11E-02 |  0.936524 |  0.952796 |      8.00 |      7.00 |  0.141055 |  0.101005 |  7.37E-03 |     17.95 | 
|         8 |       148 |  7.45E-02 |  0.937982 |  0.952796 |      8.00 |      7.00 |  0.138923 |  0.104620 |  7.31E-03 |     18.18 | 
|         8 |       185 |  6.68E-02 |  0.943977 |  0.952796 |      8.00 |      7.00 |  0.297799 |  0.198195 |  7.25E-03 |     18.42 | 
|         8 |       222 |  6.27E-02 |  0.926992 |  0.952796 |      8.00 |      7.00 |  0.319478 |  0.144120 |  7.19E-03 |     18.65 | 
|         8 |       259 |  5.86E-02 |  0.942943 |  0.952796 |      8.00 |      7.00 |  0.127351 |  0.106992 |  7.13E-03 |     18.89 | 
|         8 |       296 |  5.56E-02 |  0.911462 |  0.952796 |      8.00 |      7.00 |  0.545227 |  0.367825 |  7.07E-03 |     19.13 | 
|         8 |       333 |  5.43E-02 |  0.926716 |  0.952796 |      8.00 |      7.00 |  0.442461 |  0.085297 |  7.01E-03 |     19.36 | 
|         8 |       370 |  5.23E-02 |  0.933383 |  0.952796 |      8.00 |      7.00 |  0.133356 |  0.090741 |  6.95E-03 |     19.59 | 
|         8 |       407 |  5.05E-02 |  0.934612 |  0.952796 |      8.00 |      7.00 |  0.136971 |  0.076714 |  6.89E-03 |     19.83 | 
|         9 |        37 |  3.26E-02 |  0.921539 |  0.952796 |      8.00 |      7.00 |  0.129699 |  0.133972 |  6.83E-03 |     19.95 | 
|         9 |        74 |  3.42E-02 |  0.927544 |  0.952796 |      8.00 |      7.00 |  0.259380 |  0.191334 |  6.77E-03 |     20.18 | 
|         9 |       111 |  3.43E-02 |  0.930958 |  0.952796 |      8.00 |      7.00 |  0.312024 |  0.151055 |  6.71E-03 |     20.42 | 
|         9 |       148 |  3.38E-02 |  0.920186 |  0.952796 |      8.00 |      7.00 |  0.201541 |  0.128710 |  6.64E-03 |     20.65 | 
|         9 |       185 |  3.24E-02 |  0.920253 |  0.952796 |      8.00 |      7.00 |  0.095968 |  0.084577 |  6.58E-03 |     20.89 | 
|         9 |       222 |  3.20E-02 |  0.913114 |  0.952796 |      8.00 |      7.00 |  0.285439 |  0.250522 |  6.52E-03 |     21.13 | 
|         9 |       259 |  3.15E-02 |  0.917033 |  0.952796 |      8.00 |      7.00 |  0.104104 |  0.070684 |  6.46E-03 |     21.37 | 
|         9 |       296 |  3.14E-02 |  0.922607 |  0.952796 |      8.00 |      7.00 |  0.129879 |  0.060524 |  6.39E-03 |     21.61 | 
|         9 |       333 |  3.13E-02 |  0.915062 |  0.952796 |      8.00 |      7.00 |  0.094192 |  0.066595 |  6.33E-03 |     21.85 | 
|         9 |       370 |  3.10E-02 |  0.919282 |  0.952796 |      8.00 |      7.00 |  0.115691 |  0.133647 |  6.27E-03 |     22.09 | 
|         9 |       407 |  3.20E-02 |  0.934257 |  0.952796 |      8.00 |      7.00 |  0.154184 |  0.135944 |  6.20E-03 |     22.32 | 
|        10 |        37 |  3.79E-02 |  0.936504 |  0.952796 |      8.00 |      7.00 |  0.121266 |  0.049405 |  6.14E-03 |     22.44 | 
|        10 |        74 |  8.82E-02 |  0.935739 |  0.952796 |      8.00 |      7.00 |  0.306348 |  0.316771 |  6.08E-03 |     22.68 | 
|        10 |       111 |  9.54E-02 |  0.906751 |  0.952796 |      8.00 |      7.00 |  1.916349 |  1.231468 |  6.01E-03 |     22.90 | 
|        10 |       148 |  8.72E-02 |  0.947509 |  0.952796 |      8.00 |      7.00 |  0.197978 |  0.170521 |  5.95E-03 |     23.13 | 
|        10 |       185 |  8.17E-02 |  0.947159 |  0.952796 |      8.00 |      7.00 |  0.406132 |  0.210007 |  5.89E-03 |     23.36 | 
|        10 |       222 |  7.42E-02 |  0.942902 |  0.952796 |      8.00 |      7.00 |  0.498109 |  0.308215 |  5.82E-03 |     23.59 | 
|        10 |       259 |  6.91E-02 |  0.945608 |  0.952796 |      8.00 |      7.00 |  0.321660 |  0.170325 |  5.76E-03 |     23.82 | 
|        10 |       296 |  6.61E-02 |  0.942282 |  0.952796 |      8.00 |      7.00 |  0.123657 |  0.078717 |  5.69E-03 |     24.05 | 
|        10 |       333 |  6.25E-02 |  0.940984 |  0.952796 |      8.00 |      7.00 |  0.437887 |  0.337031 |  5.63E-03 |     24.29 | 
|        10 |       370 |  5.94E-02 |  0.944397 |  0.952796 |      8.00 |      7.00 |  0.324141 |  0.192721 |  5.57E-03 |     24.52 | 
|        10 |       407 |  5.72E-02 |  0.945608 |  0.952796 |      8.00 |      7.00 |  0.182870 |  0.111029 |  5.50E-03 |     24.75 | 
|        11 |        37 |  5.05E-02 |  0.935099 |  0.952796 |      8.00 |      7.00 |  0.267183 |  0.189945 |  5.44E-03 |     24.87 | 
|        11 |        74 |  4.38E-02 |  0.931400 |  0.952796 |      8.00 |      7.00 |  0.340170 |  0.190476 |  5.37E-03 |     25.11 | 
|        11 |       111 |  4.08E-02 |  0.940073 |  0.952796 |      8.00 |      7.00 |  0.197541 |  0.109691 |  5.31E-03 |     25.34 | 
|        11 |       148 |  3.82E-02 |  0.937797 |  0.952796 |      8.00 |      7.00 |  0.249356 |  0.199831 |  5.24E-03 |     25.58 | 
|        11 |       185 |  3.65E-02 |  0.936550 |  0.952796 |      8.00 |      7.00 |  0.273500 |  0.130572 |  5.18E-03 |     25.82 | 
|        11 |       222 |  3.61E-02 |  0.933652 |  0.952796 |      8.00 |      7.00 |  0.350618 |  0.184350 |  5.12E-03 |     26.06 | 
|        11 |       259 |  3.69E-02 |  0.934711 |  0.952796 |      8.00 |      7.00 |  0.237711 |  0.067194 |  5.05E-03 |     26.30 | 
|        11 |       296 |  3.61E-02 |  0.935558 |  0.952796 |      8.00 |      7.00 |  0.087694 |  0.031795 |  4.99E-03 |     26.54 | 
|        11 |       333 |  3.57E-02 |  0.926809 |  0.952796 |      8.00 |      7.00 |  0.296962 |  0.130504 |  4.92E-03 |     26.77 | 
|        11 |       370 |  3.75E-02 |  0.935667 |  0.952796 |      8.00 |      7.00 |  0.073085 |  0.046671 |  4.86E-03 |     27.01 | 
|        11 |       407 |  3.70E-02 |  0.937154 |  0.952796 |      8.00 |      7.00 |  0.427499 |  0.190128 |  4.80E-03 |     27.25 | 
|        12 |        37 |  3.58E-02 |  0.933957 |  0.952796 |      8.00 |      7.00 |  0.260424 |  0.087029 |  4.73E-03 |     27.37 | 
|        12 |        74 |  3.32E-02 |  0.928391 |  0.952796 |      8.00 |      7.00 |  0.446301 |  0.130474 |  4.67E-03 |     27.60 | 
|        12 |       111 |  3.16E-02 |  0.930429 |  0.952796 |      8.00 |      7.00 |  0.239136 |  0.100026 |  4.61E-03 |     27.84 | 
|        12 |       148 |  3.16E-02 |  0.927863 |  0.952796 |      8.00 |      7.00 |  0.503093 |  0.134132 |  4.54E-03 |     28.08 | 
|        12 |       185 |  3.07E-02 |  0.933879 |  0.952796 |      8.00 |      7.00 |  0.301663 |  0.096628 |  4.48E-03 |     28.32 | 
|        12 |       222 |  3.06E-02 |  0.920468 |  0.952796 |      8.00 |      7.00 |  0.106715 |  0.051136 |  4.42E-03 |     28.56 | 
|        12 |       259 |  3.06E-02 |  0.931300 |  0.952796 |      8.00 |      7.00 |  0.091794 |  0.044581 |  4.36E-03 |     28.80 | 
|        12 |       296 |  3.03E-02 |  0.927456 |  0.952796 |      8.00 |      7.00 |  0.345667 |  0.097851 |  4.29E-03 |     29.04 | 
|        12 |       333 |  2.98E-02 |  0.923005 |  0.952796 |      8.00 |      7.00 |  0.092110 |  0.045744 |  4.23E-03 |     29.27 | 
|        12 |       370 |  2.94E-02 |  0.923233 |  0.952796 |      8.00 |      7.00 |  0.241765 |  0.099144 |  4.17E-03 |     29.51 | 
|        12 |       407 |  2.94E-02 |  0.923989 |  0.952796 |      8.00 |      7.00 |  0.198374 |  0.080898 |  4.11E-03 |     29.75 | 
|        13 |        37 |  2.53E-02 |  0.924708 |  0.952796 |      8.00 |      7.00 |  0.146823 |  0.052846 |  4.05E-03 |     29.87 | 
|        13 |        74 |  2.56E-02 |  0.929046 |  0.952796 |      8.00 |      7.00 |  0.120541 |  0.047466 |  3.99E-03 |     30.11 | 
|        13 |       111 |  2.65E-02 |  0.920936 |  0.952796 |      8.00 |      7.00 |  0.048220 |  0.025583 |  3.93E-03 |     30.35 | 
|        13 |       148 |  2.66E-02 |  0.923544 |  0.952796 |      8.00 |      7.00 |  0.285001 |  0.122461 |  3.87E-03 |     30.59 | 
|        13 |       185 |  2.70E-02 |  0.925373 |  0.952796 |      8.00 |      7.00 |  0.149837 |  0.048060 |  3.81E-03 |     30.83 | 
|        13 |       222 |  2.75E-02 |  0.914053 |  0.952796 |      8.00 |      7.00 |  0.073201 |  0.035461 |  3.75E-03 |     31.07 | 
|        13 |       259 |  2.74E-02 |  0.925873 |  0.952796 |      8.00 |      7.00 |  0.162997 |  0.071667 |  3.69E-03 |     31.31 | 
|        13 |       296 |  2.74E-02 |  0.910728 |  0.952796 |      8.00 |      7.00 |  0.132473 |  0.073582 |  3.63E-03 |     31.55 | 
|        13 |       333 |  2.74E-02 |  0.914972 |  0.952796 |      8.00 |      7.00 |  0.198394 |  0.097912 |  3.57E-03 |     31.78 | 
|        13 |       370 |  2.73E-02 |  0.915399 |  0.952796 |      8.00 |      7.00 |  0.096324 |  0.036048 |  3.52E-03 |     32.02 | 
|        13 |       407 |  2.74E-02 |  0.917615 |  0.952796 |      8.00 |      7.00 |  0.089537 |  0.043073 |  3.46E-03 |     32.26 | 
|        14 |        37 |  2.88E-02 |  0.909090 |  0.952796 |      8.00 |      7.00 |  0.201292 |  0.066459 |  3.40E-03 |     32.38 | 
|        14 |        74 |  2.82E-02 |  0.916179 |  0.952796 |      8.00 |      7.00 |  0.140044 |  0.063059 |  3.34E-03 |     32.62 | 
|        14 |       111 |  2.80E-02 |  0.914173 |  0.952796 |      8.00 |      7.00 |  0.207236 |  0.093311 |  3.29E-03 |     32.86 | 
|        14 |       148 |  2.73E-02 |  0.923469 |  0.952796 |      8.00 |      7.00 |  0.146026 |  0.062848 |  3.23E-03 |     33.10 | 
|        14 |       185 |  2.65E-02 |  0.920047 |  0.952796 |      8.00 |      7.00 |  0.093856 |  0.046175 |  3.18E-03 |     33.34 | 
|        14 |       222 |  2.65E-02 |  0.916944 |  0.952796 |      8.00 |      7.00 |  0.804259 |  0.151001 |  3.12E-03 |     33.58 | 
|        14 |       259 |  2.67E-02 |  0.912021 |  0.952796 |      8.00 |      7.00 |  0.285315 |  0.105900 |  3.07E-03 |     33.82 | 
|        14 |       296 |  2.69E-02 |  0.911514 |  0.952796 |      8.00 |      7.00 |  0.060682 |  0.033902 |  3.01E-03 |     34.06 | 
|        14 |       333 |  2.68E-02 |  0.919446 |  0.952796 |      8.00 |      7.00 |  0.102312 |  0.041445 |  2.96E-03 |     34.30 | 
|        14 |       370 |  2.67E-02 |  0.919711 |  0.952796 |      8.00 |      7.00 |  0.089415 |  0.034748 |  2.91E-03 |     34.54 | 
|        14 |       407 |  2.65E-02 |  0.921867 |  0.952796 |      8.00 |      7.00 |  0.107329 |  0.040154 |  2.86E-03 |     34.78 | 
|        15 |        37 |  2.68E-02 |  0.916060 |  0.952796 |      8.00 |      7.00 |  0.092801 |  0.051444 |  2.80E-03 |     34.90 | 
|        15 |        74 |  2.62E-02 |  0.916119 |  0.952796 |      8.00 |      7.00 |  0.067985 |  0.027348 |  2.75E-03 |     35.14 | 
|        15 |       111 |  2.58E-02 |  0.912195 |  0.952796 |      8.00 |      7.00 |  0.175431 |  0.081611 |  2.70E-03 |     35.38 | 
|        15 |       148 |  2.60E-02 |  0.910887 |  0.952796 |      8.00 |      7.00 |  0.286686 |  0.128985 |  2.65E-03 |     35.62 | 
|        15 |       185 |  2.55E-02 |  0.921934 |  0.952796 |      8.00 |      7.00 |  0.100248 |  0.046844 |  2.60E-03 |     35.86 | 
|        15 |       222 |  2.56E-02 |  0.903520 |  0.952796 |      8.00 |      7.00 |  0.377764 |  0.072523 |  2.55E-03 |     36.10 | 
|        15 |       259 |  2.56E-02 |  0.903858 |  0.952796 |      8.00 |      7.00 |  0.084734 |  0.041491 |  2.51E-03 |     36.34 | 
|        15 |       296 |  2.59E-02 |  0.921193 |  0.952796 |      8.00 |      7.00 |  0.123165 |  0.059903 |  2.46E-03 |     36.58 | 
|        15 |       333 |  2.60E-02 |  0.916608 |  0.952796 |      8.00 |      7.00 |  0.133247 |  0.068646 |  2.41E-03 |     36.82 | 
|        15 |       370 |  2.58E-02 |  0.918808 |  0.952796 |      8.00 |      7.00 |  0.161945 |  0.039816 |  2.36E-03 |     37.06 | 
|        15 |       407 |  2.59E-02 |  0.911104 |  0.952796 |      8.00 |      7.00 |  0.460995 |  0.062771 |  2.32E-03 |     37.30 | 
|        16 |        37 |  2.58E-02 |  0.912184 |  0.952796 |      8.00 |      7.00 |  0.057635 |  0.018979 |  2.27E-03 |     37.42 | 
|        16 |        74 |  2.51E-02 |  0.916047 |  0.952796 |      8.00 |      7.00 |  0.078998 |  0.033890 |  2.23E-03 |     37.66 | 
|        16 |       111 |  2.50E-02 |  0.913106 |  0.952796 |      8.00 |      7.00 |  0.167496 |  0.080459 |  2.19E-03 |     37.91 | 
|        16 |       148 |  2.46E-02 |  0.905133 |  0.952796 |      8.00 |      7.00 |  0.169499 |  0.072770 |  2.14E-03 |     38.15 | 
|        16 |       185 |  2.50E-02 |  0.901674 |  0.952796 |      8.00 |      7.00 |  0.178952 |  0.056172 |  2.10E-03 |     38.39 | 
|        16 |       222 |  2.52E-02 |  0.890523 |  0.952796 |      8.00 |      7.00 |  0.062132 |  0.033849 |  2.06E-03 |     38.63 | 
|        16 |       259 |  2.52E-02 |  0.910835 |  0.952796 |      8.00 |      7.00 |  0.120308 |  0.059272 |  2.02E-03 |     38.87 | 
|        16 |       296 |  2.52E-02 |  0.903223 |  0.952796 |      8.00 |      7.00 |  0.198034 |  0.079596 |  1.98E-03 |     39.11 | 
|        16 |       333 |  2.52E-02 |  0.910293 |  0.952796 |      8.00 |      7.00 |  0.063395 |  0.031827 |  1.94E-03 |     39.35 | 
|        16 |       370 |  2.54E-02 |  0.912176 |  0.952796 |      8.00 |      7.00 |  0.141164 |  0.062604 |  1.90E-03 |     39.59 | 
|        16 |       407 |  2.55E-02 |  0.914570 |  0.952796 |      8.00 |      7.00 |  0.269236 |  0.106736 |  1.86E-03 |     39.83 | 
|        17 |        37 |  2.45E-02 |  0.906529 |  0.952796 |      8.00 |      7.00 |  0.257653 |  0.080854 |  1.82E-03 |     39.95 | 
|        17 |        74 |  2.43E-02 |  0.910612 |  0.952796 |      8.00 |      7.00 |  0.216723 |  0.060090 |  1.79E-03 |     40.19 | 
|        17 |       111 |  2.46E-02 |  0.910718 |  0.952796 |      8.00 |      7.00 |  0.151125 |  0.062972 |  1.75E-03 |     40.43 | 
|        17 |       148 |  2.52E-02 |  0.906163 |  0.952796 |      8.00 |      7.00 |  0.124582 |  0.040599 |  1.72E-03 |     40.67 | 
|        17 |       185 |  2.54E-02 |  0.909079 |  0.952796 |      8.00 |      7.00 |  0.130441 |  0.048340 |  1.68E-03 |     40.91 | 
|        17 |       222 |  2.52E-02 |  0.911280 |  0.952796 |      8.00 |      7.00 |  0.224072 |  0.071881 |  1.65E-03 |     41.15 | 
|        17 |       259 |  2.51E-02 |  0.911385 |  0.952796 |      8.00 |      7.00 |  0.125799 |  0.058616 |  1.61E-03 |     41.39 | 
|        17 |       296 |  2.53E-02 |  0.906806 |  0.952796 |      8.00 |      7.00 |  0.102041 |  0.049200 |  1.58E-03 |     41.63 | 
|        17 |       333 |  2.53E-02 |  0.906016 |  0.952796 |      8.00 |      7.00 |  0.181603 |  0.057741 |  1.55E-03 |     41.87 | 
|        17 |       370 |  2.53E-02 |  0.905027 |  0.952796 |      8.00 |      7.00 |  0.218456 |  0.083335 |  1.52E-03 |     42.11 | 
|        17 |       407 |  2.53E-02 |  0.908189 |  0.952796 |      8.00 |      7.00 |  0.128067 |  0.072996 |  1.49E-03 |     42.35 | 
|        18 |        37 |  2.45E-02 |  0.905234 |  0.952796 |      8.00 |      7.00 |  0.304740 |  0.089994 |  1.46E-03 |     42.47 | 
|        18 |        74 |  2.48E-02 |  0.902570 |  0.952796 |      8.00 |      7.00 |  0.121809 |  0.063109 |  1.43E-03 |     42.71 | 
|        18 |       111 |  2.50E-02 |  0.895879 |  0.952796 |      8.00 |      7.00 |  0.140604 |  0.058129 |  1.41E-03 |     42.96 | 
|        18 |       148 |  2.52E-02 |  0.894866 |  0.952796 |      8.00 |      7.00 |  0.243142 |  0.039245 |  1.38E-03 |     43.19 | 
|        18 |       185 |  2.52E-02 |  0.896746 |  0.952796 |      8.00 |      7.00 |  0.075993 |  0.032022 |  1.36E-03 |     43.43 | 
|        18 |       222 |  2.57E-02 |  0.902991 |  0.952796 |      8.00 |      7.00 |  0.087024 |  0.044743 |  1.33E-03 |     43.67 | 
|        18 |       259 |  2.52E-02 |  0.900903 |  0.952796 |      8.00 |      7.00 |  0.086757 |  0.045689 |  1.31E-03 |     43.91 | 
|        18 |       296 |  2.52E-02 |  0.898884 |  0.952796 |      8.00 |      7.00 |  0.226449 |  0.053693 |  1.28E-03 |     44.15 | 
|        18 |       333 |  2.51E-02 |  0.905269 |  0.952796 |      8.00 |      7.00 |  0.162222 |  0.072114 |  1.26E-03 |     44.40 | 
|        18 |       370 |  2.51E-02 |  0.903190 |  0.952796 |      8.00 |      7.00 |  0.114576 |  0.026898 |  1.24E-03 |     44.64 | 
|        18 |       407 |  2.51E-02 |  0.902694 |  0.952796 |      8.00 |      7.00 |  0.247803 |  0.062158 |  1.22E-03 |     44.88 | 
|        19 |        37 |  2.45E-02 |  0.901399 |  0.952796 |      8.00 |      7.00 |  0.119958 |  0.078496 |  1.20E-03 |     45.00 | 
|        19 |        74 |  2.42E-02 |  0.903213 |  0.952796 |      8.00 |      7.00 |  0.071663 |  0.037451 |  1.18E-03 |     45.24 | 
|        19 |       111 |  2.48E-02 |  0.904654 |  0.952796 |      8.00 |      7.00 |  0.204159 |  0.074061 |  1.17E-03 |     45.48 | 
|        19 |       148 |  2.45E-02 |  0.909265 |  0.952796 |      8.00 |      7.00 |  0.250229 |  0.071616 |  1.15E-03 |     45.72 | 
|        19 |       185 |  2.44E-02 |  0.908903 |  0.952796 |      8.00 |      7.00 |  0.241601 |  0.111020 |  1.13E-03 |     45.96 | 
|        19 |       222 |  2.44E-02 |  0.900345 |  0.952796 |      8.00 |      7.00 |  0.127044 |  0.066887 |  1.12E-03 |     46.20 | 
|        19 |       259 |  2.44E-02 |  0.900375 |  0.952796 |      8.00 |      7.00 |  0.170912 |  0.038402 |  1.10E-03 |     46.45 | 
|        19 |       296 |  2.47E-02 |  0.891226 |  0.952796 |      8.00 |      7.00 |  0.075087 |  0.026146 |  1.09E-03 |     46.69 | 
|        19 |       333 |  2.48E-02 |  0.899333 |  0.952796 |      8.00 |      7.00 |  0.203193 |  0.078982 |  1.08E-03 |     46.93 | 
|        19 |       370 |  2.50E-02 |  0.896412 |  0.952796 |      8.00 |      7.00 |  0.133468 |  0.050201 |  1.07E-03 |     47.18 | 
|        19 |       407 |  2.50E-02 |  0.899585 |  0.952796 |      8.00 |      7.00 |  0.268171 |  0.099926 |  1.06E-03 |     47.42 | 
|        20 |        37 |  2.44E-02 |  0.905207 |  0.952796 |      8.00 |      7.00 |  0.099408 |  0.049819 |  1.05E-03 |     47.54 | 
|        20 |        74 |  2.56E-02 |  0.911159 |  0.952796 |      8.00 |      7.00 |  0.086643 |  0.032452 |  1.04E-03 |     47.78 | 
|        20 |       111 |  2.53E-02 |  0.903017 |  0.952796 |      8.00 |      7.00 |  0.234125 |  0.092361 |  1.03E-03 |     48.02 | 
|        20 |       148 |  2.53E-02 |  0.905316 |  0.952796 |      8.00 |      7.00 |  0.254404 |  0.106713 |  1.02E-03 |     48.26 | 
|        20 |       185 |  2.51E-02 |  0.902355 |  0.952796 |      8.00 |      7.00 |  0.089077 |  0.057657 |  1.02E-03 |     48.50 | 
|        20 |       222 |  2.50E-02 |  0.897039 |  0.952796 |      8.00 |      7.00 |  0.035834 |  0.020813 |  1.01E-03 |     48.74 | 
|        20 |       259 |  2.48E-02 |  0.901680 |  0.952796 |      8.00 |      7.00 |  0.123745 |  0.037891 |  1.01E-03 |     48.98 | 
|        20 |       296 |  2.48E-02 |  0.900053 |  0.952796 |      8.00 |      7.00 |  0.158828 |  0.054057 |  1.00E-03 |     49.22 | 
|        20 |       333 |  2.49E-02 |  0.890116 |  0.952796 |      8.00 |      7.00 |  0.111749 |  0.031907 |  1.00E-03 |     49.46 | 
|        20 |       370 |  2.49E-02 |  0.897929 |  0.952796 |      8.00 |      7.00 |  0.091699 |  0.057072 |  1.00E-03 |     49.70 | 
|        20 |       407 |  2.48E-02 |  0.895954 |  0.952796 |      8.00 |      7.00 |  0.115672 |  0.030743 |  1.00E-03 |     49.94 | 
-------------------------------------------------------------------------------------------------------------------------------------
