*************************************************************************************************************************************
|      ITER |        MB |        LE |        VM |       BVM |        IF |        IB |       MAW |       MAB |        LR |        ET | Fri Feb 16 19:46:21 2024 
-------------------------------------------------------------------------------------------------------------------------------------
|         1 |        37 |  9.37E-01 |  0.937164 |  0.937164 |      8.00 |      7.00 |  0.062365 |  0.318693 |  1.00E-02 |      0.12 | 
|         1 |        74 |  9.95E-01 |  0.937032 |  0.937164 |      8.00 |      7.00 |  0.035756 |  0.219698 |  1.00E-02 |      0.35 | 
|         1 |       111 |  9.77E-01 |  0.937788 |  0.937788 |      8.00 |      7.00 |  0.017909 |  0.109704 |  1.00E-02 |      0.58 | 
|         1 |       148 |  9.67E-01 |  0.936426 |  0.937788 |      8.00 |      7.00 |  0.037854 |  0.167143 |  9.99E-03 |      0.81 | 
|         1 |       185 |  9.72E-01 |  0.937400 |  0.937788 |      8.00 |      7.00 |  0.635263 |  0.178461 |  9.99E-03 |      1.04 | 
|         1 |       222 |  9.09E-01 |  0.940848 |  0.940848 |      8.00 |      7.00 |  0.329902 |  0.329612 |  9.98E-03 |      1.27 | 
|         1 |       259 |  8.58E-01 |  0.946116 |  0.946116 |      8.00 |      7.00 |  0.167881 |  0.251621 |  9.98E-03 |      1.50 | 
|         1 |       296 |  8.11E-01 |  0.928506 |  0.946116 |      8.00 |      7.00 |  0.146104 |  0.139331 |  9.97E-03 |      1.73 | 
|         1 |       333 |  7.65E-01 |  0.935944 |  0.946116 |      8.00 |      7.00 |  0.143834 |  0.222654 |  9.96E-03 |      1.97 | 
|         1 |       370 |  7.21E-01 |  0.908974 |  0.946116 |      8.00 |      7.00 |  0.431559 |  0.174935 |  9.95E-03 |      2.20 | 
|         1 |       407 |  6.83E-01 |  0.916261 |  0.946116 |      8.00 |      7.00 |  0.524453 |  0.290180 |  9.94E-03 |      2.42 | 
|         2 |        37 |  2.63E-01 |  0.918831 |  0.946116 |      8.00 |      7.00 |  0.361465 |  0.141401 |  9.93E-03 |      2.54 | 
|         2 |        74 |  2.61E-01 |  0.923203 |  0.946116 |      8.00 |      7.00 |  0.853182 |  0.327533 |  9.92E-03 |      2.77 | 
|         2 |       111 |  3.01E-01 |  0.928973 |  0.946116 |      8.00 |      7.00 |  1.082771 |  0.656010 |  9.91E-03 |      3.00 | 
|         2 |       148 |  2.78E-01 |  0.902174 |  0.946116 |      8.00 |      7.00 |  0.150807 |  0.245838 |  9.90E-03 |      3.23 | 
|         2 |       185 |  2.60E-01 |  0.929198 |  0.946116 |      8.00 |      7.00 |  0.772709 |  1.059976 |  9.88E-03 |      3.46 | 
|         2 |       222 |  2.45E-01 |  0.923792 |  0.946116 |      8.00 |      7.00 |  0.099813 |  0.101884 |  9.87E-03 |      3.69 | 
|         2 |       259 |  2.33E-01 |  0.904048 |  0.946116 |      8.00 |      7.00 |  1.189178 |  0.738944 |  9.85E-03 |      3.92 | 
|         2 |       296 |  2.29E-01 |  0.915909 |  0.946116 |      8.00 |      7.00 |  0.456744 |  0.372586 |  9.84E-03 |      4.16 | 
|         2 |       333 |  2.97E-01 |  0.940060 |  0.946116 |      8.00 |      7.00 |  0.510142 |  0.318496 |  9.82E-03 |      4.39 | 
|         2 |       370 |  3.18E-01 |  0.945114 |  0.946116 |      8.00 |      7.00 |  0.512703 |  0.153588 |  9.80E-03 |      4.63 | 
|         2 |       407 |  3.30E-01 |  0.940859 |  0.946116 |      8.00 |      7.00 |  0.258501 |  0.250555 |  9.78E-03 |      4.86 | 
|         3 |        37 |  5.31E-01 |  0.945036 |  0.946116 |      8.00 |      7.00 |  0.218065 |  0.192020 |  9.76E-03 |      4.98 | 
|         3 |        74 |  5.32E-01 |  0.943416 |  0.946116 |      8.00 |      7.00 |  0.262538 |  0.259015 |  9.74E-03 |      5.22 | 
|         3 |       111 |  5.22E-01 |  0.948882 |  0.948882 |      8.00 |      7.00 |  0.876438 |  0.219927 |  9.72E-03 |      5.45 | 
|         3 |       148 |  4.88E-01 |  0.949317 |  0.949317 |      8.00 |      7.00 |  0.236150 |  0.253881 |  9.69E-03 |      5.68 | 
|         3 |       185 |  4.68E-01 |  0.945684 |  0.949317 |      8.00 |      7.00 |  0.792018 |  0.413384 |  9.67E-03 |      5.92 | 
|         3 |       222 |  4.58E-01 |  0.943860 |  0.949317 |      8.00 |      7.00 |  0.336790 |  0.239886 |  9.65E-03 |      6.15 | 
|         3 |       259 |  4.54E-01 |  0.948126 |  0.949317 |      8.00 |      7.00 |  2.858165 |  0.740803 |  9.62E-03 |      6.39 | 
|         3 |       296 |  4.71E-01 |  0.950735 |  0.950735 |      8.00 |      7.00 |  1.281448 |  0.881721 |  9.59E-03 |      6.62 | 
|         3 |       333 |  4.61E-01 |  0.953207 |  0.953207 |      8.00 |      7.00 |  0.529724 |  0.182413 |  9.57E-03 |      6.85 | 
|         3 |       370 |  4.44E-01 |  0.952688 |  0.953207 |      8.00 |      7.00 |  0.342197 |  0.171335 |  9.54E-03 |      7.09 | 
|         3 |       407 |  4.34E-01 |  0.943707 |  0.953207 |      8.00 |      7.00 |  0.510297 |  0.427925 |  9.51E-03 |      7.31 | 
|         4 |        37 |  2.48E-01 |  0.925844 |  0.953207 |      8.00 |      7.00 |  2.237499 |  1.645552 |  9.48E-03 |      7.43 | 
|         4 |        74 |  2.48E-01 |  0.933668 |  0.953207 |      8.00 |      7.00 |  0.140668 |  0.123929 |  9.45E-03 |      7.66 | 
|         4 |       111 |  2.29E-01 |  0.931629 |  0.953207 |      8.00 |      7.00 |  0.425942 |  0.421358 |  9.42E-03 |      7.89 | 
|         4 |       148 |  2.07E-01 |  0.927692 |  0.953207 |      8.00 |      7.00 |  0.516133 |  0.088810 |  9.39E-03 |      8.12 | 
|         4 |       185 |  1.95E-01 |  0.920552 |  0.953207 |      8.00 |      7.00 |  0.361037 |  0.302670 |  9.35E-03 |      8.35 | 
|         4 |       222 |  1.91E-01 |  0.918910 |  0.953207 |      8.00 |      7.00 |  0.197482 |  0.070646 |  9.32E-03 |      8.59 | 
|         4 |       259 |  1.87E-01 |  0.915159 |  0.953207 |      8.00 |      7.00 |  0.443449 |  0.207369 |  9.29E-03 |      8.82 | 
|         4 |       296 |  1.84E-01 |  0.925393 |  0.953207 |      8.00 |      7.00 |  0.442490 |  0.140432 |  9.25E-03 |      9.06 | 
|         4 |       333 |  1.93E-01 |  0.925733 |  0.953207 |      8.00 |      7.00 |  0.790910 |  0.358228 |  9.21E-03 |      9.29 | 
|         4 |       370 |  2.12E-01 |  0.954035 |  0.954035 |      8.00 |      7.00 |  0.333740 |  0.182406 |  9.18E-03 |      9.53 | 
|         4 |       407 |  2.20E-01 |  0.916181 |  0.954035 |      8.00 |      7.00 |  1.434574 |  1.239607 |  9.14E-03 |      9.76 | 
|         5 |        37 |  3.04E-01 |  0.945993 |  0.954035 |      8.00 |      7.00 |  0.388098 |  0.294470 |  9.10E-03 |      9.88 | 
|         5 |        74 |  2.63E-01 |  0.931029 |  0.954035 |      8.00 |      7.00 |  0.912625 |  0.179570 |  9.06E-03 |     10.11 | 
|         5 |       111 |  2.53E-01 |  0.931765 |  0.954035 |      8.00 |      7.00 |  0.292555 |  0.231317 |  9.02E-03 |     10.34 | 
|         5 |       148 |  2.58E-01 |  0.928456 |  0.954035 |      8.00 |      7.00 |  0.416067 |  0.236617 |  8.98E-03 |     10.57 | 
|         5 |       185 |  2.43E-01 |  0.915043 |  0.954035 |      8.00 |      7.00 |  0.519874 |  0.250597 |  8.94E-03 |     10.81 | 
|         5 |       222 |  2.39E-01 |  0.913969 |  0.954035 |      8.00 |      7.00 |  3.455681 |  2.094481 |  8.90E-03 |     11.04 | 
|         5 |       259 |  2.32E-01 |  0.925610 |  0.954035 |      8.00 |      7.00 |  0.814013 |  0.328939 |  8.86E-03 |     11.28 | 
|         5 |       296 |  2.28E-01 |  0.912429 |  0.954035 |      8.00 |      7.00 |  1.041697 |  0.369593 |  8.82E-03 |     11.51 | 
|         5 |       333 |  2.19E-01 |  0.914976 |  0.954035 |      8.00 |      7.00 |  2.100472 |  0.465690 |  8.77E-03 |     11.74 | 
|         5 |       370 |  2.11E-01 |  0.913903 |  0.954035 |      8.00 |      7.00 |  0.133647 |  0.086669 |  8.73E-03 |     11.98 | 
|         5 |       407 |  2.11E-01 |  0.932056 |  0.954035 |      8.00 |      7.00 |  1.828883 |  1.040960 |  8.68E-03 |     12.21 | 
|         6 |        37 |  1.85E-01 |  0.907010 |  0.954035 |      8.00 |      7.00 |  0.711375 |  0.506792 |  8.64E-03 |     12.33 | 
|         6 |        74 |  2.33E-01 |  0.943461 |  0.954035 |      8.00 |      7.00 |  1.433806 |  0.349457 |  8.59E-03 |     12.57 | 
|         6 |       111 |  2.50E-01 |  0.930491 |  0.954035 |      8.00 |      7.00 |  0.513212 |  0.660388 |  8.54E-03 |     12.80 | 
|         6 |       148 |  2.42E-01 |  0.936291 |  0.954035 |      8.00 |      7.00 |  3.216294 |  0.422736 |  8.50E-03 |     13.02 | 
|         6 |       185 |  2.31E-01 |  0.932014 |  0.954035 |      8.00 |      7.00 |  0.847907 |  0.253328 |  8.45E-03 |     13.25 | 
|         6 |       222 |  2.48E-01 |  0.946828 |  0.954035 |      8.00 |      7.00 |  0.625008 |  0.331101 |  8.40E-03 |     13.48 | 
|         6 |       259 |  2.50E-01 |  0.922342 |  0.954035 |      8.00 |      7.00 |  3.303067 |  0.917431 |  8.35E-03 |     13.71 | 
|         6 |       296 |  2.43E-01 |  0.924374 |  0.954035 |      8.00 |      7.00 |  0.428076 |  0.277713 |  8.30E-03 |     13.94 | 
|         6 |       333 |  2.36E-01 |  0.927284 |  0.954035 |      8.00 |      7.00 |  0.157062 |  0.073631 |  8.25E-03 |     14.17 | 
|         6 |       370 |  2.30E-01 |  0.921075 |  0.954035 |      8.00 |      7.00 |  0.510156 |  0.235540 |  8.20E-03 |     14.40 | 
|         6 |       407 |  2.22E-01 |  0.925963 |  0.954035 |      8.00 |      7.00 |  0.651854 |  0.204768 |  8.15E-03 |     14.64 | 
|         7 |        37 |  1.50E-01 |  0.919200 |  0.954035 |      8.00 |      7.00 |  1.006399 |  0.324861 |  8.09E-03 |     14.75 | 
|         7 |        74 |  1.82E-01 |  0.920900 |  0.954035 |      8.00 |      7.00 |  0.353960 |  0.193266 |  8.04E-03 |     14.99 | 
|         7 |       111 |  1.78E-01 |  0.927072 |  0.954035 |      8.00 |      7.00 |  0.653522 |  0.209902 |  7.99E-03 |     15.23 | 
|         7 |       148 |  1.72E-01 |  0.923289 |  0.954035 |      8.00 |      7.00 |  1.787482 |  1.037808 |  7.93E-03 |     15.46 | 
|         7 |       185 |  1.66E-01 |  0.917091 |  0.954035 |      8.00 |      7.00 |  0.484161 |  0.346578 |  7.88E-03 |     15.70 | 
|         7 |       222 |  1.68E-01 |  0.932183 |  0.954035 |      8.00 |      7.00 |  3.755852 |  1.895938 |  7.82E-03 |     15.93 | 
|         7 |       259 |  1.73E-01 |  0.930647 |  0.954035 |      8.00 |      7.00 |  0.992806 |  0.331736 |  7.77E-03 |     16.17 | 
|         7 |       296 |  1.72E-01 |  0.922263 |  0.954035 |      8.00 |      7.00 |  0.572865 |  0.434121 |  7.71E-03 |     16.41 | 
|         7 |       333 |  1.74E-01 |  0.921537 |  0.954035 |      8.00 |      7.00 |  0.379294 |  0.201690 |  7.66E-03 |     16.65 | 
|         7 |       370 |  1.72E-01 |  0.915978 |  0.954035 |      8.00 |      7.00 |  0.270949 |  0.083657 |  7.60E-03 |     16.88 | 
|         7 |       407 |  1.67E-01 |  0.931403 |  0.954035 |      8.00 |      7.00 |  0.834937 |  0.318785 |  7.54E-03 |     17.12 | 
|         8 |        37 |  1.58E-01 |  0.913313 |  0.954035 |      8.00 |      7.00 |  1.152852 |  0.646654 |  7.49E-03 |     17.24 | 
|         8 |        74 |  1.40E-01 |  0.917569 |  0.954035 |      8.00 |      7.00 |  0.588423 |  0.123062 |  7.43E-03 |     17.47 | 
|         8 |       111 |  1.38E-01 |  0.911282 |  0.954035 |      8.00 |      7.00 |  1.024423 |  0.511757 |  7.37E-03 |     17.71 | 
|         8 |       148 |  1.39E-01 |  0.912992 |  0.954035 |      8.00 |      7.00 |  0.314363 |  0.166717 |  7.31E-03 |     17.95 | 
|         8 |       185 |  1.51E-01 |  0.910738 |  0.954035 |      8.00 |      7.00 |  2.153042 |  0.872970 |  7.25E-03 |     18.19 | 
|         8 |       222 |  1.55E-01 |  0.923537 |  0.954035 |      8.00 |      7.00 |  0.938339 |  0.439487 |  7.19E-03 |     18.42 | 
|         8 |       259 |  1.55E-01 |  0.918962 |  0.954035 |      8.00 |      7.00 |  1.166610 |  0.555128 |  7.13E-03 |     18.66 | 
|         8 |       296 |  1.52E-01 |  0.912404 |  0.954035 |      8.00 |      7.00 |  0.567116 |  0.144551 |  7.07E-03 |     18.90 | 
|         8 |       333 |  1.54E-01 |  0.933856 |  0.954035 |      8.00 |      7.00 |  3.890436 |  1.702922 |  7.01E-03 |     19.14 | 
|         8 |       370 |  1.52E-01 |  0.924218 |  0.954035 |      8.00 |      7.00 |  0.739706 |  0.215931 |  6.95E-03 |     19.37 | 
|         8 |       407 |  1.50E-01 |  0.919236 |  0.954035 |      8.00 |      7.00 |  1.140421 |  0.332513 |  6.89E-03 |     19.60 | 
|         9 |        37 |  1.26E-01 |  0.913982 |  0.954035 |      8.00 |      7.00 |  0.689804 |  0.315322 |  6.83E-03 |     19.73 | 
|         9 |        74 |  1.30E-01 |  0.915600 |  0.954035 |      8.00 |      7.00 |  0.668796 |  0.247640 |  6.77E-03 |     19.96 | 
|         9 |       111 |  1.27E-01 |  0.908586 |  0.954035 |      8.00 |      7.00 |  0.274889 |  0.119889 |  6.71E-03 |     20.20 | 
|         9 |       148 |  1.30E-01 |  0.919510 |  0.954035 |      8.00 |      7.00 |  0.379342 |  0.182696 |  6.64E-03 |     20.44 | 
|         9 |       185 |  1.31E-01 |  0.919372 |  0.954035 |      8.00 |      7.00 |  0.477190 |  0.133908 |  6.58E-03 |     20.67 | 
|         9 |       222 |  1.37E-01 |  0.914063 |  0.954035 |      8.00 |      7.00 |  0.785052 |  0.464500 |  6.52E-03 |     20.91 | 
|         9 |       259 |  1.59E-01 |  0.942677 |  0.954035 |      8.00 |      7.00 |  7.266385 |  0.793555 |  6.46E-03 |     21.14 | 
|         9 |       296 |  1.94E-01 |  0.936017 |  0.954035 |      8.00 |      7.00 |  1.693915 |  0.544623 |  6.39E-03 |     21.37 | 
|         9 |       333 |  1.97E-01 |  0.935534 |  0.954035 |      8.00 |      7.00 |  0.939003 |  0.265958 |  6.33E-03 |     21.60 | 
|         9 |       370 |  1.96E-01 |  0.932171 |  0.954035 |      8.00 |      7.00 |  0.926463 |  0.188732 |  6.27E-03 |     21.83 | 
|         9 |       407 |  1.98E-01 |  0.933016 |  0.954035 |      8.00 |      7.00 |  0.551976 |  0.637632 |  6.20E-03 |     22.07 | 
|        10 |        37 |  1.78E-01 |  0.930793 |  0.954035 |      8.00 |      7.00 |  0.442978 |  0.129044 |  6.14E-03 |     22.19 | 
|        10 |        74 |  1.62E-01 |  0.929178 |  0.954035 |      8.00 |      7.00 |  0.354748 |  0.159806 |  6.08E-03 |     22.42 | 
|        10 |       111 |  1.66E-01 |  0.934194 |  0.954035 |      8.00 |      7.00 |  0.384373 |  0.079334 |  6.01E-03 |     22.65 | 
|        10 |       148 |  1.74E-01 |  0.928517 |  0.954035 |      8.00 |      7.00 |  1.221684 |  0.194432 |  5.95E-03 |     22.88 | 
|        10 |       185 |  1.74E-01 |  0.923329 |  0.954035 |      8.00 |      7.00 |  1.664042 |  0.372520 |  5.89E-03 |     23.11 | 
|        10 |       222 |  1.71E-01 |  0.928921 |  0.954035 |      8.00 |      7.00 |  0.368117 |  0.173507 |  5.82E-03 |     23.34 | 
|        10 |       259 |  1.69E-01 |  0.918169 |  0.954035 |      8.00 |      7.00 |  0.929595 |  0.191691 |  5.76E-03 |     23.57 | 
|        10 |       296 |  1.64E-01 |  0.918183 |  0.954035 |      8.00 |      7.00 |  0.348698 |  0.139119 |  5.69E-03 |     23.81 | 
|        10 |       333 |  1.62E-01 |  0.926989 |  0.954035 |      8.00 |      7.00 |  0.872263 |  0.275907 |  5.63E-03 |     24.04 | 
|        10 |       370 |  1.58E-01 |  0.923589 |  0.954035 |      8.00 |      7.00 |  0.450867 |  0.273192 |  5.57E-03 |     24.28 | 
|        10 |       407 |  1.56E-01 |  0.920322 |  0.954035 |      8.00 |      7.00 |  1.098666 |  0.321162 |  5.50E-03 |     24.51 | 
|        11 |        37 |  1.31E-01 |  0.920478 |  0.954035 |      8.00 |      7.00 |  0.781785 |  0.328684 |  5.44E-03 |     24.63 | 
|        11 |        74 |  1.30E-01 |  0.915160 |  0.954035 |      8.00 |      7.00 |  0.494296 |  0.270428 |  5.37E-03 |     24.87 | 
|        11 |       111 |  1.30E-01 |  0.909621 |  0.954035 |      8.00 |      7.00 |  0.380677 |  0.180674 |  5.31E-03 |     25.10 | 
|        11 |       148 |  1.33E-01 |  0.922213 |  0.954035 |      8.00 |      7.00 |  0.830158 |  0.292862 |  5.24E-03 |     25.34 | 
|        11 |       185 |  1.32E-01 |  0.909719 |  0.954035 |      8.00 |      7.00 |  2.605478 |  0.855976 |  5.18E-03 |     25.57 | 
|        11 |       222 |  1.36E-01 |  0.910894 |  0.954035 |      8.00 |      7.00 |  0.302013 |  0.140517 |  5.12E-03 |     25.81 | 
|        11 |       259 |  1.36E-01 |  0.918100 |  0.954035 |      8.00 |      7.00 |  1.386527 |  0.166180 |  5.05E-03 |     26.04 | 
|        11 |       296 |  1.36E-01 |  0.918744 |  0.954035 |      8.00 |      7.00 |  0.944225 |  0.515356 |  4.99E-03 |     26.28 | 
|        11 |       333 |  1.34E-01 |  0.902389 |  0.954035 |      8.00 |      7.00 |  1.170099 |  0.282039 |  4.92E-03 |     26.51 | 
|        11 |       370 |  1.34E-01 |  0.905781 |  0.954035 |      8.00 |      7.00 |  0.703634 |  0.329264 |  4.86E-03 |     26.75 | 
|        11 |       407 |  1.32E-01 |  0.917793 |  0.954035 |      8.00 |      7.00 |  0.431527 |  0.148128 |  4.80E-03 |     26.98 | 
|        12 |        37 |  1.14E-01 |  0.908190 |  0.954035 |      8.00 |      7.00 |  0.599068 |  0.098690 |  4.73E-03 |     27.10 | 
|        12 |        74 |  1.14E-01 |  0.898591 |  0.954035 |      8.00 |      7.00 |  0.766056 |  0.179692 |  4.67E-03 |     27.34 | 
|        12 |       111 |  1.18E-01 |  0.902128 |  0.954035 |      8.00 |      7.00 |  0.511394 |  0.164807 |  4.61E-03 |     27.57 | 
|        12 |       148 |  1.18E-01 |  0.901934 |  0.954035 |      8.00 |      7.00 |  0.890114 |  0.347880 |  4.54E-03 |     27.81 | 
|        12 |       185 |  1.19E-01 |  0.908082 |  0.954035 |      8.00 |      7.00 |  0.478108 |  0.110504 |  4.48E-03 |     28.05 | 
|        12 |       222 |  1.20E-01 |  0.909012 |  0.954035 |      8.00 |      7.00 |  0.854258 |  0.353021 |  4.42E-03 |     28.28 | 
|        12 |       259 |  1.18E-01 |  0.914183 |  0.954035 |      8.00 |      7.00 |  2.185971 |  0.592459 |  4.36E-03 |     28.52 | 
|        12 |       296 |  1.19E-01 |  0.917593 |  0.954035 |      8.00 |      7.00 |  0.343569 |  0.070109 |  4.29E-03 |     28.76 | 
|        12 |       333 |  1.19E-01 |  0.893715 |  0.954035 |      8.00 |      7.00 |  0.575583 |  0.172416 |  4.23E-03 |     28.99 | 
|        12 |       370 |  1.20E-01 |  0.918641 |  0.954035 |      8.00 |      7.00 |  0.828043 |  0.254376 |  4.17E-03 |     29.23 | 
|        12 |       407 |  1.19E-01 |  0.910275 |  0.954035 |      8.00 |      7.00 |  0.407606 |  0.143252 |  4.11E-03 |     29.47 | 
|        13 |        37 |  1.07E-01 |  0.910361 |  0.954035 |      8.00 |      7.00 |  0.747805 |  0.427266 |  4.05E-03 |     29.58 | 
|        13 |        74 |  1.13E-01 |  0.912035 |  0.954035 |      8.00 |      7.00 |  1.233387 |  0.241683 |  3.99E-03 |     29.83 | 
|        13 |       111 |  1.16E-01 |  0.927109 |  0.954035 |      8.00 |      7.00 |  0.358351 |  0.157524 |  3.93E-03 |     30.06 | 
|        13 |       148 |  1.18E-01 |  0.925498 |  0.954035 |      8.00 |      7.00 |  0.460609 |  0.204055 |  3.87E-03 |     30.30 | 
|        13 |       185 |  1.24E-01 |  0.922452 |  0.954035 |      8.00 |      7.00 |  0.541148 |  0.080011 |  3.81E-03 |     30.53 | 
|        13 |       222 |  1.22E-01 |  0.915265 |  0.954035 |      8.00 |      7.00 |  0.372464 |  0.139956 |  3.75E-03 |     30.77 | 
|        13 |       259 |  1.21E-01 |  0.890233 |  0.954035 |      8.00 |      7.00 |  0.883146 |  0.298421 |  3.69E-03 |     31.01 | 
|        13 |       296 |  1.20E-01 |  0.911833 |  0.954035 |      8.00 |      7.00 |  0.907944 |  0.128669 |  3.63E-03 |     31.24 | 
|        13 |       333 |  1.21E-01 |  0.905579 |  0.954035 |      8.00 |      7.00 |  0.407535 |  0.131460 |  3.57E-03 |     31.48 | 
|        13 |       370 |  1.20E-01 |  0.906099 |  0.954035 |      8.00 |      7.00 |  0.328561 |  0.107018 |  3.52E-03 |     31.71 | 
|        13 |       407 |  1.20E-01 |  0.912905 |  0.954035 |      8.00 |      7.00 |  0.283388 |  0.062873 |  3.46E-03 |     31.95 | 
|        14 |        37 |  1.17E-01 |  0.919644 |  0.954035 |      8.00 |      7.00 |  0.457775 |  0.174198 |  3.40E-03 |     32.07 | 
|        14 |        74 |  1.15E-01 |  0.909869 |  0.954035 |      8.00 |      7.00 |  0.529776 |  0.172993 |  3.34E-03 |     32.31 | 
|        14 |       111 |  1.12E-01 |  0.902882 |  0.954035 |      8.00 |      7.00 |  0.281005 |  0.165245 |  3.29E-03 |     32.54 | 
|        14 |       148 |  1.12E-01 |  0.899016 |  0.954035 |      8.00 |      7.00 |  0.404102 |  0.183271 |  3.23E-03 |     32.78 | 
|        14 |       185 |  1.12E-01 |  0.886133 |  0.954035 |      8.00 |      7.00 |  0.843031 |  0.151146 |  3.18E-03 |     33.02 | 
|        14 |       222 |  1.13E-01 |  0.882036 |  0.954035 |      8.00 |      7.00 |  0.245822 |  0.047932 |  3.12E-03 |     33.26 | 
|        14 |       259 |  1.13E-01 |  0.909693 |  0.954035 |      8.00 |      7.00 |  0.312767 |  0.112245 |  3.07E-03 |     33.50 | 
|        14 |       296 |  1.12E-01 |  0.901232 |  0.954035 |      8.00 |      7.00 |  0.893431 |  0.296377 |  3.01E-03 |     33.73 | 
|        14 |       333 |  1.13E-01 |  0.901191 |  0.954035 |      8.00 |      7.00 |  0.617453 |  0.228380 |  2.96E-03 |     33.97 | 
|        14 |       370 |  1.12E-01 |  0.903494 |  0.954035 |      8.00 |      7.00 |  0.556451 |  0.202209 |  2.91E-03 |     34.20 | 
|        14 |       407 |  1.13E-01 |  0.918178 |  0.954035 |      8.00 |      7.00 |  0.703827 |  0.202236 |  2.86E-03 |     34.44 | 
|        15 |        37 |  1.12E-01 |  0.904907 |  0.954035 |      8.00 |      7.00 |  0.218629 |  0.117148 |  2.80E-03 |     34.56 | 
|        15 |        74 |  1.09E-01 |  0.890140 |  0.954035 |      8.00 |      7.00 |  0.327010 |  0.079487 |  2.75E-03 |     34.80 | 
|        15 |       111 |  1.09E-01 |  0.904290 |  0.954035 |      8.00 |      7.00 |  0.386976 |  0.137441 |  2.70E-03 |     35.03 | 
|        15 |       148 |  1.07E-01 |  0.904194 |  0.954035 |      8.00 |      7.00 |  0.521422 |  0.159081 |  2.65E-03 |     35.27 | 
|        15 |       185 |  1.06E-01 |  0.905017 |  0.954035 |      8.00 |      7.00 |  0.336490 |  0.132993 |  2.60E-03 |     35.51 | 
|        15 |       222 |  1.09E-01 |  0.901121 |  0.954035 |      8.00 |      7.00 |  0.849590 |  0.201925 |  2.55E-03 |     35.74 | 
|        15 |       259 |  1.10E-01 |  0.881486 |  0.954035 |      8.00 |      7.00 |  2.301929 |  0.385595 |  2.51E-03 |     35.98 | 
|        15 |       296 |  1.11E-01 |  0.885037 |  0.954035 |      8.00 |      7.00 |  0.196855 |  0.128862 |  2.46E-03 |     36.22 | 
|        15 |       333 |  1.10E-01 |  0.889372 |  0.954035 |      8.00 |      7.00 |  0.343961 |  0.151845 |  2.41E-03 |     36.45 | 
|        15 |       370 |  1.11E-01 |  0.879117 |  0.954035 |      8.00 |      7.00 |  0.437105 |  0.151753 |  2.36E-03 |     36.69 | 
|        15 |       407 |  1.10E-01 |  0.879774 |  0.954035 |      8.00 |      7.00 |  0.321908 |  0.079054 |  2.32E-03 |     36.93 | 
|        16 |        37 |  1.08E-01 |  0.898253 |  0.954035 |      8.00 |      7.00 |  0.212594 |  0.115488 |  2.27E-03 |     37.05 | 
|        16 |        74 |  1.16E-01 |  0.894859 |  0.954035 |      8.00 |      7.00 |  0.506040 |  0.168190 |  2.23E-03 |     37.28 | 
|        16 |       111 |  1.10E-01 |  0.903153 |  0.954035 |      8.00 |      7.00 |  0.146524 |  0.051476 |  2.19E-03 |     37.52 | 
|        16 |       148 |  1.08E-01 |  0.901072 |  0.954035 |      8.00 |      7.00 |  0.327652 |  0.169931 |  2.14E-03 |     37.76 | 
|        16 |       185 |  1.09E-01 |  0.894459 |  0.954035 |      8.00 |      7.00 |  0.320797 |  0.114653 |  2.10E-03 |     38.00 | 
|        16 |       222 |  1.09E-01 |  0.875690 |  0.954035 |      8.00 |      7.00 |  0.607703 |  0.178898 |  2.06E-03 |     38.24 | 
|        16 |       259 |  1.09E-01 |  0.898325 |  0.954035 |      8.00 |      7.00 |  0.674738 |  0.303392 |  2.02E-03 |     38.48 | 
|        16 |       296 |  1.09E-01 |  0.879921 |  0.954035 |      8.00 |      7.00 |  0.333800 |  0.116758 |  1.98E-03 |     38.71 | 
|        16 |       333 |  1.08E-01 |  0.877092 |  0.954035 |      8.00 |      7.00 |  0.448340 |  0.198926 |  1.94E-03 |     38.95 | 
|        16 |       370 |  1.09E-01 |  0.884277 |  0.954035 |      8.00 |      7.00 |  0.861071 |  0.333479 |  1.90E-03 |     39.19 | 
|        16 |       407 |  1.08E-01 |  0.873655 |  0.954035 |      8.00 |      7.00 |  0.502346 |  0.229949 |  1.86E-03 |     39.43 | 
|        17 |        37 |  1.05E-01 |  0.875918 |  0.954035 |      8.00 |      7.00 |  0.483892 |  0.147788 |  1.82E-03 |     39.55 | 
|        17 |        74 |  1.08E-01 |  0.872590 |  0.954035 |      8.00 |      7.00 |  0.375168 |  0.158944 |  1.79E-03 |     39.79 | 
|        17 |       111 |  1.06E-01 |  0.875195 |  0.954035 |      8.00 |      7.00 |  0.513843 |  0.205026 |  1.75E-03 |     40.02 | 
|        17 |       148 |  1.07E-01 |  0.895943 |  0.954035 |      8.00 |      7.00 |  0.328183 |  0.091332 |  1.72E-03 |     40.26 | 
|        17 |       185 |  1.06E-01 |  0.893172 |  0.954035 |      8.00 |      7.00 |  0.543423 |  0.124221 |  1.68E-03 |     40.50 | 
|        17 |       222 |  1.07E-01 |  0.887622 |  0.954035 |      8.00 |      7.00 |  0.546290 |  0.091853 |  1.65E-03 |     40.74 | 
|        17 |       259 |  1.06E-01 |  0.880823 |  0.954035 |      8.00 |      7.00 |  0.407750 |  0.129934 |  1.61E-03 |     40.98 | 
|        17 |       296 |  1.07E-01 |  0.894007 |  0.954035 |      8.00 |      7.00 |  0.269958 |  0.087411 |  1.58E-03 |     41.22 | 
|        17 |       333 |  1.07E-01 |  0.886379 |  0.954035 |      8.00 |      7.00 |  0.493687 |  0.152550 |  1.55E-03 |     41.46 | 
|        17 |       370 |  1.07E-01 |  0.888582 |  0.954035 |      8.00 |      7.00 |  0.291301 |  0.063902 |  1.52E-03 |     41.69 | 
|        17 |       407 |  1.07E-01 |  0.883890 |  0.954035 |      8.00 |      7.00 |  0.252158 |  0.100082 |  1.49E-03 |     41.93 | 
|        18 |        37 |  1.07E-01 |  0.894718 |  0.954035 |      8.00 |      7.00 |  0.309452 |  0.102628 |  1.46E-03 |     42.05 | 
|        18 |        74 |  1.11E-01 |  0.896006 |  0.954035 |      8.00 |      7.00 |  0.727381 |  0.164417 |  1.43E-03 |     42.28 | 
|        18 |       111 |  1.05E-01 |  0.893305 |  0.954035 |      8.00 |      7.00 |  0.370152 |  0.129679 |  1.41E-03 |     42.52 | 
|        18 |       148 |  1.07E-01 |  0.880809 |  0.954035 |      8.00 |      7.00 |  0.241717 |  0.054770 |  1.38E-03 |     42.76 | 
|        18 |       185 |  1.07E-01 |  0.890080 |  0.954035 |      8.00 |      7.00 |  0.356059 |  0.137901 |  1.36E-03 |     42.99 | 
|        18 |       222 |  1.06E-01 |  0.883786 |  0.954035 |      8.00 |      7.00 |  1.161505 |  0.303926 |  1.33E-03 |     43.23 | 
|        18 |       259 |  1.04E-01 |  0.876561 |  0.954035 |      8.00 |      7.00 |  0.202937 |  0.062524 |  1.31E-03 |     43.47 | 
|        18 |       296 |  1.05E-01 |  0.876021 |  0.954035 |      8.00 |      7.00 |  0.476969 |  0.149743 |  1.28E-03 |     43.70 | 
|        18 |       333 |  1.06E-01 |  0.886033 |  0.954035 |      8.00 |      7.00 |  0.739241 |  0.251333 |  1.26E-03 |     43.94 | 
|        18 |       370 |  1.07E-01 |  0.878331 |  0.954035 |      8.00 |      7.00 |  0.588121 |  0.186309 |  1.24E-03 |     44.18 | 
|        18 |       407 |  1.07E-01 |  0.880417 |  0.954035 |      8.00 |      7.00 |  0.577881 |  0.197770 |  1.22E-03 |     44.42 | 
|        19 |        37 |  9.69E-02 |  0.884500 |  0.954035 |      8.00 |      7.00 |  0.280569 |  0.158692 |  1.20E-03 |     44.54 | 
|        19 |        74 |  1.06E-01 |  0.882585 |  0.954035 |      8.00 |      7.00 |  0.305834 |  0.108989 |  1.18E-03 |     44.78 | 
|        19 |       111 |  1.07E-01 |  0.875571 |  0.954035 |      8.00 |      7.00 |  0.438236 |  0.176317 |  1.17E-03 |     45.02 | 
|        19 |       148 |  1.07E-01 |  0.876281 |  0.954035 |      8.00 |      7.00 |  0.348685 |  0.146884 |  1.15E-03 |     45.26 | 
|        19 |       185 |  1.06E-01 |  0.877776 |  0.954035 |      8.00 |      7.00 |  0.667692 |  0.153146 |  1.13E-03 |     45.50 | 
|        19 |       222 |  1.05E-01 |  0.879052 |  0.954035 |      8.00 |      7.00 |  0.289619 |  0.103720 |  1.12E-03 |     45.74 | 
|        19 |       259 |  1.05E-01 |  0.878019 |  0.954035 |      8.00 |      7.00 |  0.669685 |  0.136987 |  1.10E-03 |     45.97 | 
|        19 |       296 |  1.06E-01 |  0.887848 |  0.954035 |      8.00 |      7.00 |  0.202008 |  0.079900 |  1.09E-03 |     46.21 | 
|        19 |       333 |  1.05E-01 |  0.878773 |  0.954035 |      8.00 |      7.00 |  0.288288 |  0.095969 |  1.08E-03 |     46.45 | 
|        19 |       370 |  1.05E-01 |  0.882997 |  0.954035 |      8.00 |      7.00 |  0.704063 |  0.280908 |  1.07E-03 |     46.68 | 
|        19 |       407 |  1.06E-01 |  0.877701 |  0.954035 |      8.00 |      7.00 |  0.272084 |  0.096928 |  1.06E-03 |     46.92 | 
|        20 |        37 |  1.05E-01 |  0.879319 |  0.954035 |      8.00 |      7.00 |  0.194337 |  0.058837 |  1.05E-03 |     47.04 | 
|        20 |        74 |  1.09E-01 |  0.874621 |  0.954035 |      8.00 |      7.00 |  0.322979 |  0.184209 |  1.04E-03 |     47.28 | 
|        20 |       111 |  1.08E-01 |  0.872818 |  0.954035 |      8.00 |      7.00 |  0.339536 |  0.107395 |  1.03E-03 |     47.51 | 
|        20 |       148 |  1.06E-01 |  0.875386 |  0.954035 |      8.00 |      7.00 |  0.250485 |  0.110379 |  1.02E-03 |     47.75 | 
|        20 |       185 |  1.07E-01 |  0.873655 |  0.954035 |      8.00 |      7.00 |  0.273835 |  0.139105 |  1.02E-03 |     47.99 | 
|        20 |       222 |  1.06E-01 |  0.887802 |  0.954035 |      8.00 |      7.00 |  0.649654 |  0.203533 |  1.01E-03 |     48.23 | 
|        20 |       259 |  1.06E-01 |  0.882123 |  0.954035 |      8.00 |      7.00 |  0.681247 |  0.224836 |  1.01E-03 |     48.47 | 
|        20 |       296 |  1.07E-01 |  0.875394 |  0.954035 |      8.00 |      7.00 |  0.384127 |  0.167172 |  1.00E-03 |     48.70 | 
|        20 |       333 |  1.06E-01 |  0.876252 |  0.954035 |      8.00 |      7.00 |  0.179433 |  0.086779 |  1.00E-03 |     48.94 | 
|        20 |       370 |  1.06E-01 |  0.879828 |  0.954035 |      8.00 |      7.00 |  0.482656 |  0.175813 |  1.00E-03 |     49.18 | 
|        20 |       407 |  1.05E-01 |  0.875828 |  0.954035 |      8.00 |      7.00 |  0.214753 |  0.078120 |  1.00E-03 |     49.42 | 
-------------------------------------------------------------------------------------------------------------------------------------
