-0.226513 -0.102317 0.324485 0.046469 0.030027 0.107049 -0.210265 0.157639 0.080309 0.378397 -0.289989 0.184063 -0.248721 0.141276 0.296489 0.288671 -0.197086 -0.107525 -0.036013 0.120592 -0.348672 0.219437 -0.217465 -0.303432 -0.397442 0.192127 -0.132606 -0.166666 -0.301607 -0.199459 -0.221690 -0.111373 
0.077209 -0.213250 0.210441 0.255868 0.236181 -0.085581 -0.115091 0.008887 0.102831 -0.095823 0.091567 0.043284 -0.038277 -0.349833 0.031632 -0.033834 -0.061376 0.091762 -0.148586 -0.272456 0.112706 0.316664 -0.037938 0.034782 -0.143697 0.034093 0.405105 -0.300938 0.161357 0.555657 -0.072867 -0.251554 
-0.257110 -0.169551 -0.302458 0.084911 0.302194 -0.314655 -0.204416 -0.229379 0.107347 -0.085853 0.334171 0.434602 0.208891 0.350271 -0.120797 0.167605 0.067538 -0.020950 -0.069324 0.046309 -0.317862 0.206594 -0.181056 -0.246968 0.205782 -0.314867 0.176768 -0.149084 -0.089586 -0.481056 0.130370 -0.247981 
-0.068263 0.055137 -0.154701 -0.083933 0.192889 0.157841 0.177923 0.113199 0.417769 -0.036658 0.039596 0.116655 -0.209197 0.229048 0.370591 -0.021864 0.192634 0.156206 0.000227 0.265681 0.278776 0.189169 0.083938 -0.072055 -0.288584 0.229898 0.008030 -0.222278 0.434014 0.073145 -0.166437 -0.252276 
-0.305745 0.091994 -0.014266 0.503380 0.141295 0.165716 0.037637 0.056123 0.123280 0.505187 -0.278818 0.003825 0.383737 -0.037066 0.108012 0.276197 -0.152912 0.410211 -0.100927 0.157817 0.404990 0.001175 0.350246 -0.323043 -0.089250 -0.356855 -0.067495 -0.021962 0.006012 -0.032283 -0.047130 0.117502 
-0.187651 0.286494 0.054205 0.263627 0.016302 0.248984 0.291915 -0.106358 0.296277 0.040984 0.153045 0.140925 -0.251464 0.068979 -0.028932 -0.069008 -0.099578 0.123562 -0.043740 -0.155179 -0.218545 -0.299292 -0.311619 0.347413 -0.234717 -0.114140 0.384932 0.479228 -0.278686 -0.091225 0.190920 -0.203776 
-0.207983 -0.229179 -0.188777 0.045182 -0.305036 0.228218 0.190449 0.334368 0.124519 0.091139 0.298583 0.104852 -0.373232 -0.082630 -0.219948 -0.061923 0.417069 0.018905 0.234214 -0.051800 -0.004554 0.322361 -0.260321 0.258674 -0.190257 -0.190905 0.165299 -0.218391 0.042153 -0.162270 -0.078261 0.103112 
-0.064682 0.027837 -0.167694 -0.090428 -0.191325 0.295685 -0.053972 0.271934 -0.028257 -0.270817 0.130252 0.004935 -0.157972 0.103400 0.294440 -0.113003 -0.130740 0.044064 0.331075 0.187438 -0.071105 0.323800 0.090718 -0.054087 0.344964 -0.218744 0.071286 -0.062450 -0.008285 0.116526 -0.269672 0.104101 
0.068877 -0.110882 0.191942 0.125662 -0.166701 -0.055351 0.034180 0.110170 -0.016170 -0.098433 -0.010098 -0.000800 0.116790 -0.092167 0.083508 0.069965 
-0.022129 0.063706 -0.048510 0.040865 -0.106800 0.046321 -0.113038 -0.158181 0.079469 0.146053 0.205174 -0.098353 0.130029 0.089711 0.182227 -0.145977 
-0.124817 -0.055580 0.029754 -0.143864 0.107940 0.203792 0.007197 -0.159972 0.068499 -0.143618 -0.100952 -0.116362 0.129062 0.027018 0.257532 0.121751 
0.145611 -0.106452 -0.088807 -0.123689 0.020210 0.057520 -0.109114 -0.073797 -0.021681 0.248084 -0.091411 0.069383 0.388243 0.085913 -0.101987 -0.076487 
0.373025 0.241538 -0.031445 0.047002 -0.057627 0.056804 0.223402 -0.162922 0.080853 -0.036789 -0.097561 -0.057917 0.097455 -0.126343 -0.124262 0.052133 
-0.142860 0.105206 -0.073833 -0.060968 0.216021 0.022547 0.020468 0.208306 0.067884 0.101457 0.109385 0.016319 0.185494 0.282484 0.163800 -0.083671 
0.052685 0.287297 0.155632 -0.041448 -0.073885 -0.138228 0.005076 0.049231 0.065367 0.079700 0.398424 -0.081609 0.210641 0.229775 0.105893 -0.215527 
-0.093701 -0.013666 -0.108027 0.200818 0.270716 -0.139993 0.172210 0.175844 0.088986 0.024029 -0.005640 0.067884 0.015287 0.311237 -0.044045 -0.145999 
0.261275 0.491585 0.067446 0.167504 -0.150714 -0.174335 0.062424 0.098522 0.216745 0.232496 0.015607 0.013275 0.200449 0.168004 0.164676 0.043253 
-0.036765 0.117909 -0.002289 0.098929 0.067659 0.110445 -0.030326 -0.000479 -0.228157 0.173683 -0.137888 0.040214 0.145535 -0.090681 0.365427 -0.142994 
0.132275 0.042011 0.110913 0.028096 0.016030 0.112439 -0.066473 -0.014582 0.325917 -0.052452 0.248082 -0.001888 -0.062126 0.058231 0.019234 0.229487 
0.030703 0.348287 0.042971 -0.076122 -0.027203 -0.152016 0.152257 0.019342 0.214052 -0.105703 -0.099775 -0.106656 0.026067 -0.089865 -0.057851 0.229268 
0.263334 -0.211208 0.044472 -0.054874 -0.128121 0.085606 0.154812 -0.249681 0.013237 0.095403 0.002457 0.113357 -0.214852 -0.093963 0.109662 0.044685 
-0.062784 0.284500 0.035552 -0.112069 0.089285 -0.089324 0.237719 -0.027829 0.075643 -0.034146 0.195734 -0.066607 -0.112918 -0.075168 0.013255 -0.018851 
-0.030653 0.258166 0.137675 0.027859 0.070713 0.147880 0.149559 0.008807 0.017638 0.244568 -0.165186 -0.022169 0.006157 0.282709 0.318768 0.006707 
0.238332 0.019462 0.055952 -0.069056 0.079592 0.091203 0.207995 -0.003159 0.108304 0.171256 0.039981 -0.049116 0.199521 -0.231843 0.126272 -0.096040 
0.023967 0.137003 0.052087 0.141208 -0.101605 0.074835 -0.089084 0.015985 0.159761 -0.161392 0.296866 -0.011624 0.098641 0.136169 0.153750 -0.036666 
0.142770 0.015868 0.084778 -0.007366 0.044063 0.007125 0.089316 0.047373 0.058833 0.113783 0.331071 -0.135814 0.148809 0.153616 -0.041027 -0.038101 
-0.056100 0.104384 -0.002209 0.181339 0.141490 -0.138209 0.043729 0.160429 0.015218 -0.090513 0.383006 -0.143083 -0.134604 0.346396 -0.009035 0.076311 
-0.123955 0.285625 0.150180 0.174734 0.044568 0.088320 0.120276 0.067564 -0.013713 0.075187 0.112626 0.132357 -0.083993 -0.026073 -0.037068 0.138823 
0.387858 -0.127858 0.245514 0.088829 -0.032856 0.305175 0.336377 0.269439 -0.048246 0.303589 0.358599 -0.006684 0.164042 0.045683 -0.006324 0.025716 
0.123210 -0.095797 0.064754 0.291297 0.268074 0.067793 0.120920 0.108651 0.416552 -0.077141 -0.123184 -0.103502 -0.052120 0.271101 -0.053756 0.071396 
0.204008 -0.106652 0.281025 -0.134014 -0.028652 0.232756 0.273910 0.225862 -0.025200 0.168845 0.151635 -0.126251 0.051839 -0.014854 0.127220 0.103032 
0.176138 -0.150877 -0.068206 0.025345 0.142917 0.071179 -0.142261 0.182071 -0.089612 0.003473 0.226480 -0.044544 0.273580 0.231575 -0.003247 0.027399 
0.035074 -0.113094 0.068011 -0.140604 -0.163481 -0.132548 -0.157898 0.010700 0.209324 -0.069470 0.232971 0.006441 -0.228439 -0.027392 -0.110729 0.132067 
-0.126182 0.184843 -0.148928 0.108070 0.045019 0.174019 0.063271 0.012387 -0.039985 0.084919 0.015683 0.040725 0.162278 -0.013542 0.063221 -0.174256 
0.108523 0.102540 -0.183290 0.126614 -0.063292 -0.113768 -0.173075 0.092509 0.223743 -0.201566 0.077231 0.092151 0.215078 0.244152 0.064851 0.135667 
-0.103035 0.135113 0.052152 -0.175430 0.042337 -0.128454 -0.100048 -0.164016 -0.237680 -0.064238 0.253653 0.024554 0.236705 -0.157180 0.131733 -0.038895 
0.208603 0.077816 -0.009188 0.205857 -0.085096 0.189677 0.160176 -0.024667 0.176933 0.034177 0.138735 0.011188 0.032110 0.123922 0.055434 0.098682 
0.127039 -0.101194 0.087830 0.108354 0.078398 0.195375 -0.106285 0.061445 0.122954 0.117805 -0.048364 -0.015335 0.405130 0.376149 -0.007580 0.110242 
0.167028 0.029760 0.088709 -0.126470 -0.087812 -0.034448 -0.102558 -0.171272 -0.076591 -0.149536 0.258100 -0.039502 0.113253 -0.198177 -0.141236 -0.131294 
-0.168264 -0.174222 0.153361 0.041787 -0.027434 0.131104 -0.077913 -0.101592 0.101877 -0.036489 0.130508 0.127083 -0.105601 0.096715 0.059534 -0.113784 
-0.193190 -0.024141 -0.178753 0.171590 -0.164005 0.187748 0.446294 -0.099566 -0.202047 -0.080521 0.235290 0.476460 0.051592 0.539973 0.189961 0.174116 
0.203556 0.087882 0.142272 -0.138427 0.594707 0.350533 -0.010604 0.018292 -0.405650 0.104317 -0.178639 -0.008788 0.023020 -0.290979 0.249766 0.273208 
0.013583 -0.142868 0.052422 0.090700 0.137740 0.001928 0.313762 0.083452 0.085075 0.026067 0.227590 0.007196 -0.017996 -0.056296 -0.280867 -0.047799 
-0.149943 -0.002813 0.332990 -0.100319 -0.023731 -0.078321 -0.042901 -0.073355 0.182689 -0.148869 0.181107 0.104491 -0.062134 -0.079882 0.061053 0.259335 
0.024366 0.139214 0.234169 0.127772 -0.175933 0.047719 -0.237292 0.060402 0.140153 0.105494 -0.128083 0.036843 -0.040506 -0.157621 -0.137409 0.096895 
0.106388 0.147161 0.131831 0.216379 -0.278382 -0.112991 -0.082723 -0.088775 0.009349 0.183025 0.381690 0.232961 -0.004207 0.057965 -0.038481 -0.059674 
-0.052045 -0.045436 0.184516 0.064291 0.269221 0.101265 0.081342 -0.096960 -0.098998 -0.079885 0.455668 0.382919 -0.037521 -0.277891 -0.088036 -0.090813 
-0.192716 -0.089340 0.308623 0.062981 -0.035552 0.164072 0.029533 0.120520 0.467493 -0.063759 0.165402 0.047173 0.164775 0.096253 0.002604 0.027761 
-0.068906 -0.127359 0.202950 0.024979 0.259220 -0.272203 0.185126 -0.071196 0.257487 0.058618 -0.200590 0.430063 -0.120468 0.210172 0.312308 0.052511 
-0.112191 0.075990 0.138618 0.244391 0.037677 0.379615 0.038613 0.005691 0.015316 -0.078302 0.420467 0.055345 0.052779 -0.060151 -0.077781 -0.031887 
-0.066307 0.064486 -0.103278 -0.251885 0.350541 0.418351 0.586334 -0.059769 0.465047 -0.154942 -0.109338 -0.243535 -0.132565 -0.017894 -0.159958 -0.322974 
-0.132926 0.113093 0.119177 0.089978 0.093117 -0.024733 -0.063076 -0.111639 0.054705 -0.062605 -0.003745 -0.078950 0.125347 -0.083397 0.026392 0.019394 
0.290920 0.030084 -0.146517 0.478895 -0.011780 0.404981 -0.189443 0.022999 -0.026498 0.033869 0.061747 -0.107399 -0.160990 0.654352 0.146960 0.059880 
0.071287 -0.028500 0.463270 0.209031 0.085994 -0.138751 -0.138425 -0.033918 0.617309 -0.109847 -0.004219 -0.211561 0.005454 0.065278 0.220450 0.085894 
0.298125 -0.165421 0.037964 0.139539 -0.059572 0.228771 -0.164775 -0.097011 -0.120990 0.109881 0.146783 -0.197261 0.054964 -0.188767 -0.169934 0.031777 
-0.002920 -0.102769 -0.104815 -0.035355 -0.061259 -0.252839 0.161362 0.123125 -0.015192 0.031738 -0.106662 0.270913 -0.157485 -0.000375 -0.016826 0.232818 
-0.171040 0.098296 0.092315 0.067769 -0.304484 0.088627 0.270152 -0.185662 0.048067 -0.189740 -0.115165 -0.116486 -0.160366 -0.064086 0.162322 0.070592 0.126713 -0.129965 -0.153018 -0.019889 -0.112712 0.131836 -0.113077 -0.026741 0.033232 -0.074167 -0.104152 0.038504 0.052650 0.014573 0.062907 
0.180485 0.211397 -0.153051 -0.168696 0.215448 0.166211 0.046568 -0.161098 -0.078143 0.055028 0.014593 0.033991 0.112749 -0.125204 -0.034011 -0.047293 -0.128375 0.004657 -0.023929 -0.039413 0.042273 -0.049178 0.013249 -0.150481 0.147261 0.157470 -0.073628 0.020724 0.042848 0.082261 -0.109368 
-0.239907 0.191148 0.052366 0.346531 0.113988 -0.139074 0.056172 0.119386 0.422285 0.241661 0.412760 0.065092 0.090317 -0.072323 0.013867 -0.225669 0.036958 -0.151004 0.038050 -0.148687 0.072332 0.072671 0.025284 0.147187 0.054250 0.055818 0.202060 -0.068473 -0.023188 0.102581 0.052670 
0.257814 0.380296 0.254246 0.065966 -0.232736 -0.226010 0.171957 0.113742 0.154807 0.045339 -0.089249 0.018983 -0.136190 0.392130 -0.150691 -0.152967 0.052708 -0.095771 0.083075 0.151097 0.070808 0.098665 -0.068778 0.148067 -0.119899 0.154314 0.159193 -0.019643 -0.136420 -0.034940 0.202636 
0.056876 -0.052486 0.202413 0.232235 0.745668 0.115150 0.397209 0.165218 -0.146887 -0.006200 -0.086723 0.290556 0.210498 -0.290548 -0.181900 0.106090 0.045416 -0.058615 -0.010434 -0.067416 -0.107513 -0.064843 0.022708 0.112619 0.105597 -0.055373 -0.091074 -0.038291 0.093379 0.103404 -0.038876 
0.315041 0.192186 -0.175441 0.727171 0.167030 0.138916 0.229184 -0.163231 -0.352163 -0.184601 -0.327766 -0.412194 0.257844 0.357168 -0.171479 -0.057819 -0.055400 -0.018947 0.139572 0.011605 0.125890 0.122112 -0.111701 0.156107 -0.033496 0.019967 0.176839 0.112940 -0.025925 0.067478 -0.108587 
0.534720 -0.359620 -0.177454 -0.054801 0.541655 -0.226469 -0.305296 -0.152013 -0.312405 -0.203356 0.136456 -0.025738 0.209871 -0.109967 -0.115262 -0.177181 -0.084754 0.066966 0.083335 0.127410 -0.181604 -0.057741 -0.149216 0.179911 0.074072 0.102841 0.001258 0.073935 -0.119916 -0.065518 0.106878 
0.099077 0.052467 -0.188641 -0.087952 -0.115755 -0.184476 -0.060988 -0.090968 -0.073615 -0.022831 0.230064 -0.009096 -0.140655 0.210627 0.032909 -0.078796 -0.067868 -0.075366 -0.081531 -0.096061 0.045645 0.032076 -0.079864 0.027111 0.007534 -0.152848 -0.098790 -0.082649 -0.138647 0.038168 -0.121511 
0.101934 -0.129847 -0.126991 0.380481 0.012793 -0.080843 -0.235203 0.172502 0.384922 0.305156 0.621806 0.649375 -0.132744 -0.223424 -0.038442 -0.024221 0.073331 0.062923 0.104948 -0.105916 -0.147726 0.071750 -0.025400 0.068206 0.065537 0.016865 -0.207217 -0.139851 0.251361 0.032057 -0.091807 
-0.011569 0.201821 -0.014856 0.091257 -0.034677 0.124553 -0.119680 -0.140569 -0.100484 -0.191393 0.147050 -0.220997 -0.142659 -0.049061 0.025871 0.071943 -0.018665 -0.084462 -0.052770 0.016384 0.017917 0.053621 0.146381 -0.041031 -0.031955 -0.024807 -0.029666 0.021324 -0.144467 -0.144372 0.099510 
0.037533 0.729447 -0.112062 0.097301 0.091999 -0.230303 -0.186808 -0.078126 -0.018762 -0.069580 -0.085147 -0.075985 0.162036 0.565328 0.226181 -0.095594 -0.060424 -0.089980 0.142791 0.151647 0.101744 -0.116826 0.175655 -0.108484 0.178161 -0.087079 0.167963 -0.059603 -0.113988 -0.003150 -0.084401 
0.238030 0.114260 0.099582 -0.598283 0.532364 -0.079998 -0.007802 -0.068816 0.162569 0.129794 0.386223 -0.134102 0.018650 0.193989 -0.209414 0.100680 0.071289 -0.072256 -0.041518 0.077820 -0.181424 -0.059693 -0.170657 -0.080922 -0.041021 0.000264 0.196627 0.060338 0.065878 -0.000218 0.177820 
0.081006 -0.222836 -0.182211 0.085295 0.161107 -0.031575 -0.210251 -0.150571 -0.207547 0.158784 0.157092 -0.182535 -0.099972 -0.049079 -0.159314 -0.221693 -0.100814 -0.021111 -0.039268 0.101539 0.008073 -0.161578 -0.102286 0.097630 -0.038433 0.098633 0.050272 -0.143152 0.057822 -0.120643 0.115380 
0.608023 -0.156725 0.435632 -0.246823 -0.389508 -0.053184 -0.191946 -0.151612 -0.012623 0.290725 -0.189615 -0.117078 -0.145655 0.036844 0.092661 -0.128314 0.023050 -0.120176 0.024169 0.006074 0.122162 0.013929 0.064189 -0.014380 -0.027443 -0.057530 -0.129198 -0.130144 -0.134619 -0.033182 0.189918 
0.072862 -0.193490 0.383247 -0.042151 -0.020132 -0.112621 0.267576 0.047133 0.216662 0.042065 0.167008 -0.168457 0.118442 -0.223257 0.203256 0.179216 0.052596 -0.139682 0.009118 -0.072183 0.108805 -0.111484 0.020769 -0.104476 -0.112956 -0.121727 -0.081024 -0.090612 -0.067660 0.058379 -0.071284 
0.087396 0.197455 0.378379 -0.135250 0.031779 -0.123464 0.280659 0.198744 0.285381 -0.084719 0.117932 -0.184370 0.232664 0.054655 -0.181628 0.131476 -0.034266 -0.104695 -0.034934 0.046934 0.192015 -0.027579 -0.063129 -0.125684 0.004569 0.005917 -0.021355 0.109093 0.109165 0.140807 0.153108 
0.197035 0.229407 0.082648 0.439504 0.375285 -0.302230 0.016199 0.239877 0.238022 0.330859 0.113147 -0.204412 0.066777 -0.020270 -0.117189 -0.154217 -0.320149 -0.491027 0.280045 -0.032712 0.236152 -0.022018 0.008798 -0.106694 0.039205 0.040612 0.816918 -0.083631 0.115837 0.241027 -0.215940 0.045692 
0.055162 0.013508 0.044849 -0.233113 0.145248 -0.334882 -0.261690 0.401719 0.013828 -0.294928 -0.205006 0.001714 0.410349 -0.025873 0.124668 0.424718 0.419552 -0.363549 0.132609 -0.209919 0.289169 0.183260 0.091406 0.400428 0.138468 0.121853 0.082509 -0.293676 -0.103402 -0.308984 0.368663 -0.197828 
-0.053769 -0.158089 -0.148342 0.009377 0.140238 0.035143 -0.121221 0.286461 0.153749 0.057854 -0.155198 0.238999 0.130894 -0.183200 0.042053 -0.225021 0.296044 -0.095088 -0.168362 0.061447 0.032308 0.288891 -0.291786 -0.045816 -0.104467 -0.341648 -0.001432 0.011962 -0.143414 0.207387 0.061171 -0.144975 
-0.258671 -0.106243 -0.096300 0.397098 0.125031 -0.006316 0.078187 -0.295105 -0.103781 0.048149 -0.228621 -0.316290 0.335171 0.200395 -0.156570 0.121780 0.344981 -0.264186 -0.243951 0.018413 -0.020106 -0.301016 0.327849 0.611587 -0.012867 0.195763 -0.159545 -0.005107 -0.137210 0.229584 0.310838 -0.052861 
0.575856 -0.280348 -0.098869 -0.216756 -0.072625 0.128287 -0.100279 -0.539073 0.048472 0.418227 -0.192962 0.195250 -0.439760 -0.104751 -0.233814 0.472093 -0.472062 0.091670 -0.050252 0.024300 0.186889 -0.199535 -0.150673 -0.003441 -0.230174 0.103174 -0.302511 -0.112290 0.362947 0.403864 0.177027 -0.102119 
0.188469 0.184082 0.107812 -0.062804 0.142003 -0.179718 -0.052052 -0.023280 -0.002998 -0.001392 0.205905 0.034334 0.208261 -0.177865 0.020162 -0.192350 0.047003 -0.227873 0.116777 0.025707 -0.031995 -0.121999 -0.229587 -0.031477 -0.195099 -0.208211 0.051783 0.182592 0.175497 -0.148451 -0.005326 0.133331 
-0.114761 -0.407710 -0.160061 0.349100 0.065461 -0.181331 -0.147925 0.090444 -0.329060 -0.264229 -0.047227 0.465770 0.035174 0.171060 -0.305820 0.382492 0.406756 0.270177 0.084106 -0.065083 -0.232188 0.145858 -0.034815 -0.021928 0.040642 -0.031243 -0.393431 -0.132970 0.013800 0.108579 -0.064030 0.083152 
0.119547 -0.036288 0.030151 -0.194923 0.211979 0.379653 0.179076 -0.267182 -0.159455 -0.114469 0.226929 0.067664 -0.077079 -0.201359 0.033901 -0.106687 0.193543 -0.156538 0.013590 0.230212 0.083831 -0.074588 -0.083112 -0.010830 0.145547 -0.237470 0.039066 0.079994 0.070817 -0.196357 -0.164854 -0.053504 
0.163697 0.005776 -0.016976 -0.237129 -0.209838 0.234529 0.166831 0.408608 0.094712 0.076043 -0.081964 0.310012 0.048069 0.172691 -0.189553 -0.228110 -0.039299 0.452708 -0.227000 0.115464 -0.202739 0.205955 0.268572 0.185958 0.016831 -0.022262 0.000196 -0.113253 0.138651 -0.004751 0.073769 -0.103840 
-0.146653 -0.243095 0.097569 0.082929 -0.061946 0.051187 0.043552 -0.096294 0.040552 0.146296 0.214140 -0.169103 0.093006 -0.196541 -0.018999 -0.027572 0.166580 0.146559 -0.135140 0.174260 -0.132829 -0.044782 0.142507 0.106471 -0.193931 -0.308397 0.266338 0.266944 0.027546 -0.001733 -0.170753 0.014921 
0.063195 0.088191 -0.144574 -0.207434 -0.757903 0.248572 0.427986 0.340777 -0.109092 0.467125 0.086589 0.274667 0.104897 -0.176191 -0.035410 0.123394 0.200844 0.491595 -0.058037 -0.123357 -0.226769 0.082682 0.350943 -0.233010 -0.069302 0.244732 -0.005855 0.184103 -0.075214 -0.151914 -0.005496 0.148074 
-0.239448 -0.054225 0.106913 -0.510409 -0.607101 0.368370 0.409658 -0.177300 0.085466 0.110745 -0.139041 0.073846 -0.103002 0.046636 -0.111176 0.036758 0.050056 0.429581 -0.002507 0.093436 -0.223833 -0.047968 0.384344 0.049643 -0.033634 0.448200 0.042529 0.162827 -0.146718 0.002710 0.095630 -0.066372 
-0.057446 -0.029452 -0.009362 -0.097469 0.318040 -0.102523 -0.035388 -0.079517 0.193015 0.212560 -0.218274 -0.055245 -0.009333 -0.103217 0.175143 0.222067 -0.158946 -0.033750 0.025281 -0.095340 -0.113566 -0.055352 0.087428 0.177143 -0.038600 -0.268064 -0.160482 0.074779 0.159280 0.266049 -0.164960 0.170703 
-0.399977 0.230032 -0.189044 -0.353529 0.311477 0.064108 0.058695 0.116586 0.128756 -0.274966 0.106992 0.204742 0.227219 0.128015 0.244206 -0.168734 -0.100920 -0.167346 0.160417 -0.093004 0.504535 0.022332 0.262027 -0.046464 -0.119855 0.023202 0.218336 -0.207579 -0.280551 0.156259 0.141606 -0.146213 
-0.029942 -0.203842 -0.097885 -0.131300 0.102995 0.184395 0.096316 -0.166098 0.025032 0.003576 0.229195 0.009553 -0.162620 0.139303 0.064919 -0.083526 -0.138012 -0.202650 0.054521 -0.204759 -0.103059 -0.012746 -0.077399 0.041937 0.058289 -0.113457 0.066832 0.069589 -0.148662 0.041820 0.154010 0.052030 
0.068594 -0.174510 0.151364 -0.059027 -0.220764 0.017046 0.005510 0.034918 -0.209892 0.004249 -0.186164 -0.141985 -0.087261 0.109390 0.005110 0.005191 0.137375 -0.170907 0.031088 -0.196318 0.046933 0.184473 0.076271 -0.125406 -0.159619 -0.087612 0.174763 -0.077647 0.184881 0.098048 0.205068 0.022883 
-0.106824 0.176935 0.359312 0.596767 -0.180960 0.014411 -0.184085 -0.048093 
0.146836 -0.108156 0.073718 -0.116003 0.143884 -0.593358 -0.026832 -0.044049 
-0.095165 -0.033839 -0.108357 0.106167 -0.074167 0.103684 -0.155858 -0.033779 
-0.051320 0.324032 0.070463 -0.313863 -0.042612 0.815963 -0.137112 0.157358 
0.134778 -0.023372 0.231302 -0.277780 0.860081 0.763918 0.068662 0.292052 
0.088436 -0.095137 0.012482 -0.118019 0.074078 0.557777 -0.177828 0.547069 
-0.214042 0.126887 0.052013 -0.109423 -0.078653 0.059807 0.467333 0.339215 
0.184352 0.856462 -0.166644 0.179976 -0.097521 -0.130541 0.037916 0.016079 
0.191940 0.324069 0.334344 0.183445 0.298392 -0.135903 0.096895 0.217041 
-0.519957 0.309542 0.102921 0.646794 -0.212338 -0.119451 0.292074 0.248635 
0.085813 -0.007328 -0.114299 -0.080084 -0.062570 0.162445 0.138354 0.070660 
0.354852 0.112214 0.503368 -0.032075 0.155625 0.067922 0.054832 0.141724 
0.342563 0.260797 -0.519940 0.188998 0.148782 0.103466 -0.031593 -0.036212 
-0.160471 0.055434 -0.123266 0.143086 0.027129 0.177773 -0.010120 -0.073943 
-0.087095 -0.066198 -0.055969 0.074626 0.187079 -0.279857 -0.089196 0.174467 
0.196351 -0.631633 0.138763 0.380325 0.019656 -0.171250 -0.351576 -0.219777 
0.669114 0.292499 -0.389150 0.096946 -0.305895 0.332910 -0.056384 -0.125690 
0.346479 0.017686 0.455866 -0.525945 0.211518 -0.395614 0.491705 0.322498 
-0.151354 -0.153718 0.212977 -0.440319 0.206181 -0.076954 -0.333366 0.090297 
0.031551 0.063037 0.082229 -0.112931 0.109856 -0.120302 -0.144496 0.113358 
0.196709 0.046191 0.218681 0.065632 0.377372 -0.414142 0.096845 0.005147 
0.294892 0.499135 0.140693 -0.093206 -0.131744 -0.181032 -0.049632 -0.006461 
-0.144234 -0.166434 -0.441508 -0.067063 -0.038430 -0.296593 0.192831 0.468583 
0.222434 -0.231245 -0.555995 0.234901 0.235032 0.200817 -0.149736 -0.079359 
0.031419 -0.137099 -0.153447 -0.091110 -0.111254 0.146751 0.032827 0.117827 
-0.216484 -0.589271 -0.130897 -0.077490 -0.301057 -0.370783 0.181243 -0.035399 
-0.741593 0.382550 0.051194 -0.711908 0.248117 0.046857 -0.346797 -0.370212 
-0.104794 -0.150278 0.144788 0.061120 -0.093625 0.122975 -0.290542 0.385622 
-0.075434 0.064069 0.127914 0.342390 -0.195016 0.134211 -0.146384 -0.139596 
-0.216434 -0.095211 0.497057 0.518480 0.248198 0.340852 0.081580 -0.185599 
0.165300 -0.178220 -0.253047 0.296905 0.160339 -0.054458 0.019813 -0.058083 
0.057638 0.051608 -0.091850 -0.115717 0.154015 -0.033432 -0.156015 -0.035825 









0.000000 
0.000000 
0.000000 
0.000000 
0.000000 
0.000000 
0.000000 
0.000000 
0.228963 
-0.177943 
0.220618 
0.020555 
0.422099 
-0.113980 
0.539884 
-0.429930 
0.500431 
0.035788 
0.184935 
0.448335 
0.143404 
-0.155986 
0.493561 
-0.406888 
-0.193238 
-0.303501 
0.450574 
0.243071 
0.692161 
0.280345 
0.473498 
0.357216 
-0.070140 
-0.210647 
0.215837 
-0.031603 
0.136484 
0.333606 
0.277092 
-0.223498 
0.406087 
0.298886 
-0.051719 
0.172134 
-0.189849 
0.128120 
0.355705 
0.263081 
0.270106 
-0.049774 
0.398178 
-0.076183 
0.129650 
0.104372 
0.058368 
0.050005 
-0.134409 0.031830 
0.001965 0.000016 
0.065443 0.091386 
-0.017624 0.038056 
0.160288 -0.031354 
-0.008649 -0.040050 
0.101524 -0.137685 
0.054092 -0.000368 
0.374081 0.119236 
-0.257587 0.002183 
-0.149148 0.119996 
0.125374 0.085211 
-0.024666 0.000010 
0.221265 0.024247 
0.101457 0.058998 
-0.022714 0.056284 
-0.269930 
0.649716 
-0.010716 
0.547544 
0.359067 
-0.137243 
0.843949 
-0.385685 
0.544089 
-0.068331 
0.839737 
0.957770 
-0.164292 
-0.504415 
-0.207222 
-0.180201 
-0.027226 
-0.621464 
-0.260601 
0.699607 
0.695999 
-0.450322 
-0.109206 
0.417812 
-0.597720 
-0.346060 
-0.089010 
-0.107893 
0.223902 
-0.265308 
-0.156397 
0.050553 
0.663081 
0.078055 
0.526353 
-0.104308 
-0.374657 
0.502719 
-0.329311 
0.163418 
-0.247817 
0.151077 
0.957189 
-0.356851 
0.105433 
-0.097857 
-0.094614 
-0.180342 
-0.471441 
-0.452497 
0.386556 
-1.156862 
-0.072266 
0.320517 
-0.549409 
-0.700564 
3.845000 0.053840 0.030938 
