0.370999 0.470995 0.399635 0.374270 0.286366 -0.068236 0.035334 0.063908 0.299184 -0.192981 -0.125017 0.345096 -0.179595 0.162383 -0.028279 -0.188502 0.175148 -0.078124 -0.001889 0.103823 0.109694 0.102174 1.144521 0.022739 0.122021 0.115157 0.210539 -1.798836 -0.044002 -0.919908 0.483171 0.219510 0.113291 0.594206 -0.159936 -0.028439 0.321890 -0.249886 0.211949 0.265865 -0.044934 0.367254 0.291036 0.140692 -0.060353 0.042984 0.058160 -0.112834 -0.134463 0.263170 0.082620 0.197982 0.023517 -0.175461 -0.026612 0.221418 -0.194581 0.357040 0.278886 0.064645 -0.051159 0.190347 -0.138102 -0.172109 
0.215118 -0.163838 -0.065299 0.098852 0.129574 -0.130484 0.155169 0.169607 0.076526 -0.158825 -0.225673 -0.256781 0.233869 0.069880 0.019651 0.187533 0.049876 -0.093606 -0.033257 -0.193267 0.112240 0.265038 0.098272 0.162164 -0.161035 0.084186 0.204928 0.355710 0.057201 0.074926 0.041544 -0.070712 0.270938 0.657587 -0.051821 0.589874 0.440149 -0.184112 -0.031094 0.255357 0.207538 -0.011081 0.097593 0.180381 0.109211 0.163974 0.010752 0.083372 -0.212160 0.272446 0.303048 -0.089492 0.044735 0.189616 0.262935 0.194031 -0.093346 -0.093148 -0.112016 0.180113 -0.056833 0.127473 -0.260222 0.212604 
-0.167757 0.149239 0.312556 -0.271374 0.049452 -0.242615 -0.023563 0.035569 -0.148155 -0.150115 -0.075059 0.092921 -0.309528 -0.077321 -0.125573 0.231885 0.117204 -0.211274 -0.070646 0.046003 0.148665 -0.012372 -1.703952 -0.244812 -0.200143 -0.194939 -0.039743 1.527412 -0.253928 0.555617 -0.068253 -0.197969 -0.108050 -0.452414 0.080803 -0.270773 0.269949 -0.218607 -0.241992 -0.125847 0.238418 -0.034134 -0.087603 -0.487433 -0.101441 -0.426948 -0.195186 -0.223597 0.276610 -0.294846 -0.243799 -0.035973 -0.190277 -0.382751 0.148947 -0.110141 0.213702 -0.408504 0.056783 0.181211 -0.128386 0.087546 -0.084694 -0.115151 
-0.123762 -0.268609 -0.120650 -0.540750 -0.117059 -0.399400 -0.124430 -0.172801 0.003669 -0.697935 -0.274766 -0.237787 0.345005 -0.193551 0.075180 -0.214168 -0.394951 0.064723 0.064104 -0.192826 0.655358 0.018744 -2.135835 -0.252203 -0.863964 -0.210332 0.201361 3.076969 -0.446989 1.878520 0.028647 -0.024377 -0.202880 -0.515559 0.118604 -0.130816 0.874418 -0.279045 -0.255274 -0.051603 0.160819 -0.245373 0.151029 -1.673611 -0.293241 -0.423581 -0.638754 0.029766 -0.202573 -0.360338 -0.142498 -0.032174 -0.778668 0.059064 -0.393624 -0.412782 0.978079 -0.273264 -0.125728 2.027798 -0.431867 -0.145217 -1.012339 0.065968 
0.196513 -0.183960 -0.292722 0.938433 0.077979 0.581115 0.239819 -0.030289 0.066518 0.024233 0.093820 0.170172 -0.188455 0.170084 -0.002243 -0.204854 0.005914 -0.048079 0.033183 -0.217313 -0.220755 -0.040351 -0.317251 0.384977 -0.404958 0.530215 -0.401072 -0.105371 0.755637 -0.198583 -0.382897 0.092496 0.161109 0.651717 0.029835 -0.013334 -0.153985 -0.128956 -0.145211 0.074001 -0.183479 0.302976 -0.012103 -0.255034 -0.073494 0.762432 -0.077851 -0.192215 -0.237691 -0.264431 -0.088895 -0.057953 -0.320442 0.070229 0.635987 0.741264 0.057499 0.820096 0.247144 -0.013662 0.683138 -0.210520 0.159340 0.131848 
-0.014682 -0.577292 -0.525007 0.517675 -0.302799 0.243594 -0.124433 -0.105956 -0.036305 -0.416388 -0.125495 -0.138133 0.245293 0.241401 0.071504 -0.203775 -0.441057 0.188813 0.035691 -0.203278 0.105512 -0.156830 -0.444619 0.361687 -0.582138 0.139695 -0.439208 0.225817 0.212698 0.101217 -0.672065 -0.175901 -0.174704 0.014921 -0.155704 -0.310937 -0.024602 -0.054754 -0.085059 -0.333405 0.270815 0.284787 -0.479855 -0.237715 0.289945 0.078585 0.079657 0.000490 -0.192571 -0.492226 0.247458 0.168303 0.072602 0.001282 0.288862 0.530578 -0.143089 0.272926 -0.420492 0.264109 -0.029204 -0.149283 -0.038991 -0.016281 
0.725158 0.363591 0.611551 -0.414600 -0.204666 -0.228678 -0.188239 0.134635 -0.077612 -0.071242 0.048485 0.229167 0.186578 -0.211450 0.113910 -0.202754 0.280075 0.193543 0.253271 -0.262667 -0.216684 0.094461 -0.043469 -0.038948 0.586311 -0.265154 0.635229 -0.703671 -0.077385 0.122558 0.280178 -0.079815 -0.100208 -0.362755 -0.102901 0.316253 -0.096296 0.054856 0.148671 0.169556 0.084890 0.099341 0.152270 0.100101 0.096102 -0.427787 0.091163 0.083936 0.154915 0.549925 0.013747 -0.079990 -0.307360 0.053135 0.292577 -0.057701 -0.015277 0.163587 0.145632 0.342985 -0.048220 0.184413 -0.247499 0.187829 
0.947174 -0.024682 0.120641 -0.237051 0.238846 0.262455 0.057279 0.129368 0.194750 -0.209160 -0.151156 0.059247 -0.166741 0.164991 0.307567 -0.193241 0.240662 -0.134712 -0.128058 -0.102551 0.120667 -0.278252 0.269310 -0.201203 0.696896 -0.162918 0.667418 -0.864687 -0.195126 -0.361613 0.331868 -0.217489 0.011160 -0.501090 -0.118008 0.491967 0.448386 -0.292354 0.003474 0.229974 -0.250968 -0.264479 -0.246871 -0.087654 0.280852 0.065174 -0.006588 -0.053582 -0.355742 0.953682 0.026246 0.404400 0.140598 -0.017684 -0.114214 -0.029926 0.152045 0.137748 -0.011379 0.221063 0.141656 -0.300487 0.145539 -0.171273 
-0.225593 -0.313083 0.009192 -0.096791 -0.182353 -0.177042 -0.040056 -0.181670 -0.238009 -0.034148 -0.327746 -1.193293 -0.235650 -0.273697 -0.053745 -0.020565 2.464391 -0.215957 -0.095259 -0.060853 -0.146049 -0.117874 -0.023922 -0.198431 0.007449 -0.056001 -0.164494 -0.011936 0.048248 0.164197 0.079275 1.449776 
-0.044094 -0.008715 -0.040262 0.102091 -0.001474 -0.153735 -0.098648 -0.098330 0.161730 0.034904 -0.361419 0.101808 -0.503277 0.119257 -0.058836 -0.135778 -0.171144 0.011372 -0.049108 0.015069 0.379662 -0.144162 0.134449 -0.052501 0.092328 -0.005942 -0.039797 0.181405 -0.199910 -0.061033 0.021658 -0.468167 
-0.082845 -0.063371 -0.010230 0.140444 0.006425 -0.127986 0.021981 0.026388 0.098842 0.049296 -0.314018 0.072326 -0.793918 0.026165 -0.068716 -0.077473 -0.164369 -0.007655 0.154070 0.084957 0.304374 -0.084297 -0.022923 0.047307 0.159763 -0.036140 0.019398 0.240635 -0.146064 -0.151512 0.046841 -0.306181 
-0.210122 -0.257676 0.165769 0.050686 -0.191952 -0.214610 0.012167 -0.042073 -0.321375 0.029919 -0.360976 0.127122 -0.086711 0.105114 -0.013821 -0.406609 -0.379186 -0.139030 -0.133834 -0.006663 0.078537 -0.136193 0.137885 0.004708 -0.041157 -0.021954 -0.151019 0.372402 -0.401991 0.406628 0.105978 -0.712887 
-0.045561 0.093336 -0.087194 -0.099873 -0.082788 0.032174 0.027951 -0.073852 0.033634 0.082843 0.000379 -0.070272 -0.038454 0.060892 -0.092120 -0.017429 -0.113329 -0.117287 -0.061646 -0.035752 0.067322 0.068820 -0.091532 0.097090 -0.077746 0.105640 0.091035 -0.064971 0.039451 -0.076716 0.004257 0.146133 
-0.149193 0.067623 0.199696 -0.099170 -0.009259 -0.036485 -0.054206 -0.090562 -0.044901 0.027822 -0.144495 0.090630 -0.067695 0.058981 0.105108 0.061541 -0.054073 -0.103356 -0.149380 0.090339 0.156972 -0.062000 0.180336 -0.128527 0.083838 -0.004797 -0.114358 0.179764 0.051704 0.365346 0.005605 -0.049135 
0.042155 -0.037744 0.075311 -0.041535 0.056718 -0.089337 0.000061 -0.137753 0.071421 0.043469 -0.072451 -0.031536 -0.170476 0.083545 -0.083199 -0.035694 -0.013311 -0.053093 -0.099973 0.082183 0.037611 0.092706 0.100056 -0.051155 -0.062172 -0.102709 0.011866 0.003159 -0.123854 0.019515 0.017818 -0.071157 
-0.067682 -0.055121 -0.113083 -0.081611 -0.001077 -0.002175 -0.058760 -0.048408 -0.048096 -0.094123 0.204811 0.001766 0.032929 -0.078904 -0.094044 0.099213 -0.051528 -0.023325 0.041033 -0.077431 0.218678 -0.048364 -0.046309 0.082929 -0.047508 -0.001753 0.149702 -0.215674 0.106116 -0.116491 0.062238 0.171440 
0.034583 -0.080100 -0.076214 -0.075974 0.037189 -0.067715 0.020061 -0.167771 0.059477 -0.103115 0.093607 -0.124132 0.002812 0.129375 0.111465 -0.014140 0.044513 -0.047154 0.112726 0.048349 0.079774 0.016516 0.038944 0.007808 0.080163 -0.006440 0.116189 0.004234 0.040096 0.115311 -0.029948 0.197650 
-0.060886 -0.271262 0.121380 0.000990 0.062341 -0.097002 0.079919 -0.126313 -0.028780 -0.017821 -0.051041 -0.536009 -0.206737 0.126001 0.068239 -0.086613 1.170591 -0.031112 -0.119043 -0.114063 -0.132681 0.034319 0.073961 0.027588 -0.100319 0.025036 0.066495 0.014124 -0.108561 0.106988 0.036546 0.621976 
0.001712 0.006572 -0.087715 -0.028815 -0.108997 0.020821 0.038539 -0.013363 -0.000945 -0.079452 0.037386 0.074974 -0.013375 -0.021656 -0.025551 -0.036399 -0.055819 -0.015290 0.051578 -0.059249 0.057818 0.086184 -0.024719 -0.010984 -0.002523 0.039994 0.012372 -0.077968 0.004372 0.010409 -0.028587 -0.071645 
-0.012169 -0.085401 -0.081135 0.103089 -0.011287 -0.234720 -0.038817 -0.001370 -0.062739 -0.062083 0.214092 -0.135338 -0.118893 -0.110432 0.006931 0.177792 -0.190725 -0.046615 0.111427 -0.140200 0.199678 -0.013042 -0.010953 0.049124 0.119225 -0.089594 0.167954 -0.075674 0.072210 -0.181054 -0.023156 -0.063024 
-0.005273 -0.120906 -0.058038 -0.096165 -0.151930 0.024249 0.066164 0.001838 0.023056 -0.031191 -0.129094 -0.096619 0.079746 -0.002428 -0.069195 0.140696 0.362637 -0.133871 0.065686 -0.052368 -0.097551 -0.052470 -0.114221 0.080101 0.027979 -0.075482 -0.140214 -0.058244 -0.078952 0.076608 0.013891 0.054262 
-0.103039 0.083426 -0.033191 -0.001822 -0.040812 -0.068641 -0.091377 -0.059061 -0.058681 0.083829 -0.108487 0.127356 -0.156431 0.070609 0.082346 -0.138615 0.057375 0.036762 -0.025005 -0.061020 -0.054495 -0.138255 0.046864 -0.050176 -0.134485 -0.070889 -0.122900 0.114937 -0.112230 0.103940 0.098112 -0.193046 
-0.115972 -0.231627 -0.051271 -0.065922 -0.120469 -0.149600 -0.070698 -0.071570 0.033575 -0.139903 0.029297 -0.120385 -0.050650 -0.256645 0.005405 0.215444 -0.090614 -0.248351 0.120105 -0.081663 0.174715 0.032295 -0.011585 -0.024853 -0.083251 -0.111833 -0.093444 -0.219668 0.168366 -0.233347 -0.055967 0.130812 
-0.137224 0.079606 0.085451 -0.078845 0.026744 -0.001687 0.116400 -0.107328 0.098654 -0.053928 0.019951 0.062332 0.269552 -0.055322 0.020345 -0.057351 -0.208012 -0.040232 -0.056841 0.037972 -0.086595 -0.086665 -0.039939 0.008785 -0.092681 0.004538 0.160382 -0.076512 -0.074595 -0.023042 0.047238 -0.244496 
-0.007166 0.026074 0.070377 -0.112940 -0.098522 0.057929 -0.019579 -0.080848 -0.057331 0.097222 0.053333 -0.231519 -0.006185 0.039550 0.016504 -0.065135 0.572965 -0.082238 -0.085266 0.112964 -0.045769 -0.014812 0.007767 -0.014510 0.093185 -0.080533 0.037454 0.075626 -0.019779 -0.118222 -0.120098 0.455384 
0.036039 0.104362 0.110721 0.065989 0.017066 -0.029032 0.081733 0.031001 -0.028331 0.054569 -0.060157 -0.032873 -0.053295 0.117765 0.033502 -0.022707 0.130617 0.056288 -0.083038 -0.074385 -0.027881 -0.023938 0.031478 -0.079419 0.019023 -0.048582 0.039292 -0.039434 0.032255 0.145842 -0.091854 -0.031428 
-0.149874 -0.531398 -0.161120 0.015797 -0.096252 -0.015597 -0.113389 -0.056180 -0.037944 -0.065961 -0.250911 -0.797299 -0.268983 0.035039 -0.016710 -0.164126 2.774128 -0.227129 -0.066571 -0.093827 -0.229303 -0.177087 -0.069332 -0.094193 -0.093189 -0.034393 -0.041146 0.016081 -0.208539 -0.144395 -0.049989 1.343367 
0.049786 -0.061070 0.060447 -0.047124 0.006202 0.041032 -0.100387 -0.110172 -0.070274 -0.099838 0.095169 -0.028190 0.029905 -0.020187 0.009945 -0.096486 0.021671 -0.124094 0.089630 0.074059 -0.012641 0.010193 -0.073988 -0.031089 -0.048359 0.106431 -0.039631 0.051617 0.026397 0.009638 0.027413 -0.099248 
-0.123633 -0.517644 -0.008715 -0.030242 -0.181168 -0.049418 -0.053192 -0.051371 -0.183188 -0.075776 -0.143930 -0.282918 0.110836 0.054127 -0.106934 -0.153835 0.991167 -0.197057 -0.047800 -0.052582 -0.423290 -0.000160 -0.219361 -0.073494 0.015605 -0.008607 -0.179273 -0.271453 -0.351275 -0.271657 -0.098855 0.430966 
-0.073461 -0.179489 -0.025728 0.059989 0.064279 0.039242 0.058783 0.025399 -0.085575 -0.117037 0.015387 -0.123897 -0.006292 0.236824 0.053824 -0.040331 -0.019565 -0.112318 0.037768 -0.134137 -0.073937 -0.087772 -0.060503 -0.044386 0.038407 0.025794 -0.068540 -0.096588 -0.097846 -0.244905 -0.069052 -0.150398 
-0.191539 -0.037357 -0.217807 -0.146268 -0.053041 -0.018245 0.026881 -0.198857 0.079441 -0.003472 -0.334069 -0.068421 -0.346894 0.305968 0.023314 0.068302 -0.787576 -0.069315 0.163367 -0.143951 -0.027871 -0.108759 0.087628 -0.023668 -0.163108 0.191614 -0.111574 -0.166831 -0.151549 -0.632950 -0.116078 0.125388 
0.012461 0.117385 0.030110 -0.028747 0.020242 -0.064920 -0.012358 -0.053777 0.013043 0.030043 -0.375108 -0.003301 -0.102470 0.120171 -0.097063 -0.006964 -0.083304 -0.122082 -0.019040 0.086503 0.087888 -0.055064 0.048185 0.094178 -0.098241 0.094901 -0.128014 0.159227 0.027513 0.198872 0.148661 -0.184022 
-0.145896 -0.275144 -0.019805 -0.068626 -0.025774 -0.065132 0.003199 0.005836 0.090181 0.015772 -0.043825 -0.401315 -0.457780 -0.001859 -0.081851 -0.032318 0.638546 -0.056599 0.042199 -0.071639 -0.117771 -0.190952 -0.022870 -0.004568 0.011691 -0.109972 -0.059346 0.026161 -0.097247 -0.430391 -0.007860 0.480763 
-0.075046 -0.117877 0.064020 -0.020744 0.038983 0.016117 -0.110799 -0.184516 -0.010738 -0.154850 -0.178215 0.015311 -0.278765 0.147348 -0.094401 -0.232558 -0.094813 -0.036250 -0.148968 -0.075689 0.218603 -0.112651 0.250954 0.023480 -0.096049 -0.041459 -0.181877 0.291591 -0.048502 0.264422 0.007915 -0.348843 
-0.138956 -0.139598 -0.074410 0.065539 -0.010092 -0.065155 -0.064280 -0.086855 0.001554 -0.111986 -0.109329 -0.390329 -0.592743 -0.129597 -0.001345 -0.126739 0.725976 -0.256433 0.020594 -0.082106 0.006193 -0.063375 -0.118340 0.007146 0.045732 -0.079991 -0.057192 -0.125456 -0.281344 -0.053767 -0.110082 0.520755 
-0.006761 -0.079891 -0.188487 -0.001006 -1.551264 -0.149279 0.066211 0.018425 -0.060492 -0.002289 -0.275675 -0.075291 2.291245 -0.533360 0.007199 -0.101161 -1.347534 -0.043789 -0.012539 -0.061475 -0.449611 -0.060219 -0.541407 -0.033398 0.055581 -0.048513 0.000186 -1.074401 -0.672090 -0.778421 -0.067692 -0.391288 
0.037171 0.155283 0.094366 0.040553 -0.040380 -0.107280 -0.067924 0.013013 0.050027 -0.079211 -0.202861 0.025108 -0.044651 0.104559 -0.085811 -0.042710 -0.106599 -0.052210 -0.016818 0.130271 0.189500 0.067101 0.155263 -0.116477 -0.048491 0.040600 -0.120079 0.351834 -0.122384 0.372273 0.043601 -0.099038 
-0.126829 -0.074917 -0.121893 0.042753 -0.907468 -0.051874 0.022832 -0.168878 -0.199240 -0.036517 -0.369978 -0.312653 0.904666 -0.439286 -0.015156 -0.185244 -0.065405 -0.144845 -0.023682 -0.083998 -0.470037 -0.040453 -0.400438 -0.141827 -0.048203 -0.163362 -0.051509 -0.524910 -0.532133 -0.520430 -0.161283 0.069370 
-0.124257 -0.034052 -0.040457 0.018600 -0.055589 -0.077782 -0.006118 0.000281 0.089334 0.128427 -0.219773 -0.034169 -0.537940 -0.001179 -0.010685 -0.081603 -0.181694 0.050587 0.149269 -0.072267 0.252851 -0.143616 -0.022171 0.024391 0.022926 -0.083208 -0.041212 0.109382 -0.203345 -0.151073 -0.016677 -0.279799 
-0.063046 -0.138332 -0.084194 0.093577 0.053334 0.022022 0.002543 -0.018990 0.083045 -0.105849 0.049034 -0.051013 -0.091560 0.092699 0.013107 -0.117135 -0.115749 -0.064093 -0.052521 0.019221 0.060269 0.013853 -0.059678 0.071436 0.030646 -0.112293 0.054127 -0.017107 0.046928 0.088917 0.044036 -0.108418 
0.047689 0.046780 -0.087499 0.066865 0.003388 0.072508 -0.039472 0.000104 0.034735 -0.090631 -0.027735 -0.110290 0.048777 -0.007147 -0.081347 0.085515 -0.061642 0.024161 -0.024632 -0.060684 -0.059371 -0.014190 0.080554 0.029196 0.005150 0.051476 0.104343 -0.037998 -0.004714 -0.047991 0.024736 -0.055230 
-0.129621 0.088026 0.287193 -0.142685 -0.097199 -0.179068 0.020068 -0.246128 0.017659 -0.178099 -0.388729 0.246746 -0.028506 0.320299 0.021268 -0.250670 -0.533082 -0.169595 -0.173305 0.101395 0.325351 -0.076190 0.294695 -0.099458 -0.111935 0.067601 -0.089213 0.651908 -0.261569 0.246415 -0.033009 -0.702070 
-0.054063 -0.102751 0.087817 0.069620 -0.065047 -0.039041 -0.088377 0.096255 -0.045914 -0.032130 0.035951 -0.002853 0.170887 -0.082519 -0.087312 0.069034 -0.028963 0.093726 0.064670 -0.045893 -0.002342 -0.010232 -0.071573 -0.110633 -0.067362 -0.072511 0.080904 -0.086487 -0.040220 0.045903 0.049998 -0.039428 
0.018872 -0.087111 -0.027137 -0.018082 0.021451 0.107335 -0.087454 -0.015583 -0.178032 -0.121351 -0.025959 -0.369760 0.122005 0.082065 0.048397 -0.030671 1.190007 0.073858 -0.029926 -0.088846 -0.014773 0.028552 -0.182535 0.067995 -0.120631 0.082086 -0.082917 -0.239893 0.145037 -0.078624 0.007528 0.838017 
-0.052034 -0.099473 -0.111312 -0.057611 -0.034145 -0.047380 -0.064796 0.094912 -0.030232 0.068162 0.170822 -0.481057 0.178248 -0.039620 -0.106815 -0.182295 0.682159 0.010266 -0.036008 0.081587 -0.019440 -0.002099 0.011986 0.007513 -0.020273 0.107393 -0.024963 -0.198901 0.062454 -0.065937 -0.105731 0.371924 
-0.094648 -0.011608 0.014049 0.108609 0.053619 0.061280 0.070320 -0.064055 0.022414 0.038075 -0.072250 -0.042895 -0.004188 -0.039729 -0.001078 -0.055414 -0.108342 0.054441 -0.139576 0.017686 -0.136779 0.097800 -0.076874 0.020255 0.108044 -0.011191 0.032407 0.023075 -0.042516 0.057897 -0.070877 -0.036590 
-0.090303 -0.025325 -0.036506 -0.099603 0.026269 -0.088102 -0.038884 -0.073511 0.124363 0.012533 0.051441 -0.074458 -0.150907 -0.076219 -0.027760 -0.094415 -0.118377 -0.012434 0.103486 -0.101303 -0.062374 0.067753 0.004944 -0.014960 -0.005162 0.039347 -0.070875 -0.051407 -0.013513 -0.133494 -0.106266 0.001062 
-0.111105 -0.033079 -0.140241 0.068690 0.013736 -0.097924 -0.084597 -0.018469 0.122172 0.084172 0.169222 -0.096540 -0.136722 -0.187412 -0.063624 0.125348 -0.029502 -0.158759 -0.010427 -0.045834 0.287693 0.118621 -0.011749 -0.053442 0.037600 0.110240 0.184432 -0.263820 -0.122229 -0.195704 -0.168777 0.071818 
-0.027208 -0.110922 -0.051654 -0.068020 -0.116029 -0.100598 0.081816 -0.158571 -0.106776 -0.023127 0.170605 0.085696 0.171985 -0.066173 0.056646 -0.267085 -0.185533 0.043567 0.000548 -0.003993 0.198752 -0.103978 -0.016873 -0.052062 -0.121154 0.048571 0.138554 -0.257954 -0.080350 -0.064679 0.052085 -0.429771 
-0.059633 0.041878 0.035349 0.074259 -0.088380 -0.083655 -0.089985 -0.132348 0.122422 -0.006233 -0.179657 -0.031973 -0.263263 0.043270 0.024806 -0.018000 -0.335852 -0.131986 -0.055139 0.089911 0.060170 -0.056927 0.042741 -0.057085 -0.119627 0.017860 -0.004597 0.111208 0.055586 0.010175 -0.029503 -0.188283 
-0.146769 -0.093314 -0.042179 -0.047439 -0.032508 -0.099163 0.056498 -0.180007 0.134632 0.082518 -0.254916 0.149260 -0.257227 0.223731 0.029136 -0.152040 -0.370535 -0.103281 0.110803 0.002327 0.231192 -0.152291 0.037393 -0.031851 0.066826 -0.053551 0.023399 0.258276 -0.161304 -0.161149 0.024355 -0.411325 
-0.165702 -0.054657 -0.094931 -0.005431 -0.096722 -0.032269 -0.009828 0.016357 -0.037087 0.076785 -0.055403 -0.179368 0.068084 0.170406 0.050669 -0.260042 0.041137 -0.025978 -0.114176 -0.140625 -0.016622 -0.013869 0.035183 -0.068627 -0.200577 -0.062134 0.036059 0.054941 -0.119358 -0.301108 -0.129593 0.147825 
-0.056468 -0.065067 0.050100 0.082751 -0.070853 0.005837 0.039331 0.154015 -0.103535 0.017451 0.157890 -0.032941 0.083063 -0.125756 -0.034018 0.045693 -0.114678 0.106067 -0.006526 0.044483 0.360159 0.036462 -0.116714 0.045143 -0.091910 -0.057745 -0.097102 -0.296684 0.350406 -0.089596 0.005957 0.152193 
0.073088 0.085262 0.083256 -0.074022 -0.074575 -0.120992 -0.071282 -0.041572 0.070781 0.079521 -0.293973 -0.025480 -0.169269 0.077646 -0.067712 -0.010708 -0.200525 -0.022229 -0.090116 0.092390 0.154144 0.055305 0.155161 -0.031691 0.035625 0.062367 0.005039 0.356206 -0.055260 0.385659 -0.007419 -0.171141 
-0.096686 -0.079507 -0.045933 0.026821 0.031362 -0.001519 -0.070154 -0.010143 -0.025811 -0.084957 -0.104124 -0.163520 -0.076448 0.171729 -0.042980 -0.056842 0.424935 -0.015683 -0.040062 -0.017964 -0.049261 0.039198 -0.141176 -0.066296 -0.039089 0.067995 -0.106061 0.126157 -0.048757 -0.122983 0.078051 0.333732 
-0.080303 0.066565 -0.004954 0.095498 -0.127860 -0.002157 -0.019215 -0.058969 0.034936 -0.124509 -0.183106 0.023326 0.053932 -0.001022 -0.068212 -0.120303 -0.079089 -0.011815 0.028212 0.093770 -0.011606 0.035924 -0.112972 -0.071709 0.045129 -0.039596 -0.034996 -0.061964 0.049218 0.064459 -0.068162 -0.015074 
-0.113240 -0.029293 0.085975 -0.057716 -0.054855 -0.087243 0.097347 -0.164828 -0.028130 -0.082786 0.093426 -0.083927 0.142141 -0.079340 0.005350 -0.209154 -0.124462 0.004440 -0.086996 0.060550 -0.009126 -0.052582 -0.222599 -0.043823 0.076092 0.095913 0.181917 -0.146864 -0.142068 -0.113251 -0.034061 -0.404118 
-0.162857 -0.145222 -0.231994 0.008454 0.020045 -0.091177 -0.057129 -0.157330 -0.194490 -0.145359 0.121480 -0.376919 -0.364944 -0.141874 -0.090084 0.143394 0.923743 -0.184807 0.129131 -0.068897 0.209521 0.003656 0.092939 -0.126559 0.027364 -0.025769 0.093329 -0.368312 0.001671 -0.255670 -0.088475 0.709858 
0.036660 0.032473 -0.108113 0.035338 -0.037166 0.056751 0.063916 -0.006466 0.026906 -0.017098 -0.018883 -0.044496 0.048651 0.075197 -0.038133 0.014046 0.032984 -0.109441 -0.025070 0.049697 -0.055543 -0.079906 -0.067510 0.044304 0.017012 0.018848 -0.100236 -0.013417 0.033335 -0.155216 0.004122 0.026141 
-0.058629 0.023984 -0.072036 0.099294 0.001410 0.088790 0.005852 0.002127 0.012574 -0.094523 0.073213 -0.061346 -0.021494 -0.062634 -0.102214 0.117894 -0.037726 0.010716 -0.001074 -0.084595 0.169677 -0.059134 0.053849 -0.054815 0.059116 -0.106909 -0.047190 -0.001653 0.132543 0.099439 -0.042981 0.230198 
0.003222 0.010970 0.077492 -0.071780 0.001151 -0.073499 -0.009162 0.029023 -0.024634 -0.095407 -0.030988 -0.110241 -0.054501 -0.063991 -0.067740 -0.047741 -0.035509 0.000023 -0.042508 -0.104771 0.071653 -0.079112 -0.038616 0.011912 -0.049796 0.071374 -0.034270 0.069832 0.053395 -0.141811 0.075644 0.089184 
-0.112400 0.060065 0.020054 0.038474 -0.094814 -0.084053 -0.002230 -0.023871 -0.042356 0.000139 -0.125098 -0.010820 -0.009491 -0.013050 0.057272 -0.106912 -0.077211 -0.100854 -0.037535 0.065945 0.000496 0.067573 -0.050090 0.065001 -0.001962 0.030408 0.036863 -0.068773 -0.137346 0.086378 -0.013052 -0.064247 
-0.035254 -0.062696 -0.072394 0.033476 -0.085465 -0.096529 -0.020241 -0.098985 -0.163267 -0.013679 -0.235528 0.068357 -0.043260 0.023671 0.075531 -0.093361 -0.117218 -0.084312 -0.134058 -0.044808 0.168090 -0.011510 0.238646 -0.031813 -0.148941 0.032954 -0.115948 0.150036 -0.072465 0.263307 0.141322 -0.164523 
-0.088005 0.086171 0.038841 -0.034350 -0.040570 -0.011513 0.061571 -0.065617 -0.151560 0.013333 -0.472793 0.215609 -0.283570 -0.000211 0.041670 -0.022017 -0.085138 -0.125647 0.031146 -0.053640 0.152901 0.025719 0.221691 -0.132480 -0.107320 0.026305 -0.191720 0.302470 0.063563 0.322413 0.069965 -0.292828 
-0.138860 -0.071895 -0.140381 0.103603 -0.221702 -0.256263 -0.072553 -0.028788 -0.006425 -0.009268 -0.026338 -0.371915 0.198309 -0.295509 0.058931 0.009566 0.021881 -0.115334 -0.055594 -0.133148 0.067177 0.033212 -0.176977 -0.103772 -0.013732 0.071362 -0.138739 -0.404723 -0.132310 -0.197791 -0.102289 0.111172 
-0.056031 -0.093044 0.145477 -0.033103 -0.189759 -0.005394 -0.082326 0.028079 -0.129536 -0.093586 -0.366486 0.152628 -0.209894 0.180133 0.048541 -0.189512 0.024490 0.014127 -0.042959 0.042839 0.145349 -0.081590 0.201960 -0.022555 -0.160704 -0.118200 -0.182052 0.196746 -0.075816 0.332528 0.038602 -0.215601 
-0.027513 -0.010793 0.015613 -0.005539 0.076369 0.074107 -0.014299 0.058842 0.106363 -0.001129 -0.132790 0.067918 -0.151781 0.000030 -0.096765 -0.055560 -0.140073 0.087280 0.055490 -0.059032 0.197005 0.063574 0.065806 -0.122891 0.037373 -0.102470 -0.019190 0.123324 0.054923 -0.020355 0.049130 -0.092545 
-0.140611 -0.217631 -0.138599 -0.023921 -0.851485 -0.336066 -0.149015 -0.233765 -0.132292 0.022271 -0.272063 -0.611589 0.646765 -0.410416 -0.077845 -0.207286 0.304167 -0.265515 0.035930 -0.065083 -0.143565 -0.157848 -0.239078 -0.162578 -0.099360 -0.122476 -0.232525 -0.389107 -0.400154 -0.295740 -0.094443 0.166946 
-0.023920 -0.163192 0.044993 0.030328 -0.073966 -0.076205 0.021765 -0.134134 0.026240 -0.033715 -0.258173 0.066135 -0.244435 0.114132 -0.078671 0.041810 -0.007173 -0.013676 -0.083227 0.023978 0.113809 -0.124905 0.197068 0.045861 -0.108674 -0.094169 -0.040599 0.256065 -0.059686 0.199310 0.069048 0.010137 
-0.136057 0.039976 0.000026 -0.029733 0.082602 -0.098760 0.015897 -0.140582 -0.021768 0.058740 0.264891 -0.017974 0.083836 -0.036905 -0.014433 -0.038880 -0.162852 0.101271 0.009104 -0.033901 0.082966 0.110115 -0.071276 -0.056196 -0.093888 -0.077886 0.279453 -0.159377 -0.135978 -0.089103 -0.086551 -0.437540 
-0.257098 -0.384670 0.031918 -0.156326 -0.023925 -0.325394 -0.102686 -0.341001 -0.108330 0.047821 -0.481158 -0.853286 -0.392193 -0.051894 -0.058022 -0.159492 2.231371 -0.521675 -0.226024 -0.113399 0.068964 -0.161389 -0.018964 -0.170155 -0.106087 -0.127725 -0.127602 0.285168 -0.365738 0.300126 0.153479 1.214077 
0.115728 0.035396 -0.088324 0.101996 -0.020389 -0.055914 0.004043 -0.090786 -0.023842 0.049545 -0.011826 -0.095834 0.000945 0.065906 0.034382 -0.057909 -0.118783 0.048764 -0.069952 0.066279 0.027777 -0.066505 -0.082260 -0.002060 -0.067103 0.085602 -0.050240 0.072935 0.079758 -0.006045 0.057381 0.076890 
-0.059804 0.116971 0.256266 0.092984 -0.130578 -0.042157 -0.167727 -0.092576 -0.178518 -0.023570 -0.072507 -0.042429 -0.026779 0.138452 0.068384 -0.102816 
-0.096717 -0.187157 0.332196 0.090186 -0.093646 0.116813 -0.086318 -0.018094 -0.005143 0.027865 -0.138407 -0.009219 0.123233 -0.164881 -0.041890 -0.335034 
0.137451 -0.094995 0.098397 -0.209727 0.102729 0.149428 -0.074083 0.127578 -0.023894 0.336369 -0.013563 0.016271 -0.034921 -0.039604 0.115192 0.016914 
-0.227443 0.036303 -0.040285 0.022612 0.018784 -0.158183 -0.117018 -0.072900 0.066962 -0.133553 0.157612 -0.082154 0.006383 0.040877 -0.055346 -0.073161 
-0.140439 -0.148680 -0.086492 0.178221 -0.118259 0.088579 0.128511 0.026789 -0.065258 0.023601 -0.137250 0.131026 0.049976 0.152218 -0.092109 0.455062 
-0.442352 -0.189309 -0.059839 -0.440132 -0.012919 -0.383145 -0.001595 -0.214548 -0.132300 -0.264911 -0.039407 -0.140969 -0.533459 -0.605412 -0.086589 -0.665697 
0.135154 -0.121419 -0.136530 -0.169949 0.082500 0.105935 0.048677 -0.146146 -0.072435 0.113203 0.161115 0.156071 0.052510 -0.107190 -0.138214 0.076404 
0.011603 0.034637 -0.107957 -0.043733 0.018769 -0.302895 -0.137676 -0.040535 0.051501 -0.195270 -0.144474 -0.014847 -0.198228 -0.393607 0.120080 -0.294071 
0.114504 -0.167639 -0.103361 0.004977 -0.135336 0.112040 0.123151 -0.030630 -0.003062 0.027265 -0.038713 -0.152816 0.042452 -0.063787 -0.054607 -0.285177 
-0.089710 0.010053 -0.105332 0.074745 0.065100 -0.079186 -0.005719 -0.043115 0.106992 -0.018060 -0.121547 -0.161157 0.031409 -0.146861 -0.126590 0.023304 
-0.096755 -0.575406 -0.087339 -0.012659 -0.100137 -0.009668 0.092139 0.104158 0.019176 -0.368921 -0.097455 0.019213 0.719397 -0.261007 -0.232927 -0.244240 
0.017142 0.076323 0.020276 -0.247169 0.039273 -0.235725 0.015398 -0.008287 0.019481 0.148512 0.001408 -0.144896 -0.543017 0.063163 -0.019670 -0.257630 
-0.092703 -0.094827 -0.101216 -0.138687 -0.033302 -0.152512 -0.122290 -0.137743 -0.034110 -0.484292 -0.046273 -0.177493 -0.561577 -0.521950 -0.006011 2.229929 
-0.424193 -0.011556 -0.626403 0.004346 -0.046854 0.277350 -0.204176 -0.162106 -0.072396 0.010549 -0.227317 -0.108750 0.133001 -0.671746 -0.400702 -0.519810 
-0.160930 0.081020 0.097556 -0.009339 -0.101073 0.149066 0.044770 0.037355 -0.086649 -0.040686 0.014380 0.022343 -0.072145 -0.012116 -0.022635 -0.048323 
0.119992 -0.062840 -0.265091 -0.042072 -0.079366 -0.180973 -0.079057 0.043106 -0.090711 -0.265787 -0.337411 0.014179 -0.120572 -0.204139 -0.030457 0.204160 
-0.186905 0.569320 -0.157720 -0.683607 -0.143727 -0.467106 -0.142196 -0.093917 -0.074165 -1.348716 -0.314125 -0.011777 -2.770842 -0.073804 -0.082728 -0.897326 
0.108188 -0.200218 -0.056773 -0.254360 0.027296 -0.066756 0.131721 0.007617 -0.118111 -0.032462 -0.000423 0.018386 -0.268921 -0.579017 -0.002636 -0.334507 
-0.171228 -0.191447 -0.006716 -0.095508 0.130659 0.097697 0.018351 -0.096877 -0.047388 -0.182363 0.074464 0.054608 0.173799 0.054660 0.083011 -0.175487 
-0.121889 -0.021681 -0.003141 -0.044263 -0.068949 0.018956 -0.085573 -0.042813 -0.015069 0.076007 -0.061982 0.040484 0.088236 -0.142871 -0.060561 -0.018169 
-0.236315 -0.194708 0.048847 0.009732 0.038096 0.230984 -0.019275 -0.073459 0.051775 -0.236855 -0.156278 -0.115591 -0.333025 -0.190054 -0.341957 -0.992056 
-0.013422 -0.263935 0.068860 0.058359 0.096457 -0.126752 -0.099265 -0.039118 0.129258 -0.054276 -0.035291 0.006746 0.292495 -0.162708 -0.089058 0.013624 
-0.052655 -0.059516 0.073996 -0.137184 0.083009 0.248601 -0.073032 0.062220 0.101203 0.336671 -0.056329 -0.012771 -0.179804 0.035328 -0.182095 -0.319134 
-0.181012 0.118239 0.142647 -0.086170 -0.159401 -0.244372 0.132993 0.105030 0.034875 -0.093285 0.030213 -0.150129 -0.081224 -0.157675 0.027267 0.041088 
-0.023097 -0.103284 0.104734 -0.095137 0.043617 -0.187124 0.197520 0.004280 0.033150 -0.105687 -0.152264 -0.116551 0.092647 -0.153366 -0.108230 -0.176568 
0.139435 0.119580 -0.099791 0.155319 -0.163844 -0.151627 0.136187 0.036680 -0.046983 -0.102960 0.112734 0.090438 0.052621 0.102442 -0.024491 0.144945 
-0.001525 -0.291300 -0.102897 -0.141739 -0.020543 -0.161338 0.103479 -0.133566 -0.081686 0.111870 -0.114780 -0.123100 0.307320 -0.107684 0.018626 -0.155269 
-0.085014 -0.312833 0.011344 -0.332257 -0.156539 0.148238 0.204706 0.010931 -0.133619 0.208663 -0.090762 0.007545 -0.539335 0.069930 0.004477 -0.592281 
-0.118473 -0.150150 -0.094086 0.268731 -0.138616 -0.193389 0.133206 -0.020365 -0.152835 -0.209385 -0.008683 0.069822 -0.390751 -0.429347 -0.036717 4.209650 
0.022971 -0.284361 0.059700 -0.040559 0.089918 0.283530 -0.042438 -0.153282 -0.024268 0.856929 0.054855 -0.225505 -0.406420 -0.030901 -0.195052 -0.160398 
-0.051013 -0.131864 -0.134005 -0.022623 -0.044662 0.115823 0.119997 -0.028888 -0.026579 0.144501 -0.074395 0.047685 -0.044054 0.124716 -0.132026 0.011098 
-0.057820 0.504625 -0.114591 -0.215800 0.096858 -0.200852 -0.126027 -0.029560 -0.011847 -1.092124 -0.336448 -0.149825 -0.779483 -0.254764 0.031625 0.363354 
0.180943 0.317859 -0.196954 -0.098093 -0.340839 0.203661 0.296339 0.256735 
-3.851601 0.187780 -0.323979 -0.594840 -0.213514 -0.215896 -0.864606 -0.136745 
0.624782 0.103713 0.150259 -1.128471 -0.335107 0.142635 1.445330 0.405246 
0.213821 -0.269012 0.244673 0.009795 -0.226267 -0.104676 -0.034639 -0.177002 
-0.139127 0.093456 -0.164256 0.059668 0.010075 -0.095953 -0.025484 -0.106039 
0.391792 0.202680 0.454650 0.059972 -0.324377 -0.290333 0.151915 0.106022 
-0.109886 -0.011216 -0.245644 -0.032839 -0.167668 0.117514 -0.139450 0.206694 
-0.151319 -0.206542 0.207220 0.191719 0.030521 0.012113 -0.162378 0.136318 
-0.141088 -0.141944 -0.051230 0.140055 -0.003305 0.131346 -0.165603 -0.085626 
-0.817521 -0.317003 0.321186 0.465533 -0.552356 -0.129257 -0.521808 -0.146803 
0.077862 0.002145 0.089637 -0.173774 -0.074684 0.213524 -0.182707 0.047219 
-0.257029 -0.205483 0.116537 0.198702 0.111061 0.054010 -0.085246 0.102681 
1.196146 0.032709 -0.056428 -0.285929 -0.802756 -0.271415 0.232405 -0.227136 
0.023430 -0.105873 -1.068963 -0.739507 0.268696 -0.094945 -0.266572 -0.046910 
-0.268299 0.622011 0.371567 0.536856 -0.389638 0.262528 0.360272 -0.182897 
-4.116615 -1.855108 -0.999656 -1.443260 -3.177675 -0.495917 -1.261356 -0.096310 
-0.076785 0.027353 -0.218717 -0.461172 -0.589824 -0.378382 0.160957 -0.142487 -0.257655 -0.275468 -0.328615 -0.131438 0.193783 -0.432321 0.180392 -1.123273 
-1.209484 -0.149020 -0.957520 -0.326230 -0.257937 -0.170551 -0.695391 -0.010866 -0.252422 -0.291153 -0.536304 -0.280914 -0.181801 -0.083307 -0.095840 -0.682637 
-0.491463 -0.235606 -0.186793 0.157913 -0.252620 0.535427 -0.743300 -0.064209 0.092324 -0.066048 0.228575 0.038491 -0.045662 -0.392076 0.060595 -0.370786 
-0.047954 -0.271827 -0.357042 -0.252853 -0.340267 0.753120 -0.775467 -0.124261 -0.370737 -0.226717 -0.315028 -0.348872 -0.238914 -0.653808 -0.223784 -1.406748 
-3.011076 -0.051677 -0.381821 -0.286536 -0.773924 -0.309015 -2.449762 -0.174592 -0.447681 0.023038 -0.156199 -0.048649 -0.319841 0.121833 -0.278668 -1.264986 
-0.085264 0.124683 0.477259 -0.094888 -0.379541 0.051515 0.304621 0.082514 -0.000738 -0.350304 0.192731 -0.297767 0.116874 0.102836 0.201183 -0.380479 
-0.196814 -0.095711 0.511890 0.496054 -1.113073 0.246880 0.053431 -0.113808 0.189112 -0.034507 -0.072832 -0.014124 0.043464 -0.882189 -0.188536 -0.764037 
0.185064 0.121019 0.010256 -0.099022 -0.098545 -0.209188 0.379836 -0.071180 -0.189896 0.178757 -0.009337 0.274086 0.138586 -0.181326 -0.080388 -0.173474 
-0.032460 -0.161593 -0.235439 0.089877 -3.155695 -0.533060 -0.392739 -0.127519 1.265638 -0.804932 -1.124655 -0.203289 -0.195065 0.636377 -1.052491 -0.205840 -0.441620 -0.592410 -0.373319 -4.247424 -0.562186 -0.192463 0.562660 -0.894022 1.644664 -1.214112 -0.168274 -1.159559 -0.173936 -0.088274 0.023215 -0.300344 
0.057191 0.094453 0.006850 0.056899 0.011304 0.031433 0.197502 -0.128855 0.044341 0.046165 -0.068309 0.086151 -0.022082 -0.004369 -0.004409 0.231984 -0.190499 0.086200 0.218870 0.191665 0.166478 -0.056501 0.224175 0.157108 -0.120800 0.208037 -0.013855 -0.058742 -0.095307 -0.093955 -0.173381 0.187382 
-0.428879 -0.147667 -0.150999 -0.061683 -0.201188 -0.514381 -0.096711 -0.187447 -0.285708 -0.345951 -0.299138 0.005055 -0.293446 -0.220394 -0.226695 -0.403550 -0.119428 -0.049810 -0.147992 -0.195503 -0.060230 -0.224314 -0.270396 -0.380981 -0.364149 0.107159 -0.456665 -0.383508 -0.176168 0.158976 0.030592 0.009631 
-0.140631 -0.123052 0.064473 -0.030160 -0.062984 -0.358019 -0.164110 -0.154636 -0.180915 0.081623 -0.392437 -0.199970 -0.012166 0.089249 -0.166110 -0.115193 -0.195374 -0.115276 -0.175499 -0.101731 0.025727 -0.100682 -0.191269 -0.207607 -0.166333 -0.030233 -0.398200 -0.123233 -0.075880 0.119239 0.024206 0.038318 
0.079150 -0.221889 -0.184254 0.089374 0.066749 -0.236359 0.011312 -0.116212 -0.018912 -0.006576 -0.011924 -0.224382 -0.004970 -0.071432 -0.131582 -0.096053 -0.055392 0.021592 0.378984 -0.158285 -0.322095 -0.162978 0.127466 -0.136593 -0.040918 -0.137421 -0.015346 0.055352 -0.088393 0.058632 0.102788 -0.359963 
-0.062147 -0.011992 -0.000837 -0.068520 -0.751774 -0.394775 0.424419 -0.472166 -0.651798 -0.236897 -1.018226 -0.082995 -0.094030 -0.291068 -0.291979 -0.203657 -0.114110 -0.107180 -0.960743 0.576551 -0.267195 -0.154430 -0.192754 -0.823990 0.537974 0.082557 -0.386026 -0.853337 -0.008109 -0.481331 -0.317651 -0.117941 
-0.313601 -0.105812 -0.305365 -0.004806 -1.125458 -0.672930 -0.565166 -0.238427 0.713774 -0.427078 -0.572770 -0.227530 0.018474 -0.262425 -0.380841 -0.696599 -0.274052 -0.219994 -0.368456 -1.654338 -0.424236 0.074239 -0.037512 -0.539437 0.836654 -0.266268 -0.369641 -0.582975 -0.050970 -0.135539 -0.191349 0.079141 
0.068653 -0.155704 -0.070299 0.013746 0.078232 -0.042072 0.031981 -0.033543 0.200712 -0.114923 -0.010599 -0.000057 -0.071840 -0.153163 0.117756 0.120765 0.081810 0.161725 0.073102 -0.016639 -0.101976 0.219305 -0.196205 -0.216440 0.189290 0.163080 0.109644 -0.093318 -0.207970 -0.080634 -0.215728 0.094772 
-0.100742 0.044053 -0.079052 -0.170115 -0.252212 -0.016495 -0.123932 0.095738 -0.281260 -0.151495 -0.436144 -0.047174 -0.122570 0.185249 -0.264552 0.019086 0.209644 0.129890 -0.122729 -0.291750 -0.000661 -0.069535 -0.222407 0.020114 -0.019118 0.027446 -0.273492 -0.396988 -0.133754 -0.209043 -0.220242 0.181169 
-0.035710 -0.094845 0.170896 -0.131131 -0.189680 -0.022021 0.211523 -0.155740 0.010243 -0.144528 0.021647 0.119851 -0.150602 0.092830 0.077740 -0.228032 0.011438 -0.210373 -0.148087 -0.087490 0.016580 -0.099227 -0.220712 0.143192 -0.142919 -0.225798 -0.152971 -0.072631 -0.202384 -0.120203 -0.195043 0.010338 
-0.184227 0.080978 -0.053779 0.013179 -0.072212 -0.210665 -0.116294 0.172120 -0.200598 -0.198172 0.053027 -0.220095 -0.275934 -0.113511 -0.247082 -0.422820 -0.087827 -0.162156 0.160249 -0.095929 -0.153475 0.058788 -0.042537 -0.093413 0.005349 -0.201439 -0.061026 -0.268993 -0.164092 -0.204351 -0.105700 -0.200207 
-0.231181 -0.152107 -0.088768 -0.044223 0.015777 -0.196029 -0.080519 -0.011219 -0.060620 -0.227770 0.062730 -0.043784 -0.227108 0.097874 0.114507 0.118806 0.125834 0.103131 -0.032570 -0.199016 0.076836 -0.056415 0.124938 0.094044 -0.230139 -0.081612 0.037877 -0.008898 0.225722 -0.210746 -0.174989 0.171277 
-0.129339 -0.028441 -0.050233 -0.201726 -0.188510 0.096977 0.117026 0.177392 0.212608 -0.024652 -0.093986 -0.193071 -0.142479 -0.079972 0.156396 -0.182242 -0.269181 0.001642 -0.021643 -0.149079 0.091508 -0.044099 -0.031022 -0.151103 0.106322 0.087616 0.057975 -0.147099 0.220392 0.117590 -0.089853 -0.156015 
-0.233568 0.199847 -0.092418 0.063434 0.065287 0.044898 -0.155061 0.203835 -0.230759 0.143935 0.113077 -0.009232 -0.158996 0.003899 -0.129931 -0.192336 -0.022998 -0.210457 0.277048 -0.175712 0.009049 -0.101504 0.174923 0.203345 -0.202996 -0.023210 -0.099605 -0.069222 -0.268152 0.152329 -0.111279 -0.486651 
-0.116085 0.066888 0.197235 0.080465 0.047680 0.011132 0.149098 -0.204365 -0.022699 -0.207151 0.086772 0.041610 -0.172483 -0.027470 0.140687 0.096505 0.043175 0.120165 -0.149802 -0.159546 -0.208264 0.156512 -0.152887 -0.098189 -0.172004 -0.090851 -0.003986 -0.158219 0.188218 0.180100 -0.049580 -0.159506 
-0.168138 -0.231199 -0.051828 -0.171936 -1.729379 -0.790302 -0.572743 -0.175502 -0.042462 -0.053703 -0.093684 0.104873 -0.082072 1.137028 -0.908684 -0.218260 -0.116268 -0.641532 -0.397283 -2.617142 -0.107604 -0.143709 1.336467 0.129484 -0.201279 -0.495626 -0.421948 -0.189961 -0.163186 -0.122302 -0.254902 -0.450370 
0.054140 -0.011393 0.039300 -0.016779 -0.165890 -0.118918 0.045825 0.090320 0.144420 -0.079403 -0.017769 -0.100051 -0.183185 -0.156238 -0.189550 -0.008997 0.096618 -0.056262 -0.146503 -0.042043 0.008689 0.099601 -0.131027 -0.100089 -0.122008 0.012067 0.021354 -0.085169 -0.138600 -0.111438 0.147187 0.091889 0.164701 0.099382 -0.109154 -0.021036 -0.009775 0.049927 0.049296 0.107946 -0.043344 -0.067128 -0.125108 0.033610 0.065733 -0.030646 -0.097035 -0.125086 0.020398 -0.084473 0.061666 -0.054700 -0.112749 0.169332 -0.085036 -0.073902 0.164593 0.167330 -0.004632 -0.090795 -0.107147 -0.034560 0.147224 0.135636 
-0.129074 -0.131427 0.053299 -0.146416 0.098388 -0.043539 -0.161146 -0.026993 0.056754 -0.161986 0.076171 -0.130684 -0.069330 -0.192248 -0.045714 -0.121646 -0.052950 -0.019689 -0.069978 -0.018449 -0.047569 0.052516 0.089905 0.031417 0.037104 -0.183905 0.017193 0.129144 0.087293 0.001964 0.099226 -0.099457 0.081916 0.025519 -0.044910 -0.021308 -0.198620 -0.083832 0.135513 0.016408 0.018870 0.087611 0.140683 -0.146156 0.135314 -0.049994 -0.150698 -0.098527 0.169875 0.007544 0.055103 0.064694 -0.077679 -0.009173 0.081107 0.088515 0.055131 -0.053203 0.093251 0.002517 0.068630 -0.005238 0.136813 0.018556 
-0.127459 -0.067309 -0.197205 -0.119189 -0.018713 0.167217 0.114149 -0.093512 0.072778 -0.009965 -0.108024 0.013298 -0.075436 -0.023998 0.068584 -0.476105 0.177039 0.002453 -0.057054 -0.126527 -0.173682 -0.142376 -0.141091 0.164501 0.056817 0.103173 0.028764 0.021493 -0.078856 -0.014564 -0.144052 -0.009914 0.155012 -0.126944 0.066003 -0.054158 -0.206457 -0.011117 0.089348 0.106876 -0.071569 -0.127801 -0.010124 0.029891 0.063811 -0.102907 -0.264096 -0.004338 0.009379 -0.047513 0.088065 0.123507 -0.049773 -0.008407 0.105853 -0.003095 0.051836 -0.021521 -0.131291 -0.094915 0.083313 -0.067499 0.025267 -0.069421 
-0.068740 -0.093857 -0.083059 0.020174 0.053511 -0.090824 -0.041498 0.171059 -0.092836 0.007983 0.014777 0.109802 -0.131612 -0.061717 -0.060219 -0.137541 0.129346 -0.071842 -0.141125 0.122057 -0.101719 0.126421 0.010451 0.127202 -0.056982 0.016934 0.147930 -0.004485 -0.119933 0.006565 -0.140611 0.020908 0.097002 -0.043315 -0.144474 -0.044998 -0.033485 -0.044184 -0.014741 0.082943 -0.065886 -0.152496 0.041944 -0.001837 -0.006695 -0.130951 0.012443 -0.026027 -0.042839 0.047824 -0.062435 0.114501 0.018338 0.135416 -0.030222 0.106807 0.070356 -0.040380 -0.079786 0.119790 0.115138 -0.113862 -0.024921 0.049281 
-4.113005 -0.097340 -0.372972 -0.254817 -12.778195 -0.097054 0.107531 -0.522139 -0.049505 0.406541 0.254076 -0.279821 -0.374976 -0.721636 -0.451676 -0.832507 -0.375343 0.016184 -0.297098 -0.192341 -1.765805 -0.136923 -0.054454 -0.102859 -0.113347 -0.086373 -0.374068 -0.380845 0.002363 -2.781658 -10.583011 -0.037505 -0.142829 -2.538961 -0.096361 -0.419955 -0.421842 -0.296771 -0.051727 -3.279500 0.225471 -0.243488 -0.352534 -0.001632 -0.000559 -0.460181 -0.761718 -0.212877 -0.304485 -0.006283 -0.123171 -0.376481 -0.228574 -0.279119 -0.159152 -0.210428 -0.096486 -0.053198 -0.394128 -0.178318 -0.192054 0.055587 -0.012325 -0.418652 
-0.069622 -0.172742 0.219392 0.049408 0.071116 -0.114333 0.082575 -0.127364 0.058973 0.301355 0.185815 -0.018084 0.204677 -0.091906 0.159669 0.121968 -0.106415 -0.112470 -0.116289 -0.101426 0.001401 -0.172002 0.006144 0.035944 0.026916 0.112813 0.036450 0.209725 -0.157367 -0.050332 0.018088 0.012197 -0.106665 -0.038905 -0.013267 0.126855 0.162568 -0.065400 -0.141402 -0.024965 0.040789 -0.160763 0.051995 -0.023215 -0.087635 0.006860 -0.071482 0.066097 0.032906 -0.037666 0.087097 -0.127643 0.003311 -0.040152 -0.180937 -0.075076 -0.122225 0.136034 -0.213298 -0.010284 -0.043603 0.072582 -0.046003 0.048122 
-0.164907 -0.046084 -0.003185 -0.004959 -0.118927 0.011858 -0.066275 0.122636 -0.036220 -0.311316 -0.069432 0.141908 0.043504 0.203432 0.129429 -0.307681 0.043697 0.025653 -0.036289 0.327626 -0.211543 -0.302224 -0.165189 -0.080647 0.038061 -0.208838 -0.127321 -0.310790 -0.169018 -0.056046 0.054837 -0.069262 0.044547 -0.140030 -0.124330 -0.307248 0.061304 0.050825 -0.053208 -0.106805 -0.104979 0.063199 -0.155006 -0.097300 0.078793 -0.074739 -0.136756 -0.004724 -0.069661 -0.124242 0.036307 -0.172723 -0.277737 -0.107891 0.035009 0.022415 -0.002599 0.117858 0.034230 0.096053 -0.138073 -0.348291 -0.059584 -0.058584 
-0.110505 -0.040823 -0.179379 -0.118996 -0.035267 -0.134140 -0.064659 -0.078921 0.013786 -0.206981 -0.280681 -0.199694 -0.118996 -0.050243 -0.235689 -0.235548 -0.090861 -0.119335 -0.000071 -0.111743 -0.063800 0.103202 -0.186278 -0.207385 -0.093367 -0.314631 -0.094592 0.021862 -0.038539 -0.018141 0.018513 0.077454 0.013595 0.047719 -0.147908 -0.007426 -0.123925 -0.085942 -0.105216 -0.001312 -0.102647 0.051753 -0.158803 0.030208 0.109730 -0.215361 -0.053320 -0.225451 -0.057508 -0.080876 -0.070987 -0.370708 0.121237 -0.063086 -0.147990 -0.182626 -0.185518 -0.098333 0.133666 0.069892 -0.024530 -0.164074 -0.016843 0.020308 
-0.710405 0.045766 -0.354876 -0.138556 -1.860984 -0.234039 -0.121868 -0.480400 -0.061472 0.301207 -0.531382 -0.173023 -0.396226 -0.425346 -0.423719 -1.003353 -0.443819 -0.048454 -0.276868 -0.046537 -0.376120 -0.179848 -0.158261 -0.035519 -0.030071 -0.641848 -0.240893 0.256857 -0.063637 -0.516692 -1.547502 0.039021 -0.297572 -0.518513 0.043560 -0.072124 -0.180059 -0.246584 -0.089112 -0.460662 -0.251054 -0.110724 0.006824 -0.157148 -0.104147 -0.587715 -0.684818 -0.264236 -0.286029 -0.247630 -0.048612 -0.482263 -0.288068 -0.358585 -0.097616 0.014259 -0.049933 -0.046203 -0.206469 -0.129260 0.023586 0.249697 -0.122605 -0.447802 
0.015845 0.088376 -0.178649 -0.056097 -0.007219 -0.096382 0.121520 -0.164346 0.078869 0.094581 -0.036029 -0.210298 0.043749 -0.231975 -0.186506 -0.191887 -0.141923 0.178300 -0.054421 -0.088793 -0.119274 -0.366038 0.014123 -0.140971 -0.058435 -0.044822 -0.081232 -0.053957 -0.147675 -0.021362 -0.043818 0.090577 -0.085928 -0.025968 -0.066876 -0.170746 -0.065900 -0.225893 0.026445 0.023196 -0.151921 -0.082201 0.012267 0.098180 -0.018448 -0.191133 -0.386813 0.008033 -0.240971 -0.198101 0.004833 0.086720 -0.343886 0.001101 0.075134 -0.012481 0.142686 -0.084095 -0.243204 -0.128919 0.064053 0.001591 -0.143946 0.065049 
-0.378048 -0.097569 -0.224165 -0.079629 -0.962194 -0.394561 -0.254109 -0.232857 -0.062954 0.912268 0.349242 0.043538 -0.157428 -0.355121 -0.565063 -0.941750 -0.403392 -0.097154 -0.283583 -0.098374 -0.000601 -0.039766 -0.132287 -0.073196 -0.044040 0.149676 0.018926 -0.272263 -0.013997 -0.268146 -1.104136 -0.080180 -0.158390 -0.241359 -0.227502 -0.086008 -0.253932 -0.405574 -0.102478 -0.447138 0.079825 -0.098981 0.067458 -0.049748 -0.066269 -0.502780 -0.618491 -0.051388 -0.251011 -0.185499 -0.016870 -0.442064 -0.301416 -0.268982 0.104475 -0.235729 -0.278346 0.019208 -0.227259 -0.176175 -0.069505 0.271290 -0.113260 -0.535112 
0.094090 -0.097648 0.084857 0.022266 -0.009338 -0.063798 0.042489 0.014936 0.002821 0.058906 -0.068040 0.138418 0.050177 -0.152878 0.065430 -0.039711 -0.026344 -0.079512 0.066292 -0.141697 0.126864 0.019493 -0.087730 0.165739 -0.090963 0.048829 0.065844 0.105203 0.157937 0.120503 0.018284 0.139554 -0.141614 -0.081692 0.001090 0.003452 0.019668 -0.119192 0.130505 -0.138882 0.079528 -0.108404 -0.162677 -0.026813 -0.102123 0.097422 0.059534 0.053964 0.157817 0.002504 0.042357 0.162788 -0.154469 0.111325 0.137353 -0.058328 -0.016762 0.040456 -0.098959 -0.030161 0.001875 0.063349 -0.051050 0.053552 
0.133928 0.120264 -0.146382 -0.014390 0.162039 0.142492 0.014084 0.077039 -0.116876 0.014844 -0.115261 -0.051283 -0.064619 0.153898 0.137682 -0.076315 -0.001018 0.015512 -0.102869 0.031828 -0.028100 -0.129971 0.140975 0.116032 0.074906 -0.154781 -0.069491 -0.085423 0.060523 0.049872 0.088284 0.029943 0.005797 0.106430 -0.146167 0.003308 0.096477 0.032446 -0.084180 0.142647 -0.116123 -0.034269 -0.073164 -0.016214 -0.044898 -0.100010 0.071999 0.118612 0.080029 0.133658 -0.014088 -0.112598 -0.160841 -0.037641 -0.161094 0.078700 -0.028210 -0.066057 0.142301 -0.132216 0.148342 0.072591 0.062236 -0.010388 
-0.079410 0.147176 0.016638 -0.208072 -0.287558 -0.280836 -0.098016 -0.155591 -0.093095 -0.005981 -0.453604 0.036430 -0.076538 -0.062649 -0.074002 0.001927 -0.156420 -0.104475 -0.014632 -0.142624 -0.109944 -0.184404 0.008947 -0.165648 0.046281 -0.146813 -0.149382 0.248746 -0.028208 0.049184 -0.226357 -0.138117 -0.192715 -0.099911 -0.036125 0.352800 -0.067550 -0.259473 -0.077637 -0.145853 0.003515 -0.052576 -0.135705 -0.108081 -0.180053 -0.370170 0.005025 -0.018200 -0.089512 -0.039094 -0.116768 -0.339578 -0.298320 -0.074337 -0.148168 -0.108980 0.011141 -0.107964 -0.258880 0.012014 -0.123525 -0.025001 -0.058539 0.160121 
0.079611 -0.116687 0.217494 -0.085030 0.041232 -0.071415 -0.011898 -0.206832 0.059337 0.367171 0.061729 0.115342 0.253161 -0.063754 0.056635 -0.066632 0.117139 0.066739 -0.132186 -0.041792 -0.145360 -0.130490 -0.030344 0.116598 -0.006635 0.074708 0.033812 0.051396 0.071143 -0.145785 0.033065 0.063236 -0.093124 -0.058325 -0.124586 0.143062 0.152907 0.120002 0.004911 -0.085015 -0.014771 -0.155696 0.139018 -0.158226 -0.036407 -0.140746 -0.066047 0.049754 0.175017 -0.060658 0.007682 -0.204689 0.008778 0.063071 0.126286 -0.123022 -0.110061 0.026097 -0.005299 -0.178495 0.122599 -0.070279 -0.163973 0.180545 
0.090359 -0.136059 -0.088774 -0.126647 0.134524 0.119472 -0.083344 -0.132688 -0.159800 -0.052215 -0.084357 -0.059423 -0.039431 0.000787 -0.090870 0.129893 -0.171673 -0.006167 0.077913 0.047848 -0.137540 -0.019231 -0.129188 0.024211 -0.068421 -0.037093 0.079282 -0.106681 -0.188927 0.135670 0.131375 0.135576 -0.068681 -0.059192 -0.092019 -0.059796 -0.216446 -0.092823 -0.137400 -0.062349 -0.117273 0.049202 0.061564 0.110641 0.059896 0.038506 0.081856 0.084572 0.115253 -0.030257 0.001453 -0.105977 -0.146355 0.100067 0.071155 0.018641 0.053267 0.146716 0.020461 -0.151903 0.099977 -0.009408 -0.146958 0.177200 
-0.013278 -0.076032 0.061675 -0.139519 -0.130603 0.134280 -0.015045 -0.137487 0.062862 -0.104569 -0.165850 -0.141497 0.058507 0.071794 0.033986 0.059468 -0.030494 0.056941 -0.173617 0.012945 -0.076128 -0.251631 -0.077681 -0.055356 0.135165 0.043862 -0.054330 -0.035750 -0.063549 -0.084194 -0.145867 -0.049785 -0.019573 -0.071066 -0.057441 0.034704 -0.085671 -0.226046 0.095910 -0.224433 -0.042330 -0.167353 -0.098501 -0.088399 0.130131 -0.105479 -0.229726 -0.073741 0.097206 -0.079678 0.130353 0.017132 -0.032366 -0.119341 0.004422 -0.058212 -0.176640 0.090189 -0.132132 -0.018982 -0.081022 0.121289 0.151323 -0.126518 
-0.062519 0.002765 0.062166 0.092097 -0.075429 0.036249 0.108104 0.148181 0.031333 0.142326 -0.083303 -0.010918 0.162106 -0.044550 0.081104 0.083341 0.054555 0.061608 0.148383 -0.150345 0.101245 -0.018715 -0.020887 0.155001 -0.049087 0.050362 0.018670 0.064298 0.031350 -0.010197 -0.002199 0.155526 -0.147251 -0.033705 0.100036 0.019817 -0.155059 0.040470 0.022298 0.023536 0.022788 0.097171 -0.126003 0.023624 -0.102350 0.118620 -0.075183 0.113241 0.010510 -0.095601 0.133410 -0.016131 0.053039 -0.037451 -0.027618 -0.158029 -0.154117 0.159952 0.066286 0.033000 0.004169 -0.019849 0.026926 0.017477 
-0.189402 -0.079712 -0.205732 0.062802 -0.218989 0.023439 0.044584 -0.049524 -0.071887 -0.521080 -0.296766 -0.041424 -0.078347 0.031107 -0.013455 -0.469655 0.195625 -0.027409 -0.074010 0.042724 -0.076424 -0.211423 -0.174456 -0.285883 -0.231072 -0.515772 -0.000691 -0.034599 -0.209233 -0.242038 -0.159750 -0.031519 -0.078195 -0.108618 -0.089499 -0.234286 -0.058278 0.081611 -0.179425 -0.069480 0.007062 -0.130043 -0.119452 -0.066861 -0.066768 0.109685 -0.248586 -0.331929 -0.254362 0.056948 -0.116323 -0.928253 -0.055499 0.075993 -0.039328 0.005621 0.013976 -0.110458 0.114665 -0.056617 -0.279361 -0.275589 0.094924 -0.219126 
-3.911569 -0.273473 -0.353801 -0.144334 -12.131571 -0.340111 -0.143916 -0.390016 -0.127969 -0.486759 -0.103812 -0.048758 -0.205522 -0.449074 -0.582296 -0.677049 -0.373681 -0.025452 -0.049911 0.533843 -1.687122 -0.731651 -0.003883 -0.055236 -0.049697 -0.369594 -0.198607 -0.464522 -0.021114 -2.704768 -10.151246 -0.029704 0.028910 -2.524323 -0.173458 -0.781934 -0.198059 -0.340131 -0.117440 -2.892101 -0.095507 -0.250441 -0.387808 -0.127078 -0.033901 -0.760245 -0.430174 -0.090054 -0.269617 -0.135378 -0.052940 -0.418238 -0.018468 -0.225080 -0.058661 -0.067058 -0.042161 -0.096117 -0.400123 -0.186794 -0.038661 -0.482210 -0.010694 -0.356838 
-0.173354 0.035197 -0.104883 0.109061 0.184050 -0.091569 -0.019898 -0.025396 -0.078235 -0.015435 -0.072481 -0.000794 -0.188329 0.055837 -0.037733 -0.069765 -0.202964 -0.046905 -0.007644 0.067027 0.093423 0.177115 0.039933 -0.143132 -0.140378 -0.099006 -0.013143 -0.146327 0.199412 -0.141414 0.032079 -0.146827 -0.010727 -0.156662 0.051033 -0.104178 -0.035392 -0.117859 0.054058 0.113473 0.075471 -0.043490 -0.173078 -0.226907 -0.108940 0.190477 0.083376 -0.052338 -0.070053 0.178124 -0.096690 -0.118243 0.032417 0.114261 -0.010506 -0.174038 -0.080947 -0.156033 -0.163856 -0.015935 -0.080723 0.210560 0.037276 0.055638 
0.101630 -0.001878 0.037705 -0.030482 -0.152320 -0.057196 -0.096209 0.121565 0.175665 -0.140947 0.087381 -0.119673 -0.099195 -0.036327 -0.030576 0.058441 -0.086220 0.071124 0.094102 -0.046439 -0.058736 -0.047351 -0.044807 -0.083610 -0.005401 -0.104505 0.092173 0.123033 -0.074241 -0.029862 0.052102 -0.149410 0.114078 -0.068229 -0.010739 0.170221 0.099852 0.006754 0.140892 -0.102843 0.153988 0.118257 0.122462 -0.111845 0.086238 -0.164862 0.113719 0.135280 -0.147783 0.089947 -0.078541 0.138263 -0.087757 0.040566 -0.161949 0.071315 -0.148949 0.083192 -0.102838 -0.045601 -0.102108 -0.158742 -0.021817 -0.123375 
-0.289184 0.198520 -0.293221 -0.156450 -0.767476 -0.111725 0.131470 -0.062664 0.104092 -0.000658 -0.440534 -0.109402 -0.194759 -0.034751 -0.240102 -0.028398 -0.133874 0.036934 0.137723 -0.068611 -0.299424 -0.075224 -0.065028 -0.103848 -0.031679 0.047445 0.001661 0.275637 -0.012290 0.010476 -0.736910 -0.218829 0.086681 -0.263272 -0.069930 0.204327 -0.228627 -0.197449 0.129787 -0.310401 0.032739 0.048936 -0.021646 -0.153776 -0.060650 -0.094732 -0.173686 0.160126 -0.075436 -0.146784 -0.054463 -0.001085 -0.171938 0.092647 0.008297 0.068403 -0.030242 -0.109981 0.056017 -0.081362 -0.098723 0.039340 -0.031701 0.190639 
0.088221 0.013583 -0.107755 -0.148769 0.219180 -0.128830 -0.171928 -0.186357 -0.132906 0.551412 0.382926 -0.106375 -0.121140 -0.304692 -0.224643 -0.460137 -0.241360 0.015234 -0.051439 -0.171704 -0.202367 -0.345800 0.191214 0.023615 -0.022047 0.245359 -0.186227 0.120132 -0.180389 -0.028844 0.081917 -0.132607 -0.096563 -0.112885 -0.083695 -0.270454 -0.143176 -0.123901 0.037900 0.053818 -0.137958 0.070372 -0.161196 -0.123655 0.035414 -0.193925 -0.505062 0.226505 -0.037920 -0.069691 -0.136630 -0.110821 -0.537166 -0.396192 -0.141527 -0.008315 0.009889 -0.118335 -0.243336 -0.258807 0.042309 0.019782 -0.070444 -0.117470 
-0.326433 -0.036394 -0.300620 -0.057252 -1.004035 -0.055188 -0.085366 -0.312675 0.004401 -0.274117 -0.737794 -0.019054 -0.175346 -0.284419 -0.235461 -0.248506 -0.244688 -0.097533 -0.159793 0.006028 -0.184489 -0.418906 -0.113909 -0.091877 -0.205467 -0.263796 -0.167053 0.007074 0.007282 -0.292196 -0.892302 -0.144163 -0.096471 -0.325708 -0.098146 -0.176940 -0.328383 -0.273506 -0.104269 -0.171631 -0.086295 -0.140161 -0.343367 -0.063565 -0.071552 -0.002262 -0.125048 -0.143648 -0.078985 -0.062755 0.009591 -0.000857 -0.010208 -0.182286 0.029544 -0.145104 -0.068060 -0.162002 -0.247968 -0.066511 -0.099950 -0.019201 -0.085504 -0.065013 
-4.023261 -0.116540 -0.296133 -0.252366 -12.815429 -0.221381 -0.147992 -0.594332 -0.122388 -0.085831 0.259556 -0.337381 -0.567947 -0.692716 -0.714990 -0.891613 -0.443426 -0.262815 -0.284814 -0.647963 -1.932112 -0.347305 -0.137541 -0.218970 0.008241 -0.474105 -0.211467 -0.191922 -0.249300 -2.770524 -10.456541 -0.124504 -0.248687 -2.710942 -0.103461 -0.109350 -0.502293 -0.461512 -0.047354 -2.999318 -0.055556 -0.298639 -0.164004 -0.024208 -0.299454 -0.174263 -0.775391 -0.185159 -0.307305 -0.018232 -0.136768 -0.391624 -0.324463 -0.282401 -0.159408 -0.119713 -0.068258 0.054548 -0.491989 -0.138846 -0.213553 0.058111 -0.100816 -0.638203 
-0.099082 -0.141513 0.110968 -0.056765 0.105200 -0.237136 -0.167431 0.116555 -0.140675 0.461181 0.206865 0.009401 0.006346 0.188243 -0.029813 -0.009321 0.083863 0.059709 0.027942 -0.007153 -0.112399 0.052414 0.115307 -0.026255 0.049118 0.019375 0.014130 0.045527 0.012367 0.114972 0.107648 -0.134455 0.073246 -0.077076 0.002684 0.017199 -0.010145 0.039550 -0.064107 -0.029385 -0.049904 -0.075208 0.055448 0.064217 -0.158538 0.051660 0.003542 0.122725 0.107600 -0.121355 -0.103979 -0.190226 -0.210115 -0.098683 0.044266 0.034242 -0.152777 -0.023154 -0.168024 -0.163203 -0.062249 -0.152107 -0.111893 -0.144274 
-1.833440 -0.109786 -0.015258 -0.171063 -5.437259 -0.209364 -0.259991 -0.241623 -0.037045 1.093326 0.441334 -0.176771 -0.317140 -0.511212 -0.393143 -0.589890 -0.417843 0.084898 -0.273524 -0.180161 -0.940429 -0.425982 -0.215792 -0.033602 -0.068038 -0.032840 -0.105920 -0.202531 -0.286212 -1.142032 -4.549480 -0.007477 -0.034212 -0.944669 -0.160334 -0.219179 -0.321829 -0.360915 -0.085879 -1.296192 -0.113829 -0.147107 -0.182271 -0.180114 -0.190042 -0.524802 -0.399883 -0.000382 -0.139396 0.050866 0.095693 -0.358340 -0.481106 -0.103313 -0.004686 -0.036008 -0.192640 -0.148121 -0.504041 -0.333063 -0.039743 0.035732 -0.161159 -0.562099 
0.045113 -0.091274 0.142122 0.039355 -0.002478 -0.028718 -0.134992 0.085618 -0.005112 -0.106024 -0.101782 0.058013 0.136164 0.141768 -0.114165 0.074955 0.108836 0.164470 0.076807 0.088594 0.121421 -0.083230 -0.040119 -0.159809 -0.053703 0.097294 -0.019116 -0.110199 0.043051 -0.015700 -0.033198 -0.071986 0.057554 -0.042917 0.142659 -0.109371 0.077964 -0.146143 0.139995 -0.073680 -0.086808 -0.112896 0.152875 -0.092294 -0.179766 -0.065558 0.147189 0.097068 -0.116291 0.059469 0.024170 -0.143069 0.140378 0.150990 -0.156257 -0.081202 0.104361 -0.010845 0.002269 -0.013499 0.137982 0.100087 0.080655 0.031008 
-0.099639 0.069297 0.086902 0.158602 0.083151 0.066016 -0.081091 0.130806 0.104556 -0.131412 -0.149206 0.130177 -0.043046 -0.119070 0.065267 0.004452 0.115247 -0.082551 0.009582 0.080813 -0.098499 0.017040 0.157169 -0.192201 -0.157520 -0.138466 0.009094 0.177197 -0.083368 -0.069833 0.011470 -0.019019 0.135290 -0.062508 -0.025227 0.069685 -0.159472 0.063839 0.049740 0.121156 0.130876 0.106490 0.081895 -0.076989 0.082556 -0.010447 0.091991 0.077147 0.057151 -0.062955 -0.010651 -0.056937 0.119425 -0.012664 0.139216 0.111046 0.125229 -0.016218 0.114245 -0.129884 0.077648 -0.132277 0.025082 0.072374 
0.064517 0.159118 -0.068077 -0.022570 0.053113 -0.193555 -0.007938 -0.019719 0.095483 0.040901 0.017025 0.110091 -0.025396 -0.024511 -0.086085 -0.061082 0.086988 -0.145557 -0.090214 0.060258 0.002494 -0.122196 0.035210 -0.058570 0.042324 -0.252206 -0.014441 -0.050148 0.102101 -0.166711 -0.128451 0.015660 -0.172677 0.006724 -0.108700 0.035354 -0.056460 -0.011011 -0.068508 -0.003688 -0.134285 -0.103654 -0.037073 0.080855 0.057929 0.127868 -0.099978 0.014264 0.089584 -0.020522 -0.036012 0.008960 0.031531 -0.081057 0.084440 -0.094995 0.032477 -0.031203 -0.010493 -0.021044 -0.017111 0.100089 -0.147971 -0.041748 
-0.097079 -0.155582 -0.224582 -0.383491 -0.318112 -0.868308 -0.122458 -0.094933 0.155433 -0.535917 -0.280797 -0.103829 -0.256688 -0.121880 -0.312688 -0.222399 -0.115515 -0.024725 -0.127205 -0.271842 -0.067455 -0.165931 -0.084660 -0.012105 -0.142771 -0.845573 -0.098839 0.192374 -0.055283 -0.156560 -0.109560 -0.222866 -0.231067 -0.023180 -0.118701 -0.148131 -0.257264 -0.254074 -0.039733 -0.244685 -0.193931 -0.032409 -0.048903 -0.135463 0.213585 -0.079701 -0.331517 -0.414998 -0.077033 -0.155174 -0.170312 -0.145905 -0.031436 -0.022112 -0.079205 -0.136176 -0.118460 -0.056285 -0.388560 -0.177215 -0.029217 -0.260021 0.000068 -0.193966 
-3.829698 -0.964903 3.795117 0.701787 -0.493234 3.658343 -3.774592 -3.938686 
-0.154958 -0.005795 0.197549 0.361692 -0.029170 -0.128622 0.071721 -0.077129 
-0.042473 -0.207277 -0.003320 0.167891 0.079257 -0.219610 0.359964 0.182352 
0.076591 0.043940 -0.015329 0.029174 -0.008287 -0.065023 0.112132 0.085327 
-3.367826 -0.881956 3.158947 0.404702 -0.367564 2.492347 -2.897391 -3.229685 
0.281652 0.078759 -0.278986 -0.058230 0.163607 -0.078203 0.142870 0.108258 
0.127493 0.026006 0.132903 0.177043 0.001956 0.063878 -0.091781 -0.017840 
-0.203724 -0.100625 0.075608 -0.063894 0.118180 0.155221 0.014998 0.161994 
-0.122881 -0.030081 -0.150849 -0.044638 0.146737 -0.136566 0.033780 0.053004 
-0.274594 -0.101011 0.222982 0.188240 0.023271 0.338578 0.764417 1.254866 
0.500719 0.295638 -0.488228 -0.325258 -0.103367 -1.000193 0.550099 0.340022 
-0.031303 -0.049290 0.058111 0.199415 0.186736 -0.053983 0.093222 0.014519 
0.010511 -0.003838 0.240402 0.549836 -0.124629 -0.041191 0.188520 0.169974 
-0.173578 -0.036180 0.281574 0.145305 -0.073973 0.244085 -0.292675 -0.204778 
-0.085659 0.051248 0.281227 0.645800 -0.068456 0.004368 -0.040545 0.027568 
-0.356124 -0.122727 0.358543 0.171516 -0.009056 0.139779 -0.137544 -0.221486 
-0.026582 -0.043699 0.206741 0.217637 0.111729 0.390722 -0.178649 -0.058616 
-0.009175 -0.014096 0.048242 -0.076589 0.026052 0.074474 0.023079 0.169899 
-0.046968 0.060747 -0.000564 0.040561 0.022205 0.089334 -0.122275 0.084540 
0.072066 0.236317 -0.111403 -0.092065 0.871591 0.280830 -0.155623 -0.008371 
-1.706249 -0.435877 1.674895 0.231429 -0.168249 1.784886 -1.895877 -2.008410 
0.127547 0.102396 -0.126335 -0.039106 0.996289 0.198019 -0.166570 -0.007293 
0.040041 -0.079865 0.073932 0.123684 0.003906 0.103421 0.178634 0.255301 
-0.057652 -0.021712 0.116505 0.005816 0.252405 -0.003193 0.087196 0.176203 
-0.118093 -0.069435 0.055948 0.121726 -0.017498 -0.051558 0.047938 -0.042245 
0.395494 0.071325 -0.459976 -0.002378 -0.050443 -0.291230 0.257715 0.297054 
-2.060745 -0.615706 2.261611 0.456157 -0.405807 2.217247 -2.158813 -2.333084 
-0.410353 -0.271663 0.535098 0.587462 0.040467 -0.259653 -0.084082 0.000882 
0.164478 0.109516 -0.079449 -0.129839 0.114002 -0.033390 -0.111375 -0.037657 
-0.888476 -0.182914 0.898616 0.123510 -0.113110 0.994378 -0.918301 -0.787643 
-9.380713 -2.538342 9.323479 1.457603 -1.547154 8.763996 -9.320590 -9.714714 
0.069309 0.088169 -0.083394 0.122957 -0.070704 -0.132913 0.120573 0.039036 
0.017291 -0.084864 -0.052136 0.121116 0.647865 0.019744 0.086245 0.087150 
-3.807241 -1.047763 3.724712 0.547960 -0.734051 3.549488 -3.629432 -3.684543 
-0.084775 0.032415 0.053821 -0.017395 -0.061744 0.065341 0.104532 0.036302 
-0.633456 -0.678891 0.411857 0.500466 -0.029021 -0.324104 0.002341 -0.245936 
-0.111609 -0.267867 0.060356 0.311995 -0.217875 -0.231957 0.022992 0.047956 
0.079915 0.109666 0.223387 0.359999 0.155812 0.141253 -0.098393 -0.107708 
-0.056557 0.098320 -0.114370 -0.062519 0.068401 0.091362 0.004519 -0.086321 
-2.823584 -0.745609 2.718299 0.498128 -0.463046 2.469434 -2.559521 -2.794482 
-0.008116 0.096638 0.007349 -0.025140 0.658441 0.317878 -0.128653 -0.003989 
-0.077200 0.049007 -0.091106 -0.079087 0.368257 0.241475 0.000662 0.046109 
0.118097 0.160401 -0.074085 -0.021370 0.564664 0.487038 -0.247318 -0.052852 
0.162304 0.064490 -0.009479 0.083404 -0.119137 0.050381 -0.000000 0.030802 
-0.001821 -0.010642 -0.027842 0.007710 0.328515 -0.288963 0.116176 0.026609 
-0.432067 -0.277349 0.378974 0.028838 -0.034657 0.413499 -0.353769 -0.327045 
-0.200906 -0.124209 0.211923 0.108424 0.071143 -0.305630 -0.231403 -0.493590 
-0.157936 -0.062874 0.038266 0.000111 -0.025576 0.255874 0.147112 0.293805 
-0.203675 -0.099975 0.100544 0.004255 0.060963 0.246563 -0.043915 -0.095286 
-0.033644 0.023674 0.107741 0.185481 0.051263 -0.076876 -0.139726 -0.182484 
0.058457 -0.052723 -0.077113 -0.084375 -0.030951 -0.077281 -0.036921 -0.015931 
-0.145351 -0.048280 0.182018 -0.166562 0.193038 0.181554 -0.296300 -0.205107 
0.035751 -0.024031 -0.102660 0.286158 0.095763 0.159247 -0.323510 -0.321644 
-0.053950 0.094303 0.060432 0.173006 -0.140111 0.105647 -0.057814 -0.049770 
0.122031 -0.002157 0.062863 -0.100669 0.018080 -0.047817 -0.037843 -0.020396 
-0.002388 0.060319 -0.064548 0.051233 0.196182 0.212609 -0.045171 -0.018677 
0.115672 0.221703 0.121829 0.138757 0.147251 0.140927 -0.053610 0.010114 
0.174627 0.079048 0.089255 -0.071154 -0.030109 0.125704 0.072019 -0.076465 
0.125560 0.119813 -0.260247 -0.110739 0.380822 0.382817 -0.094056 -0.011444 
0.026468 0.011744 0.091536 -0.107988 -0.021222 0.136997 0.015132 0.104359 
-0.005724 0.005178 0.023179 -0.033788 -0.049454 0.038614 0.143019 0.051592 
-0.360529 -0.347929 0.353871 0.098130 0.009346 -0.880080 0.631287 0.252361 
0.051093 0.004042 -0.045954 -0.024783 -0.011831 -0.050260 0.104088 -0.101310 
-0.179708 0.114362 0.095099 -0.070370 0.051236 0.227815 -0.053143 0.356002 









0.000000 
0.000000 
0.000000 
0.000000 
0.000000 
0.000000 
0.000000 
0.000000 
-1.656786 
0.795207 
0.840467 
-0.070258 
-0.318426 
-0.221269 
-0.076620 
-0.490269 
-0.508735 
-0.543550 
-0.258793 
-0.207026 
-0.103743 
-0.133543 
-0.287289 
-0.289970 
-0.395232 
-0.354553 
-0.571625 
-0.142856 
-0.632759 
-0.225638 
-0.546134 
-0.190615 
-0.499215 
0.409572 
-0.239705 
-2.104760 
-0.261070 
-0.966449 
0.495186 
-0.469337 
-0.560408 
0.902045 
-0.048500 
-1.027964 
-0.778489 
-0.281309 
-0.300485 
-0.439832 
-0.208577 
0.164215 
0.775942 
-0.191220 
-0.467853 
-0.053702 
-0.302047 
-0.113030 
-0.281385 
-0.638591 
-0.582924 
-0.377292 
-0.211467 
-0.117995 
-0.174438 
-0.477554 
-0.645897 
0.117625 
0.236266 
-0.845877 
-0.452161 
-0.305716 
-0.827858 
-0.306173 
-0.153588 
-0.279255 
0.120846 
-0.122160 
0.037412 
-0.556646 
0.021389 
-0.395680 
0.084952 
-0.086533 
0.157035 
-0.137946 
-0.435444 
0.157739 
-0.134989 
-0.139796 
-0.632168 
-0.414714 
-0.023221 
-0.254067 
0.862855 
0.169508 
-0.091074 
-0.178869 
0.227155 
-0.047870 
0.456329 
0.917065 
-0.270470 
0.114241 
-0.152947 
-0.742691 
-0.233748 
0.050139 
-0.085709 
0.019900 
-0.191233 
0.012657 
0.061525 
-0.117154 
-0.041478 
0.980165 
-0.185272 
-0.285235 
0.465156 
-0.983045 
-0.486969 
0.948308 
0.045014 
0.547493 
-0.338427 
0.181338 
0.096269 
-0.188509 
0.525789 
-0.099118 
0.941112 
-0.146304 
-0.416874 
-0.415310 
-0.283885 
0.947559 
-0.195931 
-0.173787 
-0.799322 
-0.356824 
-0.558027 
-0.400323 
-0.008569 
-0.181237 
-0.168582 
0.497553 
-0.112538 
-0.553439 
-0.508964 
-0.125457 
1.050997 
0.159220 
-0.325206 
-0.348407 
0.226638 
-0.117118 
0.737299 
-0.218206 
-0.108803 
-0.082267 
0.152836 
-0.094894 
-0.620877 
-0.198287 
-0.213439 
-0.732574 
-0.075955 
-0.311327 
-0.120095 
0.497327 
-1.042981 
1.160315 
0.401739 
1.336240 
-0.197318 
-0.171574 
0.290517 
-0.342922 
-0.304006 
0.147878 
0.219202 
0.033722 
0.435726 
-0.009654 
0.001858 
0.202006 
-0.159651 
0.843274 
0.874960 
-0.094276 
0.146234 
0.517363 
0.226355 
-0.390539 
0.287145 
-0.060730 
-0.168125 
0.186991 
-0.072047 
-0.367942 
0.036606 
-0.527470 
-0.131408 
0.278735 
-0.178511 
0.405129 
-0.040456 
-0.199722 
-0.287437 
-0.044222 
-0.911315 
-0.186126 
-0.087749 
0.887701 
0.242439 
0.219173 
-0.061692 
-0.227646 
-0.587057 
-0.251388 
-0.590473 
-0.054061 
-0.471514 
0.702359 
-0.110866 
-0.154965 
-0.314900 
-0.226628 
-0.183834 
0.548095 
-0.519694 
-0.402296 
-0.213396 
-0.170512 
-0.078217 
-0.155200 
0.286741 
-0.031568 
0.018128 
1.165455 
-0.194064 
-0.672956 
0.528052 
0.485947 
-0.433078 
-0.317889 
-0.163627 
1.471875 
-1.306775 
-1.009004 
1.841000 0.479593 0.313846 
