*************************************************************************************************************************************
|      ITER |        MB |        LE |        VM |       BVM |        IF |        IB |       MAW |       MAB |        LR |        ET | Fri Feb 16 19:16:59 2024 
-------------------------------------------------------------------------------------------------------------------------------------
|         1 |        37 |  9.44E-01 |  0.936648 |  0.936648 |      8.00 |      7.00 |  0.063260 |  0.240166 |  1.00E-02 |      0.12 | 
|         1 |        74 |  9.79E-01 |  0.939257 |  0.939257 |      8.00 |      7.00 |  0.053288 |  0.210187 |  1.00E-02 |      0.35 | 
|         1 |       111 |  9.67E-01 |  0.934685 |  0.939257 |      8.00 |      7.00 |  0.046893 |  0.223410 |  1.00E-02 |      0.57 | 
|         1 |       148 |  9.40E-01 |  0.907305 |  0.939257 |      8.00 |      7.00 |  0.191020 |  0.245778 |  9.99E-03 |      0.80 | 
|         1 |       185 |  8.86E-01 |  0.915673 |  0.939257 |      8.00 |      7.00 |  0.228574 |  0.241096 |  9.99E-03 |      1.02 | 
|         1 |       222 |  8.60E-01 |  0.890100 |  0.939257 |      8.00 |      7.00 |  0.212493 |  0.375232 |  9.98E-03 |      1.24 | 
|         1 |       259 |  8.20E-01 |  0.917592 |  0.939257 |      8.00 |      7.00 |  1.842718 |  0.211104 |  9.98E-03 |      1.46 | 
|         1 |       296 |  7.93E-01 |  0.929845 |  0.939257 |      8.00 |      7.00 |  0.851165 |  0.450627 |  9.97E-03 |      1.67 | 
|         1 |       333 |  7.51E-01 |  0.917375 |  0.939257 |      8.00 |      7.00 |  0.606423 |  0.514029 |  9.96E-03 |      1.89 | 
|         1 |       370 |  7.01E-01 |  0.942264 |  0.942264 |      8.00 |      7.00 |  0.101898 |  0.096434 |  9.95E-03 |      2.11 | 
|         1 |       407 |  6.54E-01 |  0.922028 |  0.942264 |      8.00 |      7.00 |  0.185605 |  0.111331 |  9.94E-03 |      2.34 | 
|         2 |        37 |  1.57E-01 |  0.913382 |  0.942264 |      8.00 |      7.00 |  0.086500 |  0.035228 |  9.93E-03 |      2.46 | 
|         2 |        74 |  1.73E-01 |  0.885123 |  0.942264 |      8.00 |      7.00 |  2.310077 |  1.628838 |  9.92E-03 |      2.69 | 
|         2 |       111 |  1.68E-01 |  0.876557 |  0.942264 |      8.00 |      7.00 |  0.316634 |  0.182270 |  9.91E-03 |      2.92 | 
|         2 |       148 |  1.60E-01 |  0.897774 |  0.942264 |      8.00 |      7.00 |  0.115527 |  0.180403 |  9.90E-03 |      3.15 | 
|         2 |       185 |  1.57E-01 |  0.908661 |  0.942264 |      8.00 |      7.00 |  0.208099 |  0.151354 |  9.88E-03 |      3.38 | 
|         2 |       222 |  1.53E-01 |  0.872827 |  0.942264 |      8.00 |      7.00 |  0.126224 |  0.112340 |  9.87E-03 |      3.61 | 
|         2 |       259 |  1.49E-01 |  0.888300 |  0.942264 |      8.00 |      7.00 |  0.096310 |  0.062105 |  9.85E-03 |      3.84 | 
|         2 |       296 |  1.48E-01 |  0.875583 |  0.942264 |      8.00 |      7.00 |  0.224472 |  0.168339 |  9.84E-03 |      4.07 | 
|         2 |       333 |  1.45E-01 |  0.906900 |  0.942264 |      8.00 |      7.00 |  0.136253 |  0.110228 |  9.82E-03 |      4.30 | 
|         2 |       370 |  1.42E-01 |  0.885476 |  0.942264 |      8.00 |      7.00 |  0.297870 |  0.221004 |  9.80E-03 |      4.52 | 
|         2 |       407 |  1.40E-01 |  0.894935 |  0.942264 |      8.00 |      7.00 |  0.316714 |  0.169109 |  9.78E-03 |      4.74 | 
|         3 |        37 |  1.11E-01 |  0.899776 |  0.942264 |      8.00 |      7.00 |  0.124093 |  0.115845 |  9.76E-03 |      4.86 | 
|         3 |        74 |  1.10E-01 |  0.896583 |  0.942264 |      8.00 |      7.00 |  0.259103 |  0.186267 |  9.74E-03 |      5.08 | 
|         3 |       111 |  1.13E-01 |  0.932251 |  0.942264 |      8.00 |      7.00 |  0.684643 |  0.216196 |  9.72E-03 |      5.29 | 
|         3 |       148 |  1.13E-01 |  0.923311 |  0.942264 |      8.00 |      7.00 |  0.247666 |  0.121727 |  9.69E-03 |      5.51 | 
|         3 |       185 |  1.11E-01 |  0.937465 |  0.942264 |      8.00 |      7.00 |  0.995889 |  0.728452 |  9.67E-03 |      5.72 | 
|         3 |       222 |  1.18E-01 |  0.916280 |  0.942264 |      8.00 |      7.00 |  1.175397 |  0.708320 |  9.65E-03 |      5.93 | 
|         3 |       259 |  2.17E-01 |  0.916095 |  0.942264 |      8.00 |      7.00 |  0.297555 |  0.414425 |  9.62E-03 |      6.14 | 
|         3 |       296 |  2.32E-01 |  0.937859 |  0.942264 |      8.00 |      7.00 |  0.619253 |  0.536944 |  9.59E-03 |      6.35 | 
|         3 |       333 |  2.33E-01 |  0.936712 |  0.942264 |      8.00 |      7.00 |  0.210067 |  0.193262 |  9.57E-03 |      6.56 | 
|         3 |       370 |  2.35E-01 |  0.928484 |  0.942264 |      8.00 |      7.00 |  0.183053 |  0.211819 |  9.54E-03 |      6.77 | 
|         3 |       407 |  2.31E-01 |  0.898806 |  0.942264 |      8.00 |      7.00 |  1.376227 |  1.443494 |  9.51E-03 |      6.98 | 
|         4 |        37 |  4.03E-01 |  0.939029 |  0.942264 |      8.00 |      7.00 |  0.454382 |  0.457195 |  9.48E-03 |      7.10 | 
|         4 |        74 |  4.28E-01 |  0.940368 |  0.942264 |      8.00 |      7.00 |  0.535842 |  0.619916 |  9.45E-03 |      7.32 | 
|         4 |       111 |  4.50E-01 |  0.944722 |  0.944722 |      8.00 |      7.00 |  0.493320 |  0.757124 |  9.42E-03 |      7.54 | 
|         4 |       148 |  4.41E-01 |  0.926880 |  0.944722 |      8.00 |      7.00 |  1.917568 |  0.961356 |  9.39E-03 |      7.76 | 
|         4 |       185 |  4.02E-01 |  0.939083 |  0.944722 |      8.00 |      7.00 |  1.383591 |  0.705319 |  9.35E-03 |      7.97 | 
|         4 |       222 |  3.78E-01 |  0.936063 |  0.944722 |      8.00 |      7.00 |  1.253209 |  0.658823 |  9.32E-03 |      8.19 | 
|         4 |       259 |  3.58E-01 |  0.937847 |  0.944722 |      8.00 |      7.00 |  0.334938 |  0.386252 |  9.29E-03 |      8.40 | 
|         4 |       296 |  3.36E-01 |  0.934561 |  0.944722 |      8.00 |      7.00 |  1.360920 |  0.690683 |  9.25E-03 |      8.61 | 
|         4 |       333 |  3.21E-01 |  0.932999 |  0.944722 |      8.00 |      7.00 |  0.469666 |  0.231266 |  9.21E-03 |      8.83 | 
|         4 |       370 |  3.07E-01 |  0.928941 |  0.944722 |      8.00 |      7.00 |  0.387926 |  0.248540 |  9.18E-03 |      9.04 | 
|         4 |       407 |  2.95E-01 |  0.912181 |  0.944722 |      8.00 |      7.00 |  0.249469 |  0.185661 |  9.14E-03 |      9.26 | 
|         5 |        37 |  1.48E-01 |  0.921405 |  0.944722 |      8.00 |      7.00 |  0.589646 |  0.279426 |  9.10E-03 |      9.38 | 
|         5 |        74 |  1.44E-01 |  0.916122 |  0.944722 |      8.00 |      7.00 |  0.174309 |  0.152715 |  9.06E-03 |      9.61 | 
|         5 |       111 |  1.37E-01 |  0.914867 |  0.944722 |      8.00 |      7.00 |  0.279600 |  0.162494 |  9.02E-03 |      9.84 | 
|         5 |       148 |  1.37E-01 |  0.898772 |  0.944722 |      8.00 |      7.00 |  0.131388 |  0.082054 |  8.98E-03 |     10.07 | 
|         5 |       185 |  1.38E-01 |  0.914369 |  0.944722 |      8.00 |      7.00 |  0.475770 |  0.236005 |  8.94E-03 |     10.30 | 
|         5 |       222 |  1.41E-01 |  0.889078 |  0.944722 |      8.00 |      7.00 |  0.411174 |  0.191074 |  8.90E-03 |     10.53 | 
|         5 |       259 |  1.40E-01 |  0.902393 |  0.944722 |      8.00 |      7.00 |  0.758486 |  0.439788 |  8.86E-03 |     10.75 | 
|         5 |       296 |  1.43E-01 |  0.921876 |  0.944722 |      8.00 |      7.00 |  0.756926 |  0.469235 |  8.82E-03 |     10.98 | 
|         5 |       333 |  1.41E-01 |  0.924917 |  0.944722 |      8.00 |      7.00 |  2.482741 |  1.157044 |  8.77E-03 |     11.21 | 
|         5 |       370 |  1.39E-01 |  0.885142 |  0.944722 |      8.00 |      7.00 |  0.225478 |  0.131628 |  8.73E-03 |     11.44 | 
|         5 |       407 |  1.39E-01 |  0.925500 |  0.944722 |      8.00 |      7.00 |  0.667693 |  0.393328 |  8.68E-03 |     11.66 | 
|         6 |        37 |  1.68E-01 |  0.901324 |  0.944722 |      8.00 |      7.00 |  1.622217 |  0.507690 |  8.64E-03 |     11.78 | 
|         6 |        74 |  1.46E-01 |  0.894058 |  0.944722 |      8.00 |      7.00 |  0.486319 |  0.424870 |  8.59E-03 |     12.00 | 
|         6 |       111 |  1.34E-01 |  0.879737 |  0.944722 |      8.00 |      7.00 |  0.594705 |  0.245060 |  8.54E-03 |     12.21 | 
|         6 |       148 |  1.33E-01 |  0.879140 |  0.944722 |      8.00 |      7.00 |  0.532538 |  0.500787 |  8.50E-03 |     12.43 | 
|         6 |       185 |  1.32E-01 |  0.913875 |  0.944722 |      8.00 |      7.00 |  0.534564 |  0.570482 |  8.45E-03 |     12.65 | 
|         6 |       222 |  1.28E-01 |  0.887475 |  0.944722 |      8.00 |      7.00 |  0.155889 |  0.116902 |  8.40E-03 |     12.87 | 
|         6 |       259 |  1.24E-01 |  0.901873 |  0.944722 |      8.00 |      7.00 |  0.286185 |  0.137990 |  8.35E-03 |     13.09 | 
|         6 |       296 |  1.23E-01 |  0.893969 |  0.944722 |      8.00 |      7.00 |  0.260748 |  0.142116 |  8.30E-03 |     13.31 | 
|         6 |       333 |  1.21E-01 |  0.913813 |  0.944722 |      8.00 |      7.00 |  0.270243 |  0.205465 |  8.25E-03 |     13.53 | 
|         6 |       370 |  1.20E-01 |  0.895698 |  0.944722 |      8.00 |      7.00 |  0.503764 |  0.415854 |  8.20E-03 |     13.75 | 
|         6 |       407 |  1.21E-01 |  0.926697 |  0.944722 |      8.00 |      7.00 |  0.302042 |  0.195804 |  8.15E-03 |     13.97 | 
|         7 |        37 |  1.11E-01 |  0.915870 |  0.944722 |      8.00 |      7.00 |  0.241359 |  0.201573 |  8.09E-03 |     14.08 | 
|         7 |        74 |  1.10E-01 |  0.900376 |  0.944722 |      8.00 |      7.00 |  0.168415 |  0.136210 |  8.04E-03 |     14.30 | 
|         7 |       111 |  1.08E-01 |  0.898279 |  0.944722 |      8.00 |      7.00 |  0.379638 |  0.136309 |  7.99E-03 |     14.52 | 
|         7 |       148 |  1.08E-01 |  0.880514 |  0.944722 |      8.00 |      7.00 |  0.469690 |  0.239711 |  7.93E-03 |     14.74 | 
|         7 |       185 |  1.11E-01 |  0.915235 |  0.944722 |      8.00 |      7.00 |  0.488861 |  0.278192 |  7.88E-03 |     14.96 | 
|         7 |       222 |  1.11E-01 |  0.878365 |  0.944722 |      8.00 |      7.00 |  0.238966 |  0.224045 |  7.82E-03 |     15.17 | 
|         7 |       259 |  1.12E-01 |  0.860052 |  0.944722 |      8.00 |      7.00 |  0.339981 |  0.248096 |  7.77E-03 |     15.39 | 
|         7 |       296 |  1.11E-01 |  0.887091 |  0.944722 |      8.00 |      7.00 |  0.287140 |  0.190273 |  7.71E-03 |     15.61 | 
|         7 |       333 |  1.10E-01 |  0.883034 |  0.944722 |      8.00 |      7.00 |  0.249920 |  0.073820 |  7.66E-03 |     15.83 | 
|         7 |       370 |  1.09E-01 |  0.902902 |  0.944722 |      8.00 |      7.00 |  0.242497 |  0.199243 |  7.60E-03 |     16.05 | 
|         7 |       407 |  1.09E-01 |  0.894287 |  0.944722 |      8.00 |      7.00 |  0.274067 |  0.194082 |  7.54E-03 |     16.27 | 
|         8 |        37 |  1.04E-01 |  0.905963 |  0.944722 |      8.00 |      7.00 |  0.537859 |  0.304508 |  7.49E-03 |     16.38 | 
|         8 |        74 |  1.05E-01 |  0.904556 |  0.944722 |      8.00 |      7.00 |  0.155947 |  0.114402 |  7.43E-03 |     16.60 | 
|         8 |       111 |  1.01E-01 |  0.885149 |  0.944722 |      8.00 |      7.00 |  0.128584 |  0.113859 |  7.37E-03 |     16.82 | 
|         8 |       148 |  1.00E-01 |  0.919726 |  0.944722 |      8.00 |      7.00 |  0.211821 |  0.099848 |  7.31E-03 |     17.04 | 
|         8 |       185 |  1.02E-01 |  0.880027 |  0.944722 |      8.00 |      7.00 |  0.292826 |  0.130326 |  7.25E-03 |     17.26 | 
|         8 |       222 |  1.04E-01 |  0.881720 |  0.944722 |      8.00 |      7.00 |  0.141107 |  0.121401 |  7.19E-03 |     17.48 | 
|         8 |       259 |  1.05E-01 |  0.907811 |  0.944722 |      8.00 |      7.00 |  0.287699 |  0.140292 |  7.13E-03 |     17.70 | 
|         8 |       296 |  1.05E-01 |  0.875245 |  0.944722 |      8.00 |      7.00 |  0.377582 |  0.173604 |  7.07E-03 |     17.91 | 
|         8 |       333 |  1.05E-01 |  0.871148 |  0.944722 |      8.00 |      7.00 |  0.154691 |  0.143669 |  7.01E-03 |     18.13 | 
|         8 |       370 |  1.05E-01 |  0.899798 |  0.944722 |      8.00 |      7.00 |  0.283910 |  0.187444 |  6.95E-03 |     18.35 | 
|         8 |       407 |  1.04E-01 |  0.892355 |  0.944722 |      8.00 |      7.00 |  0.237541 |  0.153901 |  6.89E-03 |     18.57 | 
|         9 |        37 |  1.12E-01 |  0.894692 |  0.944722 |      8.00 |      7.00 |  0.187357 |  0.109126 |  6.83E-03 |     18.68 | 
|         9 |        74 |  1.04E-01 |  0.847628 |  0.944722 |      8.00 |      7.00 |  0.161133 |  0.153188 |  6.77E-03 |     18.90 | 
|         9 |       111 |  1.04E-01 |  0.884441 |  0.944722 |      8.00 |      7.00 |  0.442581 |  0.339200 |  6.71E-03 |     19.12 | 
|         9 |       148 |  1.04E-01 |  0.914865 |  0.944722 |      8.00 |      7.00 |  0.271699 |  0.255079 |  6.64E-03 |     19.34 | 
|         9 |       185 |  1.02E-01 |  0.925865 |  0.944722 |      8.00 |      7.00 |  1.376514 |  0.082154 |  6.58E-03 |     19.56 | 
|         9 |       222 |  1.02E-01 |  0.883843 |  0.944722 |      8.00 |      7.00 |  0.770288 |  0.136422 |  6.52E-03 |     19.78 | 
|         9 |       259 |  1.03E-01 |  0.888059 |  0.944722 |      8.00 |      7.00 |  0.349623 |  0.178300 |  6.46E-03 |     20.00 | 
|         9 |       296 |  1.03E-01 |  0.898716 |  0.944722 |      8.00 |      7.00 |  0.317073 |  0.242525 |  6.39E-03 |     20.22 | 
|         9 |       333 |  1.03E-01 |  0.912394 |  0.944722 |      8.00 |      7.00 |  0.436444 |  0.285883 |  6.33E-03 |     20.44 | 
|         9 |       370 |  1.01E-01 |  0.912139 |  0.944722 |      8.00 |      7.00 |  0.396765 |  0.185767 |  6.27E-03 |     20.66 | 
|         9 |       407 |  9.99E-02 |  0.916184 |  0.944722 |      8.00 |      7.00 |  0.178572 |  0.126625 |  6.20E-03 |     20.89 | 
|        10 |        37 |  9.81E-02 |  0.911517 |  0.944722 |      8.00 |      7.00 |  0.286794 |  0.208892 |  6.14E-03 |     21.01 | 
|        10 |        74 |  8.92E-02 |  0.922266 |  0.944722 |      8.00 |      7.00 |  1.023514 |  0.413850 |  6.08E-03 |     21.23 | 
|        10 |       111 |  8.43E-02 |  0.935228 |  0.944722 |      8.00 |      7.00 |  0.233871 |  0.162234 |  6.01E-03 |     21.46 | 
|        10 |       148 |  7.82E-02 |  0.935502 |  0.944722 |      8.00 |      7.00 |  0.132307 |  0.072408 |  5.95E-03 |     21.68 | 
|        10 |       185 |  7.75E-02 |  0.939192 |  0.944722 |      8.00 |      7.00 |  0.222037 |  0.108490 |  5.89E-03 |     21.90 | 
|        10 |       222 |  7.59E-02 |  0.911994 |  0.944722 |      8.00 |      7.00 |  0.769806 |  0.496656 |  5.82E-03 |     22.12 | 
|        10 |       259 |  7.19E-02 |  0.927066 |  0.944722 |      8.00 |      7.00 |  0.488837 |  0.340972 |  5.76E-03 |     22.34 | 
|        10 |       296 |  6.84E-02 |  0.917771 |  0.944722 |      8.00 |      7.00 |  0.325699 |  0.269967 |  5.69E-03 |     22.56 | 
|        10 |       333 |  6.66E-02 |  0.925882 |  0.944722 |      8.00 |      7.00 |  0.488430 |  0.215596 |  5.63E-03 |     22.77 | 
|        10 |       370 |  6.58E-02 |  0.934607 |  0.944722 |      8.00 |      7.00 |  0.944921 |  0.604574 |  5.57E-03 |     22.99 | 
|        10 |       407 |  6.48E-02 |  0.944476 |  0.944722 |      8.00 |      7.00 |  1.055909 |  0.913483 |  5.50E-03 |     23.21 | 
|        11 |        37 |  4.22E-02 |  0.934291 |  0.944722 |      8.00 |      7.00 |  0.342270 |  0.149525 |  5.44E-03 |     23.33 | 
|        11 |        74 |  5.07E-02 |  0.942896 |  0.944722 |      8.00 |      7.00 |  1.781652 |  0.774214 |  5.37E-03 |     23.55 | 
|        11 |       111 |  5.36E-02 |  0.931757 |  0.944722 |      8.00 |      7.00 |  0.451983 |  0.146975 |  5.31E-03 |     23.76 | 
|        11 |       148 |  5.45E-02 |  0.927079 |  0.944722 |      8.00 |      7.00 |  0.413743 |  0.170570 |  5.24E-03 |     23.98 | 
|        11 |       185 |  5.21E-02 |  0.931023 |  0.944722 |      8.00 |      7.00 |  0.448947 |  0.309884 |  5.18E-03 |     24.19 | 
|        11 |       222 |  5.23E-02 |  0.942927 |  0.944722 |      8.00 |      7.00 |  0.501931 |  0.285446 |  5.12E-03 |     24.40 | 
|        11 |       259 |  5.32E-02 |  0.915562 |  0.944722 |      8.00 |      7.00 |  1.418177 |  0.766027 |  5.05E-03 |     24.60 | 
|        11 |       296 |  5.24E-02 |  0.914302 |  0.944722 |      8.00 |      7.00 |  1.517919 |  0.907561 |  4.99E-03 |     24.81 | 
|        11 |       333 |  5.23E-02 |  0.923640 |  0.944722 |      8.00 |      7.00 |  0.403301 |  0.267365 |  4.92E-03 |     25.02 | 
|        11 |       370 |  5.09E-02 |  0.919877 |  0.944722 |      8.00 |      7.00 |  0.288827 |  0.112236 |  4.86E-03 |     25.23 | 
|        11 |       407 |  4.94E-02 |  0.930780 |  0.944722 |      8.00 |      7.00 |  0.402142 |  0.265050 |  4.80E-03 |     25.44 | 
|        12 |        37 |  3.34E-02 |  0.912235 |  0.944722 |      8.00 |      7.00 |  0.656009 |  0.226143 |  4.73E-03 |     25.56 | 
|        12 |        74 |  3.43E-02 |  0.903939 |  0.944722 |      8.00 |      7.00 |  0.282742 |  0.114539 |  4.67E-03 |     25.78 | 
|        12 |       111 |  3.44E-02 |  0.925194 |  0.944722 |      8.00 |      7.00 |  0.867641 |  0.378439 |  4.61E-03 |     25.99 | 
|        12 |       148 |  3.64E-02 |  0.924631 |  0.944722 |      8.00 |      7.00 |  0.240889 |  0.124816 |  4.54E-03 |     26.20 | 
|        12 |       185 |  3.66E-02 |  0.907573 |  0.944722 |      8.00 |      7.00 |  0.163984 |  0.105193 |  4.48E-03 |     26.42 | 
|        12 |       222 |  3.61E-02 |  0.904870 |  0.944722 |      8.00 |      7.00 |  0.594802 |  0.293837 |  4.42E-03 |     26.63 | 
|        12 |       259 |  3.58E-02 |  0.908617 |  0.944722 |      8.00 |      7.00 |  0.284342 |  0.207565 |  4.36E-03 |     26.85 | 
|        12 |       296 |  3.55E-02 |  0.925367 |  0.944722 |      8.00 |      7.00 |  0.361094 |  0.157698 |  4.29E-03 |     27.06 | 
|        12 |       333 |  3.50E-02 |  0.921892 |  0.944722 |      8.00 |      7.00 |  0.307431 |  0.202554 |  4.23E-03 |     27.28 | 
|        12 |       370 |  3.48E-02 |  0.919271 |  0.944722 |      8.00 |      7.00 |  0.371837 |  0.163467 |  4.17E-03 |     27.49 | 
|        12 |       407 |  3.60E-02 |  0.872463 |  0.944722 |      8.00 |      7.00 |  4.736147 |  1.424960 |  4.11E-03 |     27.71 | 
|        13 |        37 |  5.23E-02 |  0.924990 |  0.944722 |      8.00 |      7.00 |  0.140922 |  0.084158 |  4.05E-03 |     27.82 | 
|        13 |        74 |  4.44E-02 |  0.903926 |  0.944722 |      8.00 |      7.00 |  0.134847 |  0.080317 |  3.99E-03 |     28.04 | 
|        13 |       111 |  4.03E-02 |  0.909780 |  0.944722 |      8.00 |      7.00 |  0.161923 |  0.109167 |  3.93E-03 |     28.26 | 
|        13 |       148 |  3.83E-02 |  0.901911 |  0.944722 |      8.00 |      7.00 |  0.199409 |  0.086479 |  3.87E-03 |     28.47 | 
|        13 |       185 |  3.65E-02 |  0.910322 |  0.944722 |      8.00 |      7.00 |  0.220034 |  0.149446 |  3.81E-03 |     28.69 | 
|        13 |       222 |  3.60E-02 |  0.917939 |  0.944722 |      8.00 |      7.00 |  0.220012 |  0.080805 |  3.75E-03 |     28.91 | 
|        13 |       259 |  3.56E-02 |  0.907931 |  0.944722 |      8.00 |      7.00 |  0.665486 |  0.432858 |  3.69E-03 |     29.13 | 
|        13 |       296 |  3.46E-02 |  0.893185 |  0.944722 |      8.00 |      7.00 |  0.212674 |  0.064197 |  3.63E-03 |     29.35 | 
|        13 |       333 |  3.44E-02 |  0.921784 |  0.944722 |      8.00 |      7.00 |  0.388831 |  0.163561 |  3.57E-03 |     29.56 | 
|        13 |       370 |  3.38E-02 |  0.910344 |  0.944722 |      8.00 |      7.00 |  0.645316 |  0.248908 |  3.52E-03 |     29.78 | 
|        13 |       407 |  3.35E-02 |  0.917747 |  0.944722 |      8.00 |      7.00 |  0.281679 |  0.128105 |  3.46E-03 |     30.00 | 
|        14 |        37 |  2.59E-02 |  0.905442 |  0.944722 |      8.00 |      7.00 |  0.254771 |  0.143414 |  3.40E-03 |     30.11 | 
|        14 |        74 |  2.85E-02 |  0.891045 |  0.944722 |      8.00 |      7.00 |  0.261662 |  0.135691 |  3.34E-03 |     30.33 | 
|        14 |       111 |  2.82E-02 |  0.888114 |  0.944722 |      8.00 |      7.00 |  0.152387 |  0.087268 |  3.29E-03 |     30.55 | 
|        14 |       148 |  2.81E-02 |  0.923226 |  0.944722 |      8.00 |      7.00 |  0.256205 |  0.127974 |  3.23E-03 |     30.77 | 
|        14 |       185 |  2.89E-02 |  0.925511 |  0.944722 |      8.00 |      7.00 |  1.191261 |  0.724721 |  3.18E-03 |     30.99 | 
|        14 |       222 |  3.11E-02 |  0.915617 |  0.944722 |      8.00 |      7.00 |  0.169760 |  0.058548 |  3.12E-03 |     31.21 | 
|        14 |       259 |  3.08E-02 |  0.897310 |  0.944722 |      8.00 |      7.00 |  0.205670 |  0.097665 |  3.07E-03 |     31.43 | 
|        14 |       296 |  3.03E-02 |  0.896817 |  0.944722 |      8.00 |      7.00 |  0.170867 |  0.072751 |  3.01E-03 |     31.65 | 
|        14 |       333 |  3.01E-02 |  0.916475 |  0.944722 |      8.00 |      7.00 |  0.105086 |  0.059427 |  2.96E-03 |     31.87 | 
|        14 |       370 |  3.00E-02 |  0.905803 |  0.944722 |      8.00 |      7.00 |  0.276151 |  0.167726 |  2.91E-03 |     32.09 | 
|        14 |       407 |  2.97E-02 |  0.912208 |  0.944722 |      8.00 |      7.00 |  0.107816 |  0.033493 |  2.86E-03 |     32.31 | 
|        15 |        37 |  2.95E-02 |  0.910482 |  0.944722 |      8.00 |      7.00 |  0.341034 |  0.177610 |  2.80E-03 |     32.42 | 
|        15 |        74 |  2.90E-02 |  0.907169 |  0.944722 |      8.00 |      7.00 |  0.153327 |  0.062115 |  2.75E-03 |     32.66 | 
|        15 |       111 |  2.81E-02 |  0.899370 |  0.944722 |      8.00 |      7.00 |  0.266401 |  0.097454 |  2.70E-03 |     32.89 | 
|        15 |       148 |  2.73E-02 |  0.898212 |  0.944722 |      8.00 |      7.00 |  0.097100 |  0.058155 |  2.65E-03 |     33.12 | 
|        15 |       185 |  2.71E-02 |  0.905800 |  0.944722 |      8.00 |      7.00 |  0.317912 |  0.133684 |  2.60E-03 |     33.35 | 
|        15 |       222 |  2.71E-02 |  0.904986 |  0.944722 |      8.00 |      7.00 |  0.516851 |  0.245863 |  2.55E-03 |     33.58 | 
|        15 |       259 |  2.75E-02 |  0.917634 |  0.944722 |      8.00 |      7.00 |  0.722205 |  0.266161 |  2.51E-03 |     33.82 | 
|        15 |       296 |  2.76E-02 |  0.908426 |  0.944722 |      8.00 |      7.00 |  0.328487 |  0.058245 |  2.46E-03 |     34.04 | 
|        15 |       333 |  2.75E-02 |  0.904538 |  0.944722 |      8.00 |      7.00 |  0.311127 |  0.128533 |  2.41E-03 |     34.27 | 
|        15 |       370 |  2.74E-02 |  0.898283 |  0.944722 |      8.00 |      7.00 |  0.068384 |  0.031762 |  2.36E-03 |     34.49 | 
|        15 |       407 |  2.73E-02 |  0.887926 |  0.944722 |      8.00 |      7.00 |  0.145682 |  0.068031 |  2.32E-03 |     34.71 | 
|        16 |        37 |  2.55E-02 |  0.892349 |  0.944722 |      8.00 |      7.00 |  0.211257 |  0.076411 |  2.27E-03 |     34.83 | 
|        16 |        74 |  2.66E-02 |  0.903600 |  0.944722 |      8.00 |      7.00 |  0.226613 |  0.126933 |  2.23E-03 |     35.05 | 
|        16 |       111 |  2.63E-02 |  0.913351 |  0.944722 |      8.00 |      7.00 |  0.201991 |  0.057901 |  2.19E-03 |     35.27 | 
|        16 |       148 |  2.61E-02 |  0.891731 |  0.944722 |      8.00 |      7.00 |  0.198073 |  0.084550 |  2.14E-03 |     35.49 | 
|        16 |       185 |  2.66E-02 |  0.900370 |  0.944722 |      8.00 |      7.00 |  0.170984 |  0.077188 |  2.10E-03 |     35.71 | 
|        16 |       222 |  2.71E-02 |  0.911777 |  0.944722 |      8.00 |      7.00 |  0.288234 |  0.135576 |  2.06E-03 |     35.93 | 
|        16 |       259 |  2.67E-02 |  0.887807 |  0.944722 |      8.00 |      7.00 |  0.116504 |  0.065308 |  2.02E-03 |     36.15 | 
|        16 |       296 |  2.66E-02 |  0.914891 |  0.944722 |      8.00 |      7.00 |  0.233725 |  0.116605 |  1.98E-03 |     36.38 | 
|        16 |       333 |  2.64E-02 |  0.884269 |  0.944722 |      8.00 |      7.00 |  0.089024 |  0.051224 |  1.94E-03 |     36.61 | 
|        16 |       370 |  2.65E-02 |  0.893857 |  0.944722 |      8.00 |      7.00 |  0.214974 |  0.106362 |  1.90E-03 |     36.84 | 
|        16 |       407 |  2.66E-02 |  0.884407 |  0.944722 |      8.00 |      7.00 |  0.125962 |  0.070207 |  1.86E-03 |     37.07 | 
|        17 |        37 |  2.62E-02 |  0.901723 |  0.944722 |      8.00 |      7.00 |  0.126898 |  0.036792 |  1.82E-03 |     37.19 | 
|        17 |        74 |  2.57E-02 |  0.900031 |  0.944722 |      8.00 |      7.00 |  0.160062 |  0.119978 |  1.79E-03 |     37.42 | 
|        17 |       111 |  2.61E-02 |  0.893989 |  0.944722 |      8.00 |      7.00 |  0.230296 |  0.129574 |  1.75E-03 |     37.66 | 
|        17 |       148 |  2.63E-02 |  0.903727 |  0.944722 |      8.00 |      7.00 |  0.155903 |  0.041687 |  1.72E-03 |     37.89 | 
|        17 |       185 |  2.63E-02 |  0.888004 |  0.944722 |      8.00 |      7.00 |  0.151038 |  0.074391 |  1.68E-03 |     38.12 | 
|        17 |       222 |  2.63E-02 |  0.889764 |  0.944722 |      8.00 |      7.00 |  0.055457 |  0.034613 |  1.65E-03 |     38.35 | 
|        17 |       259 |  2.62E-02 |  0.876891 |  0.944722 |      8.00 |      7.00 |  0.114102 |  0.041727 |  1.61E-03 |     38.58 | 
|        17 |       296 |  2.62E-02 |  0.882649 |  0.944722 |      8.00 |      7.00 |  0.223553 |  0.055339 |  1.58E-03 |     38.80 | 
|        17 |       333 |  2.60E-02 |  0.889689 |  0.944722 |      8.00 |      7.00 |  0.061640 |  0.046437 |  1.55E-03 |     39.02 | 
|        17 |       370 |  2.59E-02 |  0.900697 |  0.944722 |      8.00 |      7.00 |  0.433426 |  0.156300 |  1.52E-03 |     39.24 | 
|        17 |       407 |  2.61E-02 |  0.898530 |  0.944722 |      8.00 |      7.00 |  0.189999 |  0.045710 |  1.49E-03 |     39.46 | 
|        18 |        37 |  2.62E-02 |  0.899313 |  0.944722 |      8.00 |      7.00 |  0.228010 |  0.100760 |  1.46E-03 |     39.58 | 
|        18 |        74 |  2.63E-02 |  0.893555 |  0.944722 |      8.00 |      7.00 |  0.621315 |  0.147811 |  1.43E-03 |     39.81 | 
|        18 |       111 |  2.55E-02 |  0.898127 |  0.944722 |      8.00 |      7.00 |  0.128654 |  0.048741 |  1.41E-03 |     40.04 | 
|        18 |       148 |  2.61E-02 |  0.904690 |  0.944722 |      8.00 |      7.00 |  0.419336 |  0.243880 |  1.38E-03 |     40.28 | 
|        18 |       185 |  2.59E-02 |  0.885587 |  0.944722 |      8.00 |      7.00 |  0.351216 |  0.122939 |  1.36E-03 |     40.51 | 
|        18 |       222 |  2.57E-02 |  0.889585 |  0.944722 |      8.00 |      7.00 |  0.260674 |  0.083940 |  1.33E-03 |     40.75 | 
|        18 |       259 |  2.55E-02 |  0.906264 |  0.944722 |      8.00 |      7.00 |  0.174332 |  0.067042 |  1.31E-03 |     40.98 | 
|        18 |       296 |  2.59E-02 |  0.896731 |  0.944722 |      8.00 |      7.00 |  0.200037 |  0.099823 |  1.28E-03 |     41.21 | 
|        18 |       333 |  2.58E-02 |  0.892001 |  0.944722 |      8.00 |      7.00 |  0.253229 |  0.164806 |  1.26E-03 |     41.45 | 
|        18 |       370 |  2.57E-02 |  0.890887 |  0.944722 |      8.00 |      7.00 |  0.117753 |  0.071190 |  1.24E-03 |     41.68 | 
|        18 |       407 |  2.58E-02 |  0.877993 |  0.944722 |      8.00 |      7.00 |  0.201219 |  0.091268 |  1.22E-03 |     41.91 | 
|        19 |        37 |  2.71E-02 |  0.892840 |  0.944722 |      8.00 |      7.00 |  0.115575 |  0.043291 |  1.20E-03 |     42.03 | 
|        19 |        74 |  2.66E-02 |  0.887025 |  0.944722 |      8.00 |      7.00 |  0.124801 |  0.045253 |  1.18E-03 |     42.27 | 
|        19 |       111 |  2.59E-02 |  0.892305 |  0.944722 |      8.00 |      7.00 |  0.129818 |  0.048926 |  1.17E-03 |     42.50 | 
|        19 |       148 |  2.62E-02 |  0.886427 |  0.944722 |      8.00 |      7.00 |  0.121647 |  0.066129 |  1.15E-03 |     42.73 | 
|        19 |       185 |  2.61E-02 |  0.885922 |  0.944722 |      8.00 |      7.00 |  0.261962 |  0.129631 |  1.13E-03 |     42.97 | 
|        19 |       222 |  2.59E-02 |  0.888941 |  0.944722 |      8.00 |      7.00 |  0.195263 |  0.112264 |  1.12E-03 |     43.20 | 
|        19 |       259 |  2.57E-02 |  0.878757 |  0.944722 |      8.00 |      7.00 |  0.301382 |  0.095288 |  1.10E-03 |     43.44 | 
|        19 |       296 |  2.57E-02 |  0.883937 |  0.944722 |      8.00 |      7.00 |  0.120622 |  0.058902 |  1.09E-03 |     43.67 | 
|        19 |       333 |  2.58E-02 |  0.887167 |  0.944722 |      8.00 |      7.00 |  0.199046 |  0.074037 |  1.08E-03 |     43.90 | 
|        19 |       370 |  2.57E-02 |  0.891789 |  0.944722 |      8.00 |      7.00 |  0.119617 |  0.046857 |  1.07E-03 |     44.13 | 
|        19 |       407 |  2.56E-02 |  0.897673 |  0.944722 |      8.00 |      7.00 |  0.136752 |  0.070875 |  1.06E-03 |     44.35 | 
|        20 |        37 |  2.65E-02 |  0.897160 |  0.944722 |      8.00 |      7.00 |  0.073912 |  0.033085 |  1.05E-03 |     44.47 | 
|        20 |        74 |  2.50E-02 |  0.890345 |  0.944722 |      8.00 |      7.00 |  0.187081 |  0.060347 |  1.04E-03 |     44.69 | 
|        20 |       111 |  2.54E-02 |  0.899799 |  0.944722 |      8.00 |      7.00 |  0.149370 |  0.066918 |  1.03E-03 |     44.91 | 
|        20 |       148 |  2.55E-02 |  0.893205 |  0.944722 |      8.00 |      7.00 |  0.305369 |  0.131972 |  1.02E-03 |     45.13 | 
|        20 |       185 |  2.56E-02 |  0.883018 |  0.944722 |      8.00 |      7.00 |  0.172711 |  0.067916 |  1.02E-03 |     45.35 | 
|        20 |       222 |  2.55E-02 |  0.886874 |  0.944722 |      8.00 |      7.00 |  0.130550 |  0.072034 |  1.01E-03 |     45.57 | 
|        20 |       259 |  2.53E-02 |  0.883017 |  0.944722 |      8.00 |      7.00 |  0.199174 |  0.097926 |  1.01E-03 |     45.80 | 
|        20 |       296 |  2.53E-02 |  0.893055 |  0.944722 |      8.00 |      7.00 |  0.901852 |  0.089712 |  1.00E-03 |     46.02 | 
|        20 |       333 |  2.54E-02 |  0.882278 |  0.944722 |      8.00 |      7.00 |  0.108516 |  0.049052 |  1.00E-03 |     46.24 | 
|        20 |       370 |  2.54E-02 |  0.893217 |  0.944722 |      8.00 |      7.00 |  0.130906 |  0.038032 |  1.00E-03 |     46.46 | 
|        20 |       407 |  2.55E-02 |  0.886595 |  0.944722 |      8.00 |      7.00 |  0.161124 |  0.087695 |  1.00E-03 |     46.68 | 
-------------------------------------------------------------------------------------------------------------------------------------
