-0.291880 0.205308 0.219319 0.163841 -0.013350 0.013190 -0.051208 0.118702 0.163175 0.060438 -0.114637 0.123277 -0.132622 0.220668 0.373954 0.449328 0.209812 -0.176358 -0.011418 0.128520 -0.282384 0.141368 0.060506 -0.034223 -0.214092 -0.030670 0.348313 0.188441 0.240999 0.022034 0.194273 0.266505 0.012498 -0.072200 0.084529 0.087760 0.354900 -0.348487 -0.031779 -0.017881 0.057416 0.113188 -0.257217 0.308633 -0.146901 -0.355364 0.381835 -0.325204 -0.043160 -0.074140 0.138187 0.052922 0.284239 -0.290470 0.335994 -0.368607 0.143326 0.351615 0.132872 -0.100125 -0.027468 0.037899 -0.203495 0.316112 
0.356851 0.221726 -0.062934 0.308321 0.243338 0.258897 -0.140564 -0.055310 0.017508 -0.030454 0.054113 0.311736 -0.031011 -0.098653 -0.322480 0.187688 0.191395 0.127122 -0.259233 0.233101 0.168637 -0.325911 0.254861 -0.045702 0.181032 0.166798 0.213443 0.037341 -0.344506 0.399951 -0.228091 -0.353951 0.282424 0.016715 0.284533 0.042322 -0.062849 -0.131580 -0.220132 0.327518 0.070809 0.259905 0.175092 -0.369685 -0.268010 0.351909 0.302901 0.256055 -0.027928 -0.221266 0.167495 -0.111213 -0.406283 -0.132264 0.111994 0.330727 0.240664 -0.038293 -0.142582 0.282461 -0.102901 0.061248 0.253406 -0.204291 
-0.275747 0.143747 0.216141 0.015129 -0.421664 -0.354685 -0.100749 0.108953 0.301235 -0.156093 0.176778 0.127216 -0.198926 0.118743 -0.087246 0.396997 0.202866 -0.336849 -0.399134 0.198101 -0.104098 0.288735 0.206288 -0.170348 -0.199641 -0.296253 -0.337636 0.252573 0.078635 0.336887 0.277349 0.103721 0.142105 0.159787 -0.284115 0.212503 0.184743 0.094049 0.040574 -0.112914 0.302720 -0.284073 -0.190416 -0.323934 0.363120 0.272613 0.134710 0.036078 0.163462 0.434137 -0.024035 -0.089059 0.302636 -0.237707 0.066203 -0.357330 -0.215797 0.016864 0.224789 0.333430 -0.021978 0.227163 0.040671 -0.307664 
0.024511 0.152151 0.165241 0.047137 -0.109999 -0.278222 0.317624 -0.230810 -0.091192 -0.325159 -0.189669 -0.231798 0.244797 -0.259323 0.213176 0.154622 -0.184899 -0.158282 0.368632 0.254463 -0.014717 0.014873 -0.183890 0.180617 0.191128 0.185267 0.174477 -0.140695 0.177552 -0.136161 -0.127236 -0.228636 0.356819 -0.226594 0.028954 -0.109894 -0.243850 0.016797 -0.081307 -0.031648 0.043286 -0.016216 0.128088 -0.078884 0.243054 0.054122 0.139422 0.158497 0.191664 0.249234 0.105719 0.456522 -0.246692 0.132280 0.209036 0.281027 0.051919 -0.124928 -0.133200 -0.104764 0.010379 0.009721 -0.058778 0.139154 
0.124011 -0.342303 0.025082 0.163791 -0.026692 0.264008 -0.245190 0.220136 -0.137387 0.156585 -0.323194 0.272471 -0.200949 0.264040 0.169066 0.103628 0.015917 -0.019234 0.312186 0.021863 -0.250178 -0.170144 -0.023699 0.066295 0.274217 0.146759 0.328052 -0.292077 -0.200966 -0.170410 -0.083361 0.147329 -0.141846 0.309396 0.034212 0.284590 0.092142 0.218617 0.027594 0.280355 0.059138 0.032215 0.392863 0.208200 -0.014021 0.028057 0.047382 0.309840 0.409955 -0.152504 0.054667 -0.321109 0.228257 0.438168 0.102250 -0.129781 0.077724 -0.049112 -0.062042 0.358688 0.230413 0.171241 0.102965 -0.343308 
0.130307 -0.242495 0.099564 -0.229062 0.435958 -0.105832 -0.211962 -0.043195 0.139023 -0.294468 -0.190288 -0.217333 0.224520 0.065479 -0.125365 0.096139 0.233832 0.231349 0.131834 -0.071318 0.354079 -0.053432 0.231218 -0.069313 0.335759 -0.226986 -0.227027 -0.004409 0.292287 0.185390 0.038663 -0.091699 0.352233 -0.134034 0.188464 0.352944 -0.020579 0.180370 -0.078093 -0.090091 0.271888 0.078462 0.089525 0.125622 -0.134617 0.124450 -0.081452 -0.322578 0.177445 -0.160234 0.051668 0.002817 0.044319 -0.008254 0.054310 0.029505 0.084352 0.328356 0.460710 -0.174426 0.171129 -0.082492 0.247890 0.130586 
0.188364 -0.011516 0.106082 -0.090664 -0.091811 -0.360737 0.140568 -0.216534 0.038401 -0.033007 0.292683 0.249371 -0.107544 -0.139320 0.261867 0.250132 0.033378 0.072548 -0.144755 -0.224190 -0.288742 -0.189268 0.011696 0.088047 -0.270778 0.049784 -0.338710 0.338032 0.275394 0.269149 0.097835 0.214520 -0.034011 -0.258004 -0.248613 0.070548 -0.131701 0.174282 0.269492 0.333304 -0.166910 0.207211 0.212307 -0.043222 -0.262413 0.264296 -0.022628 0.065902 -0.073340 0.290165 0.165689 -0.064255 -0.365763 -0.197029 -0.249106 -0.136552 0.151275 -0.169360 -0.239636 0.095695 -0.314840 0.197366 -0.050190 0.068951 
-0.242081 0.046031 -0.202517 0.016971 -0.053969 0.286896 -0.019346 0.023743 0.156829 -0.145264 -0.277489 0.141157 -0.279502 -0.013471 -0.160121 -0.036501 -0.083518 0.378257 0.257450 -0.020589 -0.189638 -0.294478 0.118583 0.367784 -0.231916 0.358000 0.126116 -0.011303 0.153756 -0.236029 0.243518 0.317002 0.166005 0.187214 -0.117588 -0.295340 0.280121 0.154597 0.167757 0.121011 0.399710 0.100657 -0.113018 -0.329683 -0.209906 0.144215 0.018687 0.016034 0.017048 0.048712 0.356218 0.212103 -0.048150 0.012189 0.209184 0.113474 -0.051459 -0.000166 0.298382 -0.245891 0.029784 0.247391 0.278246 -0.017360 
0.089806 -0.047212 0.040890 0.037680 0.083219 0.022918 -0.057865 0.138568 0.013336 0.029816 0.192700 0.008031 -0.071605 0.004673 -0.107545 0.055367 0.024696 0.099488 -0.031022 0.020596 0.013305 -0.065018 -0.105807 0.102445 0.046391 -0.148348 -0.040288 -0.102094 0.032812 -0.111958 0.020546 0.020951 
-0.043239 0.112657 -0.047765 0.023731 0.128747 0.047553 -0.050172 0.039260 -0.075368 -0.041646 -0.038949 0.077990 0.065487 -0.064596 -0.064758 0.049114 -0.023595 0.062352 -0.103276 0.052019 0.099535 -0.073053 0.107965 0.005033 -0.054054 0.166080 0.095489 -0.072650 -0.129678 0.017008 0.045669 0.014573 
0.025075 -0.106631 0.007328 -0.000262 0.066455 -0.033632 0.082956 0.054781 -0.048606 -0.100744 -0.044431 0.059396 -0.034427 -0.072471 0.101024 0.028637 0.137528 0.225491 0.067607 0.030912 -0.077542 -0.036907 0.046580 0.016397 -0.062094 0.102831 -0.008914 -0.054957 0.122323 0.068608 0.061166 -0.084932 
-0.066829 -0.030507 0.143724 -0.053141 0.044236 0.083488 0.060590 0.200235 0.003256 0.094903 0.140832 0.167923 -0.083247 0.075806 0.111969 -0.121892 0.139083 -0.077855 0.112295 0.174529 -0.037657 -0.054617 0.033687 -0.000088 -0.006897 0.015911 0.104908 -0.009436 -0.013962 0.052293 -0.009992 0.113640 
0.185306 0.134615 0.161608 -0.120819 0.001644 0.039006 -0.118316 -0.058091 0.015622 -0.120816 0.258708 0.063835 0.078815 0.002669 -0.000201 0.026290 -0.086541 0.022240 0.070289 0.127942 0.063491 -0.090822 0.046167 -0.070279 -0.084566 -0.113619 0.006900 -0.073080 0.089559 0.145051 -0.012682 -0.030772 
0.079896 -0.041302 0.229555 -0.030836 0.099012 0.131779 -0.043341 0.125767 0.107512 -0.067485 -0.032387 0.022260 0.060402 -0.104932 0.092166 -0.059118 0.014437 -0.127915 -0.074005 0.039071 -0.081172 0.045377 0.074498 -0.042243 0.084618 -0.113751 0.115353 0.067748 0.069050 -0.030444 -0.035878 0.073119 
0.028566 -0.077669 -0.092936 0.111375 -0.075509 -0.023612 -0.092635 -0.152349 0.078772 -0.044493 0.101657 -0.040019 -0.004609 -0.040354 0.067433 -0.096132 -0.059004 0.146024 0.030591 -0.020099 -0.016637 -0.115496 0.039248 -0.062920 -0.075523 0.147496 0.097344 -0.082074 -0.160609 -0.028269 0.142957 0.052779 
-0.019902 -0.082685 -0.073334 0.021398 0.089831 0.042152 0.004234 0.034548 0.028054 -0.018091 0.018834 -0.052932 0.053397 0.030277 0.026610 -0.104389 0.108376 0.019931 0.045783 0.149197 0.068756 0.036797 -0.004816 0.151107 -0.082411 -0.029558 -0.102776 0.013007 0.038389 -0.118132 0.074542 0.067273 
-0.012161 0.118064 -0.083645 0.102368 -0.057287 0.114561 -0.071326 0.137972 -0.083343 -0.087157 -0.070045 0.244539 0.083765 -0.059280 0.162493 -0.041322 0.120842 0.048249 -0.039666 0.039287 -0.109723 0.061885 0.157040 -0.056467 0.061153 0.068785 -0.035969 -0.123541 0.077604 -0.040439 0.092424 -0.081582 
-0.114229 -0.111679 -0.067266 -0.029939 0.082421 -0.003361 -0.057883 0.143125 -0.009197 -0.070581 0.011856 -0.134738 0.007161 0.094021 0.095976 -0.010991 0.042423 0.075107 -0.049647 0.044804 0.003973 0.120113 0.030736 -0.034529 0.044524 -0.050512 -0.026507 0.091876 -0.041142 -0.084296 0.065300 -0.042175 
-0.063910 0.064515 0.043115 -0.055441 -0.098392 0.068640 -0.109702 0.044031 -0.094778 0.110006 0.066089 0.111431 0.090161 0.027476 -0.075738 -0.064598 0.044234 -0.077820 -0.005407 0.157119 -0.076788 0.038321 -0.050765 0.083879 0.007739 0.025619 0.036193 0.058635 0.044090 -0.102411 -0.107163 -0.032999 
-0.138961 0.070053 -0.026096 -0.028994 0.056419 -0.013500 0.028465 0.118166 -0.056994 0.002083 -0.031530 -0.073476 -0.107552 0.026726 0.050973 -0.013597 0.135199 -0.085437 -0.015702 -0.087697 0.013040 0.061118 0.136369 -0.087362 -0.059191 0.021074 0.098934 -0.043129 -0.002129 0.117109 -0.025651 0.074611 
0.066290 0.006001 0.048042 -0.038558 0.053120 -0.043082 -0.093318 -0.149267 0.115225 0.020331 -0.037140 0.089686 -0.077980 -0.011378 -0.011774 -0.099851 -0.033067 0.151812 -0.015209 -0.122841 -0.006777 -0.083717 -0.083787 0.071188 0.021551 0.193048 0.077622 -0.098191 0.123351 0.006790 0.146807 -0.019073 
0.066069 0.049054 0.090030 -0.028636 -0.001008 0.200432 -0.007482 -0.064031 -0.003569 0.033087 -0.159976 0.060249 -0.099444 -0.009056 0.099104 0.021114 0.018759 0.089896 0.075663 0.091800 -0.084349 0.116965 0.022647 0.076678 0.082696 -0.014832 0.101302 0.134796 0.091250 0.069960 -0.038371 -0.099167 
0.007142 -0.063449 -0.006384 0.080840 -0.091862 -0.081186 0.064454 0.006122 0.047922 0.042035 -0.026800 0.074241 -0.065543 -0.060363 0.047585 0.001358 -0.056947 -0.000459 0.040496 -0.061020 0.100812 0.081663 -0.055813 0.120455 -0.081081 0.003514 -0.029498 0.036551 0.040454 0.237272 0.157148 -0.021756 
-0.099262 -0.045334 -0.021906 -0.017199 0.054587 0.263666 0.075383 0.251006 0.028958 -0.045433 0.170187 0.346650 0.022119 -0.098558 0.106259 0.066467 -0.021449 0.156522 -0.007798 -0.110506 0.020120 -0.022099 0.276110 0.047331 -0.031257 0.100351 -0.065389 -0.031956 -0.012863 0.055697 0.122980 -0.004506 
0.033101 -0.095439 0.052595 0.030181 -0.056640 0.089162 -0.008751 0.105305 -0.122690 -0.038138 0.101297 0.162301 -0.002725 -0.106829 -0.022135 0.043290 0.096798 0.064557 0.097728 -0.003545 0.108014 0.101950 -0.005383 -0.046441 -0.049904 0.063358 0.050937 0.003256 0.083495 0.022356 -0.125649 0.088518 
0.056165 0.079713 0.076994 0.095442 -0.054809 -0.155096 -0.060752 0.033755 -0.000890 0.088721 -0.037970 0.101304 0.130593 0.037398 0.118764 0.072148 -0.115708 -0.023024 -0.111085 -0.065121 -0.039457 -0.001281 0.049069 0.027537 0.077352 -0.162986 0.007140 -0.054614 -0.019043 -0.074358 -0.049081 -0.009959 
-0.105989 0.080063 0.099831 0.123063 0.111944 -0.051148 0.113304 -0.108156 -0.072233 0.105619 -0.085145 -0.151247 0.017971 0.098911 0.221796 0.071449 -0.063349 -0.015405 0.213067 0.050296 -0.031695 -0.013823 -0.064352 -0.041539 0.019265 0.128619 -0.004939 -0.003074 0.134587 0.295790 0.169847 0.105574 
0.050692 0.000837 -0.015990 0.117482 0.147555 0.010616 0.074546 0.118484 -0.057322 -0.081143 0.141086 0.212627 0.099123 0.073323 0.093296 -0.056960 0.190067 0.082848 0.139864 -0.070813 -0.116830 -0.056476 0.030903 0.018603 0.078908 0.059926 0.106024 0.105849 -0.030079 0.020264 0.043148 0.098850 
0.220163 -0.087467 -0.039489 0.027166 0.090610 -0.129517 0.003448 0.031323 -0.079797 0.029986 0.158972 -0.056221 -0.018580 -0.038210 -0.140333 -0.044328 0.061197 -0.011039 0.021807 0.150129 0.030957 -0.074553 -0.034077 -0.022889 -0.056808 -0.021867 -0.006637 -0.153614 0.139254 0.033914 0.059662 0.023341 
0.172517 -0.066896 -0.067616 -0.046308 -0.055598 0.168773 -0.086909 -0.012288 -0.013246 0.066115 -0.001279 0.136404 -0.107956 -0.113064 -0.016115 0.090681 0.064832 0.186984 0.124545 -0.098843 -0.111872 -0.018069 0.083252 0.056020 0.017324 0.170471 -0.009793 -0.030833 0.014011 0.068198 -0.064915 -0.057792 
0.115710 0.002625 0.103504 -0.043982 0.032457 -0.115732 0.015383 0.149084 0.060739 -0.027415 0.144367 0.199379 -0.010794 -0.089233 0.063010 0.076905 0.138348 -0.001905 0.071528 -0.092226 0.062537 0.027298 0.000568 -0.046620 -0.086020 0.095363 0.091742 0.019310 -0.012108 0.040793 -0.091290 -0.040199 
-0.071965 -0.094841 -0.026650 0.190999 -0.151251 0.075612 0.016157 0.076076 -0.012704 -0.037038 0.017543 0.063393 0.016603 -0.006637 0.193750 0.009589 0.078651 -0.001000 -0.032997 0.036585 0.117964 0.097438 -0.081804 -0.083982 0.043949 0.025675 0.105391 -0.068992 -0.089719 0.108105 -0.025763 0.113294 
-0.028013 0.043251 -0.058804 -0.130822 0.150763 0.097642 0.087593 0.057795 -0.075561 0.047399 0.115252 0.079030 -0.113885 -0.039970 -0.084657 0.098247 0.079713 0.113921 0.090192 0.106502 0.021908 0.038913 -0.150423 -0.054656 -0.034788 0.165188 -0.007501 0.068882 0.215979 0.076288 0.013264 0.032727 
-0.083741 0.072594 0.189049 0.218251 -0.023031 0.069788 0.088938 0.112636 0.017399 -0.012116 0.049926 -0.036257 0.099531 -0.103676 0.175373 0.062465 0.031376 -0.059500 0.045828 -0.002980 0.064024 0.033664 0.067777 -0.074079 -0.018252 -0.093069 0.120592 -0.050411 -0.039444 0.053896 -0.014674 0.162787 
-0.127313 -0.110184 0.226966 0.071856 0.098016 0.148925 0.041862 0.111958 -0.066693 -0.048742 0.090403 -0.049256 -0.044390 -0.041365 0.239695 -0.097404 0.055927 0.033010 0.091404 -0.012769 -0.108920 -0.062316 0.041552 0.016427 -0.078019 0.063189 0.025987 0.172887 0.005096 0.190389 0.162783 0.060441 
0.071035 0.075544 0.005691 0.045002 0.005293 -0.027920 -0.115780 0.112636 -0.043550 0.087843 0.095652 0.150609 -0.028291 0.044921 0.152516 0.069282 -0.075270 -0.029914 -0.079650 -0.102932 -0.025579 0.040444 0.143257 0.034254 0.049909 -0.039744 -0.029485 -0.042574 -0.147553 0.033866 -0.069694 0.085052 
-0.084858 0.020036 -0.006271 0.114486 0.027755 0.036706 -0.061226 0.052118 0.051189 -0.132154 0.013514 0.116670 0.055155 -0.029378 0.150797 0.073637 0.001547 0.115801 0.117634 0.071795 -0.061037 0.016362 0.039338 0.119098 0.063677 0.163301 -0.056714 0.092766 -0.113487 0.012748 0.083423 0.008267 
0.133989 -0.055946 0.141640 0.036755 0.131936 -0.072390 -0.034998 0.058712 -0.063257 0.134916 0.087376 0.239320 -0.046711 -0.056403 0.033546 0.088329 -0.099973 0.047033 0.065897 -0.016709 -0.095663 -0.016502 -0.004690 0.074162 -0.022431 0.037130 0.084612 0.011516 -0.125189 0.019066 -0.085061 0.131641 
0.042697 -0.086512 -0.029199 0.069707 -0.037458 0.109566 -0.102693 0.031211 0.077028 -0.000404 -0.014170 -0.040884 0.082180 -0.061660 0.185474 0.103261 0.107865 0.077131 -0.066441 0.097066 -0.060465 0.043508 0.136908 0.041179 -0.082649 -0.003240 -0.037224 -0.061099 0.049714 -0.011274 -0.100312 0.050664 
0.024900 0.026010 -0.084449 0.150272 -0.060713 -0.026854 -0.018664 -0.080643 0.087570 0.080221 -0.120782 0.049288 -0.050534 -0.067882 0.171296 -0.092751 -0.105260 0.058524 -0.110843 -0.087595 -0.042244 0.160646 0.196755 0.039012 -0.017052 -0.097684 0.031234 -0.010269 0.009881 0.060864 0.145024 -0.004127 
0.022328 -0.085279 -0.067138 0.151305 0.063003 0.039316 0.034357 -0.094452 0.057092 0.133758 0.224901 0.322216 -0.096366 -0.039456 -0.150653 -0.095442 -0.086553 0.007481 -0.030163 -0.042687 -0.112031 -0.087873 0.111453 -0.055204 0.012319 0.171745 0.119499 -0.092315 0.000087 0.115579 0.041069 0.093201 
0.082658 -0.092524 -0.035554 0.031096 0.139275 0.163039 -0.028385 0.096400 0.081188 -0.045628 -0.079531 -0.059365 0.032548 0.048952 0.060027 0.045598 0.222421 -0.064887 -0.120761 0.148224 0.058688 -0.014984 0.001025 -0.018163 0.048467 -0.087704 0.079220 0.010578 0.084450 -0.099156 0.040503 0.152879 
0.050323 0.106853 -0.003479 -0.048730 0.119643 0.042214 -0.111229 0.144873 0.057694 0.035296 0.162173 -0.046754 -0.032930 0.104735 -0.084357 -0.077382 -0.061398 -0.053727 -0.044925 -0.039931 -0.024619 -0.012062 0.023351 -0.101202 0.019392 -0.123590 -0.077076 -0.011235 0.032238 0.137507 -0.004581 -0.149101 
0.170216 0.005414 -0.016892 -0.015048 0.256216 0.081398 -0.060767 0.084534 -0.122152 -0.073412 -0.025169 0.085364 -0.103632 -0.061385 0.021626 -0.022529 0.017877 0.092756 0.074893 0.136811 -0.076257 -0.088801 0.165442 0.077410 -0.091982 -0.025013 -0.053878 0.035053 0.262122 0.069790 0.045430 -0.010334 
-0.107068 -0.097225 -0.064602 -0.082745 -0.009353 0.056296 0.074241 0.096556 0.045203 0.104739 -0.128710 0.098832 -0.070181 0.069931 0.049073 0.047796 0.058598 0.056131 0.020659 0.044931 0.080425 0.069947 0.089720 0.135388 0.055645 0.047646 0.005255 0.081199 -0.019281 -0.061651 -0.035823 0.030859 
0.026722 0.002718 -0.010780 0.165377 -0.057291 -0.025355 -0.011886 -0.024115 -0.002632 0.027803 -0.062769 0.047266 0.007878 0.051948 -0.040076 -0.111411 0.008136 -0.124698 0.071677 -0.054898 0.024719 -0.032188 -0.127010 -0.046253 -0.092296 0.129698 -0.095023 0.038852 0.113720 -0.107725 -0.095134 -0.013238 
0.059377 0.087843 -0.071978 0.111820 -0.081522 0.010519 -0.018893 0.064552 -0.060179 0.046649 -0.025407 -0.029985 0.019774 0.150033 0.159080 0.094305 0.089503 -0.026399 -0.094492 0.017883 0.064040 0.003524 0.140383 0.125033 -0.102290 0.048491 0.011053 -0.107586 -0.173340 0.034657 0.015145 0.127800 
-0.022521 0.008346 0.118553 0.141020 -0.062550 -0.074974 0.013671 0.013967 -0.102855 -0.079984 0.125058 0.039677 -0.082000 0.053381 0.058567 -0.100228 -0.071679 0.007365 0.023065 0.125049 0.084501 0.038839 0.086183 0.100479 -0.003017 -0.038742 0.156853 0.072377 0.058175 -0.057935 0.049578 0.012177 
0.122923 -0.016327 -0.112103 0.120847 0.081761 0.083790 -0.086631 0.056047 0.071803 -0.056683 -0.052884 0.181547 0.095526 0.013281 -0.062408 -0.107817 -0.067622 0.039135 0.128402 0.080406 -0.051374 0.085112 0.129514 0.066878 -0.099442 0.093970 0.005867 0.125928 -0.006703 -0.080135 -0.043213 0.139018 
0.010891 -0.006000 0.221459 -0.093495 -0.111086 -0.084391 0.054787 0.205432 -0.045276 0.070868 0.203482 -0.094216 0.008126 0.140954 0.027857 0.017028 -0.012373 -0.038386 0.056018 0.147939 -0.118293 0.000991 0.144912 -0.097277 -0.056794 -0.067173 -0.085303 -0.047609 -0.073563 0.080938 0.034126 0.069216 
0.112539 -0.040628 -0.084513 0.080611 0.051328 0.087560 0.083300 0.078177 0.033422 0.089904 0.110424 -0.047862 0.076558 -0.102871 0.053183 0.000030 -0.058359 -0.048539 0.022702 -0.029186 0.059106 -0.057050 -0.039388 -0.129626 0.005343 -0.023748 -0.002442 0.101934 0.137934 0.100547 0.078266 0.018333 
-0.030855 0.085200 0.054533 -0.046050 0.055724 0.093506 -0.050538 0.000814 -0.066398 -0.105455 0.003114 -0.139119 -0.090444 -0.050030 0.052489 -0.032099 0.052337 -0.074247 0.173782 0.011533 -0.027530 -0.083846 0.011269 0.152988 -0.007566 0.091526 0.023180 -0.006027 0.108636 0.171655 0.206471 0.031713 
0.030591 -0.011557 -0.040744 0.130253 0.106628 0.050488 -0.064789 -0.097066 0.032042 0.066173 -0.062838 0.093976 -0.108513 0.052381 -0.069478 0.032900 0.137962 0.182630 -0.069424 -0.096844 0.095820 -0.008228 -0.042093 0.020512 -0.071975 0.272177 0.024419 0.098077 0.022530 0.064094 0.065677 0.060896 
-0.029267 -0.069966 0.078667 0.212487 0.183359 -0.118184 -0.123068 0.009913 0.082575 -0.013854 -0.017754 0.256162 0.140417 0.018798 -0.001844 0.076814 0.034531 -0.001896 -0.153326 -0.039581 -0.115350 -0.058494 -0.008689 -0.094847 -0.081990 -0.028680 -0.004354 0.040401 0.074378 0.034806 0.012716 0.205658 
-0.113719 -0.000945 0.097412 0.127255 0.040310 0.122737 -0.046761 0.068161 -0.093464 0.033696 0.050969 0.004950 -0.096149 -0.079681 0.152903 -0.011462 0.125282 0.139711 0.044445 0.049784 -0.071097 -0.030551 -0.042923 -0.042192 0.025980 -0.007167 -0.103958 0.012403 -0.109657 0.040821 -0.039184 -0.051674 
-0.091514 -0.061409 0.123465 0.215674 0.036911 -0.038829 -0.023952 -0.033648 0.108194 0.160534 -0.075655 -0.104149 -0.066866 -0.053158 -0.002525 -0.106895 0.036059 -0.116664 0.075249 0.012804 0.011727 0.109663 -0.013009 -0.107889 -0.078430 0.152997 0.072876 0.049396 0.056503 -0.188903 -0.058069 0.148008 
0.006404 -0.021320 -0.032820 0.038311 0.246413 0.162858 0.025322 0.046602 0.056511 -0.081136 0.051030 -0.006265 -0.043531 -0.061257 -0.084057 0.010680 0.098509 0.160114 -0.077214 -0.086895 0.111986 0.102286 -0.091108 -0.079762 0.060544 0.234793 -0.017859 0.023263 0.238057 0.069043 0.105529 -0.060149 
-0.026562 -0.016859 -0.031087 0.249263 -0.046644 -0.026862 -0.002371 -0.093651 -0.040513 -0.071975 -0.059374 0.172771 0.025375 -0.029555 -0.034211 -0.113951 0.011057 0.047099 -0.075483 -0.083497 -0.086558 -0.033813 0.041258 0.118477 -0.099884 0.248655 -0.102236 0.109627 -0.114777 -0.032656 -0.084266 0.121894 
-0.010979 0.066302 0.105857 0.177970 0.140274 -0.043748 0.098963 0.020469 -0.004234 -0.098647 0.158672 0.168591 0.028640 -0.059788 0.272600 0.090226 -0.045020 -0.085375 -0.062322 0.014905 -0.048090 0.054262 0.082341 -0.040239 -0.024627 0.039495 -0.016813 0.112280 0.006913 0.066382 0.098748 0.009465 
-0.097981 -0.033954 -0.068904 0.063853 -0.024179 -0.136556 -0.028931 0.032663 -0.019102 -0.081843 0.133860 0.064301 0.000481 0.104469 0.134841 0.095025 0.048452 0.212812 0.051820 -0.093470 -0.011422 0.086991 0.010526 0.085957 0.028462 0.243335 0.091824 -0.050678 -0.135172 0.153326 0.131246 0.019641 
0.146713 0.088158 0.008004 -0.043460 0.121893 0.218871 -0.049255 -0.021959 -0.079050 -0.072716 -0.196341 0.043592 -0.114347 0.091310 0.145184 0.089421 0.180678 -0.124741 -0.054914 -0.027691 0.118637 0.114775 -0.006456 0.131284 0.020954 0.143903 -0.140920 0.217416 0.059128 0.065212 0.027212 -0.011271 
0.009404 0.121733 0.103868 0.036457 0.207903 -0.053625 0.075290 -0.132300 -0.035268 0.116205 0.017558 -0.157990 0.090260 0.006498 0.000956 0.031004 0.026363 0.012801 0.163478 0.073555 -0.091255 -0.105306 -0.198945 0.074689 -0.113656 0.019507 0.028782 0.112640 0.206826 -0.046888 -0.019388 -0.042680 
-0.093445 -0.109432 0.173934 0.122614 0.013123 0.223267 -0.094406 0.133683 0.036141 -0.118716 -0.003233 0.143900 -0.003012 -0.043789 0.039153 -0.123550 0.108463 0.023104 0.156780 0.108081 -0.075137 0.052093 0.167704 -0.049446 0.070235 0.087028 0.033974 0.059972 0.049701 0.308454 -0.016974 -0.060926 
0.060615 -0.116034 0.088029 0.075569 0.108205 -0.133011 0.072062 0.003962 0.030976 0.112396 -0.002154 -0.166012 -0.050829 -0.014739 -0.100092 -0.104722 -0.061812 0.020192 -0.163651 0.104556 -0.046283 0.012634 -0.048803 -0.167924 -0.117954 0.076725 0.187326 -0.047986 -0.013211 0.050885 0.057130 0.095561 
0.097329 -0.071173 0.128823 0.024992 0.033171 0.008045 -0.086884 0.062640 -0.052334 -0.067030 0.060343 0.060826 0.005614 0.004458 0.087263 0.109499 -0.106787 0.032315 0.034411 0.011293 -0.045814 0.001734 0.102146 -0.045701 -0.095961 -0.076587 0.055302 0.007406 -0.110700 0.053342 -0.067718 -0.108864 
0.132826 0.086001 0.058928 -0.080193 -0.003233 0.178333 0.031422 0.058820 -0.103898 -0.103902 -0.034484 0.090638 0.020100 0.033046 -0.016075 0.052228 -0.052247 -0.050300 0.009940 0.018075 0.028953 0.092897 0.169903 0.075261 -0.091473 0.033799 -0.050191 -0.070561 -0.026455 0.078971 -0.017906 0.007988 
0.073243 -0.094386 -0.132125 -0.008680 0.112668 0.108505 -0.099394 -0.107656 0.074675 -0.068356 0.073636 0.089366 0.084959 -0.064409 -0.059957 -0.103571 -0.012271 0.005501 0.050814 -0.123383 -0.071360 0.041790 0.159284 -0.002253 -0.097237 -0.083579 0.022654 -0.119157 0.083413 0.116003 0.083990 -0.130552 
-0.107462 0.116599 0.073996 0.150720 0.141143 0.097775 -0.120102 0.087435 -0.134506 0.086284 -0.134825 0.101318 0.098485 -0.052881 0.170027 -0.047833 0.130462 -0.018159 -0.055473 0.119453 -0.076796 -0.089326 -0.076095 -0.037636 -0.058213 0.054885 0.028284 0.185953 0.098633 -0.052857 -0.085915 0.135805 
-0.023822 0.061253 0.085152 -0.133942 0.113448 0.148835 0.043360 0.048377 -0.009493 0.079052 0.000612 -0.007639 -0.094853 0.002924 0.069634 0.069461 -0.059689 -0.090733 0.095957 -0.014146 -0.067100 0.117362 0.029789 0.002077 0.071343 -0.089024 -0.028341 0.064193 0.059988 0.022308 0.015442 0.008954 
-0.080405 -0.033529 0.043323 0.198436 -0.000778 0.042759 -0.049669 0.064829 -0.064676 0.076174 -0.105835 0.065637 -0.010608 0.095064 0.006834 0.016433 0.164637 0.090634 0.103930 -0.091285 0.074720 0.048758 0.068573 0.014233 0.015793 -0.071274 -0.055843 0.147614 -0.036414 0.059883 0.023774 0.144198 
0.186332 -0.047148 0.009408 -0.025325 0.099524 0.030377 0.042799 0.114269 0.040530 0.111603 -0.024283 -0.015861 0.064855 -0.030605 0.035547 0.038959 -0.067327 -0.019052 0.040381 0.142892 -0.108747 0.013745 0.021740 0.009614 0.020817 0.053337 0.082061 -0.096214 -0.003519 -0.170832 0.062023 0.053148 
-0.022234 -0.037944 0.087545 0.088869 -0.092084 0.014098 0.094251 0.083172 -0.062756 -0.128703 0.183902 0.022317 -0.028994 0.037939 0.073644 0.002106 -0.133839 0.079271 0.151921 -0.078568 0.116824 -0.075487 0.098270 0.073682 0.110454 0.008469 0.043634 -0.045964 -0.008986 0.235020 0.228111 -0.033729 
0.183143 -0.060968 0.030736 -0.256303 0.114508 -0.013931 0.270465 -0.214456 -0.155131 0.003433 -0.116774 0.095579 -0.043703 -0.044163 0.002094 -0.019232 
-0.059234 0.121524 0.012574 -0.071650 -0.122402 -0.064085 0.091603 -0.152947 0.001746 -0.005953 -0.015210 0.096366 -0.093071 -0.031504 -0.012630 -0.118493 
0.120288 -0.030575 -0.102385 0.254217 -0.004207 -0.130887 -0.166261 -0.150077 0.182977 -0.131335 0.330354 -0.080726 0.105869 -0.129867 0.198088 -0.071123 
-0.195034 -0.033237 0.007818 -0.118418 -0.033197 -0.028586 -0.144058 0.479357 0.192304 0.130583 0.286084 -0.097625 -0.097355 -0.013240 -0.211550 -0.104188 
-0.035020 -0.041592 -0.138939 0.404030 -0.030276 -0.129170 0.361756 -0.056918 -0.020248 0.260081 0.096347 -0.089204 -0.152285 -0.293841 -0.000319 -0.067424 
-0.027995 0.135999 -0.002362 0.384216 -0.049020 0.070723 0.278348 -0.063511 -0.012070 0.256116 0.006819 0.052890 0.055377 0.290316 0.221706 -0.086439 
-0.139942 0.098119 -0.104218 0.005424 0.094622 -0.114486 0.027764 -0.106271 0.146683 -0.103420 -0.056328 -0.138738 -0.081597 0.041205 -0.074409 -0.009016 
0.058578 0.108174 -0.090676 0.168497 -0.035939 0.101420 -0.012330 -0.159020 -0.072802 0.090668 0.462376 -0.094622 -0.042934 0.157248 0.285711 -0.008656 
-0.077138 -0.019580 0.119138 -0.092980 0.016441 0.032324 -0.095545 0.037126 0.068766 0.004965 -0.004181 0.128324 -0.119730 0.055852 -0.053272 0.045435 
-0.029828 -0.013861 0.025933 0.083822 -0.015846 0.096706 0.124118 0.098930 0.008036 0.057216 0.207932 0.135641 -0.099519 -0.086200 -0.064129 -0.018552 
0.150442 0.089831 0.020641 -0.029520 0.127173 0.075306 0.056497 0.021473 -0.068616 -0.226275 0.191365 -0.065752 -0.149100 -0.286844 0.413928 0.008695 
0.142225 0.057095 0.005766 -0.343838 -0.063628 0.005579 0.384258 0.397029 -0.312765 0.203565 0.358901 -0.044861 -0.087109 0.167652 0.344804 -0.140145 
0.061449 -0.049497 -0.041669 0.057279 -0.110120 -0.094868 -0.033590 -0.040124 -0.021614 -0.091774 0.061960 -0.003220 -0.047908 0.025982 -0.154957 -0.124662 
-0.150028 0.002748 -0.073557 -0.040193 -0.125799 -0.075626 -0.092826 -0.096851 -0.062577 -0.106259 0.019856 -0.017822 0.027958 -0.064787 -0.050275 -0.039626 
0.012098 0.233855 -0.107677 0.107166 0.102906 0.032829 -0.291199 0.060563 0.208958 -0.025299 0.334231 -0.098263 -0.106074 0.468995 -0.031581 -0.087778 
-0.006305 -0.002561 0.019882 -0.025865 0.042096 0.108007 0.038777 0.085603 -0.101528 -0.081054 -0.006119 0.060150 0.042185 0.119068 -0.108601 -0.048240 
0.002117 -0.156540 -0.106988 0.061609 0.079883 -0.080031 0.239355 0.070951 0.152815 0.277520 0.154774 -0.126160 0.070782 0.263977 -0.127007 -0.069575 
0.041761 0.164254 0.074732 -0.158691 0.051449 0.004275 0.232360 0.310876 0.150815 0.008952 -0.120656 -0.005468 0.117901 0.005799 0.111790 0.010757 
0.140584 0.234532 -0.119285 0.204164 -0.108106 -0.132344 -0.006378 -0.037550 0.202075 0.174193 -0.217889 0.053474 0.100381 -0.053846 0.211006 -0.032242 
-0.130809 0.027423 -0.007491 0.185370 -0.079684 -0.022755 0.034280 -0.223370 0.048659 -0.101918 0.092476 0.039946 0.055618 -0.124535 -0.071968 -0.006311 
-0.066545 -0.067075 -0.123737 -0.028016 -0.060437 -0.065769 -0.022919 -0.090963 -0.070319 -0.005474 0.099955 -0.081657 0.078763 0.084245 0.026086 0.107433 
-0.014121 -0.103038 0.049170 0.034895 -0.012184 -0.064336 0.033037 -0.099130 -0.026795 -0.083489 0.117559 -0.117252 0.037719 0.275985 -0.009711 0.110420 
-0.026886 0.141110 -0.057506 -0.095116 0.076269 0.060942 0.036258 -0.043103 -0.186867 -0.050991 0.200517 0.134270 -0.057029 0.409374 0.358583 0.093924 
0.171413 0.053117 0.016907 -0.038402 0.084325 -0.047113 0.014863 -0.063635 0.075362 -0.023364 -0.119442 -0.065665 -0.055345 0.276958 -0.096486 0.012347 
-0.016318 -0.012280 -0.124195 -0.049748 -0.092814 0.065161 -0.014017 -0.038138 -0.064472 0.080035 -0.044646 0.029316 0.059297 -0.083671 -0.016042 0.056231 
0.116697 -0.015405 -0.091877 -0.034311 -0.047426 0.078677 0.150733 0.522774 0.037040 0.239580 -0.224531 0.000621 0.055201 -0.078283 -0.222365 -0.068754 
0.082216 -0.065629 0.025167 -0.137211 0.090260 -0.128701 -0.090598 -0.066538 0.176062 0.040554 0.199517 0.010611 0.114662 -0.192718 -0.017773 0.045519 
-0.163952 -0.067651 -0.082785 0.149634 -0.086453 0.121880 -0.008239 0.000311 0.211407 0.204972 0.107280 0.074098 -0.116158 0.133527 -0.241681 0.122806 
-0.126506 0.050788 0.129239 0.371355 0.040998 -0.042465 0.351230 -0.015921 -0.068532 0.158553 -0.166604 0.141607 0.073658 -0.193299 -0.010422 -0.130245 
0.179958 0.389888 0.013668 0.239788 0.069583 -0.135091 -0.071187 0.220593 0.207784 -0.224074 -0.203079 0.089072 0.092092 0.055615 0.279049 -0.139156 
-0.061872 0.237577 0.104759 0.122576 -0.128193 0.102334 -0.132898 0.062088 0.165411 -0.105334 -0.224874 -0.011793 -0.007543 0.053626 0.016726 -0.075118 
-0.048229 -0.131825 -0.115054 -0.010210 -0.132445 -0.055357 -0.126739 0.233255 0.001542 0.106714 0.294625 -0.043271 -0.108821 -0.059389 -0.086920 -0.065247 
-0.174536 -0.138795 -0.162667 -0.101984 -0.203288 -0.057511 -0.115111 0.118584 0.005587 -0.049623 -0.178033 -0.071634 -0.129991 0.117620 -0.034845 0.178009 0.166181 0.110947 -0.228393 0.149227 0.132514 -0.079542 0.097898 -0.233113 0.197111 -0.182955 -0.005533 -0.208513 -0.016419 0.166232 -0.147776 0.175125 -0.101221 -0.029089 -0.009163 -0.110764 0.065410 0.161784 0.134237 -0.040058 -0.045529 0.158926 0.017684 -0.021799 0.013572 0.187657 -0.076201 
-0.112625 -0.000185 -0.098240 0.230095 -0.090546 0.109463 -0.024330 0.042833 0.149330 0.081961 0.230595 0.233264 -0.222780 0.249242 -0.275279 0.014222 0.296522 0.136244 -0.152579 -0.168533 -0.151310 0.008172 0.310934 0.071688 -0.006787 0.131840 -0.193448 -0.226578 -0.137003 -0.197227 -0.127256 0.087869 0.022736 0.043835 -0.054012 0.103132 -0.037530 0.130760 0.082404 -0.138156 0.018963 -0.049882 0.058596 -0.031315 -0.039791 0.092888 -0.129966 
-0.182238 -0.152109 -0.081689 -0.166781 -0.071164 0.033617 0.227124 0.187010 -0.176124 0.093941 0.235846 -0.162812 0.209009 -0.201270 -0.040191 -0.066596 0.081081 -0.204950 0.100967 0.032996 -0.029384 0.004312 0.217636 -0.027111 0.183282 -0.079875 -0.166753 -0.091191 0.026363 0.192079 -0.074057 0.084015 -0.116645 0.049094 0.091675 -0.018201 -0.071258 0.084227 -0.049053 -0.034053 -0.000928 -0.051412 0.010918 -0.018945 -0.028880 0.127434 0.082164 
-0.081099 -0.226427 -0.090739 0.040778 -0.015923 -0.357609 0.042326 0.329718 0.313931 0.306055 -0.155711 -0.172579 0.034782 0.543058 -0.045014 -0.199174 -0.234136 -0.025086 0.425742 -0.067157 -0.104655 0.080746 0.171054 0.445215 -0.054315 -0.165795 -0.053257 0.100359 0.001868 -0.074869 0.104371 0.146824 -0.037955 -0.142203 -0.078451 0.078089 -0.134231 0.055819 0.152513 0.194309 0.099414 0.179752 -0.105553 -0.114020 0.155149 -0.009412 -0.040665 
0.154039 0.189955 -0.075575 -0.095598 -0.063674 -0.183665 -0.187643 -0.136767 -0.051523 -0.128349 0.050721 -0.190798 0.116955 0.214765 0.050279 -0.078402 -0.084758 0.056356 0.025880 -0.163696 0.063635 -0.069795 0.191883 0.023168 -0.198058 0.106558 0.078321 -0.096115 -0.001698 -0.078359 0.075887 -0.083370 -0.074492 0.138569 0.033752 0.026028 -0.108339 0.062257 0.088402 0.002436 0.127279 -0.020197 0.031119 0.059213 -0.034399 -0.079068 -0.126694 
0.093048 0.158601 0.049423 0.170053 -0.017653 0.223857 0.126692 -0.234894 -0.211169 -0.006928 0.084960 -0.067396 0.231266 -0.233291 -0.231548 -0.096030 -0.121693 -0.233789 0.201710 0.166117 -0.179582 0.071915 0.078258 0.063899 0.053132 -0.198764 -0.122659 -0.085256 -0.020160 -0.018286 -0.062510 -0.167002 -0.058098 0.132330 -0.138186 0.071568 0.122975 0.075699 0.074483 0.139732 -0.068308 -0.015912 -0.039555 -0.073341 -0.012062 -0.034689 0.010595 
0.195418 -0.054553 -0.170691 0.058184 0.006954 -0.289925 -0.137877 -0.252656 0.165220 -0.067933 -0.007970 -0.193159 0.426435 0.240535 0.007423 0.401698 -0.206235 -0.056748 0.243871 0.272057 -0.130198 0.275026 0.265631 -0.123496 0.451009 -0.254855 0.058019 -0.154006 0.028881 -0.212600 0.063433 -0.156852 0.038810 -0.097753 0.089839 0.062974 -0.065011 -0.130337 -0.177205 -0.149082 -0.077910 0.082646 -0.127262 -0.141338 0.006643 0.004931 0.137345 
0.205059 0.153059 0.223320 -0.033587 -0.162709 0.404658 -0.206180 -0.045184 -0.008713 -0.113034 -0.188161 0.446800 0.118070 -0.141967 -0.028320 -0.212357 0.229954 0.118989 -0.008300 0.243399 0.165420 0.330898 0.428309 0.121292 -0.074953 -0.066265 0.463634 -0.098013 0.030917 -0.052193 -0.071128 -0.087860 -0.036908 0.005544 -0.002723 0.001298 0.077218 0.016986 0.136441 -0.003159 0.035869 -0.026644 -0.125376 -0.022234 -0.050758 0.080988 0.003029 
0.275104 -0.195075 -0.085758 0.000856 0.232636 -0.102586 -0.103366 0.223632 -0.029417 0.019212 0.149065 0.176357 -0.306069 -0.163794 -0.314815 -0.325341 -0.003781 -0.110027 0.111868 0.136653 -0.212235 -0.186623 0.147045 0.061268 0.155512 0.155600 0.065184 -0.009879 0.229877 0.193228 0.327302 0.279644 0.104938 -0.046956 -0.009299 0.151919 0.018483 0.070356 0.042015 -0.073093 -0.039359 0.074818 0.069630 -0.038590 0.104617 0.011062 0.020064 
0.048104 -0.241014 -0.179423 -0.201378 -0.224342 0.083548 0.163878 -0.081465 0.044463 0.045697 0.184977 0.286880 0.227965 0.165333 0.350736 0.073598 0.144433 -0.141117 0.309495 0.119508 0.137731 0.204005 0.100793 0.292561 0.440130 -0.126803 0.151543 -0.071275 -0.187765 -0.035521 0.274212 -0.065594 -0.004136 -0.088056 0.019780 0.029343 0.046146 -0.024303 0.136925 -0.133383 0.160291 0.094784 -0.099867 0.003683 0.022006 -0.117760 -0.127268 
-0.112543 -0.042217 0.631156 0.222421 -0.096419 0.396956 -0.070195 -0.017730 -0.103188 0.007456 0.261239 -0.162696 0.187915 0.025078 0.560313 -0.108795 0.348937 -0.127755 0.092958 -0.171487 0.038874 -0.299892 -0.352386 0.229220 -0.074270 0.170885 -0.165087 0.073143 -0.196069 -0.128143 0.070348 0.046245 0.016630 0.070789 0.139828 0.068831 -0.043688 -0.040983 -0.001587 -0.047772 0.109712 0.167219 -0.109896 0.033826 0.004760 -0.075679 0.070097 
0.231833 -0.147896 -0.027585 -0.166300 -0.236826 0.022551 -0.151982 0.237017 0.067205 0.185729 -0.181057 -0.099478 0.231585 -0.069049 0.235485 -0.152336 -0.239440 0.089724 -0.152588 0.213893 -0.198129 0.017057 -0.196031 -0.160721 -0.013709 -0.197416 -0.109402 -0.191609 -0.065349 -0.080961 0.168564 -0.073546 0.006459 -0.057677 0.000097 0.008297 0.095356 0.051409 0.006485 -0.005354 0.019786 0.040831 0.076401 0.014843 -0.139692 0.073841 0.065922 
-0.237116 -0.023574 0.196332 0.217750 0.018186 -0.018991 -0.221201 0.113658 0.209526 -0.175948 0.227656 -0.224355 0.012346 -0.057245 0.188304 0.165574 0.157537 -0.160702 -0.069496 -0.056214 -0.235126 -0.210152 0.207830 0.005803 0.056810 0.012767 -0.103974 -0.169832 0.013017 -0.226512 0.182644 0.000031 -0.005376 0.084445 -0.006315 -0.122437 -0.069181 0.004589 0.073198 -0.082009 0.039751 0.065574 -0.089354 -0.101747 0.138856 -0.116320 0.132526 
0.347917 -0.125128 -0.054141 -0.276526 -0.117606 0.147715 -0.207513 0.193184 0.400869 0.146964 -0.254069 -0.087525 -0.268005 -0.322255 0.431885 0.172469 0.242959 0.307008 -0.325704 0.006966 -0.281119 0.223212 -0.155549 -0.099353 -0.073664 0.304957 -0.113129 -0.036385 0.204029 -0.021628 -0.009119 0.284691 0.050452 0.077021 0.129003 0.124036 -0.139796 -0.131994 0.136603 0.191454 0.025110 0.144101 -0.077225 0.068204 0.058897 -0.104398 -0.030610 
-0.089888 0.121807 0.121588 0.295994 0.124337 -0.136193 -0.215662 0.310083 -0.055039 0.286202 -0.053267 0.298099 0.425324 0.382293 -0.000605 0.210474 0.140941 0.437971 0.040930 0.049258 -0.288540 0.201671 -0.046874 -0.283531 -0.013006 0.156998 -0.302536 -0.205070 0.030404 -0.215595 -0.131861 0.359471 0.098478 0.162105 0.041850 -0.070152 -0.114028 0.056031 0.105950 0.166258 0.013226 0.134005 0.071080 0.039218 0.001053 0.107546 -0.040015 
-0.206215 0.128432 -0.222786 -0.001176 0.144603 0.115381 0.061321 0.146679 -0.206074 -0.016002 0.171490 -0.171372 -0.215068 0.193975 0.052720 0.194866 0.101993 0.049298 0.025719 -0.107631 0.125483 -0.118462 0.132949 -0.058299 0.216379 0.048990 0.180401 0.043851 -0.144385 0.074911 0.215199 -0.109400 -0.021098 0.135434 0.075332 -0.077343 0.063136 -0.028855 -0.131416 0.082942 0.101775 0.108986 0.123149 0.116767 0.083271 0.014400 0.090409 
-0.029579 -0.120043 -0.008262 0.097250 0.185343 0.054259 0.013258 -0.070459 0.028197 -0.204984 -0.160267 -0.135859 -0.070461 0.189022 -0.167147 0.044986 -0.084974 -0.121338 -0.034075 -0.100077 0.117328 0.180030 -0.020568 0.094367 0.084612 -0.016621 0.111674 0.030673 -0.108509 -0.190421 -0.038452 0.019156 -0.079784 0.130537 0.075862 -0.073994 0.008713 -0.150496 -0.005706 0.148143 -0.083593 -0.050396 -0.111253 0.026257 -0.026757 -0.068453 -0.040760 0.126262 -0.033591 0.045625 -0.109224 -0.084907 -0.068911 0.124817 0.140523 -0.090687 -0.132901 -0.084879 0.164874 -0.073355 0.012395 -0.217057 0.192342 0.163511 
0.127852 -0.005019 0.168825 -0.070902 0.014222 -0.009566 -0.071732 0.090144 -0.130865 -0.013385 -0.048542 0.028265 0.086699 0.029032 -0.067350 -0.116120 -0.094971 -0.001810 -0.036549 0.053445 -0.103585 -0.083011 0.088699 -0.070540 0.062924 -0.017213 0.027774 -0.090713 0.014587 0.025691 -0.153119 -0.027285 -0.148892 -0.153674 0.071560 0.034651 0.005953 0.169333 -0.044837 0.044522 -0.013298 0.076093 -0.096726 -0.096342 -0.064259 0.005552 -0.042737 0.010552 -0.165886 0.090010 -0.105785 -0.099830 -0.162774 0.152526 -0.001141 0.069889 -0.034119 -0.143061 0.148926 0.149973 0.052307 0.164826 -0.046942 0.073102 
-0.207781 -0.028110 -0.097807 0.009848 -0.108469 0.089952 -0.116174 -0.034010 -0.030525 -0.244417 0.114804 0.201812 0.298233 -0.066065 -0.050905 0.116462 0.130438 -0.016552 -0.150451 0.204461 -0.053107 0.180617 0.103904 0.183041 0.270902 0.153568 0.141752 -0.041968 0.001759 0.032765 -0.167919 -0.076827 -0.174998 0.083163 -0.112693 -0.082878 -0.091827 -0.067492 -0.042678 -0.066178 -0.058324 0.189277 -0.099230 0.097162 0.132960 -0.008913 0.029773 -0.088052 0.128196 0.056588 -0.033104 -0.141816 -0.078424 -0.096743 -0.034406 0.331757 0.152111 0.175042 0.069889 -0.130429 0.049813 0.099012 0.022521 -0.176567 
0.063642 0.075921 -0.143800 0.120710 -0.162091 -0.183832 -0.037473 0.099268 0.026260 0.032065 0.055997 -0.085945 -0.068611 0.161600 0.087210 0.152642 0.040338 -0.118232 -0.080320 0.219893 -0.044675 -0.074457 0.162943 0.058569 -0.173311 0.019810 0.072139 -0.162489 0.069978 0.140683 -0.133871 -0.004959 -0.013310 -0.110292 -0.070632 -0.003817 0.022060 0.109899 -0.085860 -0.120354 -0.041636 0.081193 -0.090627 -0.042950 0.122973 0.157839 -0.020874 -0.088226 -0.131438 0.058432 -0.105352 -0.039149 0.207120 -0.129097 -0.166109 -0.159381 -0.027561 0.263783 -0.134988 -0.143315 0.033515 -0.078920 0.003899 0.090625 
0.033096 -0.153852 -0.037505 -0.155164 0.125674 0.060226 -0.147538 -0.070758 -0.040132 -0.068537 0.091000 -0.156584 -0.081647 -0.102097 -0.062915 -0.043216 0.125961 0.001360 0.058328 0.122341 0.036073 0.081427 0.160482 0.163084 0.066105 -0.133484 -0.148910 -0.094100 -0.059965 0.058748 -0.126119 0.142759 0.074523 0.006003 0.157222 0.030569 -0.103398 -0.159944 0.129438 0.026097 -0.058854 0.050811 0.039140 0.029127 0.118341 0.145852 0.155538 0.074675 -0.022415 0.044238 0.027389 -0.155969 -0.043962 0.018243 -0.162512 -0.147484 0.054387 -0.141795 -0.071957 0.164049 0.086581 -0.028449 0.137181 -0.008523 
0.115490 0.199086 -0.166507 -0.126422 0.215432 0.198801 0.050450 -0.121780 0.032668 -0.203520 0.026759 0.025006 0.012688 0.209309 -0.087447 0.035318 -0.034786 0.103660 -0.012390 0.046762 -0.169573 0.277473 0.153438 0.259297 0.366471 -0.044923 0.286167 0.034714 0.001615 0.139650 -0.168088 -0.128772 0.014514 -0.069907 0.078208 0.077944 -0.218686 -0.065756 0.002382 -0.008148 -0.063643 0.118326 -0.131808 0.129427 -0.011386 -0.071065 0.038604 0.050596 -0.168582 -0.071427 0.013432 -0.098990 -0.190013 0.013842 -0.055367 0.336847 0.032530 -0.144722 0.072983 -0.147204 -0.180736 0.039643 0.001929 0.050360 
0.044155 -0.122304 -0.033263 0.067924 -0.018433 -0.089251 -0.045267 -0.144796 0.129120 -0.007448 0.153340 -0.070748 0.086428 0.005424 -0.135736 0.094123 0.103625 0.059822 -0.135748 0.115802 -0.140441 -0.039914 0.069788 0.039654 0.036790 -0.117463 0.062777 0.061920 0.054407 -0.093518 -0.009376 -0.071066 -0.046196 0.126988 0.166485 0.104998 -0.131890 -0.048409 0.129829 0.166856 0.113770 0.113541 -0.073519 0.030571 -0.050661 -0.039628 -0.044934 -0.116664 -0.149434 -0.011054 0.168765 -0.120248 0.118659 0.068926 0.089033 -0.014178 0.121090 -0.017817 -0.121885 0.005869 0.058292 0.038366 0.104430 -0.157531 
-0.166487 0.012970 0.125605 0.011790 -0.159691 0.061043 0.030888 0.187509 0.021211 0.066831 0.083248 0.072664 0.011959 0.304648 -0.152364 -0.078167 -0.028548 -0.145058 -0.010997 -0.047944 0.152913 -0.056184 0.048783 -0.097414 0.033674 0.354997 -0.134252 -0.051626 -0.007920 0.275798 -0.010488 0.126730 0.116764 -0.145311 0.013087 0.180970 0.204716 -0.117179 0.127382 0.081829 -0.292949 -0.021558 -0.024380 -0.173349 0.115363 -0.005512 -0.054425 0.126888 0.017602 -0.147977 -0.132366 -0.005804 -0.032778 0.138006 0.177306 0.158481 -0.001399 -0.014032 -0.017759 -0.114259 -0.131249 0.057925 -0.143569 0.077368 
0.137719 0.000334 0.116535 0.113950 0.077842 0.075007 -0.046997 0.135898 -0.138849 0.232850 -0.135224 -0.055299 -0.110218 0.113313 -0.066734 0.119397 0.115607 -0.002267 -0.128335 -0.178616 -0.119812 -0.171722 -0.150068 -0.237566 -0.091010 -0.018043 -0.141774 -0.060143 -0.145773 -0.108152 -0.113576 0.149445 -0.176034 0.061282 0.140746 0.151855 -0.046890 -0.094680 0.097032 0.114854 -0.086881 0.156244 -0.147396 -0.126240 0.062081 -0.024761 -0.120797 0.175997 0.134784 -0.037344 0.066408 -0.019397 0.035816 0.109813 -0.066181 0.091601 -0.210059 -0.092326 -0.198811 -0.083307 0.113136 -0.065199 -0.067738 0.105658 
-0.209802 -0.185693 0.038089 0.014019 -0.127172 0.019366 -0.130234 -0.051213 -0.031195 -0.060577 0.085732 -0.148125 0.072985 0.154632 0.088494 -0.006873 -0.084275 -0.025376 0.040145 0.082277 -0.102479 0.100087 0.074515 -0.110436 -0.082831 0.178810 -0.007250 -0.148085 -0.161043 0.169341 0.113161 -0.151752 -0.145865 -0.016974 0.069487 -0.057136 0.122364 0.110080 0.018252 0.009089 -0.206329 -0.011770 -0.004587 -0.025007 -0.008441 -0.097815 -0.178587 0.132937 0.049131 0.118123 -0.063518 0.205019 0.141040 0.123189 -0.035487 -0.133759 0.000579 -0.134036 -0.151974 0.066303 0.160987 -0.158055 0.104864 -0.186812 
-0.002766 0.032484 -0.053012 -0.025400 -0.027607 -0.133377 0.089589 -0.036463 0.011868 -0.085496 -0.149594 0.114895 0.007538 -0.125381 -0.075775 -0.130006 0.163934 0.039008 -0.159475 0.094612 0.025342 -0.057879 0.135853 -0.084065 -0.049192 -0.135736 0.149788 -0.058167 -0.142709 0.107765 -0.041195 0.017580 -0.046135 0.096079 0.178133 0.076197 0.157180 0.089150 -0.137157 -0.012185 -0.164694 -0.121034 -0.086747 0.001340 -0.057817 0.019269 0.057864 -0.072137 -0.113278 0.035318 -0.159873 0.075549 0.153329 0.144907 0.155564 -0.081447 0.191213 0.154470 0.066574 -0.147467 0.051906 0.156735 0.027420 -0.154839 
0.123748 0.075625 0.084330 0.057059 0.063413 0.097866 -0.149826 -0.015678 -0.140761 -0.103543 0.060783 -0.051062 0.140807 0.139672 -0.014766 -0.147048 -0.138260 0.076480 0.062140 -0.221075 0.035185 0.119773 -0.074381 0.159537 0.071895 0.240948 0.041000 -0.048653 0.123132 -0.077253 -0.050898 0.006914 0.211501 -0.131389 -0.018583 -0.046274 -0.137021 -0.021554 0.050366 -0.100588 0.202470 -0.030629 0.036109 0.055104 -0.131935 -0.090754 0.258774 -0.124008 0.129184 0.028112 -0.113448 -0.019196 -0.075740 0.026404 -0.213339 0.148368 0.011984 0.050122 0.018013 -0.063331 0.166727 0.007414 0.180553 0.111623 
0.146624 0.026933 -0.164799 -0.144482 0.051965 0.169298 -0.084203 -0.047915 -0.035810 0.175192 -0.023588 0.106997 -0.125899 -0.221288 0.171449 -0.150864 0.041325 0.135393 0.019135 0.196983 -0.028834 -0.193498 0.243794 0.215801 -0.315361 -0.121615 -0.302193 -0.155807 0.147530 -0.080632 0.122998 0.141174 -0.111125 0.196561 -0.200753 -0.102083 0.086669 -0.049772 0.057401 -0.114085 -0.028977 0.255896 0.026038 0.066840 -0.215339 -0.079797 0.109239 0.035670 -0.127854 -0.146136 0.007638 -0.004879 0.043265 -0.023267 -0.030921 -0.144795 0.215912 0.023987 0.020265 0.056131 0.077476 0.107030 0.042116 -0.140927 
-0.212616 -0.041980 -0.081496 -0.133429 0.067071 -0.049405 -0.074119 -0.077973 -0.151725 0.236949 0.241764 -0.157615 -0.108412 -0.046858 0.175430 -0.083558 -0.033940 -0.072541 0.175407 0.225062 0.222288 -0.313098 0.105307 -0.082200 -0.280822 0.079592 -0.217390 -0.051045 -0.124891 0.213436 0.067518 0.149911 0.005490 0.076305 0.083562 0.083066 0.226677 -0.105252 0.225064 0.279485 -0.221528 -0.044863 -0.160725 -0.138028 0.176085 0.083636 -0.048839 0.063735 -0.148412 -0.089955 -0.052558 0.244721 0.024237 -0.158724 -0.038423 -0.421966 0.039246 0.222128 -0.039182 0.081411 0.171679 0.068349 -0.049347 -0.090532 
0.056021 0.079654 0.202288 0.028610 -0.038082 0.177981 -0.002906 -0.039030 -0.044825 -0.091376 0.104280 0.071324 0.016376 -0.110039 0.136557 -0.063853 0.002477 -0.131408 -0.128280 0.157917 -0.223792 0.080759 0.221137 0.157638 0.148152 -0.071094 0.028832 -0.071433 -0.119175 -0.076383 0.003429 -0.000070 -0.187713 0.157319 0.024788 -0.171092 -0.070090 -0.158019 -0.104687 -0.014549 -0.077960 0.265665 0.128478 0.239606 0.056648 0.039957 -0.104781 -0.113213 0.054909 0.038027 -0.151881 0.067269 -0.074908 -0.087350 0.302825 0.215505 0.031888 -0.112812 -0.128612 -0.011960 -0.096878 0.313742 -0.037836 0.175007 
-0.243335 0.110254 0.279955 -0.042029 0.087565 0.104547 0.147615 -0.040775 -0.151938 -0.033456 0.012141 0.083675 -0.021632 0.125144 0.287627 -0.139076 -0.042504 -0.148724 0.242075 0.138471 -0.047599 0.033263 0.041875 -0.056744 -0.297453 0.121654 0.253966 0.037136 0.059003 -0.001758 0.113130 0.139832 -0.199575 0.060158 -0.111902 0.311511 0.011462 -0.088590 0.116334 -0.179954 -0.288922 0.154795 -0.167480 -0.007195 -0.020604 0.173671 -0.040502 -0.349220 -0.143413 0.009336 0.103878 -0.145268 -0.123245 0.108239 0.040909 -0.083466 -0.020694 0.017004 0.193971 -0.153406 0.122728 0.032591 0.211875 0.183315 
-0.098363 -0.022985 0.148613 -0.067779 0.041144 -0.076745 -0.001730 -0.006300 -0.087465 -0.043726 -0.194881 0.169805 0.071163 0.158448 0.139143 0.013676 -0.137671 0.118533 0.018191 -0.062433 -0.141248 -0.016552 0.075917 0.145686 0.295995 0.185392 0.067233 0.036598 -0.119525 0.114504 -0.029848 -0.198826 0.115124 -0.093052 0.028927 -0.028023 -0.029855 -0.134827 0.052091 0.128583 0.060382 0.312675 0.098258 -0.136401 0.040955 0.096747 0.142484 -0.026257 0.010574 0.033692 0.149812 0.088636 0.158552 0.097693 0.001924 0.216181 -0.075236 -0.108637 -0.069811 -0.031951 0.094051 0.241827 0.084096 0.095315 
-0.201598 -0.105465 -0.037263 0.109021 -0.046331 -0.119123 0.066636 0.157857 -0.142787 -0.142083 -0.154363 0.009176 -0.030397 0.312251 -0.043709 0.090757 0.027074 -0.088002 0.024942 0.007007 0.145657 -0.087915 -0.079985 -0.135560 -0.063814 0.226350 0.140771 -0.138542 0.081354 -0.029109 0.154161 0.095670 0.002445 0.136647 0.074238 0.195826 -0.164037 -0.009354 0.107414 -0.201556 0.091840 0.182476 0.090813 -0.149323 0.141446 -0.157503 -0.165240 -0.170592 -0.087668 0.046736 -0.154902 -0.150987 0.075521 0.070300 -0.106580 0.279336 -0.110618 0.120575 -0.102267 -0.160927 0.187893 0.148478 0.212275 0.001455 
0.113228 0.096074 -0.191246 0.117591 -0.123428 0.201089 -0.174941 -0.121205 0.117216 0.231816 0.028453 0.156469 0.109602 -0.124427 -0.042754 -0.132108 -0.155376 -0.068405 -0.047051 0.109976 0.096220 -0.119642 0.137318 -0.197933 -0.236826 0.063192 -0.380143 -0.097139 0.063077 -0.180929 0.041611 0.085916 0.075746 0.144059 0.029916 0.146087 0.116675 0.033390 -0.130083 0.123888 0.110277 -0.043239 -0.069444 -0.023414 0.123422 0.008072 0.070497 0.382372 0.105434 0.051412 0.065938 0.072441 -0.089867 -0.043318 0.045894 -0.269608 0.043080 0.056740 0.060672 -0.150375 0.018261 -0.145635 -0.010094 -0.104848 
0.146591 -0.058456 -0.025285 0.047991 0.158844 0.017622 -0.136058 -0.081962 -0.166899 -0.047185 -0.020635 0.171181 -0.211579 -0.092877 0.181211 0.110421 0.054933 0.092375 -0.016319 0.034283 -0.029907 0.080940 -0.116942 0.146000 -0.135124 0.041128 0.085416 -0.157997 0.109885 -0.027513 -0.032931 0.110953 0.096778 0.091354 0.019171 0.066894 -0.102382 0.053597 0.146753 -0.160619 -0.036006 -0.074624 -0.143298 -0.088507 -0.107160 -0.153870 0.283004 -0.148011 0.092883 -0.047856 0.116670 -0.166776 -0.113645 -0.118764 0.058724 -0.055822 0.131809 -0.028682 0.175650 0.025133 0.184920 -0.189653 0.001594 0.129756 
0.196643 0.148610 -0.070984 0.119805 0.040475 -0.131427 0.135083 0.071461 0.054247 -0.130789 0.088505 -0.129459 -0.123790 0.123137 -0.103371 0.121132 -0.092039 -0.099500 0.093707 -0.006521 -0.104105 0.013620 -0.055800 0.235568 -0.137949 0.150385 -0.015727 -0.138883 -0.156077 -0.158367 0.090162 0.084765 0.192236 -0.128455 0.049526 -0.043409 -0.056599 0.041134 -0.151901 -0.170919 0.157777 -0.110429 -0.122163 0.069074 0.160406 -0.031337 0.075195 -0.099580 0.031023 0.005803 0.049693 0.100641 -0.125160 0.116434 0.106619 -0.128745 0.128413 -0.023922 -0.057828 0.132522 0.020767 -0.103959 0.068743 -0.040458 
-0.015886 -0.055529 0.248350 0.037919 0.187873 -0.039328 0.008333 0.039749 -0.058571 0.164770 -0.119964 -0.073737 -0.178394 -0.090908 0.037318 0.095874 0.010662 -0.071250 0.041329 -0.012603 -0.136520 -0.130128 0.121006 0.252568 -0.012530 -0.134915 0.063069 -0.044156 -0.062277 -0.016946 0.130416 0.063547 0.148597 0.066931 -0.046005 0.235200 -0.199620 0.159990 0.087365 -0.025696 0.269851 -0.206755 0.046628 0.153089 -0.302553 -0.114986 0.195652 0.027117 -0.041747 -0.039986 -0.124156 0.025830 0.088743 -0.084236 -0.025497 -0.087899 -0.081136 -0.120607 -0.173546 0.052805 0.237285 0.103485 0.014214 0.210955 
0.005949 0.021447 0.173891 0.036605 0.127093 0.010056 0.126664 0.004250 0.022263 0.028703 -0.081674 0.008295 0.065561 0.040012 -0.112901 -0.117883 0.019729 -0.011479 0.106807 -0.104189 0.128753 -0.117489 -0.185969 0.170726 -0.153791 -0.068242 0.048989 0.002123 -0.182136 -0.161492 0.020701 0.060820 0.156582 -0.096960 -0.023085 0.064984 0.182972 -0.068563 0.194426 0.005548 0.278980 -0.247196 -0.139658 0.021325 -0.098368 -0.079232 0.295862 -0.189249 0.058049 0.002195 -0.064136 -0.070703 0.029895 0.037048 -0.199159 -0.253822 0.031056 0.098822 0.212144 0.019259 0.143458 -0.254087 -0.065280 0.036168 
0.100254 0.034780 0.080961 -0.038430 0.132222 0.055647 0.103898 0.118972 0.164964 0.215131 -0.037522 -0.039161 -0.063531 -0.051187 -0.105929 0.128782 0.122793 0.128192 -0.205128 -0.058877 -0.185040 -0.098538 0.106960 0.192352 0.218125 -0.063954 -0.071021 0.058273 -0.037671 0.031858 -0.173225 0.086497 0.004882 0.181257 0.028147 -0.144210 0.068315 -0.099521 -0.244101 0.128123 0.047534 0.044253 -0.133267 -0.040265 0.146317 0.016503 0.032072 0.313698 -0.042545 -0.015375 -0.077452 0.081793 0.059800 -0.202325 0.130029 0.058738 -0.068340 -0.214694 -0.075286 0.073481 0.127340 -0.030174 0.010017 -0.108974 
-0.084644 0.184181 0.089837 -0.156405 -0.113375 0.127148 0.044642 -0.065067 -0.046872 0.113242 0.095755 -0.031479 -0.112380 -0.135393 -0.054750 0.089883 0.028694 0.011926 0.040302 -0.106061 0.060755 -0.271695 0.146254 0.123428 -0.292370 -0.186688 -0.053485 -0.133396 0.011542 -0.134120 0.010939 0.170677 -0.112707 -0.084484 0.186323 0.001067 0.164488 0.071048 0.141260 -0.112027 0.078869 -0.016534 0.008593 0.165282 -0.021510 0.069732 0.164177 -0.057011 -0.102631 -0.120514 0.001460 0.074697 -0.116690 -0.017086 0.016650 -0.246472 0.099635 -0.146269 0.036047 -0.130712 -0.032593 0.106489 -0.128455 0.079472 
-0.168532 -0.144840 -0.159408 0.112477 0.075328 0.101564 -0.161492 -0.062689 -0.023259 -0.000963 -0.072771 -0.130484 -0.090143 0.176507 -0.015512 -0.027395 -0.136792 -0.156401 -0.127923 -0.057768 -0.001221 0.117320 0.026748 -0.202533 0.203909 -0.090751 -0.056639 -0.102781 -0.156170 -0.027883 0.099160 -0.199537 -0.026621 0.102324 0.157752 -0.068777 0.034241 0.134176 0.011765 -0.109089 -0.019852 0.121513 -0.076566 0.028020 0.108006 0.082617 -0.151343 0.116981 0.092634 -0.078015 -0.118851 -0.075660 0.165034 0.139300 -0.038632 0.155325 0.126321 0.054687 0.164273 0.157592 0.117999 0.125904 -0.178445 -0.017011 
0.038689 0.179194 -0.016013 -0.065321 0.183991 -0.070713 -0.065578 -0.088909 -0.159751 -0.096294 0.041416 0.151333 -0.003270 -0.108850 0.072058 -0.096575 -0.069325 0.119335 0.024655 -0.158013 0.094271 0.242937 -0.108142 0.100252 0.004971 -0.207175 0.077696 0.009923 0.077470 -0.025689 0.130385 -0.048866 0.005581 0.131940 0.140572 -0.111135 0.126955 -0.107422 -0.101205 0.020699 0.198129 -0.173437 0.050123 0.014743 -0.112231 -0.066921 0.186132 -0.011997 -0.133589 -0.139796 0.084822 0.037195 0.156158 0.154839 -0.114518 -0.041394 0.211836 0.064382 0.370396 0.039819 -0.118988 0.049075 -0.168511 0.044782 
0.012284 0.115254 0.090732 -0.047091 -0.161795 -0.124632 -0.096588 0.142174 -0.033982 0.123161 -0.078412 0.065358 -0.113397 0.119688 -0.074256 -0.076979 0.149519 -0.127420 0.165216 0.136483 0.169374 -0.090813 -0.042600 0.128723 0.160663 -0.048922 0.016861 -0.096520 -0.073410 0.048987 0.113414 0.108501 -0.005386 0.034519 -0.108217 0.002445 0.079514 -0.035178 -0.025008 -0.124095 -0.081643 0.066208 0.110890 -0.025414 0.016268 -0.132993 0.067234 -0.003840 -0.090786 0.062823 -0.036984 -0.091039 0.141637 0.090043 -0.131943 0.132673 -0.128506 0.054545 -0.133475 -0.032289 -0.066095 0.149566 -0.093415 0.098146 
0.014458 -0.032004 -0.069093 -0.075655 0.103118 0.074888 -0.030123 -0.148428 -0.027836 -0.088860 -0.004653 0.157942 -0.052270 -0.105983 -0.015720 0.026616 0.125446 0.117236 0.105378 0.097264 0.038236 0.142977 0.060323 0.078806 0.027874 0.097521 -0.122338 0.131338 0.076592 -0.046716 0.059982 -0.078664 0.091299 0.159942 0.015720 0.023805 0.066600 0.154899 0.044502 -0.130735 -0.103278 -0.130869 -0.142627 0.013663 -0.066619 0.011592 -0.128503 -0.111485 -0.040799 0.145632 0.155598 0.166480 0.119030 0.046773 0.075119 -0.022945 -0.026522 0.122520 -0.060522 -0.119539 -0.094222 0.167501 -0.028476 0.166165 
0.159084 0.156532 0.019757 0.055860 0.141803 -0.105557 0.094427 -0.131413 -0.065855 0.121427 0.052028 0.036469 -0.036608 0.092456 0.094612 0.092220 0.068461 0.080582 0.089073 0.017726 -0.042574 -0.004929 0.164424 0.100550 -0.052445 -0.066422 0.150638 0.022734 -0.067785 -0.047479 0.018980 -0.078329 -0.060574 -0.130890 0.147159 -0.088398 -0.066819 0.071958 -0.050183 0.036953 0.023758 -0.167782 -0.096206 0.156778 0.094301 0.168033 0.079371 -0.006865 0.078988 -0.001184 -0.158766 -0.133213 0.163515 -0.163968 0.136964 -0.058558 -0.060763 0.117975 0.133804 0.041079 -0.099131 -0.016843 0.132377 0.009922 
0.071646 0.105536 0.062639 0.124282 -0.003147 -0.164945 -0.020220 -0.122761 -0.126814 0.104410 -0.157176 0.095325 0.059843 0.098571 -0.105569 -0.027093 -0.068389 -0.021368 -0.056515 -0.103660 -0.113013 -0.059657 0.078458 0.095619 -0.091710 0.011464 -0.113931 -0.004189 0.151615 -0.124445 -0.205203 -0.021368 -0.120616 0.102304 0.006278 -0.010087 0.137882 0.122624 0.027369 -0.102648 0.083991 0.077722 0.148152 -0.105970 0.057237 -0.061395 0.096949 0.290121 0.080123 -0.104479 -0.118298 -0.093286 0.033126 0.071384 0.212320 0.088006 -0.082248 -0.147664 -0.068703 -0.092717 0.025340 -0.052121 0.075088 0.003936 
-0.145024 -0.186196 -0.061366 -0.139717 -0.186599 -0.219094 -0.124507 0.035584 0.103771 -0.164621 0.117743 -0.117992 0.036359 0.089448 -0.115406 -0.132176 0.054297 -0.002536 -0.106959 -0.046984 -0.045925 -0.079786 -0.109344 -0.049765 0.015092 0.201312 0.123893 -0.142974 0.166129 0.117456 0.084904 -0.144773 0.138889 -0.213510 -0.081338 0.077992 -0.116088 -0.028333 -0.105496 0.138229 -0.040549 -0.111491 -0.093407 0.016130 0.142667 0.012743 -0.206301 -0.105655 -0.164453 -0.068027 0.003125 -0.028627 0.041861 0.091573 0.150764 -0.122153 -0.135076 0.136787 -0.090170 -0.078993 -0.042006 0.126824 -0.016177 0.149841 
0.144213 0.216610 0.275550 0.374917 0.086920 0.027590 0.031221 0.078401 
-0.233392 0.067802 0.100307 0.151758 0.011054 0.035257 0.015862 -0.077129 
0.275464 -0.221330 0.222006 -0.079430 -0.056660 -0.007549 -0.107262 -0.068545 
-0.049455 -0.004015 0.030188 0.010083 -0.039110 -0.099295 0.002116 -0.080084 
-0.059039 -0.203130 0.138652 0.360747 -0.029304 0.013053 0.044898 0.011624 
-0.153422 -0.035963 0.373532 -0.111931 -0.015427 0.002318 -0.033134 0.068368 
-0.060530 -0.055954 0.065277 -0.038556 0.078832 -0.084174 0.030266 -0.090844 
0.015052 -0.070567 -0.033052 0.207968 -0.056080 -0.050340 -0.073976 -0.048547 
-0.019741 -0.085175 -0.091679 0.029676 0.083456 0.051622 0.099731 -0.011743 
0.039020 -0.070179 -0.032967 0.007827 0.615522 0.421405 0.180092 0.112193 
-0.179353 0.125937 -0.214919 -0.017292 0.075797 0.080747 -0.098983 -0.053097 
-0.240639 0.162479 0.147392 0.059233 -0.189736 -0.032708 0.086401 -0.016023 
-0.122860 0.217438 -0.160695 0.036785 -0.001775 -0.143409 0.331854 0.127205 
0.402335 -0.087915 -0.210318 0.261581 -0.047623 -0.105589 -0.006421 0.041547 
-0.084971 0.100823 0.156115 -0.202227 -0.073962 0.247154 0.065336 -0.012047 
0.069124 0.097122 0.090782 0.085799 -0.032537 -0.006565 -0.021649 -0.090446 
-0.084269 0.006321 0.009892 0.012240 0.018846 -0.002069 0.066859 -0.002713 
0.133291 0.027029 -0.108894 -0.014736 -0.099391 0.005594 0.111749 -0.047909 
-0.052264 -0.154813 -0.047042 -0.038951 -0.079912 0.249111 -0.196732 -0.036170 
-0.057390 0.389536 -0.108072 -0.148562 0.137485 0.295235 -0.102682 -0.073719 
-0.247363 -0.140057 -0.333037 0.037902 -0.077022 0.203070 -0.223922 0.008409 
-0.366709 -0.242458 -0.154445 -0.007085 0.135618 0.268055 0.270067 0.332312 
-0.085259 0.415169 0.105003 -0.095016 0.286498 0.035805 0.003752 0.041882 
0.088633 0.107402 0.436411 0.574163 0.031290 -0.033828 0.047819 0.165860 
-0.271502 -0.238507 -0.286928 -0.065481 -0.048551 0.312992 0.184249 0.653594 
0.421536 0.152538 -0.347543 0.215800 0.005828 -0.072821 -0.018207 -0.061787 
-0.002225 -0.537022 -0.020657 0.026676 0.277863 -0.302663 0.378376 0.122675 
-0.066511 0.021109 0.090138 0.091767 -0.031546 -0.056924 0.036394 0.082695 
0.056870 -0.097216 0.002660 -0.092728 0.053254 -0.054810 0.061447 0.018840 
0.192578 0.301821 -0.379701 0.009226 0.050022 0.037189 0.035642 -0.084275 
0.052524 -0.156220 0.021683 -0.056293 -0.147200 0.176674 -0.044986 0.053952 
-0.012858 -0.072426 0.211913 0.153447 0.281147 0.390893 -0.187840 -0.100239 
-0.111350 0.101572 -0.110768 0.379133 -0.079016 -0.098555 -0.028462 -0.018447 
-0.261294 -0.003759 0.345158 -0.076745 0.105263 0.018129 -0.142921 -0.162178 
-0.012753 -0.168235 -0.007700 0.038600 0.045992 -0.078957 -0.147288 0.104158 
0.186927 -0.280775 -0.140323 -0.101802 0.017752 0.301575 0.038641 -0.116004 
-0.240180 -0.042266 -0.307269 -0.127119 0.257072 0.140002 -0.401233 -0.109417 
-0.115793 0.069666 0.044950 -0.019389 -0.057463 -0.046989 0.045310 0.063533 
0.181981 -0.229708 0.000697 0.020632 0.086566 0.370675 -0.042390 -0.071737 
0.165482 -0.049384 -0.201592 0.055580 0.209870 -0.054046 0.042391 0.025356 
-0.040230 -0.005507 0.066916 0.655958 -0.149012 -0.147417 0.065307 0.059813 
0.182720 0.442260 0.148550 -0.249120 -0.183991 -0.197769 0.030826 0.076446 
0.010568 -0.059405 0.073152 -0.086519 0.066702 0.074487 -0.053140 0.039840 
-0.193407 0.040028 0.303165 0.044111 -0.134608 -0.043687 0.019360 -0.006499 
0.126001 0.048787 -0.341915 0.175897 0.062034 -0.153801 -0.031484 -0.076441 
-0.103946 -0.011652 -0.100558 -0.064997 0.020089 0.095068 0.080665 -0.086472 
-0.269423 -0.041800 -0.037178 0.600342 -0.060500 -0.051943 0.023627 -0.043189 
-0.015289 -0.151537 0.128797 0.050772 0.510257 -0.357528 -0.057054 0.026335 
-0.056346 0.069008 0.046670 0.008020 -0.110495 0.044844 0.021263 -0.087828 
-0.089992 0.043510 -0.039262 0.048988 0.019768 -0.080223 0.078593 0.056567 
0.075741 -0.095116 0.041255 -0.055812 0.029344 -0.055548 0.070464 0.057396 
-0.017878 -0.085347 -0.050927 0.099958 0.294126 0.045085 0.038073 0.107374 
0.016704 0.146840 -0.129783 0.144393 0.006245 0.109330 0.142186 0.103432 
-0.046298 -0.234741 -0.198849 -0.158531 -0.116264 -0.203509 0.003930 -0.136927 
-0.000717 0.156404 0.024581 -0.304832 0.096072 -0.282543 -0.169010 -0.159973 
-0.102234 -0.247655 -0.047948 -0.031514 0.076754 0.188348 0.511875 0.680353 
-0.370339 0.105580 0.018425 0.172199 -0.079219 0.071529 -0.059228 -0.178526 
-0.059163 0.166624 -0.290374 0.156621 -0.148219 0.235746 -0.115772 0.023213 
-0.464119 -0.277784 0.059643 0.290168 0.103516 -0.115123 -0.108835 -0.170346 
-0.010990 -0.053545 -0.018722 -0.013643 -0.021982 -0.111572 -0.103500 0.006105 
0.306322 -0.029111 0.063672 0.214388 0.265960 0.251634 0.052000 0.028926 
0.114046 0.265196 0.075169 -0.289441 -0.255723 -0.144935 0.013616 0.041566 
0.228162 -0.042088 0.104428 0.012440 0.022136 0.040074 -0.069907 -0.117014 
0.149450 -0.217008 0.172425 0.035737 -0.057963 -0.114483 -0.199217 -0.079499 









0.000000 
0.000000 
0.000000 
0.000000 
0.000000 
0.000000 
0.000000 
0.000000 
-0.194122 
-0.101191 
0.296912 
0.443916 
-0.293366 
-0.200140 
-0.127903 
0.262506 
0.289279 
0.092289 
0.319964 
-0.229324 
-0.409360 
0.091719 
0.132318 
0.481475 
0.316800 
-0.234093 
0.057723 
0.248983 
0.311795 
0.266516 
0.311240 
-0.362825 
-0.204681 
-0.059490 
0.015770 
0.178264 
-0.262806 
0.094840 
-0.269481 
-0.092280 
0.360911 
0.430593 
-0.099022 
0.383602 
-0.130669 
0.051372 
0.245293 
-0.319329 
-0.064761 
0.142436 
-0.248971 
-0.109203 
-0.196848 
0.237622 
-0.126498 
-0.273879 
0.370132 
0.250456 
0.252147 
0.348466 
0.213761 
0.199113 
0.504115 
0.303167 
-0.241372 
0.011932 
0.101241 
-0.082317 
-0.257939 
0.205606 
0.089929 
0.385569 
0.072188 
0.112703 
0.202964 
-0.070727 
0.145671 
0.152199 
-0.120350 
0.177240 
-0.052880 
-0.086687 
0.000479 
0.073449 
-0.091009 
0.039790 
0.152871 
-0.137776 
0.023333 
0.087965 
0.194435 
-0.025603 
-0.047464 
0.176001 
0.161693 
0.016959 
-0.004870 
0.093870 
0.111164 
-0.000142 
-0.029899 
0.093462 
0.056474 
-0.108232 
0.078469 0.011273 
0.042274 0.032520 
-0.111342 0.000000 
0.045531 0.041651 
-0.139540 -0.000740 
-0.087587 0.000001 
0.209851 0.047091 
0.098435 0.038268 
0.003430 0.072339 
-0.197521 0.025937 
0.059939 0.089266 
0.000302 0.000056 
-0.045511 -0.001019 
0.267401 0.192126 
0.264119 0.094408 
0.094193 -0.000212 
0.395907 
-0.027274 
0.410662 
0.104054 
-0.032042 
0.454487 
-0.061236 
0.344045 
-0.229324 
0.073137 
0.003602 
0.127720 
0.031230 
0.289629 
0.127356 
0.640991 
-0.053089 
0.277036 
-0.190130 
0.258581 
-0.358872 
-0.086955 
0.364510 
-0.378346 
0.142043 
-0.169878 
0.360544 
-0.184177 
-0.228858 
-0.002704 
-0.365599 
0.214672 
-0.182681 
0.165109 
0.051762 
-0.072775 
0.057511 
0.236774 
-0.070288 
-0.186183 
-0.148627 
-0.429434 
0.065975 
0.214007 
0.406326 
0.067480 
0.125614 
-0.137206 
-0.068128 
-0.087017 
0.163088 
0.050308 
0.317743 
0.411980 
0.045875 
-0.170158 
0.162466 
0.200818 
0.394175 
0.113360 
-0.076064 
0.362920 
0.027663 
-0.173465 
-0.000790 
0.364829 
0.077201 
0.120106 
0.416456 
-0.157445 
-0.108746 
-0.041138 
-0.189610 
0.289323 
0.037247 
0.169084 
0.019438 
-0.140673 
0.079261 
-0.205930 
-0.044541 
-0.011934 
-0.141582 
-0.197983 
-0.198140 
0.413711 
0.348425 
0.386935 
0.245585 
0.133456 
0.460764 
-0.121767 
-0.278286 
0.270832 
-0.060249 
0.052129 
-0.346543 
-0.068939 
0.201863 
-0.428846 
-0.480121 
-0.425046 
0.010806 
-0.110516 
3.301000 0.191662 0.088721 
