0.550849 0.369009 0.280663 0.473085 -0.036085 -0.231103 0.813137 0.393010 -0.160742 -0.078670 -0.341916 0.217716 -0.059583 -3.820320 -0.230205 -0.228449 -0.537535 -0.356947 0.186701 0.252051 -0.301053 -0.104269 0.031235 0.077613 0.646273 -0.396061 0.672665 -0.299916 -0.237735 0.802183 0.046810 0.068932 
0.082877 -0.050669 0.045176 0.264776 0.101074 -0.022261 -0.000388 -0.171364 0.350527 0.236202 -0.254183 0.329127 0.083225 0.041097 0.036437 0.526626 0.003272 0.202676 0.163651 -0.056106 -0.174250 0.052426 -0.138024 0.004857 -0.114037 0.113784 0.293842 0.161907 0.029409 -0.015323 0.002523 0.021146 
-0.163739 -0.152475 0.162873 -0.049157 0.394439 -0.454464 0.578426 0.252137 -0.190463 0.076880 0.055616 -0.403728 0.067377 -1.957697 -0.085693 0.059353 0.119010 0.200458 0.873216 -0.050724 0.726963 -0.187403 0.263797 -0.201918 -0.209625 0.162801 0.082517 0.134513 -0.426107 0.027372 -0.326011 -0.204643 
0.023911 -3.317422 -0.014848 0.396965 0.030870 -0.015492 -0.277504 4.345057 -0.118535 0.481621 0.101680 -0.699821 0.756761 0.104631 0.216429 0.232333 -0.210994 -0.164067 -0.467089 0.616609 -1.145816 0.099433 0.025404 -0.279980 0.072718 -0.179859 0.871876 -0.423710 -0.148183 -0.048801 -0.054717 -0.104338 
-0.057288 -0.012523 0.056683 -0.077276 0.085341 -0.038204 -0.050741 0.044394 0.021861 -0.013641 0.046219 -0.028523 -0.038160 0.080497 -0.015282 0.029114 -0.087321 0.081258 -0.040766 0.058118 -0.015085 0.003216 0.023364 0.012356 0.015400 0.033713 0.053704 0.046123 0.074867 0.069729 -0.081365 -0.072825 
0.222274 -0.669689 0.821096 -0.126051 0.029617 -0.053509 0.147500 -0.383653 -0.586444 0.085988 -0.212955 -0.058999 0.148957 0.366933 0.062259 0.157703 -0.086177 1.318774 1.122874 0.122317 0.254526 -0.064746 0.000853 -0.111367 0.063936 0.030453 0.107979 0.022683 -0.074106 0.051772 0.114346 -0.826362 
-0.510839 -0.104728 0.281753 0.110894 -0.154714 0.099020 -0.251708 -0.112571 0.154470 0.073251 -0.043927 0.136930 0.316567 -0.443140 -0.211046 0.236474 -0.253927 -0.063703 -0.068965 0.081424 -0.246515 -0.008877 0.060004 0.165395 0.036774 -0.333738 -0.100502 0.045495 -0.455355 0.357292 -0.015746 0.080399 
-0.212341 -0.380609 0.047340 0.236168 -0.298146 -0.490463 -0.083900 0.278641 -0.411786 0.087472 -0.592942 -0.883196 -0.138752 -0.283143 -0.478251 -0.096282 0.046064 0.113839 0.074700 -0.177303 -0.104673 0.110895 -0.156252 0.238380 0.248174 0.522580 0.140176 0.047963 1.112089 0.503815 0.231041 -0.430866 
-0.370716 -0.247373 0.021959 -0.210895 -0.034707 -0.419319 -0.331712 -0.011763 -0.116154 0.153095 0.141917 0.216762 0.632641 -0.336095 0.064197 -0.351702 -0.267031 0.073070 0.022784 -0.363223 0.661802 -0.084877 -0.172412 -0.319539 -0.183894 -0.153991 -0.179339 0.325734 0.221446 0.438368 0.210014 -0.170706 
0.411551 0.513872 0.102063 -0.175756 0.007014 0.124220 1.252786 -1.323982 -0.036741 -0.289928 -0.011187 0.114441 0.150235 -7.539274 -0.058771 0.075462 -0.195959 -0.031148 -0.109020 -0.072095 -0.118096 0.087644 0.424823 -0.132389 0.460709 -0.621684 0.292703 -0.265524 -0.277048 1.804153 0.207819 0.085841 
0.531156 0.715084 -0.726061 0.595467 0.189180 -0.120624 1.671299 -0.299525 -0.694120 -1.842544 0.156307 0.235339 -0.060599 -8.338625 0.291465 0.046297 0.193210 0.150739 0.378518 0.220104 -0.302614 -0.698677 0.510437 -0.244296 2.108968 -0.431830 0.991376 -0.344661 0.167669 2.319590 -0.295941 -0.160991 
1.355626 0.987928 -0.661537 0.719474 0.156784 0.186696 2.236591 0.461268 -0.085068 -0.713238 -0.065004 0.113305 0.402442 -11.759276 0.215855 0.308231 -0.463796 0.634161 -0.383180 0.407303 -0.721210 0.010199 1.141657 -0.164403 1.396266 -1.078932 1.500332 -0.793740 -0.616763 2.911166 0.667772 0.291156 
0.307437 0.547437 0.095032 -0.009919 0.122207 0.152417 1.420373 -1.308727 0.002058 -0.350743 0.093959 0.067658 0.155019 -8.469092 -0.071132 0.074601 -0.242926 0.055221 0.054955 0.020442 -0.180182 0.142336 0.400316 -0.007962 0.454129 -0.711699 0.375405 -0.317530 -0.245827 2.067017 0.240322 0.189055 
0.429078 -0.256262 0.000258 0.232801 -0.040222 -0.010386 0.034988 0.497396 -0.237273 0.012778 -1.717779 0.247534 0.029877 0.285194 -0.018739 -0.119258 -0.603141 0.049504 -0.562541 0.096403 -0.139183 0.799455 -0.241198 -0.070567 0.554866 -0.275600 0.098631 0.181502 -0.137095 -0.020689 0.441795 0.688837 
-0.092105 -0.053861 0.139423 -0.136182 0.038250 -0.093240 0.152483 0.231219 0.142652 0.156799 0.146997 0.220987 0.187081 0.265158 0.092034 -0.021983 -0.551401 -0.116857 0.212870 0.174002 0.125893 0.418589 -0.172937 -0.268964 -0.086219 -0.218697 0.083318 0.061422 0.082117 -0.055470 0.079009 -0.042243 
0.491020 0.418307 -0.285001 -0.094130 0.248180 0.226000 0.829494 -0.739158 -1.025577 -0.535179 -0.840308 0.679301 0.253996 -18.087910 -0.172823 -0.176099 0.056624 0.090882 1.140046 -0.461781 0.674667 -0.435348 0.269471 -0.488791 0.640820 -1.229580 0.430609 -0.083770 0.188189 4.109971 0.157204 -0.089437 
-0.063083 -0.013189 -0.058488 0.013644 0.037625 -0.087375 0.073069 0.051604 0.018812 -0.048092 0.015263 -0.040954 0.048098 0.001603 -0.038387 -0.021728 -0.077198 0.003837 0.085772 0.020497 0.013400 -0.081085 -0.022382 -0.075942 0.063920 -0.054869 0.009500 -0.007164 -0.028870 0.073775 0.034201 -0.001549 
-0.029819 0.066117 -0.078309 -0.082598 0.069147 0.085164 0.059411 -0.002445 -0.053332 -0.015730 0.047005 0.085170 0.076277 -0.081786 -0.026962 0.089483 0.012456 -0.031595 0.019576 -0.064549 -0.022275 0.087598 -0.050087 -0.048759 -0.057675 0.049818 0.034481 0.003859 0.033188 -0.021723 -0.088094 -0.087035 
-1.805724 -0.150316 0.321507 0.022026 -0.228295 0.137351 -0.661963 -0.166346 -0.008171 0.107920 -0.220113 0.170908 0.388516 -1.141483 -0.418746 0.331521 -0.276287 0.266818 0.063745 -0.569324 -0.574943 0.224337 0.001215 0.187493 0.106288 -0.702380 -0.229931 0.191791 -0.967782 0.726679 -0.062495 0.276972 
0.393180 0.077599 -0.171506 0.317865 0.112195 0.318369 0.149793 -0.013283 0.041745 -0.031198 -0.044762 -0.283009 -0.049787 -0.010104 -0.210897 -0.033721 -0.539975 0.117165 0.195528 -0.160516 -0.182073 0.339196 -0.065051 0.243983 0.564437 0.120229 -0.080643 -0.552914 -0.359884 0.025960 0.371736 0.132130 
0.331952 0.088598 -0.110444 0.203536 -0.108969 0.106632 0.034407 -0.087321 -0.012979 0.058935 0.088862 -0.209264 -0.118337 0.118185 -0.319040 0.004401 -0.385583 0.091755 0.075138 -0.066308 -0.253801 0.361361 -0.060968 0.288214 0.398727 -0.017303 -0.161455 -0.289896 -0.159692 -0.016389 0.347235 0.092289 
0.227516 -0.355586 -0.755920 -1.526541 0.127824 0.588437 -0.476862 0.432425 -0.086532 0.178137 0.189244 -0.060125 -1.833883 -0.095031 0.424590 -0.757580 0.092142 -0.017355 0.108541 -0.238611 -0.591085 0.457165 0.394421 -0.063974 0.393529 1.467423 -0.845569 -0.161821 0.822584 -1.718677 -0.871321 0.520379 
0.233918 -0.267637 -0.679131 -0.908090 0.005525 0.551209 -0.428016 0.465899 -0.183230 0.077580 0.499567 -0.166526 -1.891464 -0.142129 0.430813 -0.439073 0.390124 -0.194605 -0.061367 -0.171174 -0.837513 0.654720 0.582726 0.153137 0.456935 1.294357 -0.637536 -0.198675 1.064509 -1.686632 -0.715666 0.456713 
-0.308487 0.633700 -0.472354 0.317819 -0.363512 0.278473 0.040393 0.189792 -0.092555 -0.748455 0.480236 -1.122428 0.439381 -0.187790 0.328783 0.343728 0.244653 -0.235038 -0.635109 -0.143098 0.311863 -0.206001 0.293572 0.251651 0.480639 -0.584672 0.524950 -0.293413 0.087443 0.494554 0.224114 -0.309986 
-0.207519 0.554226 -0.343443 0.361789 -0.356108 0.185656 0.162772 0.144889 -0.122816 -0.690653 0.400241 -1.144112 0.342989 -0.174611 0.213553 0.266529 0.229755 -0.078435 -0.446516 -0.026115 0.195168 -0.201069 0.208489 0.124293 0.499949 -0.475926 0.422489 -0.224396 0.014555 0.420337 0.126087 -0.231490 
-0.036612 -0.352113 0.066472 -0.457019 0.512188 0.089274 0.019075 -0.139998 -0.818118 0.333264 1.576546 -0.699518 0.378935 0.230827 -0.395912 -0.190384 0.161174 0.473173 0.167983 0.056510 0.317824 -0.433150 -0.108208 -0.612042 0.188579 -1.048062 0.617724 0.227542 -0.233036 0.114264 0.374930 -0.332547 
-0.801500 0.008113 -0.014365 0.161082 -0.122435 -0.143199 -0.019379 0.008017 0.195971 -0.254924 -0.180073 0.528079 -0.377792 -0.351816 0.373405 0.030289 -0.021259 -0.046589 -0.234411 -0.255823 -0.074658 0.209575 0.019524 0.523701 0.213809 -0.027464 -0.208926 0.071751 0.311378 -0.303297 -0.246138 0.342839 
0.309385 0.065931 -0.289238 0.105097 0.139244 0.241311 0.041986 0.037000 0.314749 -0.264501 0.263337 -0.011834 0.071359 0.395657 0.137815 0.304336 0.077263 0.195425 -0.505716 0.099041 -0.194471 -0.054336 -0.030247 0.423836 -0.044657 -0.368102 0.018767 -0.004706 -0.016106 -0.073544 0.048571 0.143855 
0.212753 -0.413692 -0.383893 0.296714 0.113346 0.116604 0.352510 -0.065124 0.153490 0.140821 -0.577841 -0.193055 0.040080 0.210595 0.025366 -0.287589 -0.262006 0.276050 -0.118279 -0.299841 -0.546322 0.504451 -0.255892 -0.145393 -0.245701 0.362476 -0.217867 0.059344 -0.328300 -0.133766 -0.062899 0.306612 
0.574739 0.181891 -0.145571 -0.434196 0.002163 0.642976 -0.295258 -0.016880 -0.469164 0.167140 0.660661 0.042089 -0.349758 0.750079 -0.079402 0.453399 -0.059105 -0.074501 -0.217332 -0.142054 -0.668792 0.325298 0.204573 -0.059270 0.523148 -0.226366 -0.178828 -0.163553 -0.206112 -0.133400 0.180006 0.126911 
0.859911 0.316339 -0.632327 -0.411132 0.067118 1.268506 -0.626928 -0.150032 -0.632121 0.128082 0.867733 -0.004761 -0.266286 0.505366 -0.224071 0.749345 0.130465 0.168978 -0.318874 -0.065244 -0.817675 0.287111 0.389627 -0.215368 0.642864 -0.370771 -0.288663 -0.111190 -0.252030 0.210165 0.191445 -0.021561 
0.411442 -0.112665 0.308459 0.016369 0.288226 -0.096013 0.204175 0.171666 0.145048 -0.226000 -0.178288 0.289593 -0.094757 -2.556148 0.116770 -0.195968 -0.132882 -0.028475 0.056146 0.146598 -0.184957 -0.645309 -0.299467 0.396269 -0.016981 -0.236473 0.529997 -0.439252 -0.145075 0.352438 0.007943 0.226762 
-0.045909 -0.049551 0.137555 0.115460 -0.581927 0.202086 -0.233738 0.344806 -0.075153 0.002181 -0.275954 0.097427 -0.225963 -0.300447 -0.069563 -0.331676 0.154911 -0.134361 0.138776 -0.003343 -0.155091 -0.195526 -0.031184 -0.084438 0.073090 0.582961 0.196843 -0.434994 0.198510 0.005272 0.130483 -0.131112 
0.040283 -0.536177 0.200582 -0.571839 -0.049999 0.268413 -0.362579 -0.079748 0.153303 0.420062 0.178802 0.302831 -0.078954 -5.354495 0.071410 0.674722 -0.161771 -0.296336 0.020543 0.177953 0.008904 -0.394853 0.019757 -0.740864 0.197189 -0.400726 0.291596 0.808559 0.041611 0.695969 -0.134645 -0.434600 
0.443691 -0.541611 -0.307373 -0.985045 0.255982 0.053719 0.041398 0.617978 -0.147191 0.331181 0.001555 -0.799664 -1.037052 0.128446 0.289298 -1.186083 0.382466 0.219470 -0.112844 -0.558465 -0.697606 0.231157 -0.293254 -0.307006 0.315343 1.376838 -0.227809 0.379256 0.533919 -1.685925 0.799345 0.659872 
0.448392 -0.727968 -1.040114 1.500508 0.403096 0.365781 -0.533646 0.573396 -0.693108 0.112461 -0.714121 -2.540246 1.038770 -0.687538 0.085316 0.514104 0.039765 -0.491786 0.242510 -0.152383 -0.519892 0.202943 -0.186685 -0.636237 0.574202 -0.792000 0.516205 -0.860018 -0.138874 0.387273 0.151818 0.886396 
-0.165212 0.062461 -0.576766 0.033456 -0.348188 0.170617 0.032041 -0.014342 0.133285 0.117566 0.004087 -0.124335 0.357965 0.467493 0.011523 0.395811 0.337054 -0.020342 -0.120522 -0.164618 -0.178581 0.049361 0.037936 0.060834 0.157986 -0.412057 0.091375 -0.002965 -0.200691 0.125604 -0.025481 -0.062344 
-0.729736 0.165852 -0.446791 0.208561 -0.120535 -0.532780 -0.210513 0.012697 -0.285945 0.050633 0.293573 -0.059746 0.225592 0.558472 0.206493 -0.327937 0.404183 -0.109996 -0.031237 -0.050078 0.847762 -0.068477 -0.119852 0.203728 -0.236160 -0.390052 0.199309 -0.112053 0.454341 0.091084 -0.183976 -0.402232 
-0.019692 0.394362 0.088224 -0.439931 0.051960 0.007013 -0.483116 -0.526736 -0.099557 0.057257 0.082329 0.849359 0.312573 0.502503 -0.453553 0.526832 0.115419 -0.045217 -0.395381 0.137074 0.018685 -0.282991 0.083263 0.303953 0.087568 -0.716960 -0.116043 -0.226295 -0.397009 0.473672 -0.104205 -0.082426 
-0.134390 0.211981 0.128799 0.271463 -0.489096 -0.134953 -0.183707 0.358583 -0.230551 -0.565478 -0.096426 0.200354 -0.253961 -0.509489 0.013665 0.485096 0.444819 -0.393223 -0.152394 0.000123 -0.469546 0.711461 0.515174 -0.200073 0.332488 1.060812 0.459818 -0.122021 -0.623958 0.498025 -0.318478 0.028045 
-0.314778 -0.321680 0.454990 -0.218386 -0.000135 -0.406730 -0.074022 0.025629 0.094971 0.432387 0.160713 -0.010471 0.350007 -0.234794 0.219696 -0.094255 -0.120554 -0.307965 -0.254805 -0.165210 0.906350 -0.284724 -0.098248 -0.175174 -0.327228 -0.409179 0.155282 0.474187 0.333397 -0.109042 0.075938 -0.215375 
0.471411 0.127173 -0.450320 0.226887 0.075311 0.597001 0.214032 -0.120572 0.038804 -0.219966 -0.164955 -0.198000 -0.266690 0.515019 -0.235728 -0.050036 0.014187 0.366271 0.178281 0.176932 -0.698508 0.041969 -0.211129 0.370052 0.216009 0.088543 -0.273025 -0.497457 -0.142567 -0.104968 -0.060690 0.256105 
-0.076195 -0.140960 0.375788 0.330690 0.238962 0.043949 -0.647498 0.164378 -0.539294 0.481167 -0.446234 -0.227549 1.353718 0.097299 -0.485184 0.279828 -0.312140 -0.314806 0.404098 0.430766 -0.063539 -0.071056 0.247968 -0.055295 0.542042 -0.841488 0.162903 -0.413574 -0.850233 0.787154 0.504972 -0.276097 
0.245668 -0.084816 0.409847 -0.097047 -0.224426 0.139242 0.200663 0.219049 0.592905 0.267665 0.232103 0.049330 0.075557 0.218353 0.144856 0.114263 -0.288097 -0.238497 0.307231 0.461302 0.168806 0.258165 -0.532758 0.187370 -0.250491 -0.180725 -0.835094 0.212708 0.237513 -0.252927 0.244262 -0.001673 
-0.054661 0.053984 0.053149 0.034266 -0.088033 -0.020535 -0.056778 0.066273 0.075687 -0.076596 -0.068082 0.054322 -0.062754 0.011948 -0.002536 0.029526 0.038414 0.055904 -0.062890 0.020721 0.046835 -0.028694 -0.047274 0.010511 0.051184 0.052207 0.035722 0.045906 0.078184 0.057890 0.066347 -0.066881 
0.382312 -0.159912 0.344752 -0.494089 0.027644 -0.164002 0.342844 0.316634 0.181941 0.482212 0.789895 0.120281 -0.947671 0.072250 0.209620 -0.138706 -0.413394 -0.265241 -0.291527 0.284351 0.236314 -0.321268 -0.790313 -0.338083 -0.365713 -0.031557 -0.055541 0.455305 0.049269 -0.510934 -0.191050 -0.514341 
-0.007869 -0.013671 -0.063821 0.000687 -0.012661 0.026293 -0.005475 0.002158 -0.042080 -0.047719 0.044628 -0.008099 -0.002095 0.026219 -0.026110 0.009028 0.035325 0.067005 -0.023417 -0.074668 0.022441 0.045053 -0.043072 -0.060320 0.058840 -0.055974 0.025506 0.040113 0.087874 -0.045954 -0.047549 -0.010399 
0.030780 -0.020966 0.080692 -0.072285 -0.085078 -0.015187 0.020277 -0.036753 0.027499 -0.025500 0.045552 -0.065001 -0.089685 -0.070962 0.034432 0.036044 0.086447 -0.079390 0.051781 0.018484 0.056067 -0.081695 0.048568 0.024504 -0.047265 -0.016331 -0.025787 -0.049795 0.028120 0.017068 0.030210 -0.031505 
0.086506 0.020498 -0.013386 -0.088976 -0.085093 -0.083513 -0.035324 0.032810 -0.018609 -0.080177 0.058214 -0.017889 -0.060735 0.002241 -0.072249 -0.064692 0.013256 0.069936 0.044197 -0.021081 0.078645 0.002360 -0.086982 -0.059024 0.076434 -0.022365 -0.018415 0.014149 0.085107 -0.078610 0.073049 0.081209 
0.032293 -0.030742 0.082638 0.037605 -0.023851 -0.043091 -0.019989 0.047945 -0.032863 -0.052180 -0.060348 -0.003194 0.040466 -0.042194 0.022519 -0.036683 -0.062662 -0.023689 0.032640 -0.074421 0.069076 0.036062 -0.043041 0.055105 -0.076707 0.028948 -0.021150 -0.082004 0.040743 -0.038505 0.089609 -0.017368 
0.021157 0.081843 -0.070168 0.087711 -0.051653 0.000247 0.045252 0.005888 0.038472 0.075308 -0.087710 -0.011467 -0.057290 0.025213 0.042254 -0.029548 -0.088880 -0.015510 -0.013564 0.070601 -0.069852 0.033799 0.035302 -0.056154 -0.027658 -0.076253 -0.047754 -0.077319 -0.024354 -0.048549 -0.004283 0.087208 
-0.057111 0.015953 0.084515 -0.018360 -0.074204 0.039363 0.077933 0.054672 0.024266 0.080627 -0.047199 0.057381 0.015436 0.085459 -0.062571 0.016961 -0.020455 0.014269 -0.002843 0.000098 -0.042337 -0.057946 0.034347 0.020410 -0.043794 0.076997 0.033495 0.022256 -0.061956 -0.061192 0.019060 -0.028663 
0.025035 -0.095665 0.110734 -0.051525 -0.125120 -0.063576 0.118820 0.127021 0.117850 0.320835 0.195188 0.049598 -0.316094 0.176904 0.180066 -0.102977 -1.135640 -0.135047 0.026664 0.120950 0.064764 -0.224719 -0.566109 0.247448 -0.079243 0.439817 -0.119295 0.152581 -0.332967 -0.095278 -0.085524 0.116908 
0.315510 0.058590 -0.528721 0.130222 0.076755 0.760222 0.137366 -0.501682 -0.205014 -0.148889 -0.069321 -0.320178 -0.106619 0.288918 -0.315323 -0.042323 -0.003318 0.407518 0.118253 0.036955 -0.633297 0.416001 -0.303446 0.121793 0.264284 -0.014446 -0.155923 -0.395412 0.030756 -0.029877 -0.174666 0.100326 
0.072076 0.076193 0.082208 -0.060586 -0.026602 0.034166 -0.081712 0.029845 -0.060505 -0.066269 0.059781 0.006839 -0.087702 -0.047653 -0.020749 -0.058449 -0.021146 0.085610 0.053948 0.083243 0.075111 -0.065517 0.071301 0.071655 0.057432 -0.028526 -0.076356 -0.010164 0.026312 -0.052543 0.016077 0.007983 
-0.355319 0.449511 0.117761 0.223454 -0.552201 0.018363 -0.034224 0.080109 -0.848126 0.464974 -0.191906 0.302018 -0.287779 -0.455716 -0.359529 0.453026 0.417514 -0.140521 0.272264 -0.022891 -0.180201 0.510974 0.350218 -0.831868 0.795177 2.033729 0.601089 0.059620 -0.382904 0.452821 -0.250655 -0.146439 
-0.225847 0.530415 -0.281448 0.212986 -0.280933 -0.195480 -0.175434 0.180508 0.398319 -2.126113 -0.205203 0.116024 -0.218179 -0.185189 -0.461440 0.128870 0.035092 -0.224222 0.140023 0.218190 -0.358383 0.231980 0.265096 -0.275742 -0.364310 -0.181153 0.494630 -0.621908 -0.345478 -0.584398 -0.204937 0.279700 
0.068810 -0.086977 -0.041470 -0.030326 -0.058684 -0.033748 0.031572 -0.034123 -0.037645 0.076396 0.029459 0.016495 -0.044707 0.020510 -0.056932 -0.006575 -0.068131 0.088398 0.034868 -0.074759 0.072118 0.046653 0.062505 0.089086 -0.071791 -0.082050 -0.003646 -0.033172 -0.048419 -0.001620 0.079986 -0.070013 
0.001807 -0.051889 -0.009935 0.033527 0.004768 -0.068768 0.089809 0.057527 -0.082776 0.028863 -0.016382 -0.037078 -0.041031 0.017090 0.046751 -0.018758 0.015083 -0.008785 -0.003113 -0.003203 -0.052537 -0.031012 -0.004521 -0.033923 -0.022659 0.082237 0.023310 0.019327 -0.009788 0.012891 0.039718 0.082424 
0.435698 -0.787624 1.835227 -0.476456 -0.343402 -0.691001 0.561119 0.611566 0.728374 0.382721 -0.479263 0.383182 0.216877 0.170625 0.245736 0.507506 -0.561853 -1.036554 0.028536 0.702306 0.529929 -0.882568 -0.539119 -0.226674 -0.606228 -0.542590 0.061377 1.075370 0.208778 -0.434816 -0.279847 0.508338 
-1.716314 -0.086542 0.416801 0.155206 -0.230090 0.150406 -0.718404 -0.120055 0.029684 0.226428 -0.362243 0.173162 0.336371 -1.092522 -0.524358 0.085341 -0.295386 0.386169 0.122596 -0.588313 -0.449951 0.215306 -0.104862 0.185466 0.150733 -0.609694 -0.136521 0.111627 -0.784595 0.713413 -0.131019 0.122088 
-0.095172 -0.097183 0.286462 0.563083 0.603122 -0.273276 0.245947 -0.151005 -0.022719 0.664739 -0.317978 0.167495 0.341551 0.484789 0.218742 -0.333885 0.367674 0.438448 0.242059 0.297770 -0.181425 -0.364859 -0.035816 -0.115425 0.263712 0.136596 0.611481 0.186118 -0.195599 -0.281085 0.560086 -0.192899 
-0.041745 0.084467 -0.004914 -0.081176 0.010793 0.059558 -0.063541 -0.085184 -0.024661 0.035167 0.046066 -0.082738 -0.017177 0.012457 -0.033357 -0.003879 0.002197 0.083382 0.016022 0.079167 -0.066496 -0.024680 0.059344 0.016003 0.068231 0.042809 0.055951 -0.061432 -0.090162 -0.010989 0.069327 -0.041502 
-0.016926 -0.025991 -0.032274 0.084271 -0.056837 -0.005410 0.089492 0.008906 -0.060647 0.045154 0.016572 0.012580 -0.032793 0.073620 -0.081703 0.059809 0.066598 0.024723 0.048571 -0.090303 -0.090361 0.017511 0.016105 0.068274 -0.030085 -0.018348 -0.083563 -0.029842 0.061067 0.076168 0.019060 -0.046263 
0.229775 0.120290 -0.168451 -0.328366 0.037572 0.425866 -0.765841 -0.144871 -0.368479 0.132060 0.536343 0.171444 -0.158763 0.125318 -0.241995 0.373329 0.139359 -0.080492 -0.287728 -0.143687 -0.330675 0.211160 0.344945 -0.052284 0.319289 -0.389619 -0.053888 0.113931 -0.050236 0.165874 -0.074356 -0.001264 
0.030864 0.028899 -0.019232 -0.078164 0.065995 -0.016986 0.023374 0.057841 -0.088572 0.047087 -0.073511 0.003867 0.079501 -0.054649 0.072498 0.046234 -0.077621 -0.039577 0.013010 0.007322 -0.045143 -0.042345 -0.028223 0.021347 0.089951 -0.003207 0.058501 0.027201 -0.049534 -0.041013 0.014629 0.071734 
0.071342 0.074287 0.093467 0.023356 -0.091534 -0.246923 0.022393 -0.075356 0.054840 0.039569 0.076999 -0.111384 0.079254 0.068007 -0.080265 0.093270 -0.086815 -0.045185 0.121519 -0.050515 0.094143 0.119281 0.079948 0.087198 -0.058229 0.033872 -0.201132 0.022615 -0.081282 -0.064263 -0.552474 0.090635 
-0.074009 -0.011992 0.052489 -0.005194 -0.085453 -0.016598 0.065454 -0.021423 -0.068791 0.049564 0.031705 -0.085229 0.015768 0.040662 -0.088884 0.032799 -0.027775 0.005188 -0.085716 -0.048152 -0.019367 0.088328 -0.068983 0.043275 0.049660 0.027791 -0.034021 0.060384 0.048789 0.050821 0.058992 0.065185 
-0.051576 0.021077 -0.030414 -0.046625 -0.085925 -0.055365 0.022357 -0.064312 0.084603 -0.036342 -0.059137 0.009967 -0.086084 -0.057616 -0.047638 -0.023455 0.037976 -0.042950 0.018797 -0.071795 -0.045026 0.040219 0.061884 -0.085770 -0.022395 -0.062541 0.065018 -0.064010 0.078685 0.033606 -0.089230 -0.063295 
-0.035721 -0.029239 -0.019516 -0.031242 0.005801 -0.087563 -0.005149 -0.000000 -0.033501 0.026118 -0.080438 -0.029181 0.058906 -0.037672 0.037769 0.006478 0.009782 -0.033838 0.025087 0.055160 -0.084024 -0.003432 0.059795 -0.016014 0.024431 0.034408 0.010380 0.012712 -0.022390 0.011555 0.039821 0.032293 
0.072720 -0.070099 -0.089352 -0.011884 -0.067258 -0.004097 0.078520 -0.010354 -0.068384 0.088487 0.050870 0.080927 -0.039589 -0.001766 -0.003000 0.060597 0.054801 -0.068317 0.025353 0.061181 0.018655 -0.005257 -0.045238 -0.047318 -0.061252 0.055547 0.055798 0.006762 -0.023303 0.005215 -0.051349 -0.040988 
0.025520 -0.050297 0.037533 0.048666 0.036010 0.025649 -0.052092 0.058031 0.023731 0.089182 0.048553 0.074546 -0.002988 -0.044851 0.044739 -0.038592 -0.022763 -0.020312 -0.067815 0.086297 0.064835 -0.022648 -0.051426 -0.086821 -0.057506 -0.086032 0.010345 0.009595 0.009587 0.049400 0.059012 -0.055298 
0.089507 0.006141 0.083773 0.035113 -0.058615 -0.058723 0.002739 0.055520 -0.059945 -0.039112 0.039662 0.027472 0.006441 -0.006004 0.079284 0.074082 0.064088 -0.078935 0.069974 0.038519 -0.011179 -0.071855 0.042102 0.021720 -0.067483 -0.037957 -0.059089 0.032508 -0.078961 0.090327 0.067615 -0.079858 
0.006063 0.060984 0.045659 0.037852 -0.088143 -0.042006 0.002968 -0.057684 0.009286 -0.047774 0.060192 -0.074677 0.036627 0.049073 0.089810 0.010311 0.060542 0.069380 -0.041574 -0.041041 0.087929 -0.089876 0.071083 -0.069958 -0.037429 -0.078411 0.052954 -0.025986 -0.078488 0.030165 -0.015440 0.017979 
0.000745 -0.060185 -0.034573 0.003006 -0.011787 0.058800 0.035727 0.087903 -0.079379 0.005515 -0.077178 0.047653 -0.035816 -0.077772 -0.032441 -0.065678 0.082012 0.016390 -0.016315 0.079536 0.016918 -0.035636 -0.080826 0.069894 -0.023643 0.062533 -0.046497 -0.011727 0.002293 0.028468 -0.084152 -0.087366 
0.058687 -0.028321 0.006045 -0.043505 -0.059926 -0.048633 -0.046006 -0.048900 0.047287 -0.032780 0.089157 -0.078934 -0.020148 -0.033688 -0.054208 -0.028540 0.073106 0.019881 -0.039408 -0.000380 0.074649 -0.029830 -0.020891 -0.039398 -0.057702 0.023017 0.039280 0.034996 -0.038920 0.045532 0.038034 -0.070638 
-0.073194 -0.046325 -0.023738 -0.042715 -0.004554 0.020660 -0.001210 -0.047671 0.078285 -0.002458 -0.036200 -0.032267 0.054259 -0.000004 0.029597 0.036961 -0.070527 0.080593 -0.053823 -0.086282 -0.039641 0.015690 -0.035275 -0.006939 -0.051698 -0.086400 -0.062347 -0.000213 0.049536 0.066092 0.019554 0.066747 
-0.070638 0.086220 -0.066372 0.015213 0.016476 0.022822 0.057946 0.004356 -0.070040 -0.068658 0.062493 0.074623 0.021743 0.001686 0.021179 0.041620 -0.008126 0.057760 0.045743 0.042638 -0.016954 -0.079937 -0.054705 0.021753 -0.075933 -0.026648 -0.068865 0.064008 -0.050961 0.041093 0.040350 -0.031194 
0.036909 0.064383 0.074423 -0.037020 -0.003200 0.041965 0.057741 0.017164 0.063712 0.029829 0.001382 -0.004950 -0.058889 -0.067843 -0.053734 0.023390 0.080322 0.082413 -0.024377 -0.027037 -0.087929 0.011322 0.085120 -0.073457 0.075078 -0.074148 0.080955 -0.066287 0.057349 0.030901 -0.007077 0.003853 
0.004879 -0.023058 0.057238 -0.088725 -0.071497 0.024574 0.018842 0.082619 -0.036001 -0.070180 -0.012736 -0.004486 -0.047618 0.023934 -0.071501 -0.057701 0.015943 -0.005473 0.005667 0.018418 -0.084556 0.000383 0.035366 0.080926 0.016639 0.025916 -0.075765 -0.016417 -0.033587 0.007563 0.077841 0.061697 
0.074909 0.044675 0.063376 -0.086992 -0.021156 -0.008186 0.086031 0.033247 0.012039 -0.017109 -0.061643 0.054825 -0.083579 -0.042739 0.087528 0.022768 0.042191 0.002790 -0.049218 0.048040 -0.087231 0.076552 0.038562 0.019812 0.012064 0.053202 -0.087009 0.068881 -0.029640 0.081236 0.040174 -0.045135 
0.294757 -0.070082 -0.281031 0.107628 0.273338 -0.146233 0.095904 0.178739 0.060202 0.243356 -0.133305 -0.015055 -0.121192 0.092363 -0.162350 0.201586 0.234994 -0.129938 0.119812 0.150872 -0.133460 -0.331129 0.265990 -0.183166 -0.066622 0.059029 0.214313 -0.266563 0.143875 -0.066392 -0.306877 -0.640702 
0.176566 -0.466807 0.071137 0.860334 -0.707538 0.071268 0.276649 0.218388 0.811136 -0.675225 -1.530207 0.151446 -0.237037 0.428560 -0.046373 -0.160283 -0.534612 0.099499 -0.052983 0.040901 -0.597321 0.204138 -0.280889 0.491227 -0.134103 0.908298 -0.210030 -0.862562 -0.424908 -0.058868 -0.416816 0.250356 
0.034342 -0.012041 0.086147 0.087364 -0.006447 0.055285 0.077182 -0.014899 -0.084564 0.010620 0.010270 0.025343 0.000852 0.020845 -0.064227 0.089064 -0.025537 0.011517 0.080594 0.000089 0.001173 0.077911 0.060520 0.088945 0.059492 0.035714 0.084857 -0.024893 -0.029062 -0.065989 -0.071694 -0.085124 
0.012374 -0.075951 -0.088164 -0.084478 0.069738 0.079422 -0.008972 0.075578 -0.000362 -0.089107 0.010517 -0.089914 0.022143 0.036694 0.089554 0.087010 -0.042194 0.079744 -0.003306 0.049383 0.067250 -0.033190 0.047924 0.036338 -0.087880 0.042377 -0.078959 -0.026538 0.066792 -0.060249 -0.021258 -0.011239 
0.061791 -0.059557 0.169681 -0.281779 -0.114569 -0.090704 -0.081268 0.202296 0.073630 0.188510 0.467902 0.027862 0.700751 0.174897 0.181130 0.465892 -0.379787 -0.169766 -0.330006 0.113762 0.092607 -0.326657 0.030616 -0.260299 -0.012205 -0.454019 0.125736 0.145069 0.378064 -0.066434 0.143339 -0.088413 
-0.004620 0.023249 0.081952 0.055784 0.008964 -0.089740 0.025421 -0.004023 0.020297 -0.004451 -0.085272 0.076623 -0.035174 0.010893 0.000352 -0.076557 0.013348 0.063868 0.039713 0.073017 0.084904 -0.078891 -0.045598 0.057912 -0.005242 0.080461 0.007309 -0.082245 -0.085951 0.035871 0.066169 -0.000167 
0.400732 1.238998 -0.424147 0.026129 0.139333 -0.442384 -0.100972 0.702899 0.332502 -0.193649 -0.173184 0.385814 -0.122229 0.357654 0.024684 0.515619 0.573412 -0.547122 0.235677 0.253335 -0.083581 -0.245757 0.845004 0.279861 -0.265425 0.019736 -0.554969 -0.089005 0.311266 -0.085023 -0.274947 0.044131 
0.052482 -0.009994 0.080699 0.020457 -0.019360 -0.036048 -0.081674 0.057228 0.033146 -0.016778 0.008238 0.022828 -0.041935 -0.026905 -0.064545 0.087181 0.068069 0.011502 0.029988 -0.006252 -0.048453 -0.059698 0.004590 0.062457 -0.051670 0.023591 -0.002987 0.082633 0.018356 0.021806 -0.085561 -0.019566 
-0.078593 0.085542 -0.089513 -0.007548 -0.040910 -0.080784 -0.040724 0.082640 -0.007158 0.057919 0.015064 0.041312 -0.059391 0.040923 0.038088 -0.081726 -0.037979 -0.022328 0.002426 0.003972 0.008378 -0.083388 -0.023975 0.047113 0.030607 0.063442 0.039341 -0.041441 -0.005156 0.044184 0.029397 0.006655 
0.102258 0.108655 0.080825 0.092687 0.059404 -0.056373 0.079302 -0.044504 -0.079911 -0.560175 0.076163 -0.117941 -0.063513 0.082343 0.122248 0.013935 0.077357 0.036272 -0.079288 0.081248 0.074402 -0.029880 0.076840 0.362244 -0.017310 -0.093558 0.065906 0.003451 0.068690 -0.171610 -0.075554 0.325677 
0.116816 0.078639 -0.467883 -0.473271 0.078831 0.019653 0.380800 0.088379 0.223452 -0.374595 0.467478 -0.259526 0.147714 0.436831 0.321610 0.025458 0.117111 0.095640 -0.493314 -0.199468 0.217305 -0.274581 -0.236205 0.145397 0.060552 -0.070872 -0.206931 0.004301 0.150842 -0.070954 0.137848 0.176137 
0.072800 -0.062954 0.034445 -0.006520 0.013457 0.040583 -0.069537 0.005176 0.030380 -0.085239 0.043527 -0.048480 -0.044947 0.000129 0.052887 -0.036640 -0.030644 0.071646 -0.053300 0.017640 -0.035494 0.026082 -0.062791 0.042021 0.069661 -0.005880 0.077162 0.016432 -0.076185 0.018848 -0.012915 0.087020 
0.052595 -0.066489 0.071768 -0.043043 0.062299 -0.026043 0.063276 0.018942 0.009894 -0.001459 0.283968 0.059145 -0.065102 0.060238 -0.065933 -0.051285 0.002639 -0.044626 -0.098637 0.036931 0.082853 -0.054462 -0.211293 0.068741 0.032458 0.096499 -0.108734 0.032744 0.078415 0.075400 0.076288 0.046202 
-0.088374 -0.062563 -0.074888 0.064142 0.038805 0.080447 -0.024173 -0.035471 0.008096 -0.070565 -0.064289 0.026278 0.026334 -0.039343 -0.076588 -0.076334 0.022707 -0.071410 0.056717 0.020434 -0.038619 -0.039425 -0.002581 0.078697 0.032000 0.081239 0.029423 0.031868 0.061740 -0.023236 -0.012371 0.063770 
0.004606 0.003145 0.037508 -0.046993 -0.006813 -0.077070 0.007940 -0.089121 -0.057230 0.034055 0.027560 0.059508 0.085116 0.041376 0.073578 0.017419 0.060370 0.039891 -0.052551 -0.068653 -0.089939 0.035272 -0.080361 0.032466 0.026107 0.039466 -0.026071 -0.002557 -0.074173 0.051962 -0.029192 0.020837 
-0.035297 -0.082088 0.064248 0.048294 -0.068754 -0.018217 0.049577 -0.035580 -0.074566 -0.013267 -0.066476 -0.079854 -0.062295 -0.083302 0.027969 0.088480 0.046993 0.065822 -0.070578 0.047459 0.010690 -0.060534 -0.010480 -0.053607 0.069337 0.053853 0.034240 0.085568 0.015411 -0.085356 0.016000 0.070518 
-2.019133 -0.506100 0.695393 0.154179 -0.140863 -3.280049 0.922162 0.295723 0.326344 0.418272 0.379794 -1.224340 0.272435 -3.482147 0.507996 -2.587676 -0.689840 0.084661 0.975577 -0.034245 4.219943 0.195165 -0.136947 -0.283104 -2.164875 0.587966 0.216215 0.193363 2.435005 -0.075936 0.590546 -0.524391 
-0.302558 -0.732859 -0.079949 -0.085387 0.085987 -0.012479 0.093878 0.053723 1.427918 0.088476 -0.579129 -0.063522 -1.310543 0.167705 1.643689 -0.082614 0.125584 0.125449 0.334592 0.416302 -0.116156 -0.643699 -1.200878 -0.112714 -0.340980 0.985985 -0.092604 0.673245 0.111657 -0.331830 -0.694538 1.571574 
0.065888 0.247919 -0.214132 -0.334547 -0.134843 -0.310458 -0.133719 0.148057 0.127917 0.075041 0.260346 0.093366 0.000107 -0.113326 0.169034 0.125973 -0.148004 -0.080514 -0.143940 -0.838360 -0.336269 0.238827 0.113647 0.156208 -0.078558 -0.389396 -0.032764 -0.396998 -0.148119 0.103456 0.086779 0.126163 
0.321222 -0.072001 -0.006228 -0.080721 0.222980 1.674316 -0.313750 0.519783 -0.680175 0.300070 0.323769 -0.581852 -1.129581 0.118293 0.195677 0.578883 0.274955 -0.247059 0.220419 -0.215821 0.153661 -0.136984 1.435970 -0.232532 -0.099885 0.141841 0.390382 -0.243289 -0.268537 -0.326389 -0.233835 -0.022637 
-0.216985 -0.482301 0.236769 0.134163 -0.236411 0.009775 -0.124660 0.246105 0.214457 -0.054329 -0.022007 0.066376 0.104551 -0.208404 0.416611 0.390139 0.013715 -0.195026 -0.658691 -0.144360 -0.115806 0.231180 0.237648 0.936029 -0.123807 -0.409716 -0.151344 0.318537 -0.339008 0.936568 0.005675 0.271708 
0.017298 -0.032344 0.013595 0.013619 0.011311 -0.048465 -0.012256 -0.033101 0.033984 0.084161 0.077435 0.076014 0.082300 -0.016323 -0.080581 -0.010846 -0.076579 0.024030 0.068408 0.086149 0.013974 -0.039316 0.073496 -0.058894 0.079904 -0.032892 -0.065471 0.016136 0.068848 0.065939 -0.016163 -0.004258 
-0.056809 0.087836 -0.081043 0.044906 -0.051033 -0.002895 -0.078598 0.073355 -0.009138 0.089241 0.058964 -0.017243 -0.017487 0.068787 0.062315 -0.003661 0.002413 0.040318 -0.007917 -0.074017 -0.089401 -0.024825 -0.042506 0.080906 0.032688 -0.017573 0.006639 0.011131 -0.042038 0.080880 -0.083531 -0.008442 
0.078312 -0.074170 -0.053940 -0.063126 0.013340 -0.042134 -0.080176 -0.086203 -0.043298 0.069193 -0.013041 0.029620 0.047576 -0.041130 -0.064446 -0.040415 0.089593 0.018042 -0.024028 -0.090213 0.083621 0.023870 0.081097 0.025904 -0.084107 -0.002668 -0.053369 -0.035741 -0.012193 -0.046496 0.046221 -0.024286 
-0.030262 0.082685 0.002993 0.073482 -0.049853 0.013221 0.077684 -0.002747 -0.007990 -0.025762 -0.063532 -0.050818 0.023513 -0.037573 -0.000829 0.022701 0.070873 0.065548 0.022892 0.064089 -0.000987 0.013585 -0.000411 0.005310 -0.079488 0.036624 0.059974 -0.001276 0.080532 0.015791 0.064842 -0.040135 
2.463702 -0.046783 -0.139793 -0.088464 0.128812 0.089598 1.290824 -0.239673 0.314223 0.680878 0.159883 -0.112674 -0.146314 0.041292 0.145267 -0.390919 0.091491 0.441209 0.414748 0.200887 0.619239 0.084061 -0.109931 0.071353 -0.168555 0.169664 -0.294185 0.530005 0.177764 -0.291143 0.097240 0.024426 
-0.255067 0.132379 -0.609602 0.405079 -0.475036 0.331121 -0.120897 0.098609 -0.113305 -0.187442 0.168549 -0.234049 0.343503 -0.074908 -0.003303 0.258265 0.292276 -0.164327 -0.384659 0.004619 -0.046491 -0.044809 0.213969 0.427778 0.239808 -0.370329 0.217263 -0.340063 0.129738 0.337044 -0.198790 -0.256989 
-0.181665 1.220270 0.419856 0.397662 0.212443 0.361645 0.291115 0.216124 0.314981 -0.961217 1.514633 -0.209955 0.227334 -0.242437 0.547050 0.318769 -0.420739 -0.180821 -0.862947 -0.159408 0.564520 -0.283570 0.291902 0.282220 0.502645 -0.557512 0.586019 0.331138 0.071563 0.293524 0.447063 -0.070545 
-0.051264 -0.002810 -0.047856 -0.009819 -0.001418 -0.048941 -0.078023 -0.055803 0.083129 0.050513 0.036263 -0.062590 -0.060590 -0.090276 -0.060509 0.030018 0.012179 0.076522 -0.050364 -0.017105 -0.015044 -0.004982 -0.026861 -0.067205 -0.089381 0.059560 -0.018325 0.033589 0.055668 0.080257 0.011190 -0.086000 
-0.189049 0.287985 0.393697 0.165692 -0.408833 -0.789601 -0.009841 0.453899 -0.231554 -0.925879 -0.657662 -4.161066 0.281609 -0.373309 -0.160102 0.157442 -0.044862 -0.620762 -0.000890 0.201263 0.329654 -0.061374 0.365368 0.374795 0.536245 -0.283165 0.149118 -0.579790 -0.437528 0.389725 1.086540 -0.436363 
0.086703 -0.070736 -0.241812 -1.109342 0.123624 0.935552 -0.187184 0.386467 -0.261419 -0.354891 0.036069 -0.670875 -2.541030 -0.376538 0.019160 0.240402 0.225539 -0.602220 -0.178038 -0.006306 0.036265 0.447646 1.109009 0.736896 0.159960 0.729327 -0.316226 -0.681891 -0.216089 -2.172865 -0.166916 -0.019767 
0.293720 0.656863 0.070853 0.212611 0.549131 0.229922 -0.530148 0.275275 -0.776729 0.139533 0.428204 -0.492918 0.818449 -0.030547 0.421603 1.060651 -0.865839 -0.544805 0.113734 -0.142646 -0.195203 0.262657 0.159184 -0.730430 1.352869 -0.816315 -0.689163 -0.823103 -0.409742 0.191664 -0.259116 0.305448 
0.337714 0.374399 -2.599651 -0.663998 0.481422 0.484940 -0.226859 -0.025811 -0.406542 -0.171911 0.137266 -0.685743 -0.694955 -0.164111 0.130857 -0.675631 -0.577363 -0.507370 0.088176 -0.869894 -0.299179 0.252264 0.155162 -0.251784 0.116647 -0.039149 -0.186387 -1.433377 0.353905 0.087291 -1.129781 0.263691 
0.179482 -0.161774 0.373678 0.139706 0.158094 -0.215960 0.498911 -0.015794 0.019415 0.077795 0.454738 0.363132 -0.578011 -0.150765 0.092984 -0.591500 0.449498 0.154498 1.369743 -0.049130 -0.341705 0.163103 -0.071702 -0.089485 0.097326 0.398595 0.132737 0.382566 -0.020214 -0.400704 -0.037598 0.217096 
0.037065 -0.703677 0.920358 0.039834 0.061174 -0.691996 0.077395 -0.355748 0.485933 0.693545 -0.500395 1.542754 0.402713 0.368346 -0.295550 -0.577770 0.148192 0.653002 0.404096 0.351102 -0.000108 -0.196073 -0.768413 -0.359224 -1.004575 0.398518 -0.114076 1.047462 0.217780 0.146024 0.133296 0.103460 
-0.039233 0.083901 -0.019933 -0.005786 0.080960 0.007627 -0.244106 0.090013 -0.089374 0.091890 0.084720 1.003813 0.090686 -0.121914 -0.112150 3.687905 0.013877 -0.045337 -0.068878 0.408381 -0.118982 0.057784 0.538343 -0.254104 0.095158 -1.185950 -0.112307 -0.327750 -1.126719 0.046831 -0.046906 0.193958 
-0.448245 -0.056345 -0.192245 0.191449 0.229099 0.376016 -0.095659 -0.241842 0.065274 0.904907 0.123762 0.866154 -0.230801 -0.016886 1.359599 -0.113788 
-0.020460 0.004215 0.284954 -0.757130 -0.021196 0.786255 -0.509306 -0.181314 0.022613 -0.092858 -0.748095 -0.835622 0.982516 -0.333247 -0.366773 0.073749 
1.093489 -1.057616 0.687614 -0.348743 -0.056795 -0.645324 0.289947 0.638801 -0.307198 0.763466 0.406577 -0.323869 -0.299934 0.184708 -0.398390 0.531274 
-0.173056 0.656243 0.922221 0.471119 0.468948 0.069823 -0.306760 -0.094403 -1.046502 -0.658023 -0.166009 -0.372755 -0.092874 -0.431105 -0.320455 0.445979 
-0.772110 0.355993 0.475531 0.103515 -0.126994 0.164785 -0.306701 0.290213 0.340733 0.110542 0.259450 -0.122164 0.181933 -0.048379 1.113696 0.998717 
-0.608957 0.196135 -1.012890 -0.057467 -0.960723 0.403891 -0.218515 -0.640439 0.480540 -0.209061 -0.318706 0.477086 0.166120 0.005417 0.004841 0.321223 
-0.102515 -0.106163 0.212413 0.590558 0.807105 -0.446568 0.222333 0.709134 -0.130373 0.074355 0.217475 0.121966 -0.586367 -0.552302 0.298155 0.074669 
0.891039 -0.111035 0.582125 0.334936 -0.050975 -0.219672 0.550671 0.885235 -0.453736 -0.141813 -0.541523 0.843886 -0.322374 0.968699 0.160581 -0.145149 
0.845676 -1.030654 -0.090780 0.696953 0.181260 -0.494342 0.390962 1.299516 -0.061164 0.552176 0.613917 0.241347 -0.665152 0.214207 -0.183683 -0.446660 
0.384827 -0.250189 0.707687 0.571390 -0.498246 -0.436802 0.233730 0.793379 -0.250621 -0.044378 0.863050 -0.234787 -0.451143 0.800438 0.421648 0.936551 
0.079458 -0.683883 0.225653 -0.546554 -0.046411 0.162392 0.114577 -0.017312 1.391241 0.256734 -0.186860 -0.174292 0.577290 0.108860 0.656718 0.352014 
-0.009320 -0.656018 0.998001 -0.457918 0.162335 0.181064 -0.338845 0.685229 -0.417830 0.521915 -0.964618 -1.320811 0.083726 0.323403 0.402150 0.386714 
-0.454367 -0.491265 0.373412 0.362851 0.021881 -1.017607 -0.156696 -0.460693 0.278869 -0.058746 1.054453 -1.209190 0.832485 0.117532 -0.189245 0.584593 
0.271599 -0.161591 -0.638410 -0.614544 0.263413 0.417786 -0.398193 -0.502699 0.196811 0.048357 -0.341323 -0.025462 -0.254521 -0.274162 0.332470 -0.507793 
-0.543872 -0.744023 0.446560 0.709081 0.342113 -0.424869 0.337913 -0.051647 0.695076 -0.001540 0.044351 0.309304 0.149216 0.174943 1.170202 0.198537 
0.486334 -0.215977 -0.359845 1.021961 -0.518563 0.492329 -0.344961 -0.892411 -0.066224 0.039197 0.542924 -0.514520 0.489358 0.392012 -0.101609 -0.060837 
0.870041 0.160255 -0.571481 -0.816411 -0.034643 1.253293 -1.231160 0.235670 0.166169 0.292940 -1.690762 -0.039927 -0.801186 -0.139813 -0.434817 -1.067444 
-0.761092 -0.173636 0.228776 -1.226927 0.592288 -0.438356 -0.033861 0.127527 0.049258 0.094575 -0.633775 -1.441302 -0.007780 -0.668551 -0.489526 0.423261 
-0.287060 0.039733 1.314286 0.245163 -0.296440 0.613547 -0.369350 1.760083 -0.277870 1.032818 -0.610060 -0.362128 -0.197113 -0.023086 0.268058 0.563405 
0.892247 -0.208916 0.610699 0.306447 0.877064 0.262128 -0.535390 0.124191 -0.178941 0.711220 0.349198 -0.348154 -0.022218 -0.719403 0.000337 -0.223603 
0.787428 -0.155854 0.420466 -0.352009 0.030913 -0.788872 -0.319573 0.562828 0.683170 0.156484 0.551543 -1.048705 0.694612 0.097050 0.524893 -0.616494 
-0.715071 0.387247 -0.920725 0.383397 -0.393518 0.154925 0.687678 0.163570 -0.579103 -1.516813 -0.323872 1.290078 -0.624007 0.845536 -0.499916 -0.235970 
0.468943 0.809755 -0.090455 1.515250 -0.114416 0.455097 -0.168744 -1.482223 0.335757 -0.820549 0.615216 0.072460 1.059772 0.306738 -0.139710 0.905936 
1.012651 -0.613040 -0.332447 -1.015926 -0.147663 -0.237543 0.155096 0.497529 -0.425866 -0.326408 -0.297347 1.005249 -0.677466 -0.852382 -0.854927 -1.531117 
-0.667479 0.997698 -0.287831 0.248779 -0.214684 0.124821 0.015483 -0.705647 -0.106279 -0.714425 -0.079071 -0.248211 0.120899 -0.168468 -0.528251 0.787636 
-0.025667 -0.259295 0.311776 -0.913733 0.404603 0.360954 -0.132427 1.352728 -0.304862 0.230176 -1.195638 0.572058 -0.787285 -0.161720 0.752178 -0.218998 
-0.027239 0.556631 0.953244 -0.193581 0.641208 -0.230495 -0.228776 -0.605177 -0.325088 0.857173 -0.091068 -1.182327 0.191367 -0.252899 -0.311819 0.911608 
-0.070054 -1.265437 0.277834 -0.854948 -0.352157 -0.348965 0.181507 1.446940 0.250295 1.635400 -0.973028 -1.197410 -1.236536 1.116722 0.186167 0.377212 
0.397643 -0.802894 -0.283454 -0.508798 0.001881 0.504312 0.043675 0.776074 0.777890 0.102593 -0.449674 0.736747 -0.189490 -0.207782 0.898167 -0.617798 
0.297263 0.620422 -0.201772 -0.156913 -0.614895 -0.466616 0.126116 -1.238683 -0.113819 -0.844461 -0.087929 -0.642587 0.310210 -0.159021 -0.959933 0.288872 
-0.475945 -0.036783 0.587079 -0.645588 0.327104 -0.436310 -0.111775 0.132696 -0.314604 -0.766229 0.651198 -1.025683 0.195229 -0.750851 -0.158780 0.439627 
-1.180329 -0.104857 0.324358 0.129394 0.306650 -0.096471 0.405984 -0.108853 -0.348843 0.315556 0.017315 0.527847 -0.526019 0.383758 0.186683 -0.168880 
1.107535 -0.646520 -0.396062 -0.796946 -0.685176 0.688609 -1.292766 1.214400 
-0.602030 1.796778 1.074599 -0.029346 -1.070287 0.505570 0.711515 -0.047673 
0.827982 -1.754557 1.516326 -0.032591 0.024942 0.343864 -0.087369 -0.213653 
0.309141 0.830512 0.055884 -0.868308 -0.237151 0.710055 -0.178891 0.090020 
0.456319 0.045584 0.312016 -0.085697 -0.170960 -0.282037 0.904596 0.422532 
-0.431023 -0.067053 -0.626443 0.769057 -0.641785 1.473892 0.515885 -0.678191 
1.505129 0.517252 0.134008 -0.644507 1.023148 -0.760895 0.536268 -0.589129 
1.144913 -0.416476 -0.434917 0.885013 -0.744882 -0.166780 0.531246 0.058247 
-0.651309 1.036054 -0.415794 -0.610113 0.735412 0.842372 0.915408 0.916474 
0.090484 -2.063654 -0.045671 1.152042 0.618716 -0.015230 0.524828 0.653325 
-0.394361 0.767788 0.798021 -0.502020 0.991417 0.213165 -0.860254 0.433239 
0.572492 1.099673 0.186472 -0.970309 -0.524141 -0.459923 1.417241 -0.057062 
-0.236304 0.695229 -0.298496 -0.765910 0.482326 0.570260 -0.188022 0.376288 
2.486171 -0.795106 -1.157578 -0.013932 0.620237 0.434075 -0.476335 -1.477525 
0.174910 -0.436173 -0.287892 -0.183045 1.088108 0.743610 2.428942 0.914837 
-0.096029 0.422427 1.800924 1.032479 1.524597 0.875692 0.113171 -0.177734 
0.420294 -0.499792 0.590083 -0.534517 -0.298080 -0.171144 0.379592 1.147511 -0.893951 -0.193219 -0.156393 -0.179672 0.493272 -0.766562 -0.539983 -0.384005 0.247928 0.325123 -0.234439 0.333017 0.204195 0.164119 0.271620 
-0.922962 0.211082 0.076842 -0.842482 1.376965 -0.840961 1.205599 -0.988796 0.704841 -0.672135 -1.269086 -0.421327 0.769593 0.750914 0.668248 -0.787588 -0.152017 -0.196049 0.193109 -0.522818 0.140384 0.181188 0.249890 
0.262689 -0.937838 0.365008 0.858754 1.106593 -0.643920 0.801022 0.558318 0.713409 -0.541848 -0.937013 0.466292 -0.321892 -0.915955 -0.822561 0.532292 0.228067 0.486781 0.164680 -0.105512 0.370172 0.161252 0.015728 
-0.055815 0.666275 -1.349674 0.800667 -0.374632 -0.169889 0.356989 -0.316916 0.166048 0.773005 -0.232892 0.234936 -0.438846 -0.020848 0.097135 0.157335 0.469093 -0.827381 0.123516 0.659509 -0.044179 0.008793 -0.224345 
-1.685344 1.126535 1.026286 -0.491937 0.920591 -0.400099 0.415745 1.103819 0.706019 1.154469 0.964737 0.636456 -1.103489 -0.260988 -0.147236 -0.507879 -0.774357 0.264077 0.678361 -0.528856 -0.144463 0.398221 -0.117541 
-1.045339 0.724092 0.013683 -0.257382 -0.426290 -0.716527 -0.528290 0.243262 -0.423311 1.586536 -0.008309 -1.234935 0.643486 -0.364601 -1.418634 -0.212236 0.037202 -0.445494 0.230409 -0.592415 0.307955 0.457596 -0.080369 
-0.718781 -0.983330 -0.881445 -1.032632 -0.756982 0.960089 0.181068 0.121034 -1.692401 0.588904 -1.094764 0.607350 -1.525277 0.891123 -1.434830 -1.400792 -0.985584 -1.009742 0.013994 -0.207477 0.466647 0.673995 -0.325841 
-0.045983 -0.639133 -0.066641 -0.948295 -0.650778 -0.335343 -1.609319 -0.147676 0.326652 -0.628849 0.270144 -0.135094 -1.464703 0.023592 -0.840235 0.859137 -0.416702 0.462463 -0.123142 0.170259 -0.082657 0.098381 0.642219 
-1.311189 -0.621517 0.216085 -0.389229 0.051254 0.010926 0.246906 0.905845 -0.050723 -0.220695 -0.487184 -0.793619 -0.036915 -0.332592 -0.392204 -0.090192 0.008504 0.150660 -1.104395 -0.294429 0.709724 -0.150245 -0.397332 0.625123 -0.572712 0.570206 0.910460 0.201644 0.163248 0.152229 -0.445128 0.144757 
0.317946 0.423850 -0.404074 -0.104239 -0.253978 0.126931 -0.376716 -0.143518 -0.424386 -0.496465 0.207345 0.347007 -0.239849 -0.836367 -0.016653 0.633087 -0.136617 0.380041 -0.137196 1.159467 -0.699104 0.330448 0.306539 -0.636487 -0.324056 0.190188 -0.015346 -0.490422 -0.418104 -0.493883 0.214117 -0.455564 
0.089686 -0.644281 0.340254 -0.106693 0.705306 0.136642 -0.055297 -0.062042 0.775483 0.050065 0.633739 -0.398464 -0.695031 -0.143425 0.334272 0.419586 -0.338716 0.221228 -0.533856 -0.082112 1.055768 -0.614951 0.813384 -0.378646 0.500860 0.068047 -0.010537 -0.089569 0.441497 -0.050282 0.378137 -0.483973 
-0.272499 -0.207542 -0.170770 0.232889 0.430465 -0.849575 0.619577 0.760546 0.740415 -0.538733 -0.670820 0.972132 -0.073583 -0.234305 -0.303286 0.224879 0.128710 -0.093997 -0.376842 -0.814866 0.154742 -0.193511 -0.084274 0.110768 0.231453 0.080561 0.333754 -0.634121 -0.384658 0.136107 0.515530 0.140475 
0.444482 -0.386705 0.234640 0.115337 0.519133 -0.308879 -0.002677 0.181060 0.536052 0.023670 0.362616 -0.432320 -0.647693 -0.536735 0.982864 1.246636 0.477892 -0.130605 -0.099234 0.386101 -0.035658 -0.529440 -0.409827 0.252759 0.040945 -0.169660 -0.684095 -0.281991 0.252922 0.227369 -0.404290 -0.037003 
0.015600 -0.291887 0.279893 0.151030 0.110679 -0.284966 -0.124230 -0.688389 0.132662 -0.012772 -0.530668 -0.148419 -0.641174 -0.521501 -0.177803 -0.022930 -0.138919 0.553037 -0.520185 -0.058864 0.252448 0.072483 0.363729 0.639016 -0.161028 -0.392070 -0.056559 -0.083188 -0.416294 -0.139005 -0.201134 0.390240 
-0.201313 -0.592491 -0.264119 -0.058046 1.170724 0.436933 0.057278 0.857248 0.179250 0.685008 -0.053120 0.536335 -0.307850 0.565275 0.449243 0.535823 0.133106 0.258924 -0.083249 0.868034 -0.039957 0.134146 -0.168818 -0.034995 -0.023391 -0.651219 0.213612 -0.285973 0.092489 -0.331565 0.026729 0.608851 
-0.118375 0.372025 0.186515 -0.839707 0.791292 -0.244325 -0.121561 -0.822150 -0.319679 -0.106227 -0.531497 0.082577 0.313227 -0.594645 0.048647 -0.331460 -1.064874 0.105055 -0.270645 -0.327476 -0.022244 0.152478 -0.871896 -0.446132 0.259220 0.417212 0.178608 -0.381331 0.204000 0.011068 0.121923 0.015124 
0.540180 -0.503109 -0.191342 -0.223326 0.037425 0.447393 -0.242482 0.612925 0.450257 -0.213261 0.435444 -0.700429 0.631134 0.066273 0.055056 0.986404 0.720375 -0.263366 -0.084428 0.807924 -0.191997 -0.577744 -0.820763 0.448284 0.295461 0.243160 -0.577647 0.190635 0.297129 0.238118 -0.104203 -0.004833 
-0.657170 0.961987 -0.216757 0.093421 0.335537 -0.350338 -0.723780 0.210525 -0.707239 -0.490236 -0.854768 0.857733 0.311996 0.123155 0.423165 0.006348 -0.620765 1.059436 0.859712 0.682109 -0.603696 0.279922 0.108413 -0.111407 0.178299 1.017071 -1.052036 0.732464 0.266434 0.316721 -0.041587 0.351113 
0.490500 0.017153 0.485153 -0.064738 0.125238 -0.038948 -0.237739 -0.195568 0.499755 0.421661 -0.516668 -0.321755 -0.160813 -0.768788 -0.611431 -0.309044 -0.570786 0.364219 -0.153609 0.511458 0.047089 -0.510209 0.073193 -0.186225 0.975883 0.898768 -0.300292 0.402283 -0.091935 -0.380450 0.144005 -0.756278 
0.418146 -0.190945 0.557229 -0.116266 0.245096 0.595008 0.432024 -0.047122 0.218817 -0.237196 -0.023919 0.447921 -0.016575 0.045478 -0.305759 0.106138 -0.124820 0.499333 -0.396366 -0.306078 -0.848276 0.165083 0.471709 0.416174 0.675119 -0.342888 0.070810 -0.711281 0.297985 -0.623724 -0.077156 0.157859 
-1.061531 -0.208241 -0.571445 0.375196 0.349416 -0.677889 -0.041497 -0.123929 -0.135028 0.400890 -0.407173 0.218738 -0.629129 -0.258323 0.063257 0.190277 -0.048163 -0.558472 -1.045778 0.946373 0.080874 -0.372394 -0.298374 0.100173 0.967777 0.088887 0.094346 0.126926 -0.428473 0.593381 0.191595 0.130116 
0.210870 0.262446 -0.539954 -0.122078 -0.461904 0.080005 -0.016490 -0.332895 -0.811458 0.287348 -0.266470 -0.457693 -0.537244 0.682505 0.254386 -0.162598 -0.175974 -0.097558 0.317410 0.376824 -0.536740 -0.007080 0.345535 0.534620 -0.273297 0.288031 0.182161 0.330729 0.159456 -0.713543 -0.151392 0.007053 
0.285252 -0.574943 0.285069 0.085050 0.438454 0.933999 -0.254619 0.075934 0.196797 -0.716182 -0.711557 -0.212862 -0.823475 0.943984 -0.009412 -0.368867 0.740234 0.184115 0.315606 1.119226 0.326724 -0.237227 0.390345 0.075888 -0.394108 0.106786 0.562773 -0.071931 0.975381 0.158406 0.517636 -0.684379 
-0.164130 -0.042893 0.891168 0.294670 -0.290107 0.660461 -0.014532 0.032682 0.378967 0.437696 0.138051 0.707822 0.629436 -0.669098 -0.409584 0.136360 0.239018 -0.627078 0.123891 0.101588 -0.053833 -0.380250 -0.332435 -0.192386 -0.180762 0.210364 -0.231610 -0.140044 -0.276668 0.178319 -0.126432 -0.127432 
-0.031234 -0.005482 0.080546 -0.004675 -0.026895 0.045247 -0.423452 0.093383 0.291882 0.121124 0.414294 0.301409 0.157997 -0.050231 0.043151 0.251699 -0.025571 0.039210 -0.443970 0.050980 0.037701 -0.880762 -0.796486 -0.023659 -0.135206 0.276024 -0.247687 0.109774 0.209605 0.313061 0.275808 0.006789 -0.073373 -0.261186 -0.207271 -0.240740 -0.099723 -0.193520 0.372273 0.129652 0.061357 -0.107429 -0.538733 0.203911 -0.031455 0.082041 -0.022355 0.039921 0.001070 0.062193 0.005343 -0.021086 -0.054929 -0.138326 -0.014449 0.415769 0.305349 0.031510 0.019855 -0.194668 -0.478519 -0.423619 0.069333 0.029502 0.159161 0.007297 -0.127082 0.017512 -0.043249 -0.007958 -0.007329 0.036677 -0.017646 0.022710 0.028455 -0.012929 0.068850 -0.098111 -0.036537 0.008430 -0.018351 0.332534 0.141800 -0.068795 -0.033647 0.010861 0.003531 -0.220729 -0.008989 0.035758 -0.024070 0.429085 -0.052449 -0.068415 -0.001382 0.040869 0.022720 0.079273 -0.112680 0.125650 -0.112344 -0.536731 0.021349 -0.008396 0.057212 0.039245 0.067061 -0.042604 0.522557 0.005570 -0.409883 -0.429856 -0.377446 -0.488919 0.053783 0.295336 0.109160 
-0.683577 0.142788 -0.131142 -0.028454 0.045258 0.081821 -0.257101 -0.118522 -0.127539 -0.116906 -0.477333 -0.393028 -0.231046 -0.153358 0.023782 -0.264054 -0.017616 0.098438 -0.288624 -0.748123 -0.476178 -0.120788 -0.127179 0.188226 0.251254 0.126317 0.056038 0.138465 0.401838 -0.065824 -0.094802 -0.054149 -0.500813 0.443796 -0.093589 -0.178139 0.281693 0.185931 0.177895 0.237207 0.043599 -0.102445 -0.727023 0.155801 -0.049971 0.374644 0.016173 -0.008163 0.097847 0.008905 -0.022408 -0.038390 -0.026058 0.355878 0.057175 0.578610 0.471182 0.022326 -0.015918 0.389659 -0.298289 0.192963 -0.014747 0.014329 -0.113863 -0.019741 0.153154 -0.003238 -0.012501 0.051609 0.012031 -0.012236 0.041488 -0.079292 -0.002610 -0.000263 -0.049492 -0.014746 -0.046008 -0.036275 -0.130412 -0.167532 -0.773157 -0.011283 0.033948 0.304369 -0.040229 -0.226360 0.076480 -0.072814 -0.055901 0.265805 -0.003566 0.079239 0.034318 -0.021437 -0.006413 -0.225244 -0.055055 -0.015391 -0.130551 -0.527929 -0.067211 0.033741 -0.022915 0.031178 0.060053 0.414186 0.019836 -0.061369 -0.581353 0.050711 -0.204989 0.091236 -0.016631 -0.120378 0.025949 
-0.417960 0.058781 -0.036819 0.006317 -0.043988 -0.022846 0.060500 0.076083 0.077174 -0.063193 -0.381832 -0.346322 -0.126855 -0.154783 -0.044716 -0.237157 -0.019137 0.008963 0.124560 -0.287741 -0.145211 0.136277 0.144572 -0.317996 -0.361661 0.088219 0.093755 0.167352 -0.130898 -0.413447 -0.450474 0.195709 0.242517 0.070999 -0.319605 -0.407488 -0.220630 -0.344295 0.287511 -0.249123 0.157137 -0.121051 -0.498240 -0.003008 0.046499 0.321138 -0.044219 0.003536 0.043259 0.040469 -0.009590 0.017192 -0.093496 0.002110 -0.040126 -0.276573 -0.164411 0.019485 0.017135 0.362862 0.090654 0.584205 0.042550 -0.036852 -0.494358 -0.001041 0.281179 -0.007967 0.052927 -0.039505 0.021157 0.047510 -0.027996 0.013813 -0.021792 -0.013524 0.016359 -0.043498 -0.066542 -0.016388 -0.001240 0.090020 0.175329 -0.006778 0.000216 0.198598 0.019496 -0.410635 0.011720 -0.007927 -0.016964 0.392632 -0.018586 0.020358 -0.016342 0.033587 -0.045309 -0.329774 -0.034997 -0.068233 -0.029558 -0.043949 -0.011302 0.017976 0.032689 0.007964 -0.040606 -0.066616 -0.330479 0.023954 -0.633794 0.276057 0.091061 0.229291 -0.034425 0.105044 0.027078 
-0.143556 0.016538 -0.093487 0.245373 -0.053123 -0.090477 -0.262705 0.032147 -0.254502 -0.053923 -0.167875 -0.157898 -0.020231 -0.115533 0.004070 -0.040187 -0.026311 0.054542 -0.273545 0.274750 0.250366 0.382716 0.348589 0.126883 0.090348 0.207254 -0.297296 0.334492 0.206549 0.083898 0.130406 -0.262250 0.165045 0.066298 -0.106928 -0.138366 0.064218 0.058192 -0.053089 0.235695 -0.021043 0.006105 0.223053 0.112439 -0.017730 0.066995 -0.002466 -0.004481 -0.014886 -0.028212 -0.032186 0.082456 0.046686 0.180486 0.063310 0.320776 0.261279 -0.086578 0.096985 0.019738 -0.276103 0.098463 -0.021447 -0.071154 -0.261837 -0.005402 -0.107631 -0.090724 -0.047903 0.012573 -0.100013 -0.030808 -0.023158 -0.021999 0.062352 0.016989 0.053777 -0.070078 0.040328 0.020149 0.032843 -0.329646 -0.256210 0.036198 -0.071268 0.178079 0.011522 -0.100160 -0.022061 0.069007 -0.062053 0.160161 -0.093453 0.059739 0.002987 0.005001 0.141005 -0.114276 -0.086475 -0.099901 0.119111 -0.154292 -0.075508 -0.014351 -0.009269 -0.040150 0.027771 0.010760 0.135365 -0.143032 0.303211 0.500433 0.248966 0.359222 0.069555 -0.353221 0.086683 
-0.524469 -0.026579 0.031382 0.360842 -0.025162 -0.042798 0.009112 -0.064235 0.032153 0.069412 0.013378 0.014458 0.025180 0.146945 0.112885 0.106290 -0.017946 0.059921 0.126539 -0.139099 -0.162909 0.119181 0.038817 -0.076893 -0.145313 -0.211126 0.194199 0.110693 0.095984 -0.190400 -0.244543 -0.226253 -0.225969 0.289842 1.542817 1.051409 0.090795 -0.113667 -0.706587 0.446923 0.045661 -0.227648 -1.069807 -0.000995 0.024921 0.070872 0.034414 0.071180 0.063039 -0.014908 -0.025809 0.025556 0.129471 -0.114279 0.026534 0.556504 -0.128599 -0.020805 0.055518 0.287941 0.113025 -0.125085 0.020558 -0.019943 -0.137689 0.050174 0.094613 -0.058073 -0.013361 0.018364 -0.034532 0.009199 -0.046730 -0.042286 -0.022914 0.012010 -0.014198 -0.026867 -0.029585 0.002941 -0.011480 -0.019995 -0.401802 0.084289 0.024104 0.148509 0.088645 0.111710 0.051966 -0.029657 -0.009637 0.180674 0.000597 0.077569 -0.024535 0.039369 0.048659 0.493930 0.208029 0.025869 0.019943 0.275970 -0.074542 0.049655 0.019542 -0.029583 0.010175 0.287927 -0.817015 -0.034949 -1.040798 -0.289255 0.268095 0.015098 0.038964 0.299215 -0.019680 
-0.173862 0.021964 0.000568 0.165712 0.026480 0.016577 0.429227 -0.293668 -0.063004 0.046029 0.200257 0.147450 0.023622 0.000329 0.021967 0.123722 0.015142 0.006084 0.377285 0.703028 0.485772 -0.085857 -0.187508 0.061159 0.076035 0.242766 -0.406655 0.456315 -0.262940 -0.036651 0.037640 0.234135 0.068412 0.168977 -0.260120 -0.278110 0.183323 0.072536 -0.100789 -0.193865 -0.016081 0.044026 -0.861560 -0.064260 0.078589 -0.118361 0.015044 -0.127744 -0.029045 -0.000327 0.023303 -0.143929 -0.061568 0.096063 -0.007600 0.160634 0.134232 -0.030140 -0.078051 -0.012191 0.395048 -0.043152 -0.036786 0.030828 -0.036406 -0.042095 -0.063036 -0.032339 0.056345 0.071771 -0.000432 -0.022822 0.019615 -0.050866 0.006886 0.109150 -0.085865 0.084429 0.007612 -0.019349 0.020263 -0.021063 0.132457 0.038428 0.037131 -0.107486 -0.053605 -0.191491 -0.067379 -0.065484 0.046697 0.247211 -0.036377 -0.019565 0.062698 -0.096553 0.030232 0.166595 0.016793 0.133446 0.022672 -0.396716 0.109182 0.055320 -0.078412 -0.040360 -0.053405 0.288548 -0.038121 -0.037140 -0.834947 -0.168349 -0.334034 -0.271105 0.089511 0.226031 -0.049567 
-0.136239 -0.033251 0.016083 0.109120 0.015781 0.014559 -0.076967 -0.087962 -0.152321 -0.067352 -0.000815 0.046762 -0.018851 -0.008302 0.104021 0.089166 0.013277 0.031109 -0.129610 0.091174 -0.121875 -0.350398 -0.459289 0.151581 0.104902 -0.208314 0.262109 0.051907 0.014278 -0.284268 -0.293817 0.002158 0.106662 -0.159190 -0.178395 0.083684 0.092089 0.103964 0.128742 -0.100248 -0.048915 0.062490 0.190108 0.067367 -0.059926 0.051235 0.091862 0.065720 -0.032852 -0.027724 0.044090 -0.073514 0.149939 0.391835 0.050527 0.123809 -0.324316 0.041355 -0.002422 0.137234 -0.148543 0.420498 0.036363 0.125388 -0.083019 0.024890 -0.025056 0.025234 -0.084906 0.046597 -0.018967 -0.022391 -0.015729 -0.010649 0.010425 -0.001649 -0.015790 -0.002345 0.021538 0.036298 -0.016146 0.041202 0.025750 -0.044144 0.032193 -0.093049 0.010117 -0.698121 -0.003643 -0.020923 0.062387 -0.205024 0.037448 -0.017911 0.009255 -0.041227 0.022593 -0.053512 -0.103873 0.104970 -0.039504 -0.055672 0.060450 -0.028877 0.022062 0.034551 0.051757 -0.104852 0.318834 0.053684 0.421122 -0.342995 -0.279410 -0.120413 0.063008 0.141165 -0.078762 
0.033623 -0.003493 -0.044437 -0.134966 -0.041798 0.067580 0.332132 0.106813 0.122780 -0.023775 -0.051583 -0.025978 0.033277 -0.063740 -0.099417 -0.047080 0.042401 0.032190 0.295306 0.162520 0.349666 -0.421911 -0.422584 -0.096078 -0.129940 -0.045436 0.061407 -0.154883 -0.090985 0.360071 0.296565 -0.314871 -0.153176 0.041927 -0.537212 -0.378202 -0.124917 -0.033808 0.073936 0.172187 -0.004069 -0.118845 0.546492 0.128448 0.004000 0.004896 -0.019334 0.003147 -0.009484 -0.024076 0.049305 0.023401 -0.062466 0.274079 -0.042345 1.444087 -0.432221 -0.072955 0.006369 -0.079421 0.237369 -0.186022 0.048906 -0.047176 -0.064666 0.007537 -0.090165 -0.060327 0.021012 -0.051918 -0.008729 -0.006158 0.016237 0.043300 0.007167 -0.078638 0.025710 -0.032050 -0.003937 0.054757 -0.029982 -0.355214 -0.282218 0.012988 0.010006 0.063959 -0.084942 -0.212312 -0.065305 0.064002 -0.069238 0.247617 0.066855 0.042373 0.062331 0.016778 0.001001 -0.385294 0.025505 -0.148405 0.070131 -0.980643 0.015825 -0.058543 0.005399 -0.029944 -0.082093 -0.180239 -0.328725 0.037483 0.593961 0.046703 -0.203580 -0.294610 -0.081733 0.121086 -0.002385 
0.406027 0.008604 0.034084 -0.168371 0.068745 0.095875 0.066783 -0.029286 -0.033982 0.183446 0.341548 0.445915 0.181609 0.263255 0.043478 0.304476 0.019834 -0.019589 -0.027997 -0.252733 -0.283615 -0.156210 -0.197955 -0.067864 -0.036305 0.274929 -0.285317 -0.077865 -0.257091 -0.099115 -0.134458 -0.167840 -0.378849 0.122469 -0.105344 -0.358849 -0.176952 -0.056291 0.120612 -0.109426 -0.012489 0.172343 0.719465 0.004102 -0.016905 0.105706 0.008255 -0.033128 -0.006241 0.001144 -0.071503 -0.015268 0.036496 0.327778 0.017371 -0.672588 -0.174755 0.015699 -0.014935 -0.078794 -0.002378 -0.094159 -0.023773 -0.046110 -0.048431 0.064695 0.012906 -0.048774 0.025807 0.043088 -0.003086 -0.067416 -0.006155 -0.074978 0.002214 0.004325 -0.085812 0.059145 0.102608 0.049688 -0.025549 -0.243917 -0.660267 0.018976 0.101175 0.109379 -0.053410 0.370510 -0.090543 -0.041700 -0.078327 -0.302158 0.010639 0.000125 0.006791 -0.110938 0.009046 0.540451 -0.098560 -0.032157 0.062956 0.557104 -0.008843 0.056301 0.019348 0.017354 -0.028320 -0.333706 0.791050 -0.039872 0.835020 0.380980 -0.726008 -0.149050 0.015179 0.089702 0.015009 
0.065806 -0.026170 -0.056118 -0.348146 0.002766 -0.029262 -0.224022 -0.021278 0.060947 -0.078416 -0.364183 -0.108841 -0.073290 0.060967 -0.056806 -0.164187 0.007819 0.024457 -0.256837 -0.030937 -0.169864 0.083292 0.120137 -0.016087 -0.047825 -0.048879 0.072711 0.276171 -0.380503 -0.261577 -0.189063 0.249668 0.307556 -0.073807 0.362623 0.168116 0.104782 0.138487 -0.134718 0.334367 0.003264 -0.078384 0.047602 -0.003903 -0.039333 0.015562 0.053099 -0.042947 -0.062328 0.011336 -0.016166 0.031306 -0.076030 -0.267086 0.043486 0.657443 -0.498747 -0.023894 -0.039468 -0.261895 -0.156323 -0.318881 0.026477 0.023610 -0.096131 -0.024976 0.198424 -0.029769 -0.050054 -0.003018 -0.028045 -0.014036 0.008570 -0.013779 0.053527 -0.008948 0.037097 0.058711 -0.004942 -0.036217 0.017921 -0.405223 0.233443 0.008101 -0.023810 -0.179711 -0.029303 0.157396 -0.008108 0.061978 0.011529 0.549659 0.020702 -0.030741 0.003705 -0.029867 -0.001497 0.010437 0.081074 -0.035114 0.046745 0.218252 0.023727 -0.019011 -0.043918 -0.017027 -0.006501 -0.153924 0.094946 -0.017530 0.089535 0.190156 -0.060390 0.043941 -0.022405 0.009629 -0.033302 
0.733346 -0.097466 0.158351 -0.009622 0.022541 0.077499 -0.315834 -0.034221 -0.086359 0.071422 0.295347 0.134118 0.080699 0.010139 0.124725 0.134144 0.082538 -0.009741 -0.385213 -0.315825 -0.220172 0.235206 0.220189 0.303969 0.325170 0.082074 -0.160682 -0.099459 -0.014973 -0.173383 -0.213704 0.560246 0.213567 0.866986 0.089755 0.346422 0.258305 0.438787 -0.009417 -0.343477 0.053316 0.078116 0.588952 0.193254 0.013779 0.070925 -0.013471 0.020961 0.029779 -0.026329 -0.048978 0.005367 0.093155 0.129766 -0.003001 -0.141478 0.216578 -0.040248 0.003462 0.565351 -0.371727 -0.494540 -0.041438 -0.102099 0.225876 -0.031497 0.185491 -0.013371 -0.010390 0.037956 0.001301 -0.041292 -0.016209 -0.052942 0.068271 -0.010802 -0.039070 -0.007190 0.003824 -0.020247 0.023399 -0.188746 0.304130 0.067020 -0.024968 0.537786 -0.027303 -0.604561 -0.046511 0.064162 -0.002173 -0.419898 -0.030470 -0.004136 0.027252 0.065706 0.084807 0.841161 0.108638 -0.005745 0.190804 -0.455999 0.055414 -0.019226 -0.047545 -0.027312 0.032921 0.255367 -0.191980 -0.009105 0.394513 -0.334581 0.662501 0.054010 -0.000280 -0.338928 0.011214 
0.478127 -0.012037 0.023699 -0.165205 0.052031 -0.005026 0.315500 0.021843 -0.069307 -0.071065 -0.198670 -0.242292 -0.130414 -0.098822 0.074766 -0.238918 -0.045767 -0.033624 0.370779 -0.065100 -0.057873 0.138010 0.161436 -0.240846 -0.159810 1.210278 -1.123350 0.262749 -0.358432 -0.145465 -0.061092 0.403951 0.311956 0.217592 -0.061251 -0.142286 -0.169397 -0.139004 0.150065 0.439105 -0.310352 0.185637 -0.184424 0.047689 -0.025355 -0.210851 -0.011687 0.025409 0.044540 -0.003508 -0.038100 -0.005531 -0.122006 0.066043 0.032928 0.427267 0.467856 0.047295 -0.019803 0.023526 0.405631 -0.474950 -0.041223 0.009550 -0.121900 -0.028743 -0.086179 0.029678 -0.031762 0.031439 0.003969 -0.016722 0.027632 0.038472 -0.049509 -0.023632 0.027790 0.012477 0.011236 -0.025211 0.001203 0.403232 0.023802 0.019412 -0.017611 0.146913 0.030238 -0.641663 0.025202 -0.043050 0.022879 0.238689 -0.015887 -0.020857 -0.024390 0.036214 -0.046115 0.160518 0.017558 0.045992 -0.079873 -0.011992 0.026521 0.038194 -0.024279 -0.028405 0.044165 -0.180934 0.184695 0.043862 -0.290985 0.084655 0.051813 0.194818 -0.068177 0.083319 0.017139 
0.593869 -0.026079 -0.037179 0.025003 -0.046846 -0.104054 0.377981 0.112490 0.048162 0.136503 0.193333 0.276897 0.142144 0.190280 0.039265 0.193437 -0.034629 0.018222 0.436258 -0.580634 -0.583470 -0.509995 -0.413010 0.467943 0.417748 0.203177 -0.263868 0.195845 -0.142602 -0.169381 -0.153815 0.289984 0.071292 0.053368 0.518407 0.445843 0.366707 0.331223 0.294840 -0.790893 0.347635 -0.002960 0.531349 -0.131817 0.005759 -0.014259 -0.022651 0.014969 -0.041900 0.011380 -0.020400 0.086884 0.085041 -0.053336 -0.000857 0.385492 -0.415972 -0.001356 0.011330 0.213021 0.420176 -0.289897 0.019019 0.013284 -0.047885 0.042349 0.060024 -0.031886 0.025601 -0.023069 0.009229 -0.051441 -0.014105 0.052165 0.024962 0.023385 0.003719 0.056785 0.013760 0.030207 0.065269 0.022774 0.306165 0.029931 -0.014140 -0.036299 0.040788 -0.119490 -0.053101 -0.018092 -0.029500 0.001651 -0.046570 0.053769 -0.082964 -0.043410 -0.013613 0.264101 0.010750 -0.120773 0.038061 -1.251542 -0.031144 -0.037083 -0.000690 -0.038202 0.021216 0.250122 0.083456 -0.010002 0.738773 -0.279752 -0.500016 -0.532314 -0.039028 -0.105052 -0.013073 
-0.114635 -0.036124 0.061245 -0.380216 -0.030329 0.034335 0.003497 0.069587 -0.148179 0.123311 0.485900 0.366730 0.136579 0.312155 -0.037449 0.235014 0.004382 -0.040819 -0.023384 -0.311635 -0.158932 -0.299527 -0.282297 0.048845 0.052217 0.392347 -0.342239 0.122353 -0.425894 0.040658 0.082736 -0.573780 -0.059236 0.121873 0.508336 0.779186 0.077230 0.025886 -0.086509 0.051071 -0.147609 0.061876 -0.407891 -0.114742 -0.009448 0.032030 0.021863 -0.053015 -0.023100 0.028461 0.042422 -0.062514 -0.146016 0.413705 -0.073381 -0.181808 0.251165 0.056890 -0.037438 0.087813 0.014190 0.264270 -0.005198 -0.037455 -0.213922 -0.032876 -0.008410 0.076861 0.033283 -0.064662 0.041716 0.062156 0.023380 -0.009926 -0.021004 0.011429 0.020798 -0.017628 -0.013293 0.017960 -0.019484 -0.304918 -0.280269 -0.117772 0.023650 0.119745 -0.008539 -0.361453 0.006244 0.042351 -0.005730 0.001754 0.016101 -0.085735 0.071549 0.001100 -0.061158 0.357704 -0.127336 0.023700 -0.018796 0.024110 0.027655 0.045599 0.040967 0.063904 -0.013256 0.204892 0.135069 0.036038 -0.542348 -0.232285 -0.010718 -0.273446 0.019774 0.013796 0.025016 
0.173444 0.043931 -0.034085 -0.087146 -0.046346 0.047795 -0.167817 0.050192 0.175511 0.240616 0.509961 0.456370 0.218135 0.118755 0.077060 0.390206 0.022247 0.064122 -0.198093 -0.062580 -0.167752 0.627336 0.611301 -0.262275 -0.291328 -0.165047 0.223347 0.185087 0.072674 -0.120619 -0.091152 -0.238668 -0.246604 -0.025298 0.282352 0.429373 -0.482434 -0.404141 -0.430944 0.128361 0.231037 -0.393589 0.158530 0.185277 -0.009162 0.042210 -0.050662 0.079562 0.090932 0.018168 0.028624 -0.032262 0.141882 -0.211529 -0.009925 0.065374 0.050262 -0.023044 0.005682 0.281032 -0.182230 -0.111869 0.018150 0.017000 -0.190707 -0.042755 -0.060374 -0.022222 0.023397 0.056727 0.013048 -0.021328 0.041704 0.080364 -0.055096 -0.011198 0.026554 -0.007512 -0.090427 0.056546 -0.024119 0.097220 -0.122152 -0.048166 -0.007812 0.064432 -0.088510 0.180962 -0.096449 -0.052824 0.025755 0.438375 -0.068397 0.083340 0.019613 0.008823 -0.069024 0.075980 -0.090536 0.122614 0.308526 0.017812 0.104883 -0.001882 -0.066738 -0.132381 0.037674 -0.474971 0.547512 0.075033 0.340689 0.743054 0.170419 0.349333 -0.065037 -0.221973 -0.126514 
0.205985 0.016541 -0.077652 0.257082 0.004550 -0.125484 0.429504 -0.036744 0.197626 -0.055491 -0.168969 0.019654 -0.143401 0.009516 -0.194028 -0.088938 -0.102517 -0.043273 0.527247 -0.435988 -0.257296 0.257550 0.229822 0.086025 0.126967 0.170902 -0.145184 0.236516 0.085179 0.071227 0.199699 0.179041 -0.024930 -0.507716 -0.200328 0.233321 -0.331775 -0.099647 0.238506 -0.589013 -0.149842 0.354089 1.066326 -0.111335 0.053721 -0.192445 0.044463 -0.140505 -0.040191 -0.006659 -0.029380 -0.008670 -0.213556 0.336728 0.058719 -0.375674 0.015415 0.059987 0.001217 -0.436857 0.549786 -0.060578 -0.017269 0.029994 0.000666 -0.076284 -0.094826 -0.008699 0.007647 -0.027930 -0.053121 0.064830 -0.036851 -0.043397 -0.013136 0.019565 -0.000435 -0.022202 -0.029911 -0.140691 0.040327 0.074377 -0.087098 0.044385 0.013957 -0.335244 0.070753 0.077127 0.105553 -0.026340 0.096989 -0.016846 0.029851 -0.039216 -0.001656 -0.027479 -0.030975 -0.188374 0.009524 0.140461 -0.356029 -0.433761 -0.037073 0.046989 0.017308 0.083485 0.063453 -0.324802 0.873017 -0.021588 0.941576 -0.530566 0.904209 0.228799 0.010604 -0.160818 0.003780 
-0.106227 0.020469 0.000743 -0.051112 0.005116 -0.031299 -0.347397 0.240851 0.078854 -0.026813 -0.496555 -0.308834 -0.189468 0.058795 0.085613 -0.264016 -0.004343 0.002858 -0.327240 0.677476 0.497648 -0.452691 -0.408719 0.580842 0.651728 0.212743 -0.076439 -0.250572 -0.157165 -0.101300 0.035611 -0.223492 0.091009 0.114928 0.084352 -0.244619 0.423626 0.504177 -0.153560 -0.732192 0.308533 -0.072268 0.719686 -0.160603 -0.039686 0.202044 -0.011997 0.098830 0.123412 0.036729 -0.101038 0.071592 0.266067 -0.292219 0.067846 -0.440610 0.274072 0.068787 0.067387 0.200823 -0.240580 0.357052 0.014338 -0.020566 -0.071185 0.002570 -0.067861 0.023481 0.004070 0.027047 0.041079 0.036720 -0.052796 -0.026391 -0.074485 -0.045692 -0.033135 -0.036624 -0.054631 -0.048520 -0.018718 0.074878 0.132514 -0.021234 0.054404 0.016661 0.069919 0.275676 0.089622 -0.077721 0.040827 0.055688 -0.005305 0.045749 -0.090541 0.038888 -0.103349 -0.200985 0.039795 -0.175689 -0.168723 -0.753865 -0.065400 0.067888 0.035212 0.026348 0.046779 0.538658 -0.135022 0.052394 0.884374 -0.515461 -0.430769 -0.211852 -0.053127 -0.165737 -0.109412 
-0.416698 -0.022489 0.047362 -0.298230 -0.024233 -0.015871 0.454615 -0.015241 0.233465 -0.146997 -0.520544 -0.483451 -0.261092 -0.154567 0.076786 -0.362864 0.014707 0.099200 0.488553 0.240288 0.150747 -0.173435 -0.136176 -0.210330 -0.200613 -0.113386 0.145093 -0.077743 -0.004602 0.015545 0.092495 -0.335261 -0.257513 -0.103474 0.136702 -0.167260 -0.159426 0.063647 -0.187569 -0.637808 0.259425 -0.027127 0.244488 0.072656 -0.048257 0.160868 -0.021017 -0.041804 0.035662 0.060370 -0.068974 -0.023690 0.153538 0.058134 0.067481 -0.848725 0.888473 -0.008677 -0.005820 0.014030 0.455856 0.055160 0.044571 -0.044573 0.088881 -0.072939 0.113303 -0.021035 -0.052253 0.046812 0.038274 -0.032524 -0.023158 -0.049882 0.116250 0.000474 -0.003217 -0.067843 -0.036539 -0.057848 0.039080 -0.076073 -0.340413 -0.005899 -0.057573 0.105051 0.001169 0.534435 -0.034658 0.054990 -0.015101 -0.185237 -0.130249 -0.093097 0.011224 0.032772 0.073320 0.039850 -0.003600 -0.117070 -0.031272 -0.714918 0.093448 -0.002700 -0.048207 0.033321 0.081748 -0.219425 0.036376 -0.032426 0.307384 -0.091269 -0.286325 -0.067592 0.066415 0.248192 0.073992 
-0.100122 0.032077 -0.045784 0.115152 0.042109 -0.059363 -0.296843 -0.077445 -0.228389 0.009229 -0.118714 -0.012679 0.030083 0.025806 -0.036313 0.174599 -0.039576 -0.032175 -0.444027 -0.111840 -0.046517 -0.244317 -0.271574 0.132862 0.121749 0.306891 -0.313858 -0.124037 0.324099 0.075641 0.134974 -0.249325 -0.597813 0.014709 0.237237 0.062161 0.114619 0.066946 -0.062236 -0.712084 0.011840 0.206250 -0.281232 0.134286 0.080003 0.035281 -0.013595 -0.054083 -0.001382 -0.045376 0.020485 0.026514 0.023819 0.176700 0.039126 -0.548222 -1.070570 -0.040015 0.026207 0.291327 -0.454170 0.382704 0.091812 0.041089 0.011450 0.032593 0.048044 -0.112591 -0.009885 -0.027790 -0.075371 0.041037 -0.014386 0.077135 -0.054777 -0.091035 0.064982 -0.049319 0.067393 0.025310 0.035164 0.707009 -0.891483 0.056612 -0.026502 0.103094 -0.009462 1.035439 -0.024382 -0.009984 0.023052 -0.160312 0.082176 0.085573 -0.010951 -0.068504 -0.027873 0.131134 0.141069 -0.030198 -0.087457 0.156178 0.042679 -0.012642 0.007266 -0.021341 -0.060585 0.151679 0.192562 0.033976 -0.245801 0.025749 -0.249590 -0.252650 -0.033438 -0.030000 -0.009383 
-0.546763 -0.032559 -0.027847 0.049586 0.013282 0.001236 0.778418 0.039124 0.006415 -0.172164 -0.603782 -0.499842 -0.129353 -0.113654 0.005088 -0.308429 -0.008286 -0.036696 0.824862 -0.260752 -0.347757 0.799946 0.740132 0.092159 0.007746 -0.157369 0.124959 -0.143058 0.017102 0.123946 0.048270 0.188273 0.168709 -0.236997 -0.027793 -0.431001 0.349374 0.096973 0.114307 -0.436624 0.292771 -0.080146 -1.072209 -0.009043 -0.032182 -0.030456 -0.005886 0.063127 -0.039269 0.001284 -0.015891 0.019745 0.115213 -0.155773 -0.006894 -0.124147 0.082586 0.068324 0.032757 -0.357710 0.721634 -0.014503 0.039165 0.038566 0.413020 0.073680 -0.132348 0.025422 -0.019847 -0.019141 0.007735 -0.021971 -0.043446 0.025828 0.013106 -0.037672 -0.011855 -0.039412 0.065148 0.050265 0.018385 0.219402 0.294950 -0.033400 0.034235 -0.280887 0.024497 -0.207630 -0.044535 -0.005113 -0.027051 -0.261973 0.019632 -0.039694 -0.053872 -0.021381 0.003192 -0.263941 0.002088 -0.055735 -0.099049 -0.656899 0.002299 -0.041376 0.090343 0.074825 -0.019977 0.400915 -0.073164 0.056875 -1.214120 0.962225 0.191877 0.679313 -0.000307 -0.629151 0.036876 
-0.013403 0.003228 -0.041258 -0.030106 -0.022581 -0.036250 0.223254 -0.019011 -0.399167 -0.169308 -0.312732 -0.350302 -0.172459 -0.093965 0.112925 -0.340788 -0.056384 -0.000512 0.230432 0.291959 0.204750 -0.227803 -0.340827 0.007623 0.034949 0.165544 -0.074064 -0.293236 0.373761 -0.167269 -0.128983 -0.103837 -0.048372 0.382394 -0.237792 -0.169949 -0.128835 -0.147806 -0.110040 0.007425 -0.318402 0.235311 -0.029185 0.287507 -0.023307 0.688786 0.039573 -0.001666 0.003154 -0.026199 0.041086 -0.061141 0.097777 -0.108844 0.022930 0.200331 0.436278 -0.005001 0.026665 1.224347 0.204858 -0.517764 0.013098 0.003850 -0.213162 -0.007089 0.469081 -0.030452 -0.040305 -0.012008 -0.056730 0.027518 0.004470 0.038252 -0.082868 -0.041705 0.068920 -0.067297 0.044108 0.051749 -0.020220 0.505436 0.084196 -0.025590 0.019532 0.791079 0.013570 0.740797 0.003767 0.001179 -0.005997 -0.235476 0.030976 0.043023 0.066370 0.008714 -0.003383 -0.018803 -0.116765 -0.042325 -0.056366 -0.542631 0.025381 0.063347 0.039297 -0.010430 -0.003862 -0.052024 0.488960 0.033395 0.018777 0.069786 -0.308247 -0.096915 0.031122 0.040709 0.030609 
0.013128 -0.108738 -0.086847 0.251581 -0.007397 -0.128352 -0.208110 0.063958 0.017770 0.180199 0.304144 0.320075 0.169861 0.317614 -0.096556 0.293991 -0.064917 -0.105700 -0.343200 0.643992 0.352688 0.451714 0.310644 -0.348475 -0.411886 -0.443899 0.212193 -0.018764 -0.219838 -0.069993 -0.122161 0.134669 0.635359 0.059695 -0.009235 0.187579 -0.416296 -0.397483 -0.308464 -0.304897 0.098675 0.099484 -0.348462 0.012244 0.033798 0.123706 0.084551 -0.043999 -0.031128 -0.104369 -0.110546 0.029042 0.035161 -0.279081 0.035710 -0.025396 0.474636 0.153433 0.107491 0.212124 -0.303056 0.117420 -0.061767 -0.105868 -0.066228 0.034505 0.007884 -0.063040 0.043490 -0.025251 -0.118530 -0.057239 -0.104757 -0.101306 0.006791 -0.006145 -0.094808 -0.048276 0.114395 0.048789 0.082392 0.038981 0.746460 0.009329 0.128293 0.078320 0.024947 0.193396 -0.147679 -0.016898 0.043126 -0.134242 0.002350 0.058914 0.003330 -0.145919 0.022665 0.263766 -0.087924 -0.112466 -0.134453 -0.634112 0.013175 0.054480 0.087959 0.088888 0.023308 -0.248061 0.003054 0.028321 -0.528409 0.119464 0.502404 0.353355 0.025150 0.145164 -0.096345 
-0.101913 -0.018910 -0.047255 0.189074 0.023712 -0.016564 -0.053216 -0.014677 -0.006699 -0.123056 -0.481950 -0.283469 -0.133960 -0.057295 0.085675 -0.315387 0.046909 -0.027892 -0.094979 -0.131384 -0.114949 0.241727 0.240148 -0.086276 -0.064221 -0.000139 0.112446 0.323484 0.276757 0.040731 -0.037070 0.071456 -0.237107 0.225180 -0.233219 -0.184968 -0.051149 -0.083557 0.317694 -0.201499 0.082392 -0.039376 0.300840 -0.049569 0.065977 0.445081 0.015050 -0.006194 -0.006355 -0.004186 0.030343 -0.009228 0.096285 0.254263 -0.017991 0.256699 -0.579677 -0.008681 -0.018646 0.866433 -0.061201 -0.691117 0.036329 0.040681 0.078502 0.042559 0.106489 0.001844 0.036904 -0.006424 0.017598 0.037260 -0.023734 -0.017902 -0.017319 0.018103 -0.033018 0.056639 0.006739 0.009582 -0.000929 -0.191672 0.066910 -0.008433 0.004477 0.358700 0.005679 -0.808225 0.032072 -0.030023 0.023773 0.233575 0.047829 0.080966 -0.029853 -0.059245 -0.032323 -0.157166 0.037867 -0.120647 0.070525 -0.037702 0.001340 -0.009230 0.005021 0.007538 -0.082543 -0.123551 -0.275051 0.001601 0.295448 0.201488 -0.074268 0.090076 0.014072 0.060216 -0.056674 
0.222231 -0.023106 -0.106445 -0.027991 -0.002740 -0.035153 0.256261 0.034132 0.019296 0.058447 0.236142 0.082956 0.030455 -0.072463 -0.012159 -0.050251 -0.051573 0.015247 0.239328 -0.253104 -0.213425 -0.040289 -0.019532 0.245730 0.263358 -0.038353 0.076155 0.325991 0.747579 -0.006656 -0.077234 0.132938 -0.441282 -0.308292 0.060133 -0.089552 0.208675 0.177866 0.078079 0.035654 0.045835 -0.024227 0.249635 0.116381 -0.024621 -0.107263 0.022809 0.042899 0.047746 -0.059914 -0.034989 0.019435 -0.043167 -0.175006 0.020115 -0.458125 0.401793 0.049082 0.022832 -0.191303 0.219954 -0.311457 -0.050172 -0.047865 -0.348727 0.000849 -0.097386 -0.023617 -0.016871 0.006787 -0.035516 -0.075110 0.007017 -0.004480 -0.001917 -0.028687 -0.008652 -0.009072 0.006550 0.024246 -0.003050 0.180618 -0.126673 0.053310 0.012565 -0.091202 0.014649 0.452059 -0.045184 -0.015544 -0.007851 0.860910 -0.017068 0.065421 0.009506 0.017492 0.017518 -0.138722 0.016678 -0.017954 -0.057437 0.254032 0.002817 0.001975 -0.016388 -0.030632 0.130469 0.220583 -0.191372 0.028086 0.240966 -0.099557 0.179784 0.049416 -0.055552 -0.228998 -0.010416 
0.142074 0.038901 -0.000986 0.185923 0.011864 0.015493 -0.039363 0.116134 0.241178 0.029302 0.133789 0.157254 0.039406 0.210813 -0.042323 0.180871 0.002089 -0.069039 -0.163372 -0.056171 -0.057562 0.109158 0.026712 0.185752 0.287790 -0.423203 0.414370 -0.017288 0.198232 -0.372721 -0.442620 -0.334222 -0.197277 0.113424 0.424149 0.411835 0.061038 0.191673 -0.517740 0.463608 0.558421 -0.791037 0.530804 0.065066 -0.011664 0.231300 -0.052476 -0.073287 -0.023884 -0.027381 0.002785 -0.005071 0.179336 -0.134603 0.023755 0.261856 0.363090 0.006962 0.035424 0.281384 -0.176937 0.488843 -0.026425 -0.010445 -0.188999 -0.067701 0.019639 0.023972 0.027138 -0.015901 0.018701 0.019055 0.014687 0.055865 -0.028217 -0.047402 -0.025593 -0.085402 0.072105 -0.007409 0.033086 -0.523690 -0.304004 -0.049743 0.027267 -0.021794 -0.035923 -1.054385 -0.022830 -0.012942 0.019794 0.399431 0.022358 -0.043739 0.025674 -0.026144 -0.035892 0.214968 0.079089 -0.034186 -0.118906 0.170227 0.028673 -0.019390 0.025818 0.072281 0.047075 0.164403 0.281836 0.049387 0.536639 -0.068330 -0.045589 0.019730 -0.032472 -0.305058 -0.019812 
-0.509056 -0.064684 0.008877 -0.320205 -0.001337 0.079811 0.191831 -0.069738 -0.022602 0.099636 0.267288 0.243228 0.168145 0.124407 0.042362 0.143246 0.100199 -0.062582 0.149929 -0.259980 -0.340817 -0.178709 -0.254558 -0.197579 -0.226703 -0.175467 0.072470 0.279198 -0.172911 0.097589 0.257368 -0.582334 -0.045078 0.073012 -0.740818 -0.556719 -0.073200 -0.200631 0.573429 0.395961 -0.244109 0.042434 -0.642276 -0.010608 -0.011449 -0.057073 0.029679 0.058067 0.005404 -0.016604 0.003388 -0.009095 0.166800 0.109443 -0.024082 0.584775 0.118184 -0.013884 0.021173 0.004037 0.231638 -0.167411 -0.037991 -0.044834 -0.056120 -0.037877 -0.098539 0.034498 -0.002410 0.021427 -0.029313 0.037583 -0.003963 -0.023435 -0.024365 -0.003906 0.009004 0.004642 -0.021294 0.018812 -0.011786 0.086050 -0.381724 -0.073334 0.012595 0.008576 -0.075649 0.507081 -0.031357 0.055945 0.064239 0.073779 0.022934 0.015205 0.044708 0.024616 -0.019608 -0.164995 -0.065190 0.021776 0.191040 -0.020037 0.053299 0.015219 -0.015007 -0.044224 -0.030045 -0.055203 -0.171077 0.038304 -0.733164 -0.278445 0.072959 -0.088113 0.006057 0.332714 -0.131878 
0.224912 0.031699 0.037262 -0.016353 0.029788 0.018902 -0.330543 0.032517 -0.076477 0.182565 0.108693 0.259733 0.138905 0.118320 -0.066114 0.317290 -0.005647 -0.043136 -0.427233 -0.512794 -0.374445 -0.184687 -0.152041 -0.190249 -0.205607 -0.430522 0.353941 0.068082 0.161090 0.097757 0.094392 0.372021 0.076605 -0.141016 0.104334 -0.220704 -0.162700 -0.090986 0.124175 0.318023 -0.307176 0.237409 -0.772838 0.102773 0.039362 -0.162010 -0.130283 -0.077535 0.005816 0.055874 -0.081108 0.066129 0.065091 0.378966 0.034167 0.281968 -0.051845 -0.001073 0.016538 -0.349436 -0.414513 -0.572212 0.037759 -0.004479 0.364813 -0.084622 -0.162763 -0.024088 0.035960 0.010758 0.016855 0.032135 -0.008446 0.076542 0.024658 -0.046187 0.015237 -0.071710 -0.018209 -0.095583 0.074013 0.254459 0.227622 0.010230 -0.043723 -0.220414 -0.049169 -0.398803 -0.046261 -0.008772 0.034088 -0.344708 -0.054554 -0.057922 -0.062771 -0.003499 -0.057655 0.183706 0.177178 0.096745 -0.156050 0.180559 0.063427 -0.035670 -0.022176 0.016964 0.046119 0.097852 0.148953 0.031773 -0.851558 -0.209677 -0.135095 -0.136405 -0.085703 0.137297 0.012435 
-0.329995 0.015895 0.100225 0.297312 -0.024081 -0.006612 0.039062 -0.042503 -0.007345 0.017347 0.140792 0.090647 -0.016576 -0.146160 0.010679 -0.044674 -0.089403 0.010744 0.131319 0.111073 0.064104 0.265574 0.210499 0.068173 0.019149 -0.221645 0.297392 -0.073900 -0.722059 -0.088929 0.032183 -0.392813 -0.154203 0.116103 -0.084260 -0.160554 -0.088990 -0.113662 -0.271063 0.708290 -0.155953 -0.045936 0.464835 -0.002347 -0.024414 0.058588 -0.011925 0.052584 -0.037234 0.036355 -0.023375 -0.036250 -0.066995 0.325745 -0.021893 0.478198 0.284995 0.063689 -0.036433 -0.105690 0.032108 -0.155082 -0.043986 0.071546 -0.229700 0.038149 0.260481 0.031705 0.030990 0.028481 0.050708 -0.077171 -0.012956 0.036359 -0.045345 0.055571 -0.072764 0.077757 -0.025572 -0.026354 0.015242 0.293783 -0.536591 0.099012 0.113575 -0.096280 0.085571 -0.277580 -0.007433 -0.122909 0.000515 0.036954 -0.007442 -0.074549 -0.061540 0.040046 -0.030177 0.161704 -0.042369 0.213768 -0.106175 0.358442 -0.037971 0.034208 0.042825 -0.010347 0.029320 -0.108203 0.280981 0.065434 0.523794 0.034457 0.131854 0.121406 -0.042102 -0.138873 0.007424 
-0.153069 0.058054 -0.001409 0.154318 0.038401 -0.011569 0.172861 0.041743 0.001419 0.132090 0.399298 0.360790 0.232546 0.164256 0.025964 0.331468 -0.018562 -0.038579 0.200917 0.319740 0.247668 -0.295785 -0.125709 -0.057942 -0.097888 -0.185515 0.135010 -0.251391 0.285963 -0.387134 -0.380986 -0.033437 -0.285943 0.265076 0.038992 0.226085 0.043809 -0.134828 -0.294672 0.094264 0.115887 0.020389 -0.590588 0.133913 -0.062061 0.320266 -0.022298 0.085294 -0.045215 0.006117 -0.012329 0.106360 0.081320 -0.095607 -0.001243 0.022714 -0.130906 0.045270 0.012770 0.488056 0.195526 0.084895 -0.048438 0.082229 -0.498049 0.056081 0.225515 0.083903 -0.028569 -0.000131 0.003158 -0.032651 0.027354 0.036895 0.025019 0.033264 0.017409 0.059081 0.021109 0.005370 -0.011224 0.156208 -0.146759 -0.047970 -0.047352 0.212310 0.012573 0.194164 0.041735 -0.020913 -0.002587 0.200052 -0.019482 0.027032 -0.114212 -0.012429 -0.010474 0.410518 -0.039993 0.083856 0.002345 0.218103 -0.115923 -0.079446 0.014526 0.008460 0.049100 -0.089893 0.174021 -0.044500 -0.465312 -0.178929 -0.081132 -0.147146 -0.025837 0.147173 0.016381 
-0.178565 -0.002675 -0.008369 0.116475 0.064584 -0.049092 -0.354241 -0.057983 -0.150298 -0.041599 -0.161834 -0.224837 -0.121705 -0.128034 0.016676 -0.109051 -0.000570 -0.017121 -0.435763 -0.148862 -0.136880 -0.312760 -0.100219 -0.013451 0.011507 -0.045476 0.082796 0.214893 0.140758 -0.158228 -0.009657 -0.107776 -0.135591 -0.041819 -0.425598 -0.229891 0.056817 0.087973 0.217763 0.628932 0.014033 -0.174643 0.063502 -0.139362 0.097477 -0.107514 -0.024644 -0.069826 0.038602 0.039238 -0.018738 -0.055669 -0.089590 -0.188970 -0.020657 0.380977 0.818250 0.125696 -0.041296 0.034301 -0.465289 0.314038 0.078031 0.050384 -0.061055 0.032082 -0.051130 0.049214 0.035290 -0.004333 0.058310 0.033559 -0.047654 -0.067104 0.087694 0.043264 -0.051554 -0.016524 -0.012720 -0.029738 0.031905 1.022121 -0.495613 -0.070565 -0.069488 -0.079102 0.030877 0.207171 -0.000822 -0.036991 0.046960 0.236246 -0.075702 -0.021411 -0.065451 -0.103756 -0.006938 -0.115246 -0.062874 -0.117526 -0.135813 0.220599 0.091297 -0.033903 0.007906 0.124216 -0.014672 0.035391 -0.091815 -0.010532 0.068416 -0.127948 -0.298670 -0.185837 0.094975 0.110448 0.071202 
-0.156698 -0.031999 -0.067789 -0.236191 -0.060994 -0.079911 0.038338 -0.046238 -0.031646 -0.008715 -0.085923 -0.050178 -0.047983 0.024504 -0.059231 -0.066203 -0.070898 0.046469 0.091092 0.038331 0.015260 -0.062727 -0.007368 0.206270 0.094254 0.102505 -0.063065 -0.232661 0.738258 0.260327 0.118793 -0.106877 -0.226031 -0.129271 -0.119814 -0.135968 0.155342 0.087740 0.138617 0.246723 0.044657 -0.075472 -0.201107 0.095707 -0.014603 0.054166 0.046548 -0.022972 -0.055954 0.016149 -0.030739 0.007938 -0.177566 -0.094806 -0.017188 0.034952 -0.205085 0.036534 -0.058689 0.091886 0.120347 -0.088010 -0.027351 -0.005709 0.233283 -0.008723 0.065887 -0.032357 0.020606 -0.013336 -0.014697 -0.081733 0.001088 -0.012397 0.033767 0.049151 -0.011094 0.113586 -0.063642 -0.029951 0.026721 -0.189857 -0.007568 0.078901 0.042608 0.132308 0.010574 0.110658 -0.064098 -0.005777 -0.004815 -0.421495 -0.025783 0.023555 -0.003924 -0.006468 -0.014919 -0.076739 -0.056568 0.051424 -0.120360 0.422719 0.008572 0.015219 -0.034649 -0.059861 0.072903 0.154250 -0.019586 0.014068 -0.228830 -0.011439 0.011988 -0.029115 -0.058572 -0.097164 -0.026836 
-0.089137 0.017859 0.122374 0.020707 -0.001601 0.098408 -0.228479 -0.065822 0.098197 -0.024596 0.001488 0.034337 0.057231 -0.006282 0.071774 0.042650 0.079393 -0.038307 -0.183561 0.305794 0.167665 0.200772 0.254183 -0.153090 -0.229889 -0.042776 -0.065201 -0.224077 0.669663 -0.112504 -0.067048 0.026887 -0.008293 -0.128041 0.067405 -0.122031 -0.140340 -0.243998 -0.273358 -0.034716 -0.031003 0.039046 0.118372 -0.063908 0.018838 0.038238 -0.044485 0.016096 -0.077174 0.085264 0.026507 -0.023696 0.157062 -0.141423 -0.077168 0.723077 -0.019287 -0.066098 -0.052744 -0.174804 -0.175926 0.167438 0.009799 0.038771 -0.215240 0.025156 -0.142327 0.051776 0.037077 0.009785 0.058252 0.041070 -0.008757 0.010853 -0.000329 0.061909 -0.013395 0.078743 -0.026032 -0.026177 0.000262 0.257336 -0.012148 -0.010216 0.014773 -0.104677 -0.026753 0.453935 0.019824 0.015535 -0.002827 0.131031 0.016125 -0.070772 -0.028071 0.044234 -0.004346 0.306732 0.053682 0.078823 0.066336 -0.729679 -0.009213 -0.002908 0.015937 -0.019349 -0.080804 -0.221201 0.104242 -0.010946 0.117253 0.148416 0.011464 -0.120519 0.052352 0.085974 0.019040 






















































































































0.000000 
0.000000 
0.000000 
0.000000 
0.000000 
0.000000 
0.000000 
0.000000 
0.000000 
0.000000 
0.000000 
0.000000 
0.000000 
0.000000 
0.000000 
0.000000 
0.000000 
0.000000 
0.000000 
0.000000 
0.000000 
0.000000 
0.000000 
0.000000 
0.000000 
0.000000 
0.000000 
0.000000 
0.000000 
0.000000 
0.000000 
0.000000 
0.000000 
0.000000 
0.000000 
0.000000 
0.000000 
0.000000 
0.000000 
0.000000 
0.000000 
0.000000 
0.000000 
0.000000 
0.000000 
0.000000 
0.000000 
0.000000 
0.000000 
0.000000 
0.000000 
0.000000 
0.000000 
0.000000 
0.000000 
0.000000 
0.000000 
0.000000 
0.000000 
0.000000 
0.000000 
0.000000 
0.000000 
0.000000 
0.000000 
0.000000 
0.000000 
0.000000 
0.000000 
0.000000 
0.000000 
0.000000 
0.000000 
0.000000 
0.000000 
0.000000 
0.000000 
0.000000 
0.000000 
0.000000 
0.000000 
0.000000 
0.000000 
0.000000 
0.000000 
0.000000 
0.000000 
0.000000 
0.000000 
0.000000 
0.000000 
0.000000 
0.000000 
0.000000 
0.000000 
0.000000 
0.000000 
0.000000 
0.000000 
0.000000 
0.000000 
0.000000 
0.000000 
0.000000 
0.000000 
0.000000 
0.000000 
0.000000 
0.000000 
0.000000 
0.000000 
0.000000 
0.000000 
0.000000 
0.000000 
0.000000 
0.000000 
-0.351777 
-0.132819 
-0.660042 
-0.670411 
0.382110 
-0.336417 
0.133888 
-0.627163 
0.144517 
-0.336325 
-0.205452 
0.178552 
-0.523376 
-0.051663 
0.162995 
-1.222407 
1.316903 
0.221636 
1.489398 
-0.365736 
0.772499 
-0.486976 
-0.770758 
-0.196431 
-0.951044 
1.030169 
-0.347723 
1.002898 
1.498691 
-1.146766 
-0.546533 
-0.234482 
-0.866004 
-0.739688 
0.496704 
0.080661 
-0.026432 
-0.001694 
-0.405316 
1.122455 
0.301115 
1.084010 
-0.695488 
-0.849995 
-0.550181 
0.082642 
1.437071 
0.053143 
-1.050965 
-1.750710 
0.201493 
0.344950 
0.176351 
1.198173 
1.711995 
0.262698 
-0.588265 
-0.907083 
-0.813382 
0.093526 
-0.961889 
-0.370739 
-0.241608 
0.568859 
-0.786763 
0.588614 
0.128896 
0.006734 
-0.413607 
-0.262377 
-1.282815 
-0.219757 
-1.088331 
0.196873 
-1.065626 
0.051205 
-1.045259 
-0.074016 
0.202255 
-0.737853 
-0.521122 
0.056381 
0.319936 
0.414844 
0.672983 
-0.314004 
-0.492876 
-0.338857 
-0.642644 
-0.522742 
-0.118026 
-0.207811 
0.747500 
0.181889 
-0.772684 
0.963129 
1.109150 
-0.307193 
-0.093730 
0.535996 
-0.153634 
-0.637940 
0.318286 
-0.159041 
0.437168 
-0.002294 
0.084465 
0.246733 
0.004877 
0.104463 
0.597359 
0.126776 
-0.240331 
0.307256 
0.392267 
0.558854 
0.245037 
0.388995 
0.037251 
0.543236 
0.100481 
0.050282 
0.748212 
0.398643 
0.415944 
0.322099 
0.461027 
0.467667 
0.357310 
-0.292267 
0.484932 
-0.112365 
-0.057071 
-0.598133 
-0.513718 
0.296658 
0.060183 
0.191285 
0.418799 
0.718583 
0.165183 
0.282502 
-0.806029 
-0.125131 
-0.124197 
0.096146 
0.497692 
0.054186 
0.114177 
0.135950 
-0.061666 
0.045415 
0.138946 
0.126107 
-0.010279 
-0.019808 
0.031917 
-0.001095 
-0.054956 
-0.184627 
-0.407492 
0.011721 
0.024842 
0.130706 
0.750559 
-0.335657 
0.170051 
-0.001494 
-0.453975 
0.039607 
-0.042769 
-0.000256 
0.048844 
0.009949 
0.042662 
0.164507 
-0.080295 
-0.087466 
0.025225 
0.005525 
0.014830 
-0.095637 
-0.161762 
-0.034585 
-0.062531 
0.313991 
0.377404 
-0.110890 
-0.055245 
0.133982 
-0.028947 
0.083300 
0.058909 
0.009685 
0.013128 
0.149167 
-0.053016 
0.006205 
-0.040145 
0.002914 
-0.038198 
0.503733 
0.007112 
0.118621 
0.139642 
0.231173 
0.028621 
0.017623 
0.038000 
0.046234 
-0.109218 
0.246420 
0.688465 
-0.033163 
0.534593 
0.297705 
0.542428 
0.253836 
0.077104 
-0.724156 
0.006780 
0.763000 0.267941 0.440131 
