0.088056 -0.079689 -0.078717 0.009531 0.256464 -0.210371 -0.040697 -0.172621 -0.276184 0.291543 -0.534711 0.053842 0.365513 -0.201229 -0.418676 -0.407997 -0.425444 -0.196484 -0.055491 0.329628 -0.409435 0.331948 0.520047 0.040778 -0.181861 -0.329341 -0.264698 -0.300514 -0.246061 0.187604 0.369765 -0.090378 0.169310 -0.558610 0.585933 0.064120 -0.455850 0.054504 -0.081333 0.159534 -0.198827 0.171016 -0.367986 -0.238098 -0.518698 -0.070042 0.103775 0.354201 0.246802 -0.210647 -0.119564 -0.157504 -0.189448 -0.082713 -0.063023 -0.280286 -0.510564 -0.066812 0.024596 -0.217444 -0.422678 -0.125617 -0.171118 -0.470789 
-0.328410 -0.523069 -0.294281 -0.010892 0.100166 -0.459241 0.323191 0.005201 -0.094678 -0.015099 0.093870 0.471777 0.192438 0.023727 -0.178715 -0.520790 -0.009734 -0.364468 -0.462992 -0.060888 -0.159017 0.021794 0.146154 -0.338557 -0.207965 0.016678 -0.161158 -0.255598 -0.464548 0.089922 -0.043030 -0.159545 0.025118 -0.214874 0.311486 0.222284 -0.165244 0.359832 0.115657 0.363969 -0.239583 0.190248 -0.325610 -0.363095 -0.098837 -0.135621 -0.029428 0.237771 -0.270929 -0.422017 -0.017934 -0.375620 -0.084103 -0.317294 -0.457061 0.013693 -0.210445 0.490985 0.340752 -0.427826 -0.130343 0.348069 0.193326 -0.419162 
-0.087143 0.166414 0.359900 0.341107 -0.140577 0.455908 0.132815 -0.004191 -0.053569 -0.029515 0.108243 0.037700 0.182236 0.450553 0.175920 0.219086 0.097668 0.459092 -0.084977 -0.160289 0.336844 -0.352432 0.003338 -0.066200 0.259131 -0.045404 -0.136636 -0.016595 0.275182 -0.101535 -0.187789 0.060929 -0.226558 -0.113404 0.032745 0.043925 -0.012805 -0.008671 0.218920 -0.693836 0.387749 -0.596309 0.180707 -0.186494 -0.015123 0.139378 0.283220 0.228886 -0.121574 -0.643963 0.181433 -0.557318 0.211942 0.544248 0.210261 -0.225465 0.318811 0.069487 -0.340752 -0.118125 -0.038978 0.074830 -0.325906 -0.118578 
-0.379351 0.657323 -0.103927 0.106519 -0.046695 -0.012692 -0.113836 0.162975 0.130038 -0.194531 0.376234 -0.141972 0.084895 -0.264517 0.500169 0.285117 0.178300 0.822230 -0.197801 -0.046676 0.205093 -0.510861 -0.246970 0.049335 -0.034667 0.007010 0.340103 -0.012840 0.385995 -0.236535 0.021942 0.435765 0.025936 -0.255122 0.262256 -0.024736 0.285424 -0.404556 -0.198471 -0.218461 -0.190356 -0.276865 0.958676 -0.344735 0.419250 0.273041 0.074673 0.910617 -0.972382 -0.921246 -0.199105 -0.969376 -0.072350 0.278020 0.184393 0.465088 0.915904 0.537608 -0.103697 -0.285149 -0.111173 -0.113129 -0.061161 -0.596611 
0.145131 -0.052901 0.093752 0.142798 -0.220327 -0.488446 0.017952 -0.355105 0.021315 0.139129 -0.049544 -0.137418 0.245550 -0.042998 -0.117824 0.061452 0.046733 0.414133 0.002150 0.115800 -0.402894 0.070674 -0.264473 -0.248977 0.284499 0.231926 0.028983 -0.149813 0.018286 0.017583 0.191605 -0.335149 0.043982 -0.197960 -0.175907 -0.146097 -0.187300 0.260864 0.114319 0.374948 0.009369 0.293658 0.451436 -0.371879 -0.134020 0.013616 0.305605 0.340706 -0.197571 -0.079104 -0.318933 0.046455 0.267486 -0.132616 0.238221 0.271756 0.040347 0.266289 -0.139523 0.168851 -0.310359 0.168216 -0.242176 -0.071218 
0.270685 -0.137180 0.088256 -0.335809 -0.272311 -0.287339 -0.236832 0.148437 0.166477 -0.344397 0.321738 0.019273 0.074055 0.149667 -0.542655 -0.128497 0.029276 -0.031080 -0.720778 -0.138582 -0.153015 0.304134 0.024974 0.094122 0.062216 -0.050412 -0.088907 0.544605 -0.088889 0.164032 -0.054736 -0.265026 0.451634 -0.021657 0.215383 -0.176007 -0.183974 0.127309 0.310203 -0.112101 0.202085 0.140896 -0.008155 -0.133032 -0.163558 -0.165436 -0.337011 0.318709 -0.326193 -0.673640 -0.319587 -0.344352 -0.393890 0.212516 0.114427 0.138736 -0.105078 -0.111103 0.253082 0.015301 -0.629096 -0.229594 -0.198239 0.320529 
-0.025095 0.150306 -0.328865 0.062116 -0.025735 0.158177 0.104206 -0.142700 0.042070 -0.370897 0.179606 0.258899 0.184835 0.369661 0.273557 0.066436 0.205016 -0.138312 0.510970 0.437845 0.239491 0.057179 0.141366 -0.269164 -0.263120 -0.088926 0.408239 -0.286345 -0.008826 0.244988 -0.354079 0.259566 -0.018897 -0.362053 0.015487 0.118481 0.253532 -0.278293 -0.232703 -0.171044 -0.149102 0.271367 -0.254708 0.412525 0.196414 0.346726 0.034512 0.106730 -0.342795 0.133809 0.165822 0.198798 -0.233039 -0.112476 -0.223602 -0.153392 0.033740 -0.302916 -0.029306 -0.192179 0.387009 -0.222160 -0.435224 -0.005197 
0.090011 0.070579 -0.113322 -0.146316 0.168912 -0.131896 0.093560 0.304678 -0.033510 0.024632 0.052909 -0.209873 0.236258 -0.078922 0.254097 0.111593 0.051305 0.149519 0.343823 0.234698 0.130032 0.108192 -0.274459 -0.157555 0.295455 -0.092436 0.138569 0.116257 0.177348 0.023380 -0.089275 -0.254514 -0.183192 0.057751 0.074106 0.101671 -0.178993 -0.202775 0.234315 -0.010452 0.294278 -0.024246 -0.013283 0.315978 0.093989 -0.141773 0.173876 -0.179421 -0.038599 -0.033470 0.354548 -0.154306 -0.266067 -0.319689 0.162643 0.270233 -0.060723 -0.035456 0.155403 -0.263143 -0.359101 0.097214 -0.162949 -0.205573 
-0.194718 0.086791 -0.117203 0.008207 -0.073661 0.171457 -0.019748 -0.117041 -0.275178 -0.003081 0.089142 -0.154000 0.082214 0.017617 -0.090621 -0.175987 0.213637 -0.094269 -0.000004 -0.105179 -0.242299 -0.127183 0.070616 -0.054407 0.199549 0.018696 -0.094687 0.270183 0.195060 0.086926 -0.048549 -0.079883 
0.244923 0.020567 -0.173035 0.173905 -0.085261 -0.044882 0.130638 0.004070 0.101547 0.137355 -0.073301 0.061415 0.119797 -0.013055 -0.021243 0.205367 -0.203648 -0.007496 -0.122069 0.011932 0.036109 0.063206 0.140532 -0.004992 0.164370 -0.006950 0.048354 -0.056848 -0.146085 0.024802 0.191080 -0.057909 
0.047456 0.052596 0.045203 -0.113767 -0.258604 0.219351 -0.045233 0.128811 0.069402 0.128945 -0.043728 0.025569 -0.148608 -0.149160 0.057664 -0.026681 0.123770 0.043765 -0.133399 0.171397 -0.069229 0.059436 -0.025072 0.022984 -0.037586 0.131753 -0.144506 0.044124 0.261612 0.235132 0.008746 0.114723 
0.141897 -0.007027 -0.081760 0.094770 -0.021727 0.020317 -0.033241 -0.021233 0.044869 -0.101912 0.093649 0.087910 0.074646 0.054829 0.161398 -0.057844 -0.083834 0.067254 0.010059 -0.010650 0.048783 0.118880 -0.148236 -0.187028 -0.134033 0.037930 0.141146 -0.001063 0.028395 0.121978 -0.058849 -0.103949 
-0.010266 -0.076002 -0.114881 0.024288 0.041714 0.164519 0.030605 -0.116169 0.202538 -0.103224 -0.075392 0.062730 -0.017148 0.060398 -0.057659 0.033867 -0.062357 -0.031347 -0.014500 -0.102350 -0.061280 0.017005 0.016384 0.066958 0.032499 -0.088046 -0.101403 -0.057432 -0.229066 -0.011869 0.071561 0.072247 
0.153759 0.020471 0.001506 0.143619 -0.166056 0.060473 -0.093039 -0.005570 0.275856 0.168547 -0.197879 0.144912 0.059851 -0.119786 0.189218 0.100309 -0.239040 -0.230068 -0.104597 0.158325 0.101063 0.077975 0.104466 -0.027358 0.056909 0.240061 0.164294 -0.053910 -0.231208 0.136474 0.068299 0.116683 
-0.160831 -0.089594 -0.049541 -0.123245 0.029640 0.017554 0.066030 -0.013042 0.182394 0.043997 0.199579 -0.029255 0.093885 0.010729 -0.056291 -0.175879 0.012568 0.007395 0.169258 -0.189293 -0.008524 -0.019613 0.006824 -0.042262 -0.194474 0.007303 -0.138279 -0.071815 -0.114142 -0.109138 0.053798 -0.048695 
-0.167767 0.067771 0.070219 0.069400 0.126537 -0.103644 0.053577 -0.090188 -0.173090 0.070061 0.062189 -0.067452 0.041354 0.133384 0.049952 -0.046262 -0.082832 -0.002506 0.019340 -0.168061 -0.155666 -0.032701 0.043629 0.083043 0.065168 -0.061152 -0.144905 -0.005505 -0.097246 -0.234386 0.040692 -0.183238 
-0.062779 -0.018316 0.055587 -0.088356 -0.041078 -0.075843 0.068134 0.002714 -0.171833 0.055534 0.016712 0.086179 -0.004343 -0.072199 -0.144467 0.088876 0.086479 0.049881 0.095958 0.044972 -0.003705 0.029455 -0.005756 0.109316 0.014364 0.004361 0.089406 0.019561 0.071802 -0.027767 -0.116467 -0.104716 
-0.011721 -0.208713 -0.219948 0.054296 -0.259328 0.262837 -0.187513 -0.035057 0.174675 0.000015 0.127570 0.112346 -0.056424 -0.036205 -0.051902 0.175810 -0.048756 -0.054256 -0.026921 0.052281 0.057601 0.011404 -0.024950 0.016339 -0.061092 -0.013770 0.025177 -0.024789 -0.061860 0.125480 0.028691 0.099548 
-0.114780 0.174939 0.050648 -0.031428 0.143838 -0.231857 0.203173 0.044191 -0.174856 -0.023649 0.032513 0.158667 0.022903 -0.110711 0.142286 -0.004179 -0.159160 -0.007722 -0.046947 -0.077045 0.113368 0.026134 -0.147732 0.097350 -0.091734 -0.049302 -0.092197 -0.110918 0.017697 -0.242658 0.026358 -0.116933 
-0.085927 0.029364 0.118799 -0.010735 -0.108833 0.026844 -0.120796 -0.085395 0.011557 -0.033123 -0.101796 0.107190 0.057705 -0.135180 -0.086898 -0.096728 -0.049146 0.005273 0.080748 -0.067349 0.095663 -0.045030 0.054031 -0.007210 -0.162015 0.014674 -0.002580 0.027776 -0.083740 -0.058380 -0.103665 0.048109 
0.291011 -0.222327 0.353533 -0.169315 0.245338 -0.344168 -0.090360 0.210091 0.010748 -0.282778 0.090826 -0.074513 0.163970 0.070595 0.222093 -0.031352 -0.080531 -0.086336 -0.042637 -0.108908 0.183189 0.014492 -0.206053 0.079221 0.103695 0.140072 0.051772 0.014786 0.182847 0.058067 0.025651 0.200140 
-0.104460 0.110102 0.267689 0.089235 0.031779 -0.099774 0.043626 0.207993 0.129028 -0.042032 0.014713 0.124567 0.174443 -0.412334 0.187753 -0.001859 -0.194384 0.011754 -0.073115 0.171176 0.187631 0.194400 0.012827 -0.078273 -0.029245 0.228974 0.043549 -0.186999 -0.066677 0.108985 -0.040884 0.151199 
0.032206 -0.075540 -0.078751 -0.043964 0.032837 0.096462 -0.061414 0.021586 0.114355 0.063860 0.064687 0.124607 -0.057991 0.032836 -0.080480 0.189516 -0.198882 0.039864 0.169043 -0.057042 -0.054138 0.014456 0.057635 0.066125 -0.080258 -0.039392 -0.038555 0.054705 -0.145542 -0.034491 -0.047359 -0.066233 
0.143931 -0.002821 -0.088753 0.088263 0.010628 -0.104786 -0.052009 0.076173 0.016989 0.162207 0.031843 -0.028153 -0.026825 -0.031372 0.029279 0.037750 0.058409 -0.081708 0.049295 -0.096422 0.069292 0.064412 0.062559 0.065526 -0.014304 -0.065328 0.053909 0.002997 0.056816 0.063287 0.134727 -0.065129 
-0.157256 -0.062074 -0.079601 0.014289 0.021941 -0.080027 0.044321 -0.127071 -0.214695 0.004771 0.023846 0.017056 -0.113321 0.173373 -0.074646 -0.145856 0.079746 0.167902 0.005241 -0.178687 -0.103174 -0.084674 -0.090354 -0.018474 -0.143744 -0.068202 0.018882 -0.021923 0.009264 -0.084329 0.040144 -0.056784 
0.062628 -0.069177 0.127430 -0.104141 0.079050 -0.266858 -0.071770 -0.042256 -0.204752 -0.112448 0.057200 -0.131986 0.038534 0.252329 0.168970 -0.088738 0.089680 0.075113 -0.201235 -0.098957 -0.079897 0.003713 -0.278860 -0.049340 -0.052793 -0.160850 0.059859 0.163831 0.063823 -0.111458 -0.085471 -0.161227 
-0.167330 -0.021252 -0.197407 -0.181279 -0.186946 0.080863 0.149749 0.050376 0.016084 0.033285 0.272999 -0.184850 0.116551 0.236740 -0.091168 0.122576 -0.148073 0.010599 0.068935 -0.242363 -0.035842 -0.009372 -0.035024 -0.124315 0.043661 -0.201159 0.099251 0.262529 -0.089486 -0.130552 0.158578 -0.112847 
0.204480 -0.087525 0.009966 0.037408 -0.017093 0.032408 0.010423 0.184723 -0.015802 0.020268 -0.037140 -0.208228 0.098156 -0.101328 -0.010537 0.129523 -0.130275 -0.088656 0.037825 -0.070403 0.103106 0.007353 0.010765 -0.083288 0.172332 -0.120712 0.172690 0.007666 -0.085373 0.020513 0.092662 0.084754 
0.035623 0.055748 -0.047391 0.065399 0.030105 -0.121228 0.082993 -0.072976 0.125035 0.157534 -0.121845 0.074798 0.089123 -0.192896 -0.014081 0.092431 -0.151864 -0.058190 0.170128 0.002231 -0.029192 0.007518 0.114545 -0.100009 0.060121 0.060919 0.009002 0.084482 -0.198863 -0.012741 0.024883 0.018099 
-0.056331 -0.013846 0.088375 -0.102086 0.140868 -0.040711 -0.063820 0.002606 -0.140496 -0.130744 0.065666 -0.174899 0.050425 0.130352 0.020977 -0.009744 0.001223 0.032174 -0.055747 -0.064601 -0.137355 -0.175588 0.093735 0.097831 0.134283 -0.124734 -0.021103 0.168076 0.110280 -0.029461 -0.027900 -0.051211 
0.004715 0.015512 0.078904 0.092858 0.081252 -0.115055 0.045512 -0.121710 0.024313 -0.066342 0.003479 0.014566 0.166674 0.025342 0.118812 -0.115619 -0.036557 -0.120708 -0.038792 -0.063732 -0.052400 -0.002657 0.028689 0.087638 -0.112200 0.132464 0.070115 0.140214 -0.017851 -0.018292 -0.093584 0.006407 
0.166960 0.075808 -0.066015 0.168895 0.098173 -0.179590 0.077527 -0.108785 -0.058149 0.016317 -0.207068 -0.013690 -0.108933 0.193311 0.181201 0.006093 0.138619 0.070749 -0.143893 0.177305 -0.239820 0.052670 0.006414 -0.075549 -0.025119 0.032833 -0.085303 0.065253 0.056450 -0.078594 -0.019565 -0.118429 
-0.108217 -0.102543 -0.050217 0.002656 0.054706 -0.239268 -0.094520 0.016410 -0.158803 -0.118078 0.176768 -0.110408 0.136028 0.102036 0.238798 -0.044748 0.123788 0.027105 -0.071379 -0.050140 0.023465 -0.014694 -0.075846 -0.053665 0.077892 0.003617 -0.116134 0.168822 0.170056 -0.146627 -0.074940 -0.232801 
0.082183 0.004630 0.063843 0.039535 -0.100120 0.020563 0.034024 0.224788 0.080212 0.058890 0.062343 0.144072 -0.069825 -0.066375 0.005442 -0.035291 0.033893 0.166373 0.038642 0.070416 0.061016 0.056270 -0.200071 -0.022181 0.012988 -0.000330 0.153604 -0.174375 0.099301 -0.070162 -0.121241 -0.102453 
0.079782 0.142667 0.011205 0.059268 -0.001525 -0.016581 0.103238 0.105355 0.034638 0.048954 -0.000284 0.056428 -0.027617 0.047809 -0.049321 0.093703 -0.111300 -0.018454 0.053433 -0.097629 0.095529 0.029130 -0.049079 0.012934 0.201526 -0.107852 0.027324 -0.056425 -0.140215 -0.019320 0.025242 0.057130 
-0.087884 0.131543 0.002636 0.037893 0.023817 -0.126108 0.218159 0.125855 -0.115858 0.161631 -0.168447 -0.030938 -0.077201 -0.175349 -0.103952 0.064765 0.114377 0.003740 0.044165 0.138488 -0.133273 0.010561 0.181465 0.171887 0.153239 0.184617 -0.076392 -0.016317 -0.012138 0.139148 0.000420 0.037518 
-0.103281 0.114483 -0.023735 -0.079730 -0.240622 0.233023 0.056519 -0.018252 0.017343 0.186046 -0.005576 0.056945 -0.077070 0.021691 -0.012508 0.039708 -0.042888 -0.003231 -0.049920 0.009820 -0.020173 0.057356 0.039465 -0.064367 0.041193 0.091291 -0.073347 -0.048964 0.044743 0.051696 0.113450 0.040117 
0.030219 0.001850 0.120810 -0.044418 -0.056640 0.165821 0.064268 -0.042593 0.162137 0.019188 0.043447 -0.020669 -0.057213 -0.238482 -0.104394 0.011962 -0.147316 -0.060798 0.110281 -0.047698 0.092733 -0.110405 0.079982 -0.016979 0.172119 0.132183 -0.059537 -0.011822 -0.121773 0.009043 -0.026074 0.190723 
0.123020 -0.073586 -0.118333 0.047825 0.059620 0.093348 -0.020199 0.040261 -0.076325 -0.052230 -0.037168 -0.153664 0.003696 0.305907 0.151036 -0.062590 0.165661 0.127774 -0.064687 0.109286 -0.118125 -0.151670 -0.189569 -0.110544 0.029516 -0.104809 0.087704 0.162402 0.104448 -0.050877 -0.063199 -0.117026 
0.075100 -0.041602 0.043375 -0.062687 -0.077822 0.039896 0.075221 -0.048831 -0.000060 -0.085237 -0.144918 0.102955 -0.153581 0.076438 0.064518 0.134138 -0.130132 -0.094507 0.065644 -0.093738 -0.183735 0.047899 -0.042508 0.047861 -0.151425 -0.104850 0.086484 0.044013 -0.076958 0.073544 0.137208 -0.207251 
-0.135652 0.080084 -0.127687 0.051194 -0.049993 0.041049 -0.053358 -0.043187 -0.069648 -0.045272 -0.097545 -0.096822 -0.058091 -0.055639 -0.211271 -0.092450 0.118520 0.017505 0.052561 0.012977 -0.189655 -0.222272 0.063212 0.077953 -0.013092 0.016241 -0.182136 0.100297 0.090487 0.146695 0.061774 -0.081312 
-0.172821 0.209547 -0.049188 0.047471 0.007938 0.116195 0.157534 0.003209 -0.125376 0.026512 -0.036582 0.059508 -0.013822 -0.055001 -0.040275 -0.182128 0.030830 0.049728 0.084275 0.004999 -0.003242 0.093575 -0.121781 -0.047512 -0.046745 -0.048044 -0.148623 -0.135715 -0.026082 -0.028986 -0.069556 -0.168403 
0.392202 0.078618 0.158412 0.019152 0.055518 -0.155515 -0.064717 0.045435 0.045803 0.068701 -0.138617 0.002560 0.201510 -0.017680 -0.018248 0.097122 -0.174412 -0.111954 -0.059510 0.036271 0.025677 0.123205 0.058150 0.228804 0.008529 0.138228 0.007145 -0.114989 -0.098751 0.021881 0.125281 0.183635 
-0.102736 -0.032326 -0.074210 -0.022096 -0.159987 0.048249 -0.039965 -0.062847 0.231028 0.047667 -0.030004 0.101593 -0.031763 -0.138456 -0.102727 -0.015558 -0.199987 -0.167890 0.102652 -0.027270 -0.006814 0.060917 0.112920 -0.071979 -0.015899 0.005445 -0.025974 -0.166607 -0.022183 -0.037444 -0.008258 0.227419 
-0.100343 0.124749 0.035975 -0.011744 0.161862 -0.030304 0.012332 0.030719 -0.089867 0.089743 -0.040696 0.131762 -0.028410 0.022134 0.014806 0.105474 -0.009689 0.054646 -0.031147 -0.024506 -0.094851 0.110471 -0.034659 0.042826 -0.029186 -0.144283 0.098330 -0.030317 -0.007071 -0.123344 0.001103 -0.212507 
-0.173023 0.017842 0.000690 -0.168727 -0.091107 0.049553 -0.025493 -0.080173 0.056276 -0.080027 0.071245 0.052724 -0.077537 -0.061201 -0.147497 -0.031222 0.057292 0.023640 -0.019454 0.057998 0.069735 0.072971 -0.095397 -0.082622 -0.173476 0.156211 -0.063052 -0.097551 -0.008478 0.152756 -0.028424 0.071292 
-0.084564 -0.050241 0.114648 -0.109199 0.128101 0.030575 -0.095876 0.171131 -0.053565 -0.099982 0.013000 0.013862 0.208615 -0.233219 -0.007967 -0.231710 0.055316 0.020895 -0.089136 -0.057723 0.153550 0.074295 -0.091538 -0.009112 0.015094 0.203705 -0.017942 -0.093979 0.080013 0.091968 -0.066387 0.139613 
0.076341 0.003499 0.045167 0.013292 0.146520 -0.108773 -0.123071 0.130347 -0.040043 -0.004542 0.019255 -0.068026 -0.092028 0.163028 -0.093925 0.156743 -0.142838 0.124736 0.047940 0.065243 0.174817 0.113966 -0.196061 0.157466 -0.005265 -0.212518 0.095397 -0.010136 0.128307 -0.129490 -0.083163 -0.072442 
0.066239 -0.043150 0.192566 0.002240 0.024426 -0.213807 0.049901 0.141279 -0.053401 0.076179 0.148580 0.053214 0.100417 -0.044341 0.167427 -0.110434 0.029990 -0.092774 -0.014030 0.056693 0.179667 -0.055791 0.034611 -0.115696 -0.051185 0.049780 -0.173415 0.169660 0.028784 -0.017082 0.130595 -0.069626 
0.203705 0.021085 0.087271 -0.102073 0.179379 -0.081679 0.028410 0.081658 -0.138337 -0.068315 0.030145 -0.077620 -0.078037 0.148246 -0.012803 0.069713 -0.131701 0.071825 0.024476 -0.087548 0.222767 -0.034339 -0.018123 0.201368 0.164636 -0.091682 0.148064 -0.088474 -0.061194 0.067463 -0.097172 0.003969 
0.131599 -0.059048 -0.237986 0.076029 -0.105032 -0.042309 -0.076286 0.030755 -0.027211 0.141488 -0.102158 0.036069 -0.122284 0.067541 0.090517 0.139475 0.055629 0.085185 0.041569 0.165194 0.149386 0.044936 -0.038563 0.101768 0.203452 -0.001316 0.172681 -0.142901 0.063736 0.094328 -0.122692 -0.132178 
-0.142420 -0.048912 0.051978 0.037041 -0.008916 0.026795 0.150154 -0.007404 -0.151931 0.066931 0.207809 -0.000961 0.016461 0.102103 -0.012796 0.034211 -0.060273 -0.043462 0.003692 -0.229305 0.080371 -0.037269 -0.010918 -0.023242 0.193537 -0.192027 -0.005102 0.049095 -0.140532 -0.015292 0.012283 -0.090627 
-0.057912 0.131988 -0.047326 0.033395 0.046848 0.040475 0.011073 0.072650 -0.038761 0.023383 0.024321 0.129585 -0.142475 -0.035346 0.032112 0.087600 -0.040881 0.124223 0.193011 -0.042791 0.006267 -0.072298 0.139594 0.056941 -0.029048 -0.045967 0.091280 -0.055643 -0.039283 -0.176943 0.108220 -0.041361 
0.038418 -0.057890 -0.049168 -0.027102 -0.108310 0.006678 -0.047312 0.019405 -0.001408 0.083918 0.004234 -0.135647 -0.084453 0.052758 0.051896 0.039917 -0.044446 0.044775 -0.085146 -0.008884 -0.101941 -0.132459 -0.072723 0.009663 -0.048805 -0.130975 -0.124285 0.034430 -0.089372 0.091196 0.133245 -0.193587 
0.102136 -0.109577 0.110371 0.027712 0.120286 -0.034171 -0.067629 0.201365 0.046877 0.113268 0.260885 -0.089231 0.046015 0.121447 0.113690 0.083336 -0.035568 -0.036885 -0.187656 -0.052591 0.070783 0.053328 -0.214117 -0.157612 0.029987 -0.041325 0.060607 0.091806 -0.013420 -0.094359 0.106519 -0.007478 
0.139709 0.026940 -0.119935 0.118418 -0.033539 0.078297 -0.034638 0.018654 0.040489 -0.077911 -0.060093 0.124785 -0.076297 0.021903 -0.064289 0.095707 -0.026399 -0.106156 0.038356 0.027506 -0.005034 -0.050159 -0.035338 0.036209 0.084976 -0.062749 0.191448 0.045214 0.011230 0.148182 0.005650 0.072458 
-0.147607 0.072179 -0.104316 0.067262 -0.165480 0.448236 -0.033248 -0.008604 0.109292 -0.009659 -0.062005 0.014812 0.000160 -0.205959 -0.017231 0.078421 0.009324 -0.100435 0.073714 -0.096075 0.027820 -0.005104 0.174695 -0.143454 0.055780 0.060252 -0.056595 -0.058938 -0.042641 0.186377 0.119324 0.131799 
0.032153 -0.037379 0.037576 -0.083904 -0.072731 -0.098415 -0.004251 -0.120277 -0.142971 0.066791 0.130669 0.020219 -0.102531 0.243328 -0.039533 -0.039080 0.045012 0.232734 0.099077 -0.170087 -0.096981 -0.078095 -0.109300 -0.071042 -0.058329 -0.029214 0.072870 0.182136 0.067765 0.045684 0.054219 -0.162520 
-0.166658 -0.042440 -0.099277 -0.032030 -0.109981 0.076042 0.196878 0.012787 0.065687 0.139413 0.066887 0.087919 0.065355 0.102325 0.036641 0.137940 -0.071158 -0.116017 0.160655 -0.153659 0.010020 0.015343 0.075718 -0.138491 -0.119277 0.005288 -0.070621 0.097014 -0.249650 -0.000319 0.077836 -0.074329 
-0.041535 0.007586 0.100576 -0.084487 -0.113526 0.010695 -0.069416 0.104345 -0.037931 0.117749 0.108530 -0.107715 0.089457 0.138995 0.083843 0.010170 -0.088978 0.187279 -0.095873 0.019475 0.072874 0.087153 0.027914 0.011059 0.046843 -0.094187 -0.053227 -0.006326 0.054777 0.055124 0.085584 -0.174396 
-0.044022 0.018544 -0.020270 -0.035326 -0.233298 0.146567 -0.182705 0.115203 0.158938 0.142652 0.121064 0.124107 -0.045346 0.115194 0.057058 0.124029 0.139887 0.060767 -0.010764 0.051879 -0.049682 0.092020 -0.110908 -0.040193 -0.025052 0.173370 -0.017887 -0.041479 0.090180 0.000699 0.030939 -0.033805 
-0.029425 0.000032 0.061112 0.158665 -0.232727 0.036129 0.019282 -0.112825 0.176540 0.128037 -0.088539 0.108684 -0.077904 -0.142729 -0.042064 -0.091420 0.052606 -0.041397 -0.161172 0.198556 -0.046049 0.066058 0.127125 -0.079430 0.035452 0.263185 0.002229 -0.139214 0.107899 0.205228 0.038422 0.075586 
0.014455 0.027538 -0.087919 0.128831 0.051846 0.058849 -0.103465 0.069806 -0.123247 0.074025 0.109782 -0.084376 0.072191 0.137284 0.076973 -0.135849 0.147501 0.008270 -0.059360 -0.038311 -0.081552 -0.075874 0.057165 -0.056850 0.051995 0.010153 0.070668 0.054488 -0.011100 0.038485 0.080804 0.036003 
0.075534 0.156431 -0.066112 0.076173 0.141987 0.042901 -0.043419 0.276229 -0.008118 0.200736 0.030770 -0.002742 -0.020685 0.025484 -0.173890 0.187699 -0.126122 0.053609 -0.044033 0.166066 0.261635 0.159412 0.007355 0.118029 0.156598 -0.179272 0.192143 -0.220187 0.098279 -0.067252 -0.174252 0.212137 
-0.012427 0.125345 0.100113 -0.058160 0.239948 -0.096393 0.004516 -0.156902 -0.161510 -0.138678 -0.010557 -0.046145 -0.024955 0.235037 0.126335 -0.014633 -0.050747 0.121748 -0.099732 0.005138 0.092109 0.057559 -0.215051 -0.103087 0.013246 -0.210947 0.004721 0.091302 0.049234 -0.134074 0.064236 -0.361322 
0.029253 -0.141938 -0.081870 -0.112168 -0.085705 -0.089904 -0.194536 0.088742 0.125799 -0.084922 -0.033198 0.168655 -0.015933 0.140962 -0.005707 0.056279 -0.040877 0.163474 0.098904 0.041236 0.001818 0.015227 -0.201099 -0.032865 -0.128966 0.079138 0.079842 -0.126288 0.032915 -0.038001 -0.085001 0.074459 
-0.113637 0.096508 0.091340 -0.034154 0.160347 -0.033187 0.044919 -0.005404 0.066670 -0.113480 -0.074460 0.029033 0.041250 -0.230199 -0.183673 0.040910 0.080912 -0.048705 0.171426 0.013307 0.089798 -0.094018 0.110445 0.067866 0.081392 -0.066315 -0.005672 -0.197699 -0.070590 -0.106825 0.069250 0.165073 
-0.185034 0.095841 -0.213335 0.050534 -0.173231 0.371477 0.100498 0.022271 0.076272 -0.087185 -0.090813 0.003548 -0.191465 -0.049638 -0.094231 -0.270391 0.173447 0.077025 0.044634 0.060923 -0.052003 -0.162770 0.074345 -0.020773 0.010817 0.037228 -0.012778 0.074791 0.124245 0.116998 -0.012931 -0.143781 
-0.319704 -0.091731 -0.133536 -0.014756 -0.225783 0.247124 0.076899 -0.299416 -0.087057 0.000300 0.108802 0.031355 -0.178786 0.105526 0.048488 -0.129549 -0.012702 0.009103 0.010043 -0.065395 -0.113731 -0.088377 -0.014905 -0.053502 -0.253275 -0.129760 0.005550 0.012451 -0.214343 -0.077764 0.117502 -0.201861 
-0.112996 -0.051545 -0.162481 -0.131372 -0.164009 0.292405 -0.036618 0.149406 0.208269 0.057052 0.058978 0.060650 -0.154209 -0.132565 -0.171948 -0.086670 -0.095031 -0.021109 0.116953 0.060559 0.210263 0.093163 0.049256 -0.145811 -0.179624 0.000697 -0.031059 -0.212516 0.108635 0.002046 -0.030330 0.114799 
-0.142624 0.024903 -0.188451 -0.049927 0.111822 0.094039 0.093054 -0.263958 0.031835 -0.089347 -0.099687 0.046382 -0.224354 0.060363 0.009943 -0.037623 0.176604 0.058890 0.200209 0.136847 -0.155357 0.041467 -0.008770 -0.023916 -0.125017 -0.098934 0.070367 -0.121548 0.046124 -0.047340 0.065574 -0.270193 
-0.121347 0.119413 -0.005018 -0.063254 -0.006769 -0.067466 0.052250 0.101653 -0.122603 0.106151 -0.037833 -0.034340 -0.082528 -0.231905 0.026181 -0.170884 0.197205 0.093902 -0.050459 -0.018844 -0.077363 -0.091749 -0.065254 -0.027320 0.014441 0.152657 -0.238557 -0.002518 0.023796 0.151556 -0.010823 -0.185228 
0.186001 0.135436 0.067868 -0.064040 0.077307 -0.125752 -0.090091 0.138131 -0.125278 -0.200224 -0.512866 -0.080097 0.306344 0.192586 0.268995 -0.175661 
0.118277 -0.038476 0.172901 0.051209 0.086403 0.134077 0.037330 -0.267406 0.052771 0.161350 0.352475 0.092913 -0.135269 -0.137397 0.147391 -0.161834 
-0.202695 -0.027267 -0.206845 0.087678 0.073071 0.366708 0.394943 -0.148001 0.126189 -0.010191 0.057100 -0.350341 0.192194 0.100028 0.244904 -0.122434 
0.049098 -0.066729 0.120427 -0.122425 -0.018602 0.213649 0.027958 -0.125459 -0.148695 0.250643 -0.198112 0.128863 -0.026806 -0.043456 0.056101 -0.299485 
-0.200509 0.230871 -0.101781 0.403219 0.254669 0.030716 0.191828 -0.131364 0.065238 -0.267430 0.087991 -0.055039 0.189652 0.088563 0.202170 -0.152085 
0.137499 -0.197366 0.170780 -0.219016 -0.240082 -0.391543 -0.283389 0.205608 -0.120274 0.010687 -0.029379 0.141238 -0.253111 -0.063895 -0.200331 0.350315 
0.014674 -0.097024 0.154049 0.015760 0.183602 -0.123791 0.144650 -0.210122 -0.009803 0.334025 0.278897 0.097219 -0.097643 -0.093388 0.184750 -0.088192 
0.043589 -0.193310 -0.094059 0.060310 0.028578 0.076257 -0.037442 -0.215020 -0.249070 0.105491 0.220237 -0.236682 0.182220 0.378176 -0.071532 0.104150 
-0.292199 -0.188002 0.025342 0.105344 -0.053637 -0.063587 -0.050740 0.213102 -0.146645 -0.095200 -0.245188 0.001493 0.045073 -0.192676 -0.010460 0.175364 
0.090869 0.013765 -0.034891 -0.250670 0.022928 -0.004000 0.038716 -0.187357 -0.226395 0.101055 -0.012709 0.052395 -0.167852 0.253597 0.111353 -0.268800 
-0.096421 -0.117569 -0.170393 -0.009603 0.230742 -0.103079 -0.140441 -0.222070 -0.074456 -0.129014 0.103569 0.009818 0.113579 0.377980 -0.029823 0.252305 
-0.173831 -0.042226 -0.184831 -0.111921 -0.129526 0.148903 0.098952 0.039263 -0.122756 -0.189048 0.096126 0.045800 -0.201429 -0.310771 0.269653 -0.204473 
-0.119437 -0.254487 -0.019716 -0.007474 0.122118 0.071859 0.272965 -0.119592 -0.166460 0.133688 -0.074000 -0.130020 0.108510 0.235395 0.207044 0.005340 
0.105510 0.192824 -0.055872 -0.089736 -0.010707 -0.209436 -0.348518 0.095577 -0.236179 -0.125335 -0.184178 0.336352 0.063072 -0.033294 0.219753 0.010004 
-0.082726 -0.047498 -0.233222 -0.277356 -0.002208 0.308352 0.172420 -0.164616 -0.192246 0.101294 -0.212626 -0.186985 0.149349 -0.042448 0.262276 0.043161 
0.090944 0.081912 -0.031497 -0.162070 -0.034910 -0.140017 -0.090325 0.076960 -0.071298 -0.164796 -0.184178 0.172787 -0.021021 -0.081842 0.200895 -0.178116 
0.076593 0.025135 -0.075970 0.029057 -0.245523 0.064525 -0.093761 0.032455 0.019816 -0.079791 -0.087813 -0.296406 -0.167430 0.057309 -0.351539 -0.120550 
0.021849 0.076790 -0.111835 -0.002092 -0.366994 0.175864 -0.271199 -0.001801 0.087749 0.064880 0.304781 -0.015421 -0.037364 0.029354 -0.065697 -0.080554 
-0.033138 0.089039 -0.001541 0.270286 -0.016630 -0.155409 -0.070304 0.201399 0.121122 -0.214385 0.121503 0.146203 -0.158579 -0.035768 -0.011872 -0.035521 
-0.010718 -0.054989 -0.143199 -0.103505 -0.171443 0.162217 -0.071856 0.215417 0.022516 0.167685 -0.145971 -0.133966 -0.225167 -0.153292 0.084665 -0.194796 
-0.125382 -0.240734 -0.205030 0.281691 -0.001226 -0.027412 -0.031333 -0.058418 -0.173294 -0.245741 0.264450 -0.274470 0.352271 0.119739 0.058840 0.109744 
-0.329309 -0.370940 -0.198452 -0.081221 -0.081066 0.087888 -0.030492 -0.029314 -0.124479 0.169427 0.119402 0.010325 0.135185 -0.088656 0.271080 -0.119841 
0.109897 0.157625 0.374749 0.085019 0.057631 -0.185428 0.267442 -0.022653 0.089616 0.170771 -0.147548 0.032530 -0.097991 -0.179787 0.023903 -0.058434 
0.080050 0.272801 0.188551 0.020976 -0.014325 -0.068803 0.090795 0.159689 0.132532 -0.262583 0.056534 -0.042838 -0.024389 0.116600 0.187032 -0.402736 
0.397214 0.200915 0.242598 0.025981 0.250565 -0.023370 -0.036325 -0.170349 0.007029 -0.032675 -0.010452 -0.033822 0.128847 0.426055 0.114998 -0.171231 
-0.009870 -0.109493 -0.227679 -0.295758 -0.131106 0.343475 0.120874 -0.056099 0.119473 0.106501 -0.167142 -0.433102 0.006144 -0.090712 -0.160095 0.075898 
-0.031115 0.101177 -0.163427 -0.024962 -0.174044 0.057207 -0.201741 0.096920 -0.262188 -0.147443 -0.130513 -0.076716 0.199626 0.098584 0.296643 -0.265353 
0.272386 0.212899 0.194862 -0.164984 0.080560 0.056030 -0.159869 -0.154939 0.070193 0.093767 -0.312741 0.064947 0.107793 0.030177 0.036163 0.272865 
0.024022 0.098273 0.003396 0.153501 -0.224439 0.048195 -0.178412 0.124235 0.065964 -0.064518 -0.044410 -0.334265 0.056209 0.287592 -0.156938 -0.121158 
0.223264 -0.100837 0.054583 -0.240277 -0.153892 0.145134 -0.021889 0.098145 0.121546 0.173547 -0.117371 -0.142901 0.083385 0.070757 -0.190418 0.066859 
-0.072457 -0.216853 0.053493 -0.221350 0.008247 0.002440 0.080551 -0.076781 -0.171577 0.388947 -0.023813 0.080780 -0.028418 0.000391 0.117214 0.114998 
-0.058994 -0.129456 -0.011228 -0.003584 -0.041470 -0.104492 0.266296 0.118875 -0.073426 0.055596 -0.159925 -0.030445 0.216733 0.130532 0.261202 -0.065413 
0.162547 0.017199 0.170799 0.177664 -0.185010 0.020842 -0.211970 -0.116657 -0.027916 0.575672 -0.037180 -0.273070 -0.139469 -0.030559 -0.071925 -0.234728 -0.161873 -0.242938 0.433757 -0.301024 0.266059 -0.120961 -0.027640 -0.364413 0.004916 -0.088083 -0.209138 0.011848 0.366754 -0.260228 -0.243588 -0.286831 0.122222 0.005122 -0.289491 0.226022 0.120062 0.052582 -0.123546 -0.011740 -0.137843 -0.026625 0.134609 -0.137041 -0.015425 0.182811 0.134747 
0.049482 -0.330283 0.244180 0.008854 0.054099 -0.266795 0.142044 -0.403338 0.228815 0.120558 -0.138777 -0.169777 0.059362 -0.200735 -0.167052 -0.399370 0.096428 -0.428055 0.007641 0.039932 0.117095 0.187121 -0.411306 -0.313906 0.339643 -0.510930 -0.323015 -0.221339 0.059961 -0.047162 -0.152153 -0.329396 0.141382 0.079068 0.214324 -0.153992 0.065243 -0.127289 0.064146 -0.038793 0.127129 0.031230 -0.090846 0.198878 0.027764 -0.020847 -0.130971 
-0.053688 0.159033 0.272725 -0.181614 -0.098867 -0.072878 -0.393288 -0.241324 0.001489 0.192361 -0.035602 -0.030153 0.041258 -0.277193 -0.308288 -0.067003 0.227787 -0.318285 0.034218 -0.337043 0.223387 -0.107801 0.080744 -0.444100 -0.486632 -0.250284 0.013057 -0.135333 0.220830 -0.136852 0.292364 0.187727 -0.162544 0.212726 -0.050076 0.062605 0.156765 -0.015670 0.020270 -0.088670 -0.027280 -0.219619 0.087279 -0.183879 -0.097369 0.017525 -0.118615 
-0.219216 -0.135381 0.118825 -0.019666 0.435241 0.103651 -0.342934 0.115821 0.159515 -0.256586 -0.173583 -0.129719 0.160123 0.247932 -0.219275 -0.134537 0.218284 0.175044 -0.179583 -0.287730 0.124495 0.270506 0.432085 0.322097 0.086514 -0.636764 0.214668 -0.544301 -0.347541 0.026485 -0.022271 -0.052699 0.114144 0.347581 -0.113357 0.116823 0.220665 0.160494 0.046972 0.023306 -0.368713 -0.246898 -0.084475 0.087966 -0.136094 0.201185 -0.253169 
0.157440 -0.393877 -0.238654 -0.296139 0.240175 -0.216360 -0.304862 0.243119 0.348617 -0.183504 0.067042 0.201241 0.047399 -0.464146 -0.187929 0.206269 0.474900 -0.323952 -0.075595 0.064687 -0.017753 -0.018709 0.340388 -0.169098 -0.114609 0.038487 0.035472 -0.387155 0.092166 -0.033376 0.182051 0.124644 0.031618 -0.017633 0.174423 0.242322 -0.064147 0.046929 -0.007147 0.066208 -0.068250 0.092101 -0.118859 0.227706 0.090975 -0.002076 -0.109590 
0.230157 0.298822 0.161532 0.043965 -0.181602 -0.087662 0.321270 0.200480 -0.096824 0.225951 -0.243605 0.290177 -0.089046 0.072524 -0.060023 0.002043 -0.272091 0.248284 -0.303994 0.356805 -0.033630 -0.344602 -0.192823 0.211274 -0.183807 0.561176 -0.134618 0.354252 0.104243 -0.110145 -0.246163 -0.133789 0.040194 -0.245760 0.195914 0.182102 -0.142759 -0.109715 -0.017565 0.072532 0.213504 0.131577 0.036245 0.214310 0.134963 -0.174504 0.277817 
-0.007450 -0.098768 -0.095251 -0.228788 -0.102389 -0.100331 -0.213822 0.239202 0.159791 -0.193216 -0.360520 0.304935 0.359554 -0.110465 0.189967 -0.117809 0.055325 -0.409465 -0.372182 -0.019144 -0.513780 0.086725 0.213956 0.458375 -0.572174 0.281790 -0.030099 -0.244223 0.512667 0.048732 0.032695 -0.123956 0.200859 -0.072576 0.034546 0.037350 -0.189304 -0.111268 0.224133 -0.067837 0.345943 -0.032772 -0.035045 0.195552 0.045641 -0.092301 -0.018221 
-0.015107 0.206384 0.064357 0.176444 0.084191 -0.290070 -0.006315 -0.408212 -0.242126 -0.466578 -0.073113 -0.037103 -0.076142 -0.091259 0.035846 -0.201953 -0.253453 -0.025323 0.091404 -0.135203 0.245644 0.159153 -0.154251 0.249767 0.249139 -0.313686 0.245222 -0.101569 -0.341489 -0.077677 -0.025173 -0.151807 -0.253061 0.142437 -0.255150 -0.323590 0.140004 0.010106 0.048611 -0.087021 -0.272185 -0.156545 0.045358 -0.048798 0.064945 0.373064 -0.200803 
0.146384 0.171794 0.165135 0.452609 0.152968 -0.264355 -0.437707 -0.198077 -0.083888 0.000882 -0.414968 0.068927 0.043497 -0.022327 -0.226169 -0.272010 -0.147426 -0.144576 -0.269746 -0.184037 0.078139 -0.001197 0.249576 0.042083 0.239895 -0.222664 -0.036439 -0.210569 0.054123 -0.126980 -0.144561 -0.253573 0.135950 -0.114262 0.092456 0.033282 -0.012947 -0.000942 0.225346 0.011663 0.192816 0.156271 0.138213 0.054782 -0.034978 -0.166556 -0.038585 
0.180498 0.134349 0.113826 -0.162875 -0.381093 0.313773 -0.388420 -0.014003 0.162187 0.130622 0.192080 -0.078516 -0.172348 -0.202232 0.287076 0.098667 -0.257597 -0.175777 0.341927 -0.119001 0.102097 -0.318547 -0.021768 -0.090549 -0.628923 0.095587 -0.006154 0.013624 0.527745 -0.115198 0.236280 0.274679 0.099989 -0.093632 -0.129882 -0.075864 -0.095578 -0.095047 -0.015772 0.071238 0.046579 -0.095317 -0.008254 -0.142595 -0.137088 -0.117845 0.074430 
-0.501595 -0.184360 -0.156897 0.132594 -0.054111 0.285238 -0.399771 0.251211 0.519826 0.085063 -0.403131 -0.459007 0.243914 -0.078041 0.026213 0.092750 0.046466 0.747610 -0.188089 -0.359936 -0.097464 0.203944 0.073628 0.137536 -0.242955 0.189392 -0.362218 -0.200355 0.075251 -0.157655 -0.044145 0.341337 0.077119 0.231142 0.005869 -0.105951 0.045912 0.259436 -0.050868 -0.067712 0.013116 -0.072329 -0.030328 -0.073437 0.092904 0.001681 -0.202043 
-0.525393 -0.428581 0.103033 -0.307195 -0.247846 0.055155 0.050983 0.132854 0.369511 -0.062128 0.493696 -0.104135 -0.241879 -0.218894 -0.077693 -0.241285 0.252549 -0.048512 0.289731 -0.158804 0.417930 0.142338 -0.057055 -0.562871 -0.317375 -0.272962 -0.129191 0.135180 0.522766 0.217379 0.427065 0.446776 0.057031 0.042636 -0.138752 0.128320 -0.063825 0.107324 -0.014730 -0.046267 -0.015872 0.123571 0.086410 -0.107973 -0.133195 -0.081727 -0.081867 
0.361335 -0.126292 -0.165293 -0.411321 -0.037725 0.131874 0.359413 0.334940 -0.075223 0.099866 0.144137 0.363819 0.016004 -0.297032 0.207494 0.034849 -0.055223 -0.167219 0.071597 0.043715 0.002981 0.046084 0.245254 0.151743 0.339077 0.227477 0.238866 -0.025320 -0.294793 -0.122866 0.385760 0.128886 0.012604 0.162271 -0.085337 -0.159219 0.054542 0.056995 0.013400 -0.210858 -0.034846 -0.251872 -0.178308 0.116305 0.085348 0.302639 0.029528 
0.511054 -0.176584 -0.249531 0.227619 -0.217147 0.235298 0.226699 0.390491 0.117988 0.487121 0.261916 -0.090537 0.213493 -0.431008 -0.193924 0.158117 0.285651 -0.202440 0.115690 -0.123454 -0.047670 -0.247178 0.248897 0.045054 0.219598 -0.169088 0.187695 -0.347715 -0.566965 -0.152038 0.208608 -0.482341 0.133583 0.060042 -0.094170 0.227850 -0.004247 0.108856 0.092039 0.017124 0.098080 0.047141 0.117391 -0.008358 0.203776 0.035333 -0.034226 
0.174527 -0.475280 0.112909 -0.506312 -0.242365 -0.293465 0.357716 0.362237 0.161995 -0.150299 0.212710 0.286481 -0.072450 -0.351657 0.222380 -0.049447 0.352885 -0.036141 -0.060321 0.404495 -0.202573 -0.129387 -0.007056 0.086229 0.215324 -0.018364 -0.017684 0.078169 -0.033386 -0.131244 0.350576 0.257009 0.059424 -0.013600 0.190134 0.192605 -0.314132 -0.103768 -0.115099 0.056955 0.054610 0.022212 0.114773 -0.029266 -0.000583 -0.017199 -0.082530 
-0.519368 -0.070803 -0.373100 0.315424 0.179995 0.092992 -0.390113 -0.258425 -0.201585 -0.400460 0.275628 -0.418243 -0.319925 -0.072864 -0.271005 -0.037336 -0.020911 -0.202139 -0.292700 -0.326536 -0.157683 0.087989 0.660743 0.076373 -0.153902 0.006379 0.177261 0.217464 -0.124792 0.383286 0.453530 0.176275 -0.049344 -0.146134 -0.002048 0.069654 -0.001819 0.123873 -0.105004 0.085667 -0.210411 -0.069177 -0.123358 0.010420 0.093845 0.117518 0.006625 
0.140030 0.207637 0.020603 -0.325251 -0.113923 -0.076356 0.216035 0.117759 0.100252 -0.198640 0.099823 -0.009580 -0.078956 -0.079259 -0.085008 -0.254078 0.183690 0.248654 -0.062306 0.043943 0.163303 0.122851 0.010763 0.019358 0.025879 0.042193 -0.188780 -0.007983 -0.053898 0.158710 -0.202379 0.176332 0.300515 0.139504 0.270674 -0.226546 -0.034296 0.302745 -0.021145 -0.240046 -0.273094 0.060917 0.028631 0.074049 0.128920 -0.219968 0.156807 0.159047 -0.279584 -0.319433 0.258665 -0.218467 0.206699 0.160301 -0.072098 -0.042310 0.012561 -0.096940 0.282315 0.076540 -0.055082 0.147070 -0.283511 -0.055996 
0.081931 0.007208 -0.029339 -0.123601 -0.161129 -0.170902 -0.024270 0.026342 -0.102192 0.054825 -0.401943 -0.032954 -0.045200 0.099499 0.101624 -0.043333 0.272242 0.213778 -0.156229 -0.139318 0.020554 0.129236 -0.177235 0.124440 -0.105845 0.025214 -0.109072 0.241304 0.368221 -0.190231 -0.241060 0.049972 -0.017523 -0.022573 -0.028053 0.147989 0.095971 0.066752 -0.130265 -0.170361 0.354995 -0.060314 -0.093750 -0.093175 0.053727 -0.062941 -0.002827 0.038440 0.007184 0.075144 0.093798 -0.053230 0.107376 0.125409 0.060681 0.192462 -0.008769 0.206663 -0.085045 -0.189582 0.437302 -0.084982 0.075893 -0.099108 
0.186846 -0.114951 0.008678 0.013353 -0.027909 0.098439 0.120807 -0.102790 -0.130636 0.024060 -0.097332 0.077260 -0.279390 -0.015923 0.105185 -0.168990 -0.001446 0.017804 0.056470 -0.030144 0.026078 0.096291 0.194280 0.247255 0.041116 0.083378 0.025729 0.096040 0.037104 0.087582 -0.027892 0.258143 -0.051810 -0.030345 -0.072173 0.108887 0.013667 0.062706 0.069364 0.175999 -0.008563 0.054198 0.007876 0.277776 -0.087850 0.027545 0.262445 -0.128250 -0.201776 -0.118235 0.077528 0.062839 0.002353 -0.110027 -0.143540 0.051237 0.008144 -0.062077 -0.094213 -0.046125 0.037750 -0.026140 -0.225011 0.031104 
-0.149352 0.065336 -0.099633 0.247760 0.026204 0.184849 -0.009444 -0.049048 0.006326 -0.011686 -0.104490 0.173757 0.151099 0.058421 0.213035 -0.272197 0.182943 -0.034992 0.129105 -0.214884 0.102814 -0.151228 0.182977 -0.233508 -0.126081 0.158476 0.050972 0.083732 0.014071 0.153205 0.068574 0.038845 0.128606 0.301178 -0.039021 0.048636 0.042782 -0.117498 0.148786 0.149174 0.163925 -0.004432 0.107110 0.109601 0.120810 0.137132 0.019231 -0.057581 0.028049 0.108936 0.074889 -0.040372 -0.043609 0.230307 0.046423 0.053836 0.054759 0.259853 -0.025627 -0.237845 0.149676 -0.281174 0.270362 0.016806 
0.011106 0.107167 -0.203075 -0.146051 -0.112006 0.145794 -0.205098 -0.127161 -0.002368 0.291795 -0.152883 0.082626 0.093293 0.213682 0.014469 0.102758 -0.005584 0.070856 -0.157793 -0.125396 0.034726 0.039476 0.109308 -0.087437 0.106385 -0.029830 0.064690 0.009389 -0.203940 -0.002169 -0.149176 -0.206545 -0.135870 0.068134 -0.034588 -0.159166 -0.113781 0.025500 0.049734 -0.066661 -0.102178 0.124171 -0.092191 0.020784 0.063874 0.004104 -0.048696 -0.052438 0.135830 0.299077 0.043764 0.129296 -0.087223 0.122139 -0.017119 -0.003026 0.149097 0.148515 -0.198859 -0.041014 -0.155554 -0.009108 0.076736 -0.054568 
0.001266 0.100504 0.036489 0.064146 -0.233084 -0.061675 -0.192389 -0.034324 0.128894 -0.114650 -0.205244 -0.143502 0.197646 0.104474 -0.174067 0.134989 -0.001295 -0.141594 -0.089448 0.081885 0.157645 0.087986 -0.084614 0.116843 -0.081747 0.108351 -0.342977 0.002878 0.028065 0.120833 -0.064908 0.149864 -0.173544 0.021945 0.089332 -0.126051 -0.077290 -0.120883 -0.073497 -0.169167 0.091102 -0.102699 -0.067911 -0.062111 -0.076061 0.083674 -0.186724 0.226714 0.203852 -0.056417 0.126808 0.092281 -0.234233 -0.172241 0.187626 0.131717 -0.264071 0.096820 0.189454 -0.037627 0.104528 -0.011020 0.276949 0.113403 
-0.188053 0.013096 0.243949 -0.183009 0.210402 -0.322227 0.064468 0.077179 -0.117705 0.050977 -0.146133 -0.125263 0.155921 -0.196086 -0.125789 0.147900 0.198656 0.196234 -0.127197 -0.005997 0.241390 0.017150 -0.081652 0.341585 -0.165987 -0.063378 -0.151571 0.118745 -0.005754 -0.177480 -0.205498 0.068300 0.002613 -0.083233 0.330513 -0.197164 0.038212 0.215820 -0.121893 0.142803 -0.105660 -0.129110 -0.113980 0.043641 -0.075838 -0.170412 0.141057 -0.026680 -0.340829 -0.004214 -0.195918 -0.197360 0.355337 0.075241 -0.212152 0.146452 -0.168182 -0.082265 0.068456 0.203777 -0.048815 -0.069701 -0.345968 0.117608 
-0.035947 -0.040282 -0.071193 -0.227232 0.211064 -0.042378 -0.070789 0.193663 0.030889 -0.070579 0.316132 -0.281072 0.154503 -0.062193 -0.195957 0.229976 0.043800 0.000034 0.124794 0.042538 -0.044225 0.332212 -0.137818 0.016647 -0.059511 0.028717 -0.002997 -0.021080 -0.359442 0.153634 0.074229 -0.000529 -0.090860 0.045874 0.200068 -0.020653 -0.080893 0.296035 0.107265 -0.089965 -0.169294 -0.053161 -0.161484 -0.135089 -0.264367 -0.045374 0.162994 0.297460 0.184619 0.012178 0.064240 -0.222636 0.183058 0.080169 0.108415 -0.034795 0.124002 -0.135235 0.089704 0.170141 -0.073426 0.220477 -0.221263 0.216017 
0.242110 0.217390 0.072738 -0.081999 0.120756 0.008049 -0.182648 -0.163182 0.196454 0.083275 0.093868 -0.244407 0.127294 -0.071879 -0.151494 0.096899 -0.191835 -0.072719 0.232580 0.191974 -0.080694 0.146160 0.075942 0.222690 0.184223 -0.052106 0.089722 0.044195 -0.280879 0.201795 0.138220 0.239135 0.147584 0.015216 -0.044033 0.105026 0.031537 0.046944 -0.139145 0.045892 -0.204348 -0.021805 0.113940 0.119271 -0.055833 0.144703 0.048860 -0.044931 -0.002413 0.063568 -0.036634 0.008979 -0.104583 -0.068106 -0.055431 -0.202841 0.005185 -0.129722 0.102833 0.198657 0.094774 0.086164 0.131854 0.243647 
0.250031 0.160129 0.080073 0.124279 -0.119727 0.022938 -0.094095 -0.030135 0.120860 -0.217059 0.008084 -0.059005 -0.205985 -0.218011 -0.232380 -0.253138 0.152839 -0.134147 0.129675 -0.230034 0.191218 -0.113225 -0.105358 0.043033 -0.232856 -0.120670 -0.257551 -0.080183 0.194380 0.035481 0.179087 0.209295 0.164824 0.035884 0.026308 0.292096 -0.116254 0.030712 -0.034679 -0.084749 -0.202410 0.154434 -0.015800 -0.031486 0.101408 0.047015 0.096143 0.210550 -0.190551 -0.292811 0.090251 -0.197263 -0.062009 0.297971 -0.124185 0.013695 -0.083932 -0.130609 0.248809 0.228079 -0.081070 -0.105200 0.023068 0.046955 
-0.234244 -0.130489 0.141760 0.034548 -0.027272 -0.224818 0.031118 0.072841 0.116909 0.074284 0.064522 0.115882 0.086903 -0.160729 -0.074499 0.207618 -0.104701 -0.293756 0.036414 0.194913 0.182791 -0.214268 -0.197293 -0.090055 -0.018831 0.218247 -0.324919 0.033969 0.001928 0.057322 -0.067403 -0.086840 -0.281975 -0.342825 0.166277 -0.083478 -0.139535 -0.208972 0.103255 0.206018 -0.159443 -0.127613 0.057744 -0.030078 0.033518 -0.225620 0.008481 -0.024145 -0.101657 -0.091838 0.162577 -0.154257 -0.031417 -0.235362 -0.149102 -0.073707 -0.213398 -0.131229 0.173589 0.086944 -0.178963 -0.049791 -0.089250 -0.156709 
-0.029147 -0.156287 -0.107078 -0.249460 -0.023803 -0.226510 0.096839 -0.045966 0.009912 -0.210347 0.157196 -0.063248 -0.126924 -0.141843 -0.030081 -0.019656 0.085137 0.171501 -0.165568 -0.027066 0.075399 0.066453 -0.152370 -0.111565 0.008126 -0.187105 0.115823 0.054313 0.012683 0.111224 0.024804 0.152477 -0.143632 -0.230252 -0.014345 -0.219479 -0.103218 0.321766 -0.051096 -0.183722 0.086968 -0.095886 -0.052943 0.165040 0.005799 0.009018 -0.039493 0.015676 -0.213112 -0.126090 -0.003978 -0.223082 0.292591 -0.056599 -0.160801 -0.095286 0.127784 0.055153 0.183759 -0.051904 0.051687 0.148027 -0.354904 0.099248 
0.194927 0.075892 0.027824 -0.251139 -0.222977 0.017946 -0.194249 0.079607 0.123864 0.152911 0.156098 -0.141888 -0.047770 0.237656 -0.003221 -0.015957 0.050845 0.291203 0.033126 -0.134754 -0.039099 0.235219 -0.070466 -0.061503 0.133359 -0.119270 0.104582 0.031193 0.040552 0.183048 -0.118081 0.124100 0.009019 0.038384 0.176751 -0.118066 0.026327 -0.018234 -0.170192 -0.210634 0.045758 -0.024249 -0.013550 0.140201 -0.084514 -0.178506 0.010521 -0.075197 0.106947 -0.035167 0.005707 -0.049516 -0.153494 0.175000 0.174228 -0.009262 0.136644 0.041849 -0.156660 0.161969 -0.041238 0.014333 0.075599 0.118139 
-0.050096 -0.085530 0.189947 -0.116758 -0.016590 -0.133708 -0.005912 -0.124174 -0.202948 0.010920 -0.297286 0.021757 0.162983 0.050205 0.142646 0.155148 -0.134256 -0.025962 -0.065211 -0.322789 -0.160312 -0.145829 0.199657 0.088630 -0.071358 0.020419 0.207933 0.101638 0.016154 -0.126148 -0.091937 0.093055 0.021966 -0.124922 -0.063283 -0.028726 -0.037686 -0.190220 -0.012488 0.195448 0.259781 -0.138386 -0.125011 0.192610 -0.132710 0.017344 0.009339 -0.000095 -0.037352 0.086990 -0.095287 -0.026455 0.157686 -0.072264 0.025514 0.069080 -0.047303 -0.033302 -0.185600 -0.213900 0.112961 -0.180699 0.089229 -0.228239 
-0.065945 -0.024323 -0.012225 0.010468 0.234163 -0.061634 0.180069 0.139725 0.011850 -0.035134 -0.060380 -0.109599 0.087418 -0.207101 -0.141648 0.093777 0.077757 0.037945 0.109463 0.057300 0.124795 0.006773 -0.072628 0.115687 -0.000380 -0.262911 -0.039253 -0.100940 0.070700 0.138553 -0.042204 0.064455 0.054438 -0.067964 -0.058067 -0.029284 -0.050076 0.181333 0.162752 -0.079925 0.034737 -0.123517 -0.104306 0.175565 -0.084901 0.066736 0.243375 0.037257 -0.134256 0.013090 -0.038966 0.087446 0.083136 -0.125905 -0.009894 -0.044440 0.020109 0.032886 -0.050253 -0.032370 0.066047 0.107044 -0.305188 -0.116153 
-0.066072 0.101312 0.088971 0.032512 0.084548 0.021520 0.125587 0.002410 -0.152704 -0.117170 0.138172 -0.040539 0.143694 0.121866 0.051861 0.194416 0.106567 -0.165966 0.089428 -0.123394 -0.060696 0.128995 -0.148085 0.003025 0.010003 -0.039219 -0.156508 -0.004273 -0.075864 0.070749 0.112863 0.097235 -0.051735 0.009248 0.059264 -0.203876 -0.052011 0.004308 -0.079224 -0.038437 0.052018 -0.110776 0.106639 -0.059432 -0.108665 0.122664 -0.089088 -0.023028 0.174706 -0.206841 -0.046389 -0.167305 0.077856 0.021294 0.190990 -0.076162 -0.151402 -0.103247 0.139942 -0.025460 0.080090 0.036779 -0.100108 -0.142584 
-0.089940 0.118805 -0.184867 -0.033378 -0.009258 0.052013 0.054708 0.112008 0.218644 0.280854 0.144608 -0.225538 0.047010 0.026580 -0.179850 0.060459 -0.063339 -0.100514 0.206297 0.062191 0.082004 0.159842 -0.000358 0.131003 0.255997 -0.045128 -0.002370 0.000531 -0.217661 0.123802 0.171182 0.067777 -0.039011 0.173905 0.074509 -0.070915 -0.084359 -0.014121 -0.024000 -0.169738 -0.341797 0.123869 -0.103390 0.051465 -0.202555 -0.148956 -0.028359 -0.109446 0.133483 0.034906 0.147237 -0.021040 -0.123703 -0.050586 -0.093816 -0.328327 0.012198 0.015147 0.078148 0.047666 -0.312931 0.112104 -0.087260 0.093649 
-0.074655 -0.004253 0.379553 0.200279 0.151515 -0.157023 -0.184757 0.089044 -0.301537 -0.142430 -0.130646 -0.309513 0.117642 0.142038 -0.012086 0.356812 -0.116016 -0.110774 0.014968 -0.161296 0.198346 0.185257 0.245711 0.034366 -0.105307 -0.160788 0.201612 0.013706 -0.066695 0.213787 0.123517 0.190104 -0.000368 0.186577 0.060542 -0.096614 -0.052372 0.050176 0.212477 0.076223 0.183255 -0.218995 -0.163072 0.012858 -0.244345 0.382916 -0.096019 0.062522 0.045571 0.130141 -0.219859 -0.122490 0.008853 0.226465 0.102684 0.167086 0.108247 0.087575 -0.191671 0.100864 0.063304 0.109957 -0.068664 0.079324 
0.149714 0.019965 -0.060444 0.301623 -0.216998 0.139454 -0.122291 -0.085887 -0.111298 -0.036640 -0.036643 -0.161927 -0.064819 0.108996 -0.043614 0.080705 -0.000877 -0.036465 -0.057956 0.119517 0.237452 -0.207394 0.000435 0.033531 -0.025146 0.125108 -0.389512 0.011517 0.255467 0.199829 -0.117126 0.037590 -0.153150 -0.243116 0.056109 0.053745 -0.130463 -0.213756 -0.072290 -0.151644 -0.274603 -0.180665 -0.128079 -0.005811 0.107620 -0.188692 -0.020909 0.062586 -0.208240 -0.105435 0.008355 0.156249 -0.015761 0.004028 -0.186417 0.250003 -0.142622 -0.262690 0.288615 0.250660 -0.052018 -0.086159 -0.071506 -0.093266 
0.030665 0.002139 0.097920 -0.093295 0.289158 -0.319234 0.183527 0.163910 -0.105871 -0.189671 0.016707 -0.144682 -0.054466 0.013279 -0.003889 -0.003115 0.134007 0.228820 -0.127772 0.061537 0.093027 0.050674 -0.126340 -0.030768 0.012441 -0.174347 -0.019277 0.040150 -0.078976 -0.126026 0.037846 -0.089993 0.134103 0.029943 0.123347 -0.014654 -0.008530 0.256166 0.115840 0.161448 0.019904 -0.074066 -0.131395 0.139052 -0.171714 -0.041685 0.013365 0.089612 -0.240159 0.033281 -0.184374 0.067416 0.418408 -0.013046 -0.211794 -0.065994 0.098880 -0.097194 -0.144286 -0.056782 -0.075456 -0.132698 -0.385740 -0.126367 
0.037852 0.101439 0.237388 0.060557 -0.122912 0.097192 -0.045173 0.153089 0.127344 -0.074369 0.059604 -0.175139 0.076340 -0.148754 0.038203 -0.135658 -0.055032 -0.270009 -0.078196 -0.091760 0.067777 -0.210367 0.171028 -0.011978 -0.139298 0.197698 -0.109485 0.097516 0.308795 0.032023 0.143589 0.068697 -0.048071 0.038554 0.139666 0.215293 0.086679 -0.274713 0.110543 0.110806 -0.092299 -0.011432 -0.010096 0.023536 0.010104 -0.057342 0.060443 -0.118841 -0.078716 0.064939 -0.016358 0.227420 -0.192894 -0.134781 -0.229137 0.105951 -0.115208 -0.117453 -0.092236 -0.062018 -0.074698 -0.164213 0.073173 0.020824 
-0.125990 0.032528 0.026380 0.111418 0.031633 -0.045962 -0.103555 -0.087191 0.122845 0.248375 0.079309 -0.074215 -0.071513 0.084545 0.018301 0.133236 -0.078973 0.175046 0.030594 0.046650 -0.111892 0.100227 0.214678 0.013042 0.013249 -0.054044 0.111850 0.007727 -0.106846 0.006375 -0.122462 -0.047575 0.056500 0.072391 -0.080360 0.017236 0.132549 -0.018030 -0.137426 0.054992 -0.061586 0.099267 -0.164958 -0.013280 -0.076469 0.056654 -0.153120 -0.103879 0.046946 0.274456 -0.143146 0.135157 0.018074 -0.160333 -0.131595 -0.095440 -0.089318 0.096032 -0.103990 0.089513 -0.103021 0.155420 -0.016743 -0.082376 
-0.153393 -0.136742 0.020535 -0.086499 0.185937 0.246879 0.128332 -0.104506 0.058663 0.170201 0.142633 0.208061 -0.002095 0.142547 -0.009675 0.155398 -0.040600 -0.022751 0.085033 -0.061473 -0.207808 0.083345 0.022877 -0.231029 0.073116 -0.120848 -0.148648 -0.024395 -0.322383 -0.093306 0.270932 -0.247687 0.014153 0.067778 0.041801 -0.176013 0.058766 0.033789 -0.065697 -0.089747 -0.082262 0.072182 0.187753 -0.099196 0.003460 0.078663 -0.205191 -0.086424 0.240315 0.074684 0.172389 -0.044337 -0.029192 0.042237 0.132541 -0.294702 0.057619 0.151807 0.191362 -0.076825 -0.383513 0.025400 0.238720 -0.041355 
-0.203681 0.077747 -0.085607 -0.150901 0.014499 0.007526 0.137128 -0.079978 -0.131732 0.081032 -0.217200 0.052857 0.028748 -0.063924 -0.179658 0.208370 0.185232 0.270601 -0.225973 -0.042306 -0.213027 0.332773 0.070376 -0.124690 0.164488 -0.149834 0.205536 0.166998 -0.068245 0.206838 -0.117734 -0.071641 0.100140 0.111298 -0.095521 -0.283203 0.000358 0.294634 -0.129727 0.027010 0.154117 -0.133345 -0.042974 0.110923 0.011994 0.084284 -0.025925 0.065075 0.009665 0.087015 0.225221 -0.159990 0.139003 0.096338 0.284839 0.045219 -0.083144 0.195019 0.009763 -0.154476 0.103243 0.134110 0.056186 -0.035934 
-0.104386 -0.083583 0.213537 0.182439 0.222721 0.068998 -0.090470 0.049343 0.021723 0.312005 0.003853 0.017336 -0.058237 0.246763 -0.204544 0.014812 0.203182 -0.256325 -0.072920 -0.038339 0.193072 -0.075898 0.313100 0.192889 -0.188738 -0.069129 -0.066797 0.160163 0.058624 0.223185 -0.097268 -0.186018 0.348985 0.168337 0.024309 0.038454 0.240118 0.028617 -0.021212 -0.180402 -0.276901 0.350350 0.009414 0.165008 0.141792 0.113283 0.224925 -0.190165 0.079626 0.127946 0.107035 0.024547 0.153779 0.360102 -0.198714 0.064703 -0.133005 -0.024706 0.026143 -0.101699 -0.124901 -0.204029 -0.256389 -0.130472 
-0.086371 0.016269 -0.125099 -0.141071 0.064857 -0.060306 -0.095520 -0.088783 -0.094042 -0.268223 -0.115155 -0.100388 0.345898 -0.192516 -0.148050 0.192761 0.041533 -0.126811 -0.014443 -0.124012 0.073252 0.272834 -0.023951 -0.193497 -0.103205 -0.076334 -0.274663 0.104972 0.042708 -0.056362 0.135421 -0.012450 0.095125 -0.176553 -0.045841 0.018339 -0.018262 0.215606 0.097661 -0.034230 0.426986 -0.214802 0.069269 0.027882 -0.102117 0.180748 0.117644 0.454347 0.130788 -0.226867 0.156304 -0.077426 0.200138 0.056250 0.349014 -0.070487 -0.018654 0.222723 0.277720 -0.134272 0.044029 0.033349 0.027833 -0.190754 
-0.138568 0.066415 0.012508 -0.061105 0.169113 0.065211 0.247997 0.195364 0.093126 0.140842 -0.027949 -0.099950 0.046989 0.024173 0.055668 0.062903 0.005409 0.149029 -0.190185 0.035697 -0.022826 -0.140322 0.104756 -0.275895 0.172329 -0.035577 -0.081960 -0.090996 -0.080979 0.126367 -0.112034 -0.102492 0.040698 -0.206198 -0.025556 -0.170762 0.154584 -0.121829 -0.200466 -0.087606 0.065768 -0.004712 -0.092461 0.009270 0.191721 -0.145772 -0.176576 0.019241 -0.065598 -0.031603 0.011000 0.021522 -0.062158 0.125597 0.145089 -0.015492 -0.045336 -0.110321 0.040735 -0.078136 0.054046 0.185946 -0.068151 -0.051128 
0.058269 0.072773 0.237392 0.104431 0.075398 -0.025182 0.142910 0.107524 -0.059795 -0.240138 -0.223938 -0.006195 0.113752 -0.154289 -0.102499 0.054451 0.075343 -0.101764 -0.159095 -0.144941 -0.082031 -0.181052 -0.145125 0.081714 -0.196320 -0.140156 -0.320959 -0.078031 0.247069 -0.070966 -0.080608 0.172432 -0.186749 -0.091389 -0.021750 -0.143427 -0.097984 -0.101961 0.092115 0.154608 0.235976 -0.224775 -0.039505 0.019401 -0.030596 -0.007657 0.009211 0.345759 -0.013178 0.009467 0.074771 0.081344 0.050099 -0.192381 0.129821 0.264979 -0.133522 0.107005 0.195905 -0.104915 0.084496 -0.049696 -0.075250 -0.137204 
0.348346 -0.047403 -0.173483 -0.161793 -0.023533 -0.058474 0.052990 -0.122553 -0.214275 -0.129513 -0.030091 0.112851 -0.136372 -0.134331 0.178302 0.204455 -0.233131 0.224002 0.254560 0.242170 -0.365469 -0.042384 -0.108432 0.043991 -0.128930 0.006586 0.134457 -0.129299 0.249318 -0.356548 0.126132 0.343062 -0.056983 -0.412585 -0.310226 0.185510 -0.184939 -0.090752 0.181615 0.147121 0.038352 -0.287338 0.112287 -0.035780 -0.016637 -0.067583 -0.003422 0.293490 -0.280105 -0.348856 0.079184 -0.125017 -0.118358 -0.407555 0.067571 0.099463 0.151394 -0.191768 0.100212 -0.016880 0.053917 -0.018234 0.138920 0.224742 
-0.104147 -0.026441 -0.035098 0.093351 0.125510 -0.084288 -0.005368 0.135540 -0.052264 -0.090891 -0.089725 -0.090269 0.041559 0.029820 0.229053 0.053230 0.024914 0.074381 -0.010552 -0.040285 0.019957 -0.178953 -0.012774 -0.019926 0.022369 0.028757 -0.102582 0.057246 -0.028644 -0.052020 0.059708 -0.231939 -0.260319 -0.123276 0.025059 0.104867 -0.036709 -0.049540 0.180318 0.135702 0.055759 -0.108716 0.155408 -0.021612 0.129243 0.055139 -0.167362 -0.058535 -0.023721 0.181061 -0.022974 -0.101176 0.050096 -0.147511 0.150843 -0.157469 0.042834 0.225830 0.024486 -0.054543 -0.000979 0.054465 0.123997 0.038726 
0.010858 -0.176144 0.023906 -0.020991 0.127468 0.054167 -0.047624 0.189280 0.074181 0.063155 0.061741 0.084694 0.016748 -0.048299 -0.189580 0.224281 -0.268602 -0.089742 -0.177029 0.226693 -0.131402 0.008830 -0.234332 0.093793 0.013811 0.116185 -0.112441 -0.273442 -0.073506 0.093532 0.142134 -0.256601 -0.154009 -0.258816 -0.041986 0.037165 0.101967 -0.089462 -0.029130 0.001291 -0.089427 -0.010149 0.168189 -0.146696 -0.116407 -0.121282 0.185912 0.056352 0.281945 0.047703 0.081509 0.111063 -0.030294 -0.064557 0.080603 -0.160357 -0.019046 -0.136615 -0.002339 0.080230 -0.258228 0.111139 -0.138609 -0.102494 
0.107484 -0.057157 0.202683 0.116698 -0.095113 -0.172726 0.231309 0.058107 -0.023214 0.031889 -0.007651 -0.207912 0.247451 -0.116322 -0.019050 0.325571 -0.321667 0.025713 0.123283 0.141241 -0.046545 -0.005919 -0.208897 0.116257 0.089276 -0.075021 -0.042540 0.105932 -0.069538 0.117309 -0.011969 -0.072255 -0.244378 -0.466921 0.057297 0.049451 -0.178476 -0.049211 0.248027 0.266566 0.101606 -0.258937 0.129797 0.006170 -0.020814 0.087522 -0.107928 0.015802 0.120755 0.065290 -0.139685 0.131220 -0.118180 -0.445614 0.126153 0.042111 -0.043719 -0.096245 -0.063900 0.027062 -0.082743 0.039066 0.128412 0.017974 
-0.061827 -0.260771 -0.276045 0.251722 -0.175439 0.514673 0.048308 0.003734 
-0.068488 -0.007243 -0.059995 0.077806 0.219556 0.137857 -0.059186 0.073474 
-0.235979 -0.024626 -0.025617 0.217825 0.213863 -0.319959 -0.195090 -0.244282 
-0.003670 -0.091636 -0.391405 -0.304794 0.227616 -0.332771 -0.094719 -0.106363 
-0.106020 -0.083997 0.282169 -0.143718 -0.150171 -0.349041 -0.052801 -0.166662 
0.152831 0.063147 -0.341577 -0.345908 0.196335 0.162950 0.071781 0.318487 
0.282999 0.052990 0.255026 0.114065 -0.185251 -0.048160 -0.028612 0.008249 
0.117863 0.036774 0.156775 0.132914 0.093174 -0.166450 0.058509 0.071790 
0.170440 0.021640 -0.180247 0.017008 0.267833 -0.026209 0.288754 0.236960 
0.216850 0.449299 -0.366196 0.087710 0.145976 -0.096660 0.015750 0.107235 
0.074593 -0.288903 -0.158989 -0.164626 -0.226402 -0.057255 0.127801 0.600569 
0.439099 -0.029721 -0.065962 -0.359771 -0.142333 0.051931 -0.081254 -0.173723 
-0.337229 0.095572 0.294797 -0.061425 0.075678 -0.288932 -0.009470 0.012142 
0.009785 0.324623 -0.255376 -0.099891 0.275486 0.064999 -0.103278 0.058565 
0.169769 0.105938 -0.153328 -0.260538 -0.308463 0.032031 -0.098211 -0.287124 
-0.357617 0.407554 0.421951 0.229716 -0.046569 -0.300223 0.217358 0.064870 
0.060721 -0.057929 0.205249 0.201972 0.405154 0.221129 -0.262565 -0.128247 
0.133977 0.291273 0.225142 0.207644 -0.328007 0.322103 -0.041178 -0.070353 
-0.212529 -0.219212 -0.271765 -0.208910 -0.273442 0.048337 0.134679 0.162882 
0.181786 -0.076732 -0.083795 0.271900 -0.197192 -0.169492 0.508785 0.047087 
-0.002266 -0.212163 -0.096456 0.300703 0.513719 -0.111712 -0.219020 -0.053949 
-0.368941 0.294892 0.339153 0.109199 0.053457 0.256405 0.211285 0.240276 
-0.042787 0.286588 -0.372864 -0.085090 0.122678 -0.051656 -0.262152 0.081495 
-0.174835 -0.148115 -0.181881 0.420212 -0.058403 -0.100283 0.111390 -0.200749 
0.067511 0.255342 -0.052452 -0.114364 -0.102421 0.058995 0.149327 0.281709 
0.241333 -0.087463 -0.242866 -0.029147 0.062381 -0.087553 -0.028872 0.112953 
-0.121355 0.497759 -0.254252 -0.193373 -0.649709 0.217666 -0.027862 -0.072846 
-0.091613 0.088480 -0.016314 0.067199 0.122959 0.023793 -0.192791 -0.023568 
0.160564 -0.180448 -0.105963 0.596304 0.112886 0.260242 -0.075984 -0.397469 
-0.180036 0.203713 -0.085790 0.175277 0.475738 0.038556 -0.068772 0.361774 
-0.245792 -0.220720 -0.048520 -0.293104 -0.135839 0.000976 0.218120 0.165606 
-0.309827 -0.270139 -0.083772 0.350765 -0.168495 0.312812 -0.158646 -0.013193 
-0.073733 -0.171506 -0.111037 -0.148614 0.215367 0.395861 -0.049588 -0.332241 
-0.066898 0.207711 -0.432832 -0.467580 0.443400 0.218818 -0.011242 -0.235326 
-0.050140 -0.022286 0.076173 0.375350 0.406421 -0.142594 -0.036417 0.192886 
-0.021105 -0.257921 -0.378604 -0.260635 -0.304307 0.098335 0.039578 -0.110521 
0.122931 0.157708 -0.138139 -0.087791 0.211073 -0.003335 0.072612 -0.148165 
-0.246648 0.085394 0.409527 0.581766 -0.006656 0.213935 -0.051831 -0.010866 
-0.248866 -0.186485 0.030916 -0.086986 -0.406790 -0.250607 -0.001668 -0.139010 
-0.260393 -0.131973 0.003812 -0.144900 -0.513314 -0.390139 -0.055777 -0.287594 
-0.270370 0.287429 0.601554 -0.231181 0.191578 0.238326 -0.206599 -0.595380 
0.384351 0.040203 -0.617376 -0.187646 0.129101 0.110856 0.079608 -0.040691 
0.097426 -0.125630 -0.045734 -0.245012 -0.146156 -0.042423 0.161198 -0.057575 
-0.046225 -0.013786 -0.050730 0.036597 -0.090161 0.184057 -0.232824 -0.115590 
0.342531 -0.054957 -0.092447 -0.119533 0.180169 0.116658 -0.057943 -0.075093 
-0.434205 0.115148 -0.011756 -0.167697 0.075878 0.061228 -0.058650 -0.136570 
0.060338 -0.266107 -0.064921 0.172254 -0.091036 0.069026 0.029409 -0.294360 
-0.269286 -0.278412 0.507468 -0.224122 0.045919 0.225734 -0.011878 0.235089 
-0.201016 0.212625 0.018015 -0.464158 0.313869 -0.125325 0.304054 0.208233 
-0.054316 0.430457 -0.236072 -0.035279 -0.031363 -0.442592 0.053997 -0.277095 
0.186779 0.011299 0.131332 -0.053452 0.272525 0.233899 0.092283 0.323103 
0.120112 0.129595 -0.369184 -0.070053 -0.009824 -0.112633 -0.061168 -0.003766 
-0.123953 -0.107192 0.456391 0.493251 0.010481 -0.016167 -0.293891 -0.272868 
-0.077335 -0.130932 -0.004750 -0.334048 0.737909 0.416948 -0.111751 -0.369423 
-0.243104 0.093410 0.538022 -0.249088 0.257048 0.147346 0.058318 0.276352 
-0.087706 0.046051 0.005957 0.635052 0.302665 0.074220 -0.199653 -0.354389 
-0.122486 -0.015811 0.001186 -0.292180 -0.404180 0.162599 0.092018 -0.064719 
-0.076504 0.286234 0.128135 -0.387263 0.201048 0.038374 -0.153815 -0.164812 
0.081238 -0.470271 0.232848 -0.099304 0.180692 0.013861 0.258283 0.188929 
-0.182423 -0.124862 -0.149828 0.325558 0.032065 -0.100027 0.253075 0.179124 
-0.193848 0.131111 0.228131 0.350337 0.135961 0.356401 -0.189027 -0.449501 
-0.013629 0.273589 0.099032 0.221332 0.021262 0.057911 0.286516 0.249802 
0.054476 0.096405 -0.086687 -0.785238 0.173102 0.209122 0.039302 0.280882 
-0.158491 -0.028589 -0.169728 0.050627 -0.224883 0.088774 0.261219 0.121733 









0.000000 
0.000000 
0.000000 
0.000000 
0.000000 
0.000000 
0.000000 
0.000000 
0.601394 
-0.134710 
0.444967 
-0.000425 
0.073507 
-0.091099 
0.112497 
0.366322 
0.281801 
-0.022442 
-0.295893 
-0.300226 
-0.979467 
-0.498469 
0.575555 
0.374847 
0.721678 
-0.339349 
0.554042 
-0.479914 
0.327217 
0.079091 
-0.491290 
-0.002263 
0.152947 
-0.139976 
0.069901 
0.393136 
0.968514 
-0.218651 
-0.297864 
0.637792 
0.242274 
0.212098 
-0.729996 
0.014330 
0.281862 
-0.173625 
-0.634691 
-1.053209 
-0.011054 
-0.845051 
-0.483416 
0.147438 
0.375425 
0.589702 
-0.311677 
-0.535477 
0.990321 
0.560902 
0.488037 
0.026412 
0.178387 
0.325067 
0.406115 
-0.654892 
-0.342417 
-0.412569 
-0.282567 
0.723830 
0.999800 
0.279034 
0.212066 
0.333089 
-0.513482 
0.093140 
-0.635963 
-0.008299 
-0.940316 
0.849378 
0.128936 
-0.164278 
0.632354 
0.473150 
-0.481746 
0.307673 
-0.335368 
-0.726515 
-0.697804 
0.238412 
-0.243190 
-0.293139 
0.223858 
0.366671 
-0.396365 
0.087438 
0.807999 
-0.025143 
-0.182368 
0.152046 
-0.194220 
-0.333968 
-0.371989 
0.326715 
0.241606 
0.500150 
0.254827 0.163830 
-0.890682 0.030893 
0.616199 -0.019467 
-0.085165 0.119715 
-0.614112 -0.016708 
-0.110369 0.133805 
0.342577 0.220068 
0.052908 0.088325 
-0.138151 0.135880 
0.985368 -0.086842 
0.235936 0.425957 
0.294870 0.241474 
-0.327431 -0.014223 
-0.165948 0.126575 
-0.479176 0.095180 
0.187517 0.390052 
0.003285 
0.644823 
-0.183646 
-0.133652 
0.208737 
0.672169 
-0.425782 
-0.093435 
-0.060588 
0.063364 
0.068499 
-0.305566 
0.392075 
-0.158322 
-0.264933 
0.113203 
-0.085638 
-0.073998 
0.364543 
-0.606197 
0.082646 
0.033720 
-0.177038 
0.040364 
-0.236417 
0.229005 
0.393277 
0.202059 
0.158465 
-0.096014 
-0.177821 
0.148577 
0.057145 
0.008944 
0.211312 
0.050874 
-0.301019 
0.274284 
0.112885 
0.106516 
0.005836 
-0.036742 
-0.250674 
-0.212257 
-0.013686 
0.000991 
-0.285393 
0.322678 
-0.071644 
-0.071759 
-0.207549 
0.178151 
0.107415 
0.076093 
0.183612 
0.124745 
-0.090046 
0.115128 
-0.169005 
-0.017048 
0.315187 
0.358315 
-0.071758 
0.007034 
-0.145912 
-0.136783 
0.335944 
-0.113146 
0.079248 
-0.099810 
-0.283524 
-0.276081 
0.092157 
-0.196529 
-0.139523 
-0.133651 
-0.043477 
0.097161 
-0.120643 
0.211546 
0.135254 
-0.234444 
0.252195 
0.102783 
-0.281339 
-0.329883 
0.145039 
0.567760 
-0.290762 
-0.275780 
-0.104508 
0.057030 
0.351206 
0.194010 
0.303954 
-0.131839 
-0.150525 
0.536030 
0.295366 
1.609404 
0.370566 
0.430435 
-0.009945 
0.331630 
1.686000 0.106959 0.063039 
