0.150599 0.175348 0.192781 0.148044 -0.284526 0.250113 -0.411605 -0.178885 0.195421 -0.205880 -0.063807 0.143490 -0.034839 0.021166 -0.185622 0.199872 0.195867 -0.023752 -0.250430 0.026001 -0.042070 0.359610 0.002053 0.120366 -0.016391 0.134380 0.058516 -0.166977 -0.151900 -0.183647 -0.337783 0.172476 -0.247732 -0.410199 0.331295 0.172241 0.203834 0.402463 0.054566 -0.086214 0.032967 0.162327 -0.068677 -0.215211 -0.023367 -0.088750 -0.288682 0.145666 0.072693 0.122638 0.168619 -0.061470 -0.000598 0.046008 -0.126813 0.105937 0.127101 0.244959 -0.196104 -0.475474 0.374453 -0.120765 0.224069 -0.476440 
-0.187725 0.025682 0.052556 -0.397276 -0.191449 0.078180 -0.340445 -0.179528 -0.308153 -0.038207 0.053238 -0.055914 0.029400 -0.303633 -0.325762 -0.041084 -0.027281 0.313356 -0.110808 0.000921 -0.115093 0.585372 -0.199350 0.060864 0.070531 0.146602 0.008087 -0.041293 0.281399 -0.209593 0.040950 -0.060845 -0.216057 0.040968 -0.078771 0.224618 0.042799 0.126162 -0.135666 -0.041854 -0.538729 -0.064922 -0.264814 0.110117 -0.004888 -0.049352 -0.221134 0.003446 -0.131439 -0.211883 0.056924 0.192696 -0.154767 0.106203 -0.149031 -0.239777 -0.082487 0.318949 0.195747 -0.105083 -0.203234 -0.231328 -0.111897 -0.110809 
0.336139 -0.103251 -0.295495 0.160475 -0.180684 -0.114587 -0.176149 -0.131547 -0.164875 -0.251977 -0.398184 0.113682 0.185694 -0.164275 0.002909 -0.001856 0.058482 -0.088610 -0.030778 -0.287053 -0.034961 0.037786 -0.369593 0.390925 -0.321587 0.495827 -0.139496 -0.139173 -0.025915 0.451230 -0.141948 0.213645 0.084541 0.134695 0.112257 0.045356 0.202878 0.273778 -0.146908 -0.037234 -0.016808 -0.177256 0.019668 -0.078847 0.211948 0.072693 0.207590 0.098528 -0.053955 -0.212523 -0.030511 0.109833 0.262995 0.045954 -0.204029 0.048551 0.317925 0.763468 -0.212019 -0.280180 0.180640 -0.070721 0.210010 -0.037500 
-0.149772 -0.339790 0.153937 -0.197102 0.001445 0.007372 -0.082965 0.023969 -0.701758 0.259492 -0.509938 -0.070556 0.096988 -0.004940 -0.118178 -0.091584 0.131858 -0.055279 -0.080076 -0.020602 -0.097254 0.264796 0.097898 -0.126633 0.126418 0.524596 -0.062619 -0.064557 -0.042174 0.121893 -0.028371 0.680458 0.060276 -0.244084 0.180875 0.168234 -0.082242 -0.179397 0.016697 0.006098 -0.258600 0.310099 -0.383770 0.095462 -0.044330 0.001554 -0.248597 0.032975 -0.067039 0.078564 0.027542 0.128130 -0.260190 -0.314604 0.248012 0.050985 -0.421471 0.961930 -0.120007 -0.093760 0.012233 -0.488819 -0.137062 -0.250508 
-0.251297 0.112232 0.064053 0.115450 -0.182190 -0.226938 0.112552 -0.052214 0.184905 0.196755 0.230402 -0.043801 -0.299471 -0.167859 0.160063 -0.125372 -0.140327 0.067588 0.071949 0.043591 -0.236846 -0.145405 -0.305606 -0.048832 -0.229452 0.236752 0.158811 0.142869 0.278884 0.027200 0.130228 -0.102709 -0.159980 0.085884 0.277618 0.280556 0.223870 -0.052917 -0.072677 -0.004464 -0.114572 -0.323508 -0.270408 -0.101484 -0.181641 0.224003 -0.007185 0.177869 -0.047338 -0.021919 -0.019926 -0.193920 -0.222919 -0.096878 -0.114448 0.131673 -0.109158 0.185365 -0.260178 -0.227191 -0.000906 -0.128730 0.014695 0.110153 
0.119898 0.082785 -0.122716 0.123371 -0.094317 0.117795 0.058451 -0.087561 0.069944 0.002239 0.097140 -0.186034 -0.106642 0.021666 0.176295 -0.019517 0.188195 -0.182937 -0.391698 0.159569 0.036693 0.028245 -0.135332 0.240765 -0.210922 -0.111591 0.155960 -0.251966 0.128375 -0.130967 -0.380583 0.258427 -0.391814 0.080442 -0.194628 -0.129112 -0.215942 0.180534 0.385834 -0.295229 -0.073384 0.218018 0.018109 0.065274 -0.155831 0.018165 -0.228576 0.129516 0.136610 -0.285781 0.346627 -0.175308 0.326526 -0.078279 -0.006970 -0.177786 0.420810 0.382163 -0.007424 0.194305 0.220317 0.038065 -0.196655 0.281675 
0.237082 0.080349 -0.028189 -0.199239 -0.098242 -0.115350 0.133209 -0.018669 0.329507 -0.050259 -0.186869 -0.335884 0.275235 -0.219199 0.303126 0.111938 0.000776 0.178551 0.101495 0.132382 -0.472017 0.046118 0.220675 0.241957 -0.095267 0.494793 -0.055473 -0.191264 -0.043411 0.064507 -0.162127 -0.211588 -0.122563 0.049583 0.104719 -0.142795 0.199124 -0.045794 0.086931 0.144425 0.194438 0.310136 0.214677 0.246459 -0.394009 -0.047496 -0.112697 0.079389 -0.045354 -0.295942 -0.225557 -0.007328 0.045163 0.167336 0.167652 -0.429743 -0.076911 0.118650 -0.115924 -0.167197 -0.031932 -0.145479 -0.154448 -0.123922 
0.133780 -0.053548 0.074060 -0.019112 0.224581 -0.049532 -0.232075 -0.024408 -0.096816 0.210706 -0.070596 -0.024426 0.003048 0.046647 0.315436 -0.236528 0.232617 -0.250378 -0.199150 0.178067 0.005827 0.125840 0.137555 0.063635 0.064683 0.362536 0.068417 -0.322315 -0.248376 -0.189197 0.044667 0.180445 0.024637 -0.239008 -0.052804 -0.124389 0.066108 0.160989 0.146187 0.126079 0.071983 -0.160697 -0.258818 0.025113 -0.444586 0.206666 -0.072530 0.220000 -0.229282 0.210653 -0.018849 0.262108 0.035386 -0.234648 0.019917 -0.195906 -0.019711 -0.281890 -0.104223 0.239198 -0.118476 0.104740 0.115173 -0.095428 
0.149165 -0.095683 0.076654 -0.097726 0.147188 0.010023 0.008050 0.036667 0.101011 0.042515 0.008514 0.110306 0.083702 0.001976 0.005358 0.104899 -0.041248 -0.131519 -0.073285 0.134244 -0.033165 -0.055101 -0.008121 -0.208242 0.019957 -0.150317 0.134381 -0.038388 0.193964 0.107617 0.081486 0.030968 
0.075704 0.042399 0.098473 0.006603 -0.082770 0.045199 0.034495 -0.087449 0.012401 0.010576 -0.077860 0.008503 0.104978 0.162713 0.006091 -0.037219 0.072503 -0.080054 -0.010892 -0.158219 -0.073953 -0.118277 -0.107686 0.078289 -0.071132 -0.044147 0.073380 -0.010586 -0.046968 -0.003658 -0.057790 -0.026283 
0.007324 0.078882 -0.084834 0.076250 0.069714 -0.007962 -0.091395 -0.036963 -0.117988 -0.035982 0.130329 -0.174281 0.124835 -0.002499 -0.103639 0.127638 0.030639 -0.046794 -0.014079 0.001401 -0.073473 -0.027900 -0.061006 0.122846 0.010550 0.044601 -0.170978 -0.074425 -0.104567 -0.184973 0.027456 -0.135108 
0.201950 0.038767 -0.132449 0.052083 -0.085044 -0.056872 -0.184522 -0.034387 0.021598 -0.093563 -0.060565 -0.024916 -0.103730 0.087484 0.004303 0.055992 -0.045268 -0.082646 -0.137818 0.049285 -0.000515 0.022913 0.271525 -0.034045 -0.070047 0.048275 0.076368 -0.018390 0.143376 -0.137856 0.138153 0.244164 
-0.036101 0.156687 0.016850 -0.004747 -0.042526 -0.053791 -0.019286 -0.073163 0.021387 0.080581 0.101474 0.017713 -0.054953 -0.044358 -0.160251 -0.056101 0.118701 0.065313 0.155478 -0.061120 0.003186 0.003883 0.167438 -0.028227 -0.058651 0.043027 0.199028 0.048017 0.111092 0.040991 -0.006839 -0.120694 
-0.066063 -0.006876 -0.041472 0.151519 -0.059411 -0.015810 -0.072412 0.081790 0.120022 -0.100220 -0.023309 -0.121531 -0.015067 0.042545 -0.044005 -0.008403 -0.041735 -0.109870 0.057689 0.120929 0.004035 -0.077121 -0.123501 0.190906 0.059907 -0.029972 0.198479 0.015953 0.102639 -0.011425 -0.102071 0.062202 
0.148972 0.104894 -0.030046 0.022313 0.085538 0.126030 -0.138583 -0.079428 0.056381 -0.023411 0.114812 -0.028593 -0.006388 0.016739 0.063631 -0.100568 0.042610 -0.115483 -0.075590 0.022984 0.028194 -0.075255 0.199320 -0.072775 -0.107587 0.090011 -0.001552 -0.096284 -0.055388 0.108933 0.071102 0.059321 
0.051796 0.078663 -0.090958 -0.024932 0.018982 -0.062935 -0.024961 -0.119035 0.115823 -0.100895 0.047495 0.099927 -0.114625 -0.106591 -0.081644 -0.121691 -0.031523 -0.058265 -0.040602 0.041542 0.079137 -0.032689 0.334557 -0.049725 -0.121776 0.032282 0.117332 -0.096268 0.047029 0.005076 -0.012535 -0.040593 
0.216562 -0.039769 -0.011932 -0.104127 0.043991 -0.108573 -0.038202 -0.018862 -0.054500 0.029630 -0.010846 -0.001817 -0.074887 0.132614 -0.077413 0.017711 -0.032339 -0.137693 -0.115745 -0.103755 0.042526 0.085951 -0.023410 0.018697 0.007805 0.111788 -0.098157 0.099036 -0.042907 -0.034884 0.013272 0.003543 
0.083891 -0.159612 -0.070492 -0.078532 -0.007669 0.056234 -0.031855 -0.051203 -0.174080 -0.045763 0.087802 0.068685 0.082728 0.008571 0.034310 -0.169788 0.024702 -0.091513 -0.173628 -0.075394 0.255798 0.061567 -0.028956 -0.146044 0.017897 0.177058 -0.213036 0.157274 -0.105574 0.059138 -0.068392 -0.139135 
0.047556 0.043810 0.033294 0.078150 -0.066595 -0.077557 0.021121 0.058893 -0.148845 -0.036001 0.037494 0.103071 -0.025632 0.074347 0.072405 0.073904 -0.037586 -0.101511 0.137596 -0.087499 -0.038768 0.062049 0.050759 -0.011757 -0.014263 0.172700 0.014582 -0.107637 -0.035657 -0.107401 -0.068686 -0.108700 
0.060793 -0.043585 0.064722 -0.107927 -0.020765 -0.097412 0.146464 0.021620 0.045534 -0.070354 -0.133189 -0.026643 0.020717 -0.101359 -0.026252 -0.020477 -0.137520 -0.067694 0.075130 -0.111398 -0.166599 -0.060659 0.159818 0.125141 -0.041631 0.076767 0.084728 0.012420 0.055687 0.063905 0.154103 0.050029 
-0.155936 0.035687 0.032198 -0.019030 0.169608 -0.035913 -0.041322 -0.045781 0.191959 0.094723 0.115931 0.066783 0.069877 -0.140294 -0.152047 -0.063056 0.070588 0.032873 -0.043884 0.143313 -0.014092 0.089997 0.053856 -0.066520 0.147056 -0.194673 -0.090852 -0.059812 0.149380 0.001698 -0.032477 -0.149961 
0.014119 -0.054154 0.008371 0.071825 0.090438 -0.085607 -0.071412 0.021881 0.095136 -0.030735 0.085043 -0.063141 0.082197 0.034967 0.016810 -0.002104 -0.019021 -0.158156 0.043598 -0.081945 0.042945 0.057499 0.146762 0.128764 -0.028196 0.075827 0.036401 -0.047703 0.112115 -0.114272 -0.018702 0.019280 
0.158029 -0.026405 0.040219 -0.008405 0.029411 -0.090649 -0.209974 -0.174641 -0.133546 0.016074 0.181874 0.185887 0.030105 0.082257 -0.138451 -0.011642 0.070536 0.030247 -0.048605 -0.046538 0.125869 0.011210 -0.009811 -0.041333 -0.056408 -0.014903 -0.095917 -0.027935 0.061991 0.017555 -0.122598 0.082005 
0.015025 0.146747 -0.053823 0.099370 0.043324 -0.080971 0.057143 -0.068925 0.125049 -0.066756 -0.051440 -0.146514 0.089028 -0.004405 0.022255 -0.011277 -0.019928 -0.041038 0.081632 -0.077519 -0.028007 -0.049480 0.016961 0.029477 0.021263 -0.073025 0.089547 -0.170249 0.050139 -0.063760 0.086742 0.103999 
-0.075826 0.055303 -0.065806 -0.128023 -0.136264 0.035130 -0.075295 0.090808 -0.004627 0.046360 0.113355 -0.044413 -0.027275 0.004078 -0.046941 -0.024075 0.061407 0.032499 0.031752 0.123901 0.005602 0.131504 0.000466 0.025538 0.022005 -0.092082 0.057924 0.156389 0.088490 0.134591 -0.027064 -0.029641 
-0.079050 -0.017659 0.111985 0.118270 0.015808 -0.132307 0.125640 -0.054921 0.131906 -0.005269 -0.145943 -0.003707 0.026999 -0.173624 -0.108930 0.076300 0.127660 0.096603 0.101347 -0.097072 -0.037390 -0.097149 0.000822 0.251390 -0.022014 0.087727 0.035506 -0.072612 0.022322 0.125557 0.089325 -0.140158 
-0.055029 0.066737 0.194374 0.107076 0.038449 -0.045114 -0.044725 0.019515 0.122372 -0.125190 -0.053163 0.087071 -0.118943 0.011705 -0.195055 -0.017679 0.031657 0.036197 -0.025959 -0.124555 0.005191 -0.057728 0.250781 0.053985 -0.052437 -0.032034 0.116111 0.019064 0.103710 -0.038269 -0.015253 -0.067592 
0.128843 0.007090 -0.074416 -0.009174 0.046848 -0.185574 -0.077073 -0.051973 -0.090245 0.068005 0.041416 -0.068056 0.003168 0.108391 -0.091869 0.042295 0.052553 0.010076 0.095268 -0.083553 -0.138003 -0.071702 0.014352 0.110271 0.039087 -0.004583 0.055378 -0.120195 0.025362 -0.125513 0.029090 -0.098535 
0.124976 0.093375 0.081262 0.037858 0.016024 0.005241 -0.036476 0.121648 0.137729 -0.026598 -0.044368 -0.171462 0.128933 -0.046189 0.131605 -0.118982 -0.035204 -0.061246 -0.088082 0.116571 0.013558 -0.005715 -0.019351 0.104818 0.022987 0.074606 0.136265 -0.004501 0.076500 -0.041217 0.023601 0.068128 
-0.114189 0.030952 -0.023362 0.002411 0.043674 -0.011918 0.059579 0.081200 0.004282 0.149413 0.099644 0.002769 0.028086 -0.015420 0.117863 0.105997 0.073041 0.062277 0.006722 0.121215 -0.080207 -0.051320 -0.145617 -0.062513 0.129118 -0.092986 -0.030442 0.104063 -0.023568 -0.005077 -0.078057 -0.026698 
-0.011393 0.036359 -0.086219 0.137307 0.084775 -0.133210 -0.043506 -0.076651 0.134273 0.016124 0.245328 -0.070361 0.150895 -0.001792 -0.147342 -0.078001 0.103458 -0.156002 -0.022453 -0.007704 -0.047273 -0.014358 0.002803 0.040363 0.111972 0.042267 0.111845 -0.032787 0.154261 0.113037 0.093238 -0.075259 
-0.050719 -0.091335 0.081824 0.058695 -0.035914 -0.041668 -0.081285 -0.067160 0.047285 -0.051385 -0.032070 -0.032984 0.132416 0.099493 0.054523 -0.006829 -0.069538 0.078602 0.057514 0.051907 -0.030487 0.209136 -0.126383 -0.257673 0.123886 -0.178116 0.019323 0.056656 -0.017812 -0.006613 -0.104745 0.018951 
-0.109869 0.013497 -0.025296 0.028380 0.044678 -0.012064 0.002121 -0.108605 0.033977 -0.086359 -0.016531 0.049806 0.082962 -0.100597 -0.076229 -0.108548 0.153313 -0.015195 -0.053964 -0.063736 -0.080793 0.012463 0.065255 0.115350 0.074209 0.070057 -0.060314 0.055939 0.092342 -0.012313 -0.117666 -0.190303 
-0.085658 -0.095275 -0.017738 -0.077397 -0.110364 -0.157820 0.029091 0.101566 -0.039044 0.089149 -0.064091 -0.050831 -0.116943 0.076382 -0.141544 0.016147 -0.108684 -0.036851 -0.010167 -0.163021 0.163928 0.045293 -0.127688 0.015617 -0.018528 -0.061732 -0.062014 -0.020283 -0.028626 0.150946 -0.008924 -0.002127 
0.003681 0.098730 0.073069 -0.060742 0.070126 -0.023557 -0.078154 -0.132805 -0.044276 0.039179 -0.025268 -0.023687 0.065813 0.043636 0.031599 0.098680 0.015756 -0.161777 0.116929 -0.133251 0.006507 0.036730 -0.089825 0.033870 -0.128078 0.103027 0.083452 -0.040711 -0.082995 -0.152062 0.042737 -0.039119 
-0.030849 0.013301 0.102609 -0.016574 0.070998 0.091260 -0.030208 -0.065738 0.011135 -0.124998 0.042602 -0.023209 -0.083405 0.040164 0.074660 0.053285 -0.055555 0.047993 -0.015986 -0.080555 -0.065222 -0.133840 0.184790 0.148860 -0.054514 0.173865 -0.075445 -0.178313 0.078385 -0.065297 0.107287 -0.118220 
0.002305 0.000425 0.009512 -0.049199 -0.104407 0.003375 0.051131 0.117593 -0.131917 -0.057226 -0.144466 0.068070 0.028367 0.185740 0.119084 -0.054731 -0.017441 0.069241 0.041754 -0.089815 -0.015934 -0.009002 -0.185596 -0.020658 -0.193464 0.013535 0.021006 -0.105064 0.020427 -0.072263 -0.078353 -0.050771 
0.220680 -0.038183 0.014962 -0.057881 0.051764 0.120610 -0.037179 -0.023077 0.050981 -0.087785 -0.017875 0.098882 -0.140976 -0.058022 0.165297 0.086592 -0.114844 0.084643 -0.184814 0.072314 -0.051074 -0.026070 0.131744 -0.046656 -0.074014 -0.064903 0.015933 0.012093 0.216241 0.145084 0.028700 0.176402 
0.009326 0.059083 -0.027583 -0.048671 0.056557 -0.144312 0.012601 -0.008620 -0.058664 -0.090019 -0.051242 0.088904 -0.136553 -0.057686 -0.016805 0.062665 0.020391 0.162841 -0.108698 -0.136348 -0.016169 0.086561 0.044591 0.058197 -0.061284 0.127150 -0.147960 -0.095954 0.065698 0.036219 0.011492 -0.097353 
0.141834 -0.047251 -0.048972 -0.054411 0.002107 0.103851 0.015540 -0.059500 0.011158 -0.076725 0.135474 -0.010329 0.017675 -0.038493 0.124616 -0.094442 -0.068533 0.061127 -0.158192 0.019897 0.070152 0.059680 -0.026690 -0.067522 0.112183 -0.025558 0.049820 0.086292 -0.024657 -0.145992 0.044774 -0.097416 
0.087139 -0.080970 -0.039897 -0.060704 0.059467 -0.021345 -0.049443 0.052179 -0.000373 0.058169 -0.115244 0.157560 -0.020698 -0.110126 -0.055142 0.015497 -0.149547 0.068116 -0.093258 0.208391 0.047372 0.074582 0.048763 -0.074554 0.066508 -0.120777 -0.092801 -0.069316 0.091047 0.213332 -0.070491 0.192358 
0.058413 0.022881 0.178914 0.179562 0.027940 -0.033975 0.044672 -0.005259 -0.148097 -0.143764 -0.107958 0.083012 -0.013020 0.093674 0.034816 0.029202 -0.095764 0.064321 -0.016464 0.094646 -0.123913 0.109871 -0.031926 -0.201398 -0.184237 -0.027487 -0.056159 -0.097790 -0.059210 0.020336 -0.132203 0.011764 
-0.076348 -0.133182 -0.143317 -0.150928 -0.041625 0.088255 -0.039261 -0.008497 -0.083849 0.006679 -0.163946 -0.080304 -0.084764 -0.081088 -0.150600 0.011965 0.062124 -0.050561 -0.040578 0.137990 0.008839 -0.001362 0.091541 0.097968 -0.049885 -0.077151 -0.054489 -0.008224 0.118177 -0.026224 0.152792 -0.021675 
-0.189008 0.020778 -0.126545 0.020056 -0.028151 0.000379 0.062956 0.016353 0.101324 0.039704 -0.134707 -0.157496 0.053602 -0.045367 0.002324 0.005991 0.032807 0.057189 0.073266 -0.026244 0.009233 -0.106181 -0.187335 0.135359 -0.013643 -0.058532 -0.089345 -0.028660 -0.100320 -0.038759 0.063566 0.076944 
0.013416 -0.107804 0.102682 -0.195590 0.153603 -0.199375 0.112550 0.063024 0.033892 0.100184 0.076019 -0.067554 -0.130440 0.013812 -0.077428 0.033615 -0.059488 0.054791 -0.008402 -0.198957 0.095258 0.017641 0.028965 -0.013940 0.112229 0.045165 -0.029053 -0.076826 0.000214 -0.160595 -0.012461 0.082354 
-0.140835 -0.177492 -0.038490 -0.107483 -0.057298 0.049259 -0.018338 0.034387 0.088509 -0.000435 0.104156 0.038577 0.006964 0.110613 0.080858 0.215562 0.016402 -0.034330 0.134160 -0.067736 -0.187610 0.095893 -0.193970 0.053185 0.107325 -0.067275 -0.003164 -0.071569 -0.056620 -0.066667 -0.100445 0.064921 
0.098917 -0.051515 -0.022526 0.029490 -0.070906 0.037098 -0.109368 0.060106 0.064120 -0.058622 0.167106 -0.014334 0.087165 0.044692 0.013498 -0.050789 0.145575 -0.041782 -0.062833 -0.174598 -0.087629 -0.124127 0.106330 0.029067 0.014505 -0.067028 0.060872 0.052383 -0.035795 0.092962 -0.036263 -0.107864 
-0.030671 -0.040888 0.092655 -0.078956 0.138471 -0.149807 -0.037454 -0.024714 0.012869 0.059584 -0.022747 -0.094743 -0.053568 -0.019319 -0.188281 0.072203 0.101001 -0.026569 -0.074774 0.043327 -0.028413 -0.062282 0.207425 0.133185 0.021840 -0.060895 0.003775 -0.062214 0.143843 -0.015578 -0.072884 -0.110941 
-0.095921 0.053222 -0.029325 -0.069134 -0.046886 0.006043 0.066860 -0.038337 0.048042 -0.087323 0.009443 0.031405 0.031152 0.043692 -0.202511 0.048211 -0.020470 -0.061200 0.001700 0.054173 0.027401 -0.113838 0.037911 -0.036877 0.114237 -0.098361 -0.073370 0.088569 0.112525 -0.061922 -0.033090 -0.011013 
-0.108699 0.153396 -0.036788 -0.014893 0.006616 0.103744 -0.091542 -0.026625 0.000345 -0.084357 0.168300 -0.091679 0.152798 -0.202405 0.093051 -0.273141 0.015202 -0.075859 0.025882 -0.039343 0.011998 -0.000266 -0.129336 0.013333 0.171490 -0.105238 -0.008015 0.117253 -0.030224 0.126520 -0.105641 0.033385 
0.217597 0.190675 0.120770 0.100216 -0.002567 0.028272 -0.028350 -0.077517 0.053895 -0.047507 -0.019582 -0.000664 0.054615 -0.090673 -0.041351 -0.123620 -0.028091 -0.089812 -0.136603 0.048782 -0.011896 -0.056340 0.070690 -0.004285 -0.001604 -0.008113 0.075396 -0.020877 0.138132 0.038039 -0.080900 0.053315 
-0.070597 -0.042901 0.158117 0.128342 0.091887 -0.035910 0.095766 -0.025544 -0.128845 -0.020534 0.091690 0.165746 -0.052063 0.119848 -0.073235 0.046960 -0.038988 0.031666 -0.083679 0.031426 0.006929 0.012475 -0.081223 -0.035910 0.093378 0.055943 -0.063488 -0.031315 -0.086457 0.065578 -0.083197 -0.099445 
0.058956 0.036503 0.002775 0.049140 -0.097468 0.066641 0.123151 0.000946 0.182862 0.006737 -0.206019 -0.044335 -0.040810 -0.141616 0.201742 -0.064708 -0.104282 -0.037260 -0.043289 0.180699 -0.030202 0.125788 -0.104861 -0.086435 0.000467 -0.021586 0.163443 0.065995 -0.018947 0.023144 -0.015784 0.072576 
0.137935 0.027240 -0.087542 -0.111945 0.020868 0.061088 0.076850 -0.014612 -0.025656 0.060899 0.016682 -0.062208 -0.133350 0.063744 0.038404 0.110684 0.034323 -0.109268 -0.129042 -0.146891 0.084979 -0.039919 0.081456 -0.093423 -0.135305 -0.024982 -0.019575 -0.017964 -0.093792 0.020747 0.034556 0.052469 
0.195165 0.038928 0.138094 0.113601 0.065950 0.003481 -0.014216 -0.043432 0.098237 -0.007689 -0.083219 0.122198 -0.049774 0.051224 -0.004910 0.050301 -0.041976 -0.027403 -0.031534 0.058323 0.028375 -0.053379 0.321352 0.053023 -0.018428 0.050986 -0.016422 -0.186808 0.063785 0.148959 0.020882 0.148414 
0.143272 -0.061216 0.050016 -0.047448 0.048640 -0.103861 0.034161 0.016129 -0.145563 0.062892 -0.084300 0.029798 0.081287 0.092369 -0.085453 0.091116 -0.071478 0.044064 -0.049332 0.060294 -0.086786 -0.039612 0.034574 -0.101942 -0.048687 -0.038014 -0.074754 0.087290 -0.090236 0.023356 0.051156 0.114089 
0.010307 -0.006314 -0.118644 0.128852 -0.112987 0.077150 -0.015498 -0.036959 0.023997 -0.002101 0.200182 -0.049292 -0.026155 -0.113727 -0.024586 -0.107055 0.042977 -0.007883 -0.034652 -0.108071 -0.175154 -0.124088 -0.019319 0.046151 -0.094526 -0.031669 -0.021905 -0.038828 0.063592 -0.027242 0.077897 0.125600 
-0.021893 0.157263 0.112717 -0.037998 0.079541 -0.068664 -0.017564 -0.189156 -0.034782 -0.027176 -0.006689 -0.097283 -0.046490 0.012555 -0.087335 0.021234 -0.056063 0.002331 -0.062804 -0.077442 0.018268 -0.003964 0.233655 0.164263 0.112758 -0.052623 -0.062503 0.050095 0.215384 -0.004950 0.162210 -0.096084 
-0.006283 0.043471 -0.140459 -0.042461 -0.206074 0.143447 -0.056137 0.035561 -0.060706 0.070331 -0.003620 -0.024923 -0.029423 -0.027110 0.033352 -0.141199 -0.100526 0.004168 0.118779 0.068634 -0.094445 -0.032168 -0.111613 -0.019191 0.002200 0.113001 -0.086715 0.049036 -0.121577 0.059486 0.010945 0.121147 
-0.053959 0.059985 0.178694 0.081344 0.053908 -0.074998 -0.001513 0.042275 -0.027795 0.147561 -0.078605 -0.090962 -0.108820 -0.084221 -0.044202 0.024208 -0.072259 0.142706 -0.127806 -0.012158 -0.007563 0.138646 0.047180 0.076217 0.120231 -0.122288 -0.005656 -0.005853 0.072548 0.200534 -0.118036 0.056632 
0.215165 -0.027455 0.082235 0.008449 -0.095336 -0.064054 0.027680 0.010834 0.167535 -0.143574 0.052479 -0.074678 0.155793 -0.026065 0.079870 0.115859 -0.094665 -0.033803 -0.112290 -0.072112 -0.089965 -0.011034 0.115015 -0.109621 -0.063366 -0.001128 0.150982 -0.093201 0.084527 0.056053 -0.167432 -0.008549 
-0.065710 -0.041325 0.019379 -0.020019 -0.046060 -0.068028 0.103152 -0.092970 0.143256 0.006803 -0.042377 0.016219 -0.028644 -0.025017 0.024979 0.011819 0.008449 0.102530 0.170544 -0.085431 -0.046893 -0.035475 -0.005954 0.098627 0.148324 -0.195271 0.137351 -0.062153 0.097381 0.013497 -0.001512 0.005254 
-0.064304 0.118558 -0.133813 0.058366 -0.063421 0.117596 -0.030468 -0.129110 -0.153839 -0.105154 0.011345 0.063377 0.161329 -0.039273 0.058768 -0.104737 -0.036092 0.073022 -0.053906 0.046628 0.194793 0.081105 -0.114898 -0.012012 0.046881 -0.034685 -0.051965 0.047559 -0.029255 0.172444 0.000656 0.033129 
0.065462 0.023652 -0.175980 -0.090680 0.010231 0.115588 -0.069148 0.046304 0.097858 0.041713 -0.038729 0.059897 -0.155293 -0.053996 -0.083856 -0.095018 -0.170967 -0.058356 -0.130157 -0.030083 -0.080344 -0.115059 0.095871 0.106467 -0.144929 -0.007965 0.112378 0.012691 -0.144062 -0.126474 0.095477 0.150352 
0.254874 -0.034401 -0.047833 0.078717 -0.141141 -0.053442 -0.069954 0.097762 0.072106 -0.088730 0.044092 0.003709 0.087708 0.117422 0.139421 0.206291 0.126125 -0.009551 -0.123270 -0.178106 -0.267110 0.041376 -0.028540 -0.075044 -0.107770 0.008066 0.247375 -0.190601 0.163037 0.036412 -0.176362 0.139658 
-0.132845 -0.165650 0.082488 -0.061947 -0.079434 0.076397 -0.079226 0.087694 0.046084 0.030299 -0.066729 -0.023655 -0.126022 0.045804 0.107336 -0.040203 -0.000439 0.038451 0.054956 0.012132 -0.043996 -0.070798 -0.192706 -0.011490 0.073637 0.077203 -0.089087 0.059988 -0.002147 -0.037107 -0.007512 -0.053781 
-0.173689 0.025064 0.018758 0.148793 -0.079744 0.018102 0.089630 0.022378 0.012898 0.100576 0.131898 -0.017623 0.035521 -0.106136 0.115546 -0.020736 0.057862 -0.029826 0.030640 0.056402 -0.047455 -0.019090 -0.003142 0.109588 -0.069582 0.047840 0.005294 -0.112580 -0.078865 -0.021397 -0.089751 -0.060289 
-0.049334 0.122625 0.061169 0.129455 0.046573 -0.068073 -0.091447 0.023635 -0.129594 -0.019096 0.081475 0.069914 0.084226 0.022786 0.047140 -0.088910 0.097192 0.150944 -0.019188 -0.145212 -0.034566 0.021780 0.035335 -0.065540 -0.031195 -0.039583 0.002923 0.002597 -0.042277 0.040872 -0.121465 -0.224358 
0.050987 -0.066339 0.007887 -0.054550 -0.050503 0.000897 -0.188574 0.046751 0.110929 -0.083236 -0.005453 -0.052850 0.074263 0.007445 0.080443 -0.038641 -0.085426 -0.034515 0.029508 -0.022053 -0.107779 -0.133457 0.031521 0.055719 -0.122178 -0.036260 0.106835 0.019727 0.067414 -0.001113 0.139808 0.130068 
-0.063630 -0.007721 0.029287 -0.013820 0.049114 0.019978 -0.043693 -0.058504 0.018700 0.006407 -0.027372 -0.107873 0.031979 -0.062794 0.000771 0.154125 0.100847 -0.114242 0.067709 -0.128967 -0.128241 0.092367 0.070645 0.059935 -0.041288 -0.163081 -0.022973 -0.120476 0.016505 0.066149 -0.005545 -0.022997 
0.013904 -0.057488 -0.062577 -0.149431 0.016314 -0.147541 0.024458 0.012123 0.083922 -0.099593 0.036286 -0.098279 -0.166467 -0.060116 -0.103310 0.195552 -0.108476 -0.017583 -0.141467 -0.025659 -0.090038 0.114203 0.041507 0.018291 -0.040407 -0.022919 0.037055 0.013326 0.050453 -0.152438 -0.032183 -0.086326 
0.221617 0.032379 0.009825 0.240057 -0.021917 0.095238 -0.064727 0.058269 -0.062826 -0.165163 -0.021177 0.195533 -0.065304 0.168634 0.058275 -0.031379 0.111006 0.133991 -0.053894 -0.052807 0.065285 -0.049328 0.111017 -0.002592 -0.238991 0.049220 0.106834 -0.077437 0.063055 0.069842 -0.025751 -0.040934 
-0.271398 0.088318 -0.168759 0.061423 -0.052833 0.097633 -0.086316 -0.175183 
0.049349 0.083820 -0.098404 0.080788 -0.082625 0.191511 0.031574 0.055355 
0.157296 0.135490 -0.261275 0.038967 -0.050984 -0.202259 0.293295 0.050561 
0.050595 -0.006546 -0.106280 0.141966 -0.001914 0.182902 0.399610 0.070564 
0.186278 0.184897 -0.292523 -0.102327 -0.079335 -0.118369 0.002635 0.241876 
-0.122726 -0.047928 0.160104 0.275610 0.217915 0.072204 -0.096050 0.099237 
0.220247 -0.188462 -0.059292 0.055598 -0.108101 -0.186659 0.114739 0.098702 
-0.041510 -0.150074 0.124677 0.076883 0.050426 -0.095227 0.051467 -0.052246 
0.179945 -0.006909 -0.052293 0.197269 -0.338844 -0.001441 0.121035 -0.158657 
0.089757 0.045029 0.102898 -0.026576 0.016051 -0.139437 -0.074316 -0.011597 
0.194261 0.303513 0.120845 -0.150019 0.121629 0.262128 -0.024826 -0.134587 
-0.207136 0.089728 -0.255934 0.054865 0.313564 -0.055861 0.076992 0.159419 
0.007684 0.024811 0.255796 -0.050400 0.159493 0.259242 0.043817 -0.239078 
-0.149809 0.041895 -0.030181 -0.390045 0.041653 -0.049045 0.131730 -0.163418 
-0.069692 -0.195993 0.059121 0.338932 0.322646 -0.042028 0.028494 -0.002500 
0.130897 -0.014200 -0.304359 -0.253591 -0.058596 -0.315917 0.136593 -0.224870 
0.060548 -0.017536 -0.162605 -0.265112 -0.084050 0.098411 0.262483 -0.039457 
-0.016556 -0.098127 -0.106928 0.197370 0.134402 -0.197155 0.108019 0.230512 
0.038280 -0.271088 0.275949 -0.072089 0.047802 0.011337 0.206345 -0.001319 
0.009692 0.060142 0.142066 0.416035 0.257514 -0.057774 -0.164053 0.030320 
-0.184793 0.056451 0.108272 0.032991 0.218540 -0.123821 -0.191268 0.330718 
0.068954 0.147115 -0.023412 0.109473 0.062109 -0.180289 -0.017807 -0.120563 
-0.048536 0.205075 -0.228855 -0.007800 -0.241736 0.238053 -0.132567 0.205845 
0.217039 -0.267198 0.192325 -0.107536 -0.567150 0.095381 0.102489 0.111315 
0.323515 0.286915 0.268987 0.141032 -0.116806 -0.011490 -0.057046 -0.068624 
-0.132773 -0.275461 -0.196403 -0.137095 -0.082369 0.204508 -0.000996 0.217957 
0.125728 0.004191 -0.186458 0.164047 -0.143011 0.206234 0.180338 -0.263780 
0.014594 0.089481 0.163148 0.046948 0.046580 0.058915 -0.210483 -0.009447 
0.207778 0.257275 -0.162855 0.056426 -0.313097 0.108660 0.056227 -0.150433 
-0.133885 0.059465 -0.083086 0.346791 0.371687 -0.130718 0.016876 0.112815 
-0.058822 -0.041471 -0.084447 -0.040918 -0.350272 -0.024799 -0.262442 0.190642 
-0.163609 -0.026555 -0.018526 0.357525 -0.132421 -0.173146 -0.273773 -0.111978 
-0.283736 0.307380 0.213733 0.221033 -0.058404 -0.252132 -0.163589 -0.131633 -0.218946 -0.322695 -0.467262 -0.222713 -0.385027 0.090904 0.396854 0.443338 0.282485 -0.098851 0.317032 0.571598 0.364680 0.032620 0.462159 0.650240 -0.241259 -0.128381 0.484010 -0.279716 0.375452 -0.364553 0.337712 -0.412271 0.264501 0.032483 0.914510 0.294936 -0.127822 -0.436143 0.241239 
0.177570 -0.092292 0.260342 0.334382 -0.125606 -0.515068 0.200716 0.050154 -0.421651 -0.246849 -0.022350 -0.593749 -0.560843 0.147151 0.780607 -0.097809 0.110830 0.047467 0.326458 -0.342686 0.159793 -0.538532 0.385280 -0.233818 -0.072308 -0.280808 -0.579650 0.008955 -0.040244 0.285717 -0.091097 -0.525665 -0.422470 -0.059035 -0.133605 -0.281998 0.311436 -0.075883 -0.348249 
0.492424 0.269547 0.021807 0.384742 0.116531 -0.170756 0.238030 0.144712 -0.603274 0.521613 0.246181 -0.010355 0.516795 -0.089914 -0.290021 -0.024874 0.328594 -0.334844 -0.132577 0.223654 0.284731 0.427843 -0.103975 -0.265492 -0.469568 -0.212524 -0.140006 0.265105 0.334094 -0.197827 0.534866 0.077408 -0.011040 0.383551 0.176283 -0.348807 0.211670 0.351821 -0.215781 
0.344323 -0.104027 -0.564247 -0.244792 -0.259434 0.334965 -0.161844 0.062311 0.203102 -0.058399 0.433838 -0.568508 -0.565314 0.625705 0.217668 -0.287264 0.486945 0.144427 -0.269948 0.065575 -0.343508 0.603804 0.247662 -0.195739 0.291286 0.030355 0.115773 -0.353481 -0.610777 -0.257105 0.039103 0.370967 -0.289162 0.197096 -0.216238 0.135256 -0.369080 0.010825 0.040696 
0.702797 0.145880 -0.254366 0.558979 -0.313149 -0.322444 -0.040001 -0.281492 -0.756640 -0.233240 0.458876 0.344412 0.009928 0.006863 -0.037255 0.154706 -0.084787 0.276797 -0.274160 0.103146 -0.545261 -0.204432 -0.276619 -0.371867 0.202850 0.444421 -0.490917 0.081957 -0.012750 -0.086763 0.206351 -0.258963 -0.101607 0.003411 -0.206336 -0.547036 0.530403 0.389829 -0.071832 
-0.507609 0.058815 -0.092039 -0.675067 -0.380228 -0.460497 0.077041 0.165196 0.271304 -0.025661 0.357993 -0.393300 0.033843 -0.423610 -0.265456 -0.017474 0.246526 -0.394559 -0.007064 -0.000940 0.023775 0.068171 -0.483684 -0.007275 -0.470641 -0.398122 0.023208 -0.343609 -0.313720 -0.267044 0.022037 -0.093708 -0.032693 -0.215042 -0.244295 0.472696 0.172457 0.098526 0.062665 
-0.254927 -0.082989 -0.187385 0.187780 0.282212 0.127759 -0.427605 -0.322355 0.242487 -0.548210 0.324132 0.346898 -0.046123 0.116610 -0.503355 0.490471 0.133290 -0.040829 0.300733 0.380700 0.109169 0.101848 0.023509 0.374937 0.178454 0.177808 -0.009574 -0.166519 0.424982 -0.129890 -0.448624 -0.046739 0.090680 0.507175 -0.037294 0.418285 -0.015310 0.043330 0.085917 
0.305663 -0.163268 -0.052670 0.211682 0.171325 0.035876 0.241623 0.306142 0.338027 0.193846 0.199162 0.042215 -0.362248 -0.060291 0.142484 -0.190364 0.255308 -0.204439 0.436043 -0.262298 -0.461384 -0.273076 -0.265018 0.263459 -0.285977 0.305014 0.199920 0.339698 0.216240 0.349109 0.424591 0.060649 0.083091 0.192067 0.125685 -0.091028 0.002198 0.087284 0.142310 
0.050743 -0.193791 -0.058631 0.103523 -0.026533 0.064138 -0.610175 0.054905 -0.233206 -0.035491 -0.126201 0.010541 0.075005 -0.300609 -0.126453 -0.187250 0.019517 -0.108738 0.174629 0.078668 -0.116822 0.231443 -0.092364 0.070543 0.268738 0.182432 -0.017338 0.134076 -0.080947 -0.103183 0.198362 0.387733 0.040681 0.327629 -0.077003 0.061027 -0.098456 -0.026436 0.397068 0.078127 0.058276 -0.336074 0.493240 -0.050471 -0.131811 -0.014553 -0.307403 0.048256 -0.115386 0.185592 -0.055354 -0.118103 0.169021 -0.245918 0.526991 -0.125960 0.193867 -0.122120 -0.074557 -0.322827 0.070752 0.196819 0.396317 -0.105656 
0.062921 -0.042268 0.133904 -0.070067 0.188695 0.191911 0.091795 0.053371 0.203544 -0.031134 0.163675 -0.025232 -0.107163 -0.147311 -0.145368 -0.104662 0.150501 -0.116383 0.042831 0.038782 0.028838 -0.135889 0.102775 -0.125720 0.002822 -0.156264 -0.170873 -0.135326 -0.189050 -0.281215 0.086217 0.100802 -0.063063 -0.013215 0.125590 -0.094392 -0.020038 0.115881 -0.173402 0.011704 -0.085836 0.149581 -0.078449 0.028860 0.235346 0.020396 0.095670 0.144204 0.196229 0.023953 0.130402 -0.136490 0.050985 0.018322 -0.138349 -0.063162 0.098131 0.056024 -0.016621 0.094486 0.124773 0.026141 -0.045236 -0.072923 
0.164750 -0.117584 0.104854 -0.095261 0.195140 0.184883 0.114964 -0.240925 0.258986 -0.019888 -0.089739 0.101788 -0.131795 0.031585 0.195115 0.101493 0.048483 -0.063533 -0.148300 0.033591 0.142495 -0.036995 0.221767 0.019105 -0.115962 0.029529 -0.138871 0.085146 0.149575 0.061918 -0.049247 0.115085 -0.150864 -0.160709 -0.037046 -0.172047 -0.098309 -0.039850 -0.169797 -0.155796 -0.058883 0.108356 0.100304 -0.095520 0.057921 0.104903 -0.150678 -0.115862 -0.252750 0.029567 0.051956 -0.134117 -0.176725 0.136936 0.001815 0.061520 -0.083276 0.156916 -0.076440 -0.008632 -0.009908 0.095149 -0.223429 0.048614 
0.185148 -0.178411 0.153085 0.143646 -0.137677 0.300565 -0.210692 -0.060407 0.091076 0.126187 0.140330 0.253642 0.165533 -0.138019 0.129861 -0.257994 -0.148665 0.127113 -0.158635 0.367072 0.004845 0.017959 -0.029051 -0.129410 -0.011942 0.010425 -0.034963 -0.231616 -0.026409 -0.184128 0.232031 0.001293 -0.022441 0.034755 -0.216079 0.030063 0.047903 -0.161196 0.005766 0.217767 -0.145235 -0.215249 0.182527 -0.057363 0.055443 0.045437 -0.301291 -0.169981 -0.098547 -0.057311 0.305936 -0.052153 -0.009221 -0.206013 0.231563 0.078573 -0.220064 -0.094833 -0.056488 -0.036677 0.320105 0.282516 0.253675 0.149693 
-0.063023 -0.161855 0.177243 -0.076099 0.024324 -0.128118 0.009614 0.121058 -0.014787 -0.061183 -0.255879 0.034286 -0.121603 -0.025414 0.090799 -0.028669 0.033882 0.052186 -0.239919 0.198639 0.117410 0.074495 0.056985 -0.158574 -0.078099 0.008710 0.084179 -0.147818 -0.052447 0.013452 -0.215407 -0.083400 0.116100 0.139945 0.094797 -0.091760 -0.082725 -0.283655 -0.066187 0.019084 -0.008193 -0.069917 -0.073330 0.049224 0.141153 0.138319 -0.251142 0.044990 -0.036386 -0.197518 -0.046731 0.038476 0.112707 -0.148073 0.052210 -0.102246 -0.036279 -0.157213 -0.056863 0.118750 0.042778 -0.082073 -0.020183 -0.045860 
-0.125250 -0.131356 0.052219 -0.056747 0.010094 -0.236304 0.198028 0.414196 -0.048510 0.335710 0.067920 -0.170898 0.069746 -0.023353 0.155701 -0.023497 0.331649 -0.207506 0.203078 0.152096 -0.110933 -0.008545 -0.293176 0.115001 0.033156 0.040792 0.139216 -0.030743 0.180196 0.103742 -0.144582 -0.277369 -0.141773 -0.042707 -0.035822 0.035443 -0.158670 -0.056634 0.038230 0.153816 -0.101029 -0.192609 0.135561 0.343437 -0.399099 0.070812 -0.084968 0.161701 0.436825 -0.208347 0.011707 -0.100790 0.036625 0.078697 -0.220115 0.077559 -0.035079 -0.020863 -0.105015 -0.145827 0.146134 -0.121766 -0.013526 0.062047 
0.087368 0.077451 0.026063 0.141262 -0.130989 -0.068671 -0.170282 -0.133738 0.017071 0.003434 -0.115546 0.017992 -0.023738 0.047262 -0.096459 -0.065820 0.112133 -0.157936 -0.048215 -0.043315 -0.152072 0.026489 0.035420 -0.005312 -0.057246 -0.019846 -0.040694 0.142340 0.144366 -0.039783 0.246277 0.210882 0.196369 -0.003701 0.041844 -0.076729 0.044931 -0.139163 0.091312 0.090775 0.051899 0.131911 0.047085 0.062531 0.144129 0.103935 -0.136328 -0.030489 0.047177 0.151961 0.218309 0.131584 -0.152733 -0.011305 0.062732 0.060605 0.155240 0.184871 -0.015973 0.121559 0.135854 -0.041693 -0.050035 0.084918 
0.130116 0.054461 -0.194109 -0.041976 0.166262 0.036962 -0.132542 0.142621 0.063602 0.159909 0.013917 -0.163692 -0.082907 0.096366 0.002829 -0.041641 0.167951 -0.096118 -0.039107 0.019861 -0.115320 0.073102 -0.198241 0.214517 0.025619 -0.008111 0.017591 0.100049 0.008978 -0.176390 0.067301 0.009318 0.162341 0.027720 -0.009312 0.214319 -0.120799 0.193530 0.031241 0.076011 0.001371 -0.216492 0.114174 0.183840 -0.037368 0.005145 -0.104483 -0.145744 0.070723 0.135952 0.118033 -0.133184 -0.117665 0.062433 -0.108660 0.157000 -0.035084 0.153157 0.021226 0.154485 0.133456 0.083620 -0.148991 -0.050246 
-0.011517 0.199597 0.087552 0.023676 0.058196 -0.353693 0.187634 0.297782 -0.105617 0.032556 0.028658 -0.011987 0.069442 -0.095505 -0.109467 0.008520 0.306043 0.016927 -0.028573 -0.335390 -0.026233 0.082204 -0.363901 0.138856 -0.013669 -0.022926 0.239536 -0.008549 0.057276 0.255669 -0.292039 -0.364462 0.167860 0.063948 0.104642 -0.076161 -0.123905 -0.117198 -0.236110 -0.192489 0.074189 0.051381 -0.223916 0.076856 -0.143698 -0.079123 0.138266 0.045950 0.373753 -0.159674 -0.101081 0.046571 0.114436 0.031560 -0.280662 0.008462 -0.224468 0.112815 0.179925 0.091614 0.067832 -0.375999 -0.080299 -0.112420 
0.148322 -0.236967 0.102497 0.148347 0.043645 0.084198 -0.368358 -0.079157 0.072069 -0.189823 -0.160719 -0.088059 -0.118905 -0.124119 -0.005998 -0.153064 0.137414 -0.136231 -0.068784 0.055256 -0.180220 0.068498 -0.158701 0.001573 0.057166 0.196294 0.060687 -0.077267 0.130062 0.102049 0.184406 0.212585 -0.138477 0.078339 0.054502 0.017392 -0.094558 -0.038463 0.148163 0.196559 0.095058 -0.085076 -0.020283 -0.195735 0.135841 -0.186995 -0.258496 -0.058706 0.084226 0.098111 0.179735 0.029622 -0.126522 0.244334 0.242511 -0.192848 0.168338 0.081588 0.003855 0.124185 -0.130698 -0.167182 0.049733 -0.219270 
0.158134 -0.113744 0.166522 -0.029025 -0.011331 0.022838 -0.239268 0.102472 -0.301417 -0.197134 0.191936 0.157848 -0.058696 0.151455 -0.332817 -0.138312 -0.015989 0.229153 0.029669 0.046100 0.136945 0.068469 0.115087 0.063911 -0.149579 -0.022005 0.048040 -0.066042 -0.016757 -0.133996 0.064071 0.080585 -0.020103 -0.050560 -0.031620 -0.079017 -0.101167 0.205648 0.196620 -0.139107 0.159234 -0.045936 0.224771 -0.045617 -0.284028 0.127436 0.020237 -0.066780 0.202119 0.269170 -0.054969 0.037675 0.070616 -0.290173 0.018983 -0.151199 -0.137155 0.100267 0.163607 -0.260044 0.086550 -0.112228 0.094530 -0.137713 
0.182952 -0.388807 0.035801 0.033329 0.079465 0.187341 0.202301 0.113681 -0.113621 -0.020729 -0.217571 -0.130660 -0.020464 0.075193 0.097624 -0.199963 -0.142583 0.269815 -0.252096 0.346158 -0.066373 -0.082398 -0.005202 -0.020901 -0.113663 -0.087035 0.132391 -0.256633 -0.036367 -0.135578 -0.164823 -0.179565 -0.061347 0.001077 0.038032 -0.142311 0.090687 -0.287708 -0.167660 0.290952 -0.095492 -0.165907 -0.087715 0.179147 0.113797 0.097563 -0.334801 -0.019296 0.032684 -0.096715 -0.187629 0.182969 0.148463 0.004460 0.056109 -0.347111 -0.146584 -0.163052 -0.214173 -0.150026 -0.028788 -0.080474 0.037794 0.166629 
-0.123977 -0.453163 -0.148747 0.131248 0.149705 -0.073959 -0.027815 -0.131475 0.049842 -0.148250 -0.221703 -0.149668 -0.206111 0.039891 -0.102574 -0.306566 0.084526 -0.007482 0.115430 0.155622 0.188669 -0.111678 0.089518 0.046086 -0.011450 0.131373 0.066868 -0.246563 -0.174566 -0.237817 -0.207910 -0.067412 -0.166893 -0.188206 0.181351 -0.185621 -0.101429 -0.238961 -0.063527 0.335792 0.086823 0.027559 0.053801 0.116860 0.240879 -0.182767 0.013769 0.125562 0.013536 0.208512 -0.064972 -0.029941 -0.075563 0.288666 -0.131184 -0.312863 -0.021242 0.166775 -0.086853 0.102963 -0.254825 -0.151323 -0.168531 -0.095864 
-0.094796 0.257872 -0.035500 0.115792 -0.121051 0.162322 0.003004 0.207600 -0.109437 0.107985 0.168671 -0.064469 0.110304 -0.075426 0.162887 -0.019679 0.042495 -0.112088 0.217032 -0.120129 0.173056 0.194321 -0.096614 -0.040487 0.168576 -0.008225 -0.083698 0.240320 0.117869 -0.126362 -0.060719 -0.130597 -0.157911 0.134417 -0.199367 -0.085973 -0.038645 0.186913 -0.071103 0.093319 -0.150677 0.071243 0.168711 0.230785 -0.100310 0.047778 -0.027350 -0.147437 0.228479 -0.242254 -0.108698 0.083213 0.248360 -0.143076 0.047838 0.160584 0.130997 -0.007174 0.108422 -0.066469 -0.009464 -0.032383 0.146042 -0.028249 
0.064398 0.363174 0.068995 -0.155069 -0.003112 0.184320 -0.217731 0.138458 0.117615 0.384928 0.120036 -0.064052 0.217202 -0.059171 0.074022 0.168490 0.186203 -0.145375 0.074912 0.120383 0.070431 0.158842 0.057196 -0.013021 0.141310 0.027084 -0.264845 0.251229 0.211946 0.145267 -0.068596 0.046235 0.041329 0.188276 0.093073 -0.098055 0.046921 0.322184 0.158132 -0.292143 0.098079 -0.032390 0.024595 0.005703 -0.035564 0.192219 0.222661 -0.111865 -0.056382 -0.100425 -0.015221 0.142647 -0.172690 -0.217648 0.048529 0.330444 0.293091 -0.038720 -0.086692 0.091556 0.053073 0.089536 -0.151262 0.050278 
-0.158193 0.178258 0.124906 0.055746 0.136803 0.059674 0.268502 -0.038929 -0.069051 -0.167051 0.179905 0.090034 -0.152967 0.206358 -0.064141 -0.127460 -0.212567 0.074205 -0.075331 -0.041480 0.069284 -0.007999 0.128109 -0.022663 -0.179698 -0.113681 -0.059924 -0.184207 -0.001767 -0.218383 -0.193634 -0.066067 -0.093271 0.076308 -0.150002 -0.199526 0.061575 -0.272521 -0.013797 0.210397 -0.023069 0.059332 -0.025034 0.038309 0.095452 0.098258 0.095708 0.103805 -0.093062 -0.129193 0.195677 -0.107472 0.138410 0.125642 -0.066821 0.064540 -0.159560 0.124653 -0.147588 0.055745 -0.060273 -0.010897 -0.071652 0.147087 
-0.164990 0.150334 0.139211 0.215350 0.039036 -0.073182 -0.100334 0.155584 -0.078200 -0.177419 0.003795 0.111078 -0.079660 -0.077395 -0.153808 0.117579 0.070883 -0.041856 0.095443 -0.224475 -0.053354 0.018827 -0.182155 0.082411 -0.039679 -0.007448 -0.011544 -0.003598 0.151279 -0.069907 0.024509 -0.040821 0.058520 -0.021994 -0.130497 -0.202150 0.146747 0.278273 -0.158458 -0.205111 -0.051366 -0.078618 -0.108238 0.043950 0.056294 -0.042273 0.054428 -0.103026 -0.057899 -0.112025 0.101691 -0.020535 0.111055 0.031394 0.174920 -0.073885 0.043856 -0.116065 0.089361 -0.096203 -0.005628 -0.065450 0.062244 -0.164773 
0.024033 0.076228 -0.062167 -0.069083 0.053393 0.057772 0.192376 0.211781 0.106533 0.262592 0.073557 0.033874 -0.001586 0.074762 0.192260 0.010605 -0.182794 -0.052954 0.172352 0.168411 0.182865 0.107740 0.182983 -0.104350 0.124555 0.128346 -0.009772 0.060763 -0.071826 -0.044238 -0.038991 0.047576 -0.152269 0.095225 -0.061602 0.125950 -0.142774 -0.087377 0.081015 0.184499 -0.181751 -0.032518 -0.005119 0.034727 -0.092047 -0.096835 0.119042 -0.044418 0.008694 0.028745 -0.157642 -0.046947 0.035212 -0.118244 0.123557 -0.017902 0.111322 -0.039868 0.078367 -0.086882 0.181328 -0.055187 0.139168 0.179799 
0.162612 0.141307 0.134143 -0.223658 0.049709 -0.065066 0.273193 0.024591 0.164418 0.082590 -0.109736 -0.123723 0.084455 0.245076 0.086204 -0.056299 0.103776 0.021672 -0.012187 -0.154904 0.151504 -0.089966 -0.062444 0.136875 0.104804 -0.211694 0.238182 0.104373 0.027510 0.110903 0.108134 -0.153580 -0.031190 0.010981 -0.163398 0.065960 0.300883 -0.026267 -0.118241 -0.072775 0.083290 -0.101124 0.081180 0.025806 -0.025063 0.067452 0.029629 -0.124368 -0.044989 -0.159320 0.045171 -0.104189 -0.049591 -0.273374 -0.271843 0.111993 -0.045476 0.193479 -0.232206 0.142911 0.271371 0.177962 -0.224430 -0.140884 
-0.169399 0.045838 0.247998 -0.047403 0.067467 -0.080713 -0.147454 -0.124500 0.071480 -0.321347 0.019746 -0.043804 0.110229 -0.174530 -0.049272 0.184926 -0.197537 0.203033 -0.119449 0.057918 0.057297 -0.165709 -0.129978 -0.107344 -0.123332 -0.077157 -0.101816 -0.301551 -0.025100 -0.144924 -0.148763 -0.040105 -0.021564 -0.043307 0.128494 -0.318447 0.034011 -0.202279 -0.074002 -0.010766 -0.112788 -0.134616 0.047911 -0.215214 0.075380 -0.174935 0.192836 0.081504 0.065540 -0.230401 0.017730 0.191447 -0.071596 0.083592 -0.133577 -0.157279 0.173496 -0.115183 -0.110753 -0.169513 -0.007811 0.067710 0.135381 0.227328 
0.010322 0.094005 -0.250376 0.006436 0.186648 -0.039738 0.201368 -0.238044 0.181867 0.033387 -0.146284 0.142628 -0.010718 -0.143090 0.142788 -0.078911 -0.108066 0.108392 -0.045523 -0.080348 0.067469 -0.167468 0.059564 -0.022567 0.013478 0.094426 -0.005459 -0.176283 -0.010534 -0.219973 -0.181335 -0.182114 -0.027805 -0.176136 0.188212 -0.091459 0.005024 0.041932 -0.082085 -0.104828 0.191346 0.077500 -0.315475 -0.035895 0.168122 0.064759 0.170348 0.145500 -0.004214 0.171525 -0.031137 -0.125756 -0.127420 0.261498 -0.119162 0.230426 0.203068 -0.052722 -0.188426 -0.002774 -0.020612 -0.058293 -0.122297 -0.110826 
-0.177337 -0.157689 0.024374 0.245209 0.127562 -0.151170 -0.114456 0.191608 0.160942 -0.165095 0.130501 -0.013403 0.047875 -0.036767 -0.058880 0.033908 0.211737 -0.022692 0.133157 -0.184779 -0.026140 -0.063569 -0.272290 -0.022225 0.045072 -0.064976 0.011840 -0.124471 -0.066881 -0.225205 -0.182453 -0.048828 -0.113330 0.125189 0.033151 0.063746 -0.260981 0.172109 -0.039602 0.280988 0.180160 -0.009605 -0.081106 0.156177 -0.156479 -0.227329 0.004555 0.134648 0.322164 -0.166886 0.130211 -0.080323 -0.071159 0.195618 -0.044471 -0.237270 0.234043 -0.112894 -0.049826 -0.096448 -0.072623 -0.121263 0.095592 -0.046789 
-0.149295 0.194194 0.029232 -0.086574 0.203223 -0.035229 0.009388 0.186883 0.080483 0.298568 0.122421 0.107827 0.255191 -0.322908 0.198071 0.147457 -0.172849 -0.053151 0.268869 0.087531 -0.082409 0.023774 0.108128 -0.200236 0.167911 -0.154866 -0.082983 -0.032938 0.142157 -0.197555 0.105826 -0.280270 -0.129665 0.066311 -0.044263 -0.122907 0.054084 0.223626 -0.146055 -0.142008 0.028388 0.071391 -0.202322 0.148177 0.083315 0.079245 0.055691 0.161751 -0.138920 -0.177289 0.045956 -0.079223 -0.112343 -0.037142 -0.094740 0.264038 0.187976 0.003570 -0.225477 -0.046099 0.312440 0.270264 -0.016235 0.019954 
-0.063057 0.280343 0.127279 -0.184797 0.174549 0.029203 0.075546 0.047079 0.089612 -0.135186 -0.121698 -0.032693 -0.212003 0.186788 0.067555 -0.132308 -0.101330 -0.091237 -0.137747 -0.176629 0.050720 -0.013056 -0.286355 0.046665 -0.079612 -0.223089 0.295232 -0.168225 0.170069 -0.105372 -0.007279 -0.190952 -0.008564 -0.070333 -0.122518 -0.212101 0.007830 -0.031926 -0.105745 -0.154087 -0.117205 -0.174196 -0.002719 -0.065784 0.138606 -0.022339 -0.093735 0.205393 0.132706 -0.097138 -0.149666 0.166339 -0.106609 -0.157798 -0.206786 0.086599 -0.131048 -0.055246 -0.235771 -0.105106 0.082882 0.055644 -0.046288 -0.088580 
-0.039001 0.066052 -0.162746 -0.032290 -0.051731 0.233931 0.240987 0.189971 -0.220134 0.297160 0.212049 0.061916 -0.130307 -0.203901 0.193241 0.122348 0.081907 0.077506 0.154814 0.221380 0.133810 0.218977 0.065622 0.104290 -0.041390 0.125564 0.119640 0.357062 -0.021333 -0.089453 -0.215517 -0.026266 -0.175935 -0.048061 -0.106414 0.127889 -0.132008 -0.112661 -0.079712 0.025236 0.037341 0.148313 -0.106882 0.219145 -0.336291 0.116911 0.045829 0.040442 0.107570 -0.134239 -0.115117 -0.064599 -0.051263 -0.223780 -0.034323 -0.103230 0.020287 -0.114604 0.005226 -0.170808 0.131149 -0.058126 0.118409 0.114228 
0.109604 -0.206098 0.039625 0.010543 -0.176791 0.021652 -0.051226 0.207443 -0.175292 -0.090075 0.021865 -0.034691 -0.135259 -0.053066 -0.159972 0.034923 -0.071885 0.126319 -0.186925 0.178122 0.026867 0.039372 -0.166843 -0.102710 0.127744 -0.030480 -0.015823 0.034124 0.053643 -0.126501 -0.095360 -0.120959 -0.048531 0.063153 -0.293293 -0.022812 0.224994 -0.240080 -0.044744 0.029090 -0.078168 0.085698 0.204950 0.075539 -0.159436 0.121243 -0.236316 0.089338 0.043079 -0.138406 -0.096245 -0.067764 0.182781 -0.134406 0.076766 -0.044314 -0.067192 0.030236 -0.096985 -0.093647 0.155384 0.001928 0.177156 -0.069724 
-0.211614 0.193344 -0.001144 -0.159958 0.259265 -0.023426 -0.002345 0.056702 0.056617 -0.127994 -0.297792 0.009920 -0.111881 -0.142879 -0.009947 0.147254 0.139015 0.039933 0.135577 -0.146951 -0.180644 -0.033286 -0.288009 -0.038985 -0.081131 -0.072682 0.077730 -0.164284 0.158901 -0.071323 -0.188957 -0.249009 0.137839 0.152756 -0.115354 0.013636 -0.065838 0.023243 -0.222651 -0.109963 -0.206012 -0.103619 -0.186221 -0.072966 -0.029371 0.010871 -0.096855 -0.092067 0.129230 -0.283340 -0.080964 0.202502 -0.076787 0.088524 -0.205116 0.113314 0.216232 0.046667 0.110557 0.039590 0.055246 -0.277062 0.011471 0.007246 
0.247669 -0.156335 -0.000165 -0.007021 -0.071224 0.067410 -0.002361 -0.011783 0.094377 0.154217 -0.021420 -0.137459 0.004087 0.111512 -0.148485 -0.236935 0.108478 -0.023929 0.082715 0.089750 0.217597 -0.175735 0.170867 0.094342 0.041957 0.093673 -0.123439 -0.098831 0.105718 0.031860 0.195771 0.169748 -0.047265 -0.050300 -0.150084 0.084970 0.127926 -0.317397 -0.026373 0.046129 0.119944 -0.271404 0.097220 0.015192 0.179020 0.038204 -0.229854 0.069327 -0.091676 0.013919 -0.092256 -0.117178 -0.000069 0.132988 0.281570 -0.156582 0.042760 -0.137312 -0.080085 0.051914 0.161784 -0.030878 0.035987 -0.143837 
0.075691 -0.015938 -0.007314 -0.113716 0.142086 -0.067160 0.076604 -0.066218 0.053636 -0.274867 -0.283975 -0.123114 0.120409 0.095347 0.117572 -0.206277 -0.316692 0.194049 -0.181110 0.126992 0.139389 -0.212655 0.038943 0.021911 -0.111090 -0.189155 -0.012269 -0.322994 0.061437 -0.009230 -0.035185 -0.156134 -0.055758 -0.010132 -0.087813 -0.289348 0.240247 -0.419382 0.008336 -0.058872 -0.136257 0.066828 -0.081987 -0.168913 0.181947 -0.135240 -0.270847 0.069170 -0.273466 -0.029821 -0.055116 0.183900 0.115325 0.139350 0.009679 -0.068962 -0.237422 0.111935 -0.156348 0.088508 0.076952 0.177548 0.129446 -0.128377 
0.161238 -0.156335 -0.062020 -0.104095 -0.115551 -0.089135 0.110347 0.046689 0.157051 0.300644 0.065480 -0.051303 -0.167741 0.211091 0.206153 -0.181107 0.028441 -0.192317 0.113821 0.053161 0.180906 0.014874 0.097359 0.126353 -0.050050 -0.103631 0.016516 0.247088 -0.096917 -0.022196 -0.088808 0.106807 0.095044 -0.091598 -0.197080 0.273240 0.049423 -0.016699 0.043982 -0.076952 -0.000327 -0.156074 0.107458 0.064244 -0.216424 0.098155 -0.105837 -0.000238 0.068340 0.014920 0.131340 -0.025319 0.138831 -0.059120 0.011172 -0.015741 0.041346 0.153440 -0.090012 -0.086881 0.018254 -0.064446 -0.186165 -0.172421 
-0.034600 -0.256034 -0.056552 0.199840 0.132828 0.058182 -0.362390 -0.035797 0.148365 -0.063583 -0.050310 0.124640 -0.003741 -0.162567 -0.237661 -0.060243 0.112161 -0.123342 0.043592 0.051144 0.172449 -0.134719 0.040526 0.235991 -0.112804 -0.103925 -0.160917 -0.073420 0.014708 -0.158383 0.194983 0.001802 -0.103019 0.149703 0.092316 -0.289089 -0.059691 -0.103701 -0.020120 -0.111836 -0.151577 -0.227274 0.144122 0.038347 0.103591 -0.229049 -0.297448 -0.139432 0.127842 0.163436 0.240509 -0.010681 -0.130427 0.092305 0.111779 -0.021021 0.221511 0.071821 -0.200848 -0.015124 0.135969 0.168629 0.033340 -0.253498 
0.014581 -0.079894 -0.074603 -0.159548 0.020848 0.031927 -0.169727 0.184766 0.025314 0.183431 -0.073065 -0.176166 -0.103881 -0.136751 -0.160982 0.135630 0.063869 0.035229 -0.049030 0.048527 -0.109485 0.110764 -0.154635 0.014403 0.003000 0.030766 0.087231 -0.037839 -0.027681 0.030909 -0.147840 0.139116 0.162245 0.085307 0.146661 -0.008644 -0.223244 -0.096071 -0.071651 0.210814 -0.162266 0.034381 0.164383 -0.062420 -0.194359 -0.156653 -0.152617 -0.017016 0.260698 -0.132423 -0.205633 -0.021905 0.058341 -0.039126 0.154232 -0.177261 0.090473 0.045505 0.038286 0.076023 -0.147494 -0.124011 0.140121 0.081167 
-0.303978 0.014608 0.096835 0.175115 0.335992 -0.170693 0.030170 0.272433 
-0.011432 0.286787 -0.420239 -0.488922 -0.527694 -0.316771 0.185401 0.428311 
-0.143532 0.181052 -0.247160 -0.130904 -0.225104 -0.242689 0.015063 -0.182596 
0.148490 0.065520 0.061199 0.440232 0.056390 0.307768 0.095184 -0.071182 
0.301412 0.061429 -0.173761 -0.030286 0.267211 0.072948 -0.128473 0.061779 
-0.007724 0.106222 0.311749 0.063752 -0.156247 -0.055887 0.055841 0.368349 
0.066962 0.259039 -0.252478 -0.925497 0.343645 0.052063 0.249449 0.492611 
-0.286878 0.299020 0.427448 0.292827 0.172401 -0.040660 -0.289355 -0.563400 
0.395338 -0.015239 -0.110416 0.047638 0.320834 -0.127351 0.162744 0.065382 
-0.203165 -0.321436 0.862593 0.069061 0.196602 -0.234161 0.116704 0.132184 
-0.265813 0.121261 0.382444 0.524715 -0.131303 0.337160 0.149881 0.312381 
0.035371 0.111545 -0.068016 0.084906 -0.195851 0.086956 0.262958 0.059147 
-0.002781 0.079294 0.119795 0.007818 -0.248483 -0.197181 0.189947 -0.164485 
-0.250519 -0.027766 -0.262273 -0.065483 0.273270 0.222854 0.063703 0.289776 
0.028153 0.055045 0.349137 -0.394961 0.042944 -0.203424 0.249984 0.000653 
0.192889 -0.238094 -0.161284 -0.271103 -0.576946 -0.206251 0.015690 -0.142603 
0.021203 -0.264630 0.015062 0.495743 0.361879 0.091804 -0.189753 -0.320778 
-0.133552 0.182890 -0.202404 -0.457378 -0.177111 0.164460 0.028460 -0.080718 
0.145092 -0.143900 0.361180 0.281461 -0.279035 0.074187 0.011405 -0.102355 
-0.160714 0.271852 0.705428 0.042546 0.269730 -0.051647 0.097822 0.121151 
-0.080506 0.223218 0.014772 0.042701 0.280837 0.090028 0.158291 0.118878 
-0.222500 -0.150879 0.278954 0.126123 -0.145203 -0.008045 -0.093148 -0.073198 
-0.166640 -0.265781 0.382040 -0.230918 -0.151556 0.076248 0.296100 0.565926 
-0.106152 -0.135532 -0.136649 0.175349 0.213043 -0.046773 -0.176021 -0.004979 
-0.006886 -0.089641 0.254967 0.030423 -0.179001 -0.140352 0.073747 -0.152980 
0.074703 -0.236009 0.254951 0.074866 -0.038987 0.083669 -0.026290 -0.058939 
-0.221095 0.114856 -0.118255 -0.173706 0.211470 0.128336 -0.179958 -0.242300 
-0.265432 -0.567452 0.454208 0.195056 -0.092791 -0.130147 0.070205 0.215921 
0.006424 -0.021354 -0.057828 -0.111365 -0.204124 -0.313082 -0.018086 -0.199304 
-0.341467 -0.351668 -0.133119 -0.465756 -0.120813 -0.241126 -0.027703 -0.220673 
-0.138481 0.044530 -0.029376 0.574497 -0.107499 -0.018573 0.122386 0.305027 
-0.066093 -0.425257 0.176068 0.558354 -0.070750 0.017195 0.095249 0.183678 
-0.175986 -0.233442 -0.217701 -0.078482 -0.166328 -0.195840 -0.070941 -0.090661 
0.008167 0.086483 0.126064 0.205051 -0.141943 -0.231647 -0.129733 -0.096112 
0.327625 -0.321807 -0.045629 -0.141487 0.001855 0.110128 0.079098 -0.228526 
-0.254661 -0.414502 0.180990 -0.023569 0.126541 0.129780 -0.077003 0.095391 
-0.254373 0.294927 -0.211666 -0.023075 0.045213 -0.116518 0.193791 0.126443 
-0.045173 -0.351759 -0.192382 0.682515 -0.710811 0.015126 0.198855 0.380810 
-0.094674 -0.170420 0.219477 0.291332 -0.222037 -0.010790 0.183056 -0.089266 
0.095339 0.181652 0.403609 0.233775 0.264294 0.359588 -0.109153 0.099340 
-0.014496 -0.220548 -0.065201 0.030817 0.065358 0.019194 0.242226 -0.172726 
0.096916 -0.211778 -0.020944 -0.319145 -0.146483 0.219283 0.245251 0.200967 
-0.333242 -0.106618 0.330732 0.360589 -0.103447 -0.114080 -0.202103 -0.323647 
-0.153951 0.175549 0.387471 0.430122 0.373946 0.112145 -0.107856 0.016699 
0.466194 0.095425 -0.483004 -0.333261 -0.153997 -0.233705 0.290848 0.376661 
-0.273063 0.034143 0.124011 -0.195096 -0.065921 -0.103618 0.281073 -0.064595 
0.047718 -0.083189 -0.279388 -0.284666 -0.510050 0.314761 0.401865 0.256402 
0.097924 0.079930 0.042595 -0.146396 0.101152 0.105743 -0.094935 -0.019388 
0.071168 0.165173 -0.097216 0.492492 0.250225 0.100833 -0.212564 -0.671542 
0.021923 -0.403263 -0.095391 0.411924 0.137134 0.192961 0.223690 0.223686 
0.123812 0.149055 -0.187416 0.459714 0.127472 -0.012364 0.141026 0.140310 
-0.084693 -0.061494 -0.141855 -0.367028 -0.216177 -0.149005 -0.056194 -0.227012 
-0.285395 0.241172 0.110993 -0.047896 0.005739 0.185726 -0.154688 -0.065422 
0.494673 -0.204203 -0.132854 -0.298506 0.129920 0.019395 -0.189873 -0.091517 
-0.245310 -0.195265 0.533002 0.667891 -0.058542 -0.183964 0.098487 -0.186023 
0.233320 -0.068223 -0.081330 -0.231372 -0.314877 -0.537112 0.261723 0.092140 
0.421986 -0.116100 0.263121 0.426873 -0.149292 -0.072880 -0.103902 0.074884 
-0.029568 -0.149986 -0.169259 0.028827 0.145711 -0.035213 -0.030186 0.138417 
-0.054056 -0.378826 -0.000328 -0.009329 -0.248525 0.157948 -0.022182 -0.122697 
0.104701 -0.211157 -0.174006 -0.115485 0.154477 -0.211681 0.008976 0.102720 
-0.144855 0.407849 0.164085 0.222164 0.076939 -0.291541 0.095288 0.066431 
-0.050029 0.282439 0.006187 0.131283 -0.221201 -0.032361 0.283716 0.352983 
-0.156737 0.195073 0.286881 0.297415 -0.371850 0.027105 -0.178617 -0.065728 
-0.004256 0.072809 0.257409 -0.246475 -0.141574 0.169310 0.072357 0.115812 









0.000000 
0.000000 
0.000000 
0.000000 
0.000000 
0.000000 
0.000000 
0.000000 
0.146596 
0.108588 
-0.180486 
0.330512 
0.309243 
0.333992 
0.226161 
0.430088 
0.062523 
-0.694608 
0.303644 
0.271028 
-0.024506 
0.373550 
0.037561 
0.311923 
-0.061860 
0.456600 
0.618101 
0.340094 
0.199156 
-0.318090 
0.179781 
-0.165162 
0.090374 
-0.156064 
0.150130 
0.221444 
0.002828 
0.290954 
-0.152969 
-0.390635 
0.169215 
-0.031755 
0.128839 
-0.012285 
-0.147809 
-0.219759 
0.175567 
0.405614 
0.306145 
-0.184267 
0.463966 
-0.232615 
-0.288673 
-0.020671 
0.355050 
-0.037133 
0.169354 
0.255551 
-0.236160 
0.125444 
0.541941 
0.352936 
-0.255204 
-0.006784 
0.410707 
-0.503307 
0.172188 
-0.044092 
0.232123 
0.478537 
0.044798 
0.328399 
0.109195 
0.227910 
0.044936 
0.306108 
0.096123 
-0.108949 
0.027882 
-0.167302 
0.433328 
-0.328917 
-0.208292 
0.136348 
0.017960 
-0.207971 
-0.161977 
0.058593 
0.256188 
-0.080009 
-0.195763 
-0.066056 
-0.221107 
-0.153026 
0.429343 
0.080930 
-0.048856 
0.141265 
0.449256 
-0.239741 
0.545159 
-0.062789 
0.239324 
0.182375 
-0.002213 
-0.199228 
-0.430241 
0.460754 
-0.712735 
0.386963 
0.132806 
-0.034129 
-0.972107 
0.487048 
-0.133847 
0.136736 
-0.407333 
0.415283 
-0.084077 
0.406873 
0.209101 
-0.269967 
0.174429 
-0.202970 
-0.201656 
0.243428 
0.277140 
-0.001942 
-0.115772 
0.321313 
0.320856 
-0.450646 
0.086068 
0.436439 
0.377229 
-0.008052 
0.384546 
-0.034779 
-0.404930 
-0.056525 
-0.423524 
0.337567 
0.052353 
-0.039983 
0.197487 
0.137856 
-0.317593 
0.225162 
0.138474 
-0.024813 
0.244356 
0.206888 
-0.006067 
0.073019 
0.430027 
0.142138 
-0.082819 
0.240452 
-0.097801 
-0.306452 
0.225572 
-0.358700 
-0.038101 
0.061341 
0.286112 
0.104031 
-0.200476 
0.041872 
-0.166608 
-0.053487 
0.033926 
0.152462 
-0.269127 
-0.484067 
0.284533 
0.065062 
-0.232304 
0.107358 
-0.258584 
-0.090707 
0.176781 
0.422046 
-0.014499 
0.026786 
-0.115287 
-0.161362 
-0.365394 
0.398790 
-0.309637 
-0.168092 
0.060943 
0.025983 
0.263335 
0.278276 
0.372202 
-0.423908 
0.082903 
-0.298918 
-0.189353 
-0.186165 
0.231665 
-0.049158 
-0.086990 
-0.197450 
0.286362 
0.082927 
0.030959 
0.049496 
-0.042717 
0.283593 
0.181352 
1.142379 
0.655572 
0.467459 
0.071764 
0.451397 
2.363000 0.121341 0.069869 
