-0.284814 0.175857 0.206026 0.202728 -0.176311 -0.138060 -0.083308 0.202388 0.062013 0.116916 -0.213752 0.125283 -0.127912 0.101437 0.319106 0.347032 0.105773 -0.245908 0.016795 0.086131 -0.264296 0.055423 -0.121035 0.054654 -0.248892 0.047777 0.250502 0.128466 0.268199 0.040976 0.107900 0.197224 -0.110684 0.025631 0.010082 0.117694 0.296889 -0.320444 -0.013202 0.037440 0.086212 0.194103 -0.244625 0.139797 -0.045931 -0.281248 0.348327 -0.248810 -0.072631 -0.121153 0.153151 -0.027895 0.293841 -0.325841 0.231934 -0.335638 0.089118 0.187465 0.165442 -0.064061 -0.027197 0.009272 -0.163460 0.085883 
0.305798 0.193847 -0.010662 0.178210 0.117752 0.150532 -0.051429 0.021473 -0.024105 0.030267 0.003427 0.222804 -0.018055 -0.105604 -0.317491 0.122995 0.141972 0.065407 -0.280563 0.127834 0.175214 -0.228426 0.182981 -0.058965 0.289986 0.021141 0.100712 -0.042357 -0.306573 0.341446 -0.146500 -0.339963 0.227519 0.002763 0.193907 0.035119 -0.090928 -0.208452 -0.270161 0.252405 0.086087 0.179852 0.200071 -0.293586 -0.164672 0.238484 0.321053 0.256903 0.042018 -0.248949 -0.006415 -0.050647 -0.386720 -0.132184 0.083214 0.365004 0.224070 -0.143836 -0.098742 0.137558 -0.074183 -0.039220 0.222837 -0.116124 
-0.292337 0.201339 0.223774 -0.058199 -0.268361 -0.271789 -0.084538 0.155888 0.107347 -0.141442 0.262976 0.117735 -0.160861 0.207761 -0.003716 0.159730 0.187127 -0.220049 -0.213202 0.116773 -0.051335 0.294542 0.206419 -0.230085 -0.208021 -0.283713 -0.300728 0.108060 0.073718 0.244826 0.362195 0.158697 0.118589 0.199863 -0.131137 0.118686 0.156383 0.039102 -0.126319 -0.107522 0.232799 -0.193243 -0.159965 -0.187436 0.226826 0.201508 0.174439 0.011984 0.161000 0.278440 -0.099904 -0.206070 0.301596 -0.131620 -0.033815 -0.175664 -0.149478 0.047705 0.333430 0.289911 -0.077726 0.164753 0.016654 -0.202459 
0.078333 0.155845 0.107406 -0.072586 -0.033114 -0.206774 0.149284 -0.186213 -0.074555 -0.314339 -0.197801 -0.181945 0.171485 -0.222585 0.197741 0.059193 -0.220659 -0.140328 0.242741 0.287343 -0.108334 -0.129358 -0.287500 0.100180 0.205788 0.194311 0.078529 -0.187865 0.123709 -0.219280 -0.106145 -0.150937 0.160881 -0.225086 0.215669 -0.167228 -0.228747 -0.027182 -0.054945 -0.045972 -0.074848 0.028786 0.139463 -0.087137 -0.012604 0.024234 0.100374 -0.049285 0.048452 0.004291 0.139665 0.273556 -0.081812 0.126918 0.061503 0.238530 0.037957 -0.114408 -0.058611 -0.097386 -0.087534 0.024718 -0.106522 -0.065039 
0.144115 -0.277317 0.018496 0.129391 -0.021325 0.037615 -0.209906 0.221835 -0.075557 0.025874 -0.264591 0.189026 -0.136959 0.218879 0.050580 0.152655 -0.052599 -0.180232 0.079576 0.143262 -0.336656 0.074684 0.018704 0.043038 0.114995 -0.029366 0.084716 -0.222546 -0.087437 -0.085105 -0.077179 -0.004526 -0.191845 0.196303 0.097601 0.120561 -0.072285 0.132402 0.050833 0.090040 -0.010143 -0.034868 0.286040 0.004997 -0.011792 -0.085545 0.104305 0.014759 0.278001 -0.159492 0.023857 -0.260937 0.127311 0.287814 0.004837 -0.106671 0.181174 -0.128827 -0.000245 0.176937 0.122696 -0.059450 -0.060362 -0.227659 
0.060446 -0.204577 0.147135 -0.206329 0.274503 -0.256931 -0.126386 -0.028754 0.229699 -0.311203 -0.159355 -0.196551 0.235956 0.060862 -0.135411 0.117375 0.182307 0.212636 0.071783 0.060499 0.218765 -0.041766 0.190403 -0.069099 0.160189 -0.291885 -0.267158 0.257967 0.303778 0.219413 0.016526 -0.129731 0.244263 -0.231003 0.122454 0.240836 -0.039535 0.158512 0.011665 -0.187653 0.219823 0.048018 0.003032 0.109108 -0.165502 0.131885 0.018004 -0.371107 0.039438 -0.156663 0.046492 0.036302 0.030377 -0.146628 0.154285 -0.059628 0.069425 0.272697 0.332163 -0.173735 0.170460 -0.053144 0.135210 0.319674 
0.209323 0.015743 0.144799 -0.109761 -0.122363 -0.307090 0.004075 -0.114705 0.084819 0.007191 0.263273 0.246790 -0.149631 -0.114624 0.289637 0.337666 0.046973 0.017050 0.038925 -0.272048 -0.336280 -0.154230 -0.009809 0.033767 -0.159547 0.027470 -0.272105 0.095197 0.254712 0.285797 0.056236 0.195010 -0.062656 -0.105277 -0.292626 0.147189 -0.093187 0.176506 0.142963 0.355257 -0.183604 0.126211 0.323688 0.077218 -0.291392 0.285758 0.011087 0.048624 -0.044301 0.150653 0.136260 -0.092126 -0.242719 -0.048675 -0.304040 -0.187339 0.145686 -0.190710 -0.229512 0.302831 -0.284244 0.253650 0.038865 -0.094488 
-0.246227 0.113362 -0.209931 -0.055248 -0.067944 0.266577 -0.145434 0.122351 0.112823 -0.102840 -0.291128 0.078752 -0.284567 -0.062845 -0.218202 -0.055158 -0.133909 0.268984 0.299960 -0.061084 -0.174882 -0.169636 0.080171 0.214220 -0.128276 0.219830 0.081936 -0.236586 0.049031 -0.182633 0.164343 0.198806 0.172643 0.281118 -0.126609 -0.295192 0.269749 0.116151 -0.011935 0.020248 0.369982 0.014827 -0.042970 -0.252975 -0.176883 0.105972 0.041547 -0.070743 -0.005069 -0.154599 0.220677 0.164170 0.002481 0.094981 0.060958 0.156444 -0.067885 -0.043255 0.331457 -0.131842 0.039116 0.195379 0.338521 -0.143874 
0.074263 -0.083831 -0.013695 0.030358 0.133064 0.098066 -0.049938 0.125003 -0.016569 0.023028 0.142259 0.069779 -0.076227 -0.046639 -0.065651 0.024986 0.123484 0.135331 0.035736 -0.009698 0.014553 -0.056858 -0.086439 0.136475 0.072884 -0.117791 -0.033537 -0.085441 0.071582 -0.071482 -0.034683 -0.005648 
-0.129956 0.092921 -0.035082 -0.007448 0.094916 0.059744 0.029415 0.039399 -0.032881 0.009664 -0.106344 -0.125268 0.087589 -0.053380 -0.106608 0.076392 -0.082194 0.019152 -0.152995 0.142099 0.103815 -0.034087 0.098175 -0.029161 -0.088730 0.070533 0.029279 -0.013921 0.000171 -0.068613 0.179715 -0.025158 
0.025166 -0.077423 -0.011432 -0.051457 -0.007587 -0.094967 0.051148 0.021404 -0.041714 -0.142642 -0.131957 -0.068736 -0.056250 -0.032888 0.057107 0.071740 0.119121 0.104381 0.017424 0.010401 -0.079006 -0.074109 -0.060293 0.024490 -0.067374 -0.020644 0.017745 -0.102725 0.093661 0.000330 0.023916 -0.064390 
-0.006171 -0.075754 0.042998 -0.121915 -0.017419 -0.062385 0.071511 0.081066 -0.027269 0.102578 0.165667 0.132429 -0.086235 0.039291 0.031770 -0.149464 0.078916 -0.089332 0.062942 0.132069 -0.023842 -0.052463 0.004913 0.017052 0.022228 -0.085049 0.135681 -0.102020 -0.059321 -0.011833 -0.052955 0.064077 
0.129135 0.082918 0.079569 -0.085892 -0.021543 -0.001825 -0.144821 -0.120153 -0.029923 -0.123159 0.143320 0.118809 0.032768 -0.036323 0.088059 -0.033988 0.025558 0.035191 0.082875 0.043868 0.077738 -0.104262 0.013865 -0.039378 -0.048803 -0.063237 0.040918 -0.069893 -0.019693 0.135801 -0.074727 0.004221 
0.077972 -0.076621 0.149403 -0.016685 0.116978 0.077408 -0.029686 0.043440 0.098812 -0.018360 0.026425 0.098611 0.083877 -0.136151 0.028913 -0.095956 0.012514 -0.084439 -0.123227 0.011078 -0.059315 0.041309 0.055250 -0.067464 0.120287 -0.098076 0.116900 0.046898 0.011584 -0.080352 -0.065256 0.059136 
-0.021973 -0.133703 -0.042718 0.038383 -0.166863 -0.068022 -0.142067 -0.099340 0.111841 -0.052783 0.040800 -0.075111 -0.023872 -0.039894 0.063259 -0.093308 -0.087042 0.055449 -0.078940 -0.022836 0.033531 -0.072601 0.088686 -0.060483 -0.070096 0.089450 0.101759 -0.037949 -0.076395 -0.143264 0.126423 0.115583 
0.025336 -0.030134 -0.087833 -0.045214 0.142619 0.049179 0.106237 -0.007792 -0.032718 -0.012836 0.140048 0.000388 0.055944 0.017896 -0.070382 -0.122423 0.074619 0.093401 0.130742 0.157994 0.007847 -0.035855 -0.058450 0.118107 -0.078402 -0.113386 -0.064799 -0.146277 -0.015879 -0.008128 0.055336 -0.053762 
-0.061938 0.096317 -0.050282 0.088326 -0.078796 0.041660 -0.063770 0.111035 -0.078662 -0.051907 -0.072338 0.077741 0.076847 -0.050692 0.148648 -0.054634 0.104131 0.014659 -0.051150 0.033294 -0.092793 0.010063 0.052180 -0.053360 0.066761 0.030376 -0.034001 -0.073258 -0.000941 -0.104275 0.068325 -0.082541 
-0.082518 -0.097273 -0.055783 -0.051951 0.154410 0.023758 0.041821 0.165431 -0.058234 -0.054258 0.106086 0.000642 0.012272 0.044502 0.041545 -0.059469 0.011026 0.144543 -0.006474 0.062093 -0.034958 0.098822 0.070903 -0.072758 0.075897 -0.106423 0.042602 -0.015115 -0.010596 -0.022756 0.051256 -0.112012 
-0.109955 -0.029392 0.078925 -0.087120 -0.240163 0.040082 -0.101626 0.034480 -0.032665 0.085880 0.018731 -0.049570 0.050494 -0.046774 -0.081658 -0.052792 -0.068137 -0.064552 -0.005098 0.099851 -0.064475 0.012756 -0.038897 0.091016 0.021207 0.060967 0.051840 0.120879 0.136309 -0.138365 -0.142508 -0.037944 
-0.100987 0.067443 0.005243 -0.092298 0.048599 -0.037443 0.065565 0.095813 -0.071994 0.047221 0.076527 -0.100074 -0.076376 -0.023671 -0.011441 -0.013184 0.103539 -0.049538 -0.058918 -0.017150 -0.011810 0.032241 0.087586 -0.110127 -0.044302 -0.016467 0.145158 -0.050526 -0.064378 0.074349 -0.140579 -0.015650 
0.029463 0.027048 0.003536 -0.054576 0.091227 0.012777 -0.091337 -0.106829 0.099117 -0.027034 -0.153554 0.136061 -0.115027 0.034273 -0.027810 -0.110776 0.050670 0.039066 0.012000 -0.156312 0.023016 -0.089635 -0.068415 0.066693 0.018261 0.093345 0.020585 -0.121887 0.198091 -0.024755 0.203564 0.031522 
0.092235 0.049887 0.074919 -0.050720 -0.072844 0.109480 0.016724 -0.101866 -0.050879 0.031539 -0.062397 0.125144 -0.110251 -0.015958 0.082575 0.000522 -0.008518 0.135292 0.100239 0.064536 -0.104544 0.068556 0.004945 0.083988 0.103203 -0.035365 0.163259 -0.011679 -0.094227 0.151233 -0.113246 -0.139760 
0.027702 -0.002428 0.041043 0.059926 -0.028211 -0.109139 0.067679 0.054191 0.038890 -0.040394 -0.046615 0.053420 -0.033507 0.034814 -0.015797 0.036281 -0.083522 -0.172278 -0.069116 -0.057330 0.140228 0.094015 -0.179143 0.112049 -0.065926 -0.046307 -0.016005 0.025819 0.130293 0.052030 0.044292 0.092917 
-0.077068 0.016364 -0.052027 -0.078561 0.073050 0.151612 0.167178 0.133225 -0.017229 -0.021154 0.128430 0.138231 0.060908 -0.037082 0.003776 0.088481 -0.009921 0.063530 -0.050567 -0.026285 0.030457 -0.035451 0.060228 0.063295 -0.039661 -0.054570 -0.067960 -0.065804 -0.058687 -0.076127 0.100689 -0.062418 
-0.024086 -0.120503 0.050199 -0.013921 -0.104871 0.042073 0.042519 0.067601 -0.166665 0.013457 0.073944 0.079539 -0.029303 -0.154497 -0.003561 -0.000524 0.117416 0.084310 0.143708 -0.000713 0.091894 0.067446 -0.053069 -0.059349 -0.038551 -0.038274 0.073087 -0.022404 -0.015716 0.058604 -0.132544 0.024413 
0.002429 -0.016231 0.083117 0.043504 -0.073375 -0.223356 -0.107808 0.010762 -0.019727 0.137935 -0.049138 0.067455 0.096841 -0.020543 0.085244 -0.009922 -0.099084 0.020050 -0.131662 -0.094157 0.001638 -0.030538 0.022788 0.023016 0.100065 -0.106549 -0.026923 0.006805 -0.081155 -0.106747 -0.095434 -0.016866 
-0.071088 0.230124 0.089786 0.018617 0.220189 0.015069 0.141026 -0.055110 -0.105193 0.017945 -0.095282 -0.057919 0.083223 0.234302 0.130338 0.104397 -0.018727 -0.193581 0.139067 0.022669 0.004278 -0.014111 -0.138621 -0.003334 0.033255 0.008210 -0.056515 -0.064981 0.076828 0.123462 0.110578 0.155368 
0.132698 0.001793 -0.110778 -0.026953 -0.019390 -0.079751 -0.027270 0.023214 -0.064737 -0.151778 0.122093 0.139989 0.037304 0.081046 0.001915 -0.015311 0.135928 0.024862 0.118975 -0.117039 -0.121105 -0.079668 -0.019731 0.069005 0.082483 -0.055873 0.109937 -0.032520 -0.144952 0.043469 -0.062250 0.054386 
0.122373 -0.233736 -0.099093 0.020023 -0.192164 -0.202507 -0.120487 0.042133 -0.056846 0.040311 0.018656 -0.098481 -0.138025 -0.158811 -0.032940 -0.085483 0.081946 0.004524 0.034489 -0.004506 0.055997 -0.112994 0.074832 -0.011640 -0.035774 -0.023434 -0.014415 -0.087634 0.005238 0.086330 0.056042 0.056785 
0.116776 -0.063397 -0.110707 -0.031029 -0.073890 0.107147 -0.107328 -0.041052 0.018823 0.041085 0.010528 0.105970 -0.107702 -0.076786 -0.106253 0.144686 -0.015771 0.068765 0.068511 -0.165541 -0.133714 -0.087730 -0.000940 -0.032317 0.006792 0.095928 0.014125 -0.072630 0.005436 0.034556 -0.130420 0.028015 
0.041717 -0.079492 0.075219 -0.098568 -0.086460 -0.177015 -0.004797 0.095603 0.084075 0.073603 0.138116 0.065211 -0.030756 -0.169051 0.051129 0.073283 0.106784 0.067815 0.063217 -0.088624 0.045486 -0.032791 -0.004443 -0.093954 -0.100648 0.076179 0.049216 0.082390 -0.124921 0.042858 -0.104404 -0.123036 
-0.095472 -0.074563 0.018446 0.062520 -0.039712 0.122516 0.059233 0.117883 -0.040087 -0.041988 0.059476 0.058560 0.063617 0.043397 0.078080 -0.012634 0.063964 -0.036363 -0.034730 0.084718 0.148191 0.116433 -0.138910 -0.083457 0.057997 0.037745 0.035386 -0.062047 -0.031136 0.083154 0.003293 0.078117 
-0.025406 0.019607 -0.139722 -0.126288 -0.027778 0.061405 -0.006648 0.038257 -0.084930 -0.031497 0.054812 0.137435 -0.181143 -0.070453 -0.060185 0.129468 0.148923 0.084571 0.066370 0.007281 0.025462 -0.005863 -0.140507 -0.002887 -0.009642 0.099371 0.019012 -0.001990 0.025487 0.111360 -0.118261 0.062275 
-0.074978 0.077515 0.168233 0.127642 0.043073 0.067220 0.078746 0.127944 0.003712 -0.011907 0.069877 -0.000085 0.127092 -0.064141 0.034725 0.055257 0.026924 -0.143740 -0.043211 0.002171 0.111057 0.079136 0.023751 -0.094196 0.002381 -0.085923 0.068142 -0.034545 0.019648 -0.088996 -0.073747 0.180072 
-0.056415 -0.165180 0.163894 0.037669 0.097486 -0.056964 0.005100 0.014192 -0.135793 -0.082971 0.192682 -0.033988 -0.067241 -0.032262 0.146539 -0.175077 -0.019985 -0.035378 -0.023746 -0.097608 -0.042085 -0.049637 -0.020788 0.022475 -0.002145 -0.027558 0.111136 0.016887 -0.097670 0.032397 0.033345 0.098225 
0.018501 -0.067611 0.070058 0.050610 -0.128599 -0.255742 -0.179030 0.097553 -0.013959 0.117314 0.088127 -0.044159 -0.084165 0.000057 0.097325 -0.004624 -0.152524 -0.060768 -0.173175 -0.143042 0.040778 0.001570 0.063316 -0.005974 0.069743 -0.065815 0.006001 -0.009671 -0.156988 -0.131293 -0.093696 0.157837 
-0.164592 0.100798 0.024626 0.043535 0.129429 0.099626 0.028670 0.116446 0.055960 -0.130742 -0.038498 0.067460 0.109568 0.081522 0.060606 0.097524 -0.001918 0.005533 0.088936 0.134038 -0.042131 0.015631 -0.035962 0.109819 0.029264 0.083535 -0.162494 0.125271 0.039766 -0.038365 0.211307 0.032082 
0.017736 -0.135500 0.123966 -0.011929 0.065179 -0.082564 0.011487 0.039952 -0.044032 0.241313 0.002410 0.062331 -0.054512 -0.144550 0.025762 0.059158 -0.095094 0.095109 0.083431 0.047202 -0.112057 -0.008026 0.021982 -0.007566 -0.059635 -0.036075 0.043265 0.093994 -0.038298 -0.034827 -0.013878 0.037031 
-0.003425 -0.102473 -0.025266 0.036901 -0.084476 0.075292 -0.112344 0.000629 0.127940 0.046812 -0.017286 -0.162889 0.103486 -0.028441 0.095381 0.141953 0.057056 0.068119 -0.127667 0.116291 -0.056144 0.014766 0.064868 0.012941 -0.115119 0.012146 -0.081738 -0.005934 0.093550 -0.051595 -0.064365 0.060264 
0.041776 0.050721 0.040491 0.102170 0.032850 -0.053524 0.082043 -0.019851 0.043626 0.079328 -0.022273 0.025341 -0.003137 -0.012056 0.080928 -0.134334 -0.152025 0.013715 -0.121916 -0.038960 -0.018283 0.124804 0.072666 0.041749 0.015911 -0.087701 0.063485 -0.022708 -0.009994 0.011156 0.077112 0.026694 
-0.075646 -0.070190 -0.104391 0.030876 -0.047535 0.115910 0.035705 -0.103732 0.096549 0.149024 0.039887 0.082939 -0.102433 -0.021121 -0.129111 -0.045027 -0.065987 -0.081039 -0.033005 0.000008 -0.104579 -0.060845 0.116846 -0.033459 -0.032808 -0.030750 0.004231 0.004523 0.023521 0.084970 0.151081 -0.001630 
0.111355 -0.088040 -0.034456 -0.052219 0.109909 0.152565 0.026549 0.048753 0.114314 0.003115 0.103496 -0.108535 0.076850 0.001345 -0.076575 0.082832 0.066437 0.040275 -0.125540 0.160585 0.005458 -0.103692 -0.043684 -0.062376 0.042608 -0.088009 0.073198 -0.046889 -0.004610 -0.045620 -0.030089 0.024466 
0.075994 0.113677 -0.138254 -0.067818 0.149070 0.042869 -0.101208 0.056497 -0.004818 0.015878 0.102754 0.061226 -0.088193 0.084803 -0.099370 -0.111677 0.047824 -0.030337 0.004037 -0.114672 -0.038005 -0.037873 -0.010337 -0.069085 0.038403 -0.123570 -0.062427 -0.108705 -0.007964 0.182349 -0.057363 -0.175136 
0.108299 -0.021150 -0.033999 -0.024761 0.117246 -0.036100 -0.055016 0.062109 -0.154487 -0.094828 -0.045857 0.059237 -0.130748 -0.092358 0.053435 -0.042822 0.044840 0.083029 0.076436 0.074463 -0.080565 -0.129534 0.123095 0.100467 -0.068341 -0.084293 0.011188 -0.053081 0.020874 0.086803 -0.059568 -0.008731 
-0.046632 -0.116237 -0.000599 -0.118418 0.006093 -0.072279 0.059665 0.077376 -0.020225 0.116254 0.022267 0.090907 -0.079380 0.071480 -0.018278 -0.015011 0.017398 0.071881 0.006789 0.053814 0.109474 0.031388 0.011582 0.138987 0.102876 0.059337 0.075759 0.009396 -0.193335 -0.094953 -0.138407 0.031144 
0.010412 0.069754 -0.005024 0.078229 -0.125931 0.066612 -0.052383 -0.020892 0.031678 0.010836 -0.034029 0.047562 -0.003884 0.043147 -0.043919 -0.059327 -0.000438 -0.092007 0.053510 -0.096599 -0.023599 -0.126800 -0.157354 -0.001843 -0.105720 0.070318 -0.125242 0.064532 0.051893 -0.036210 -0.157457 -0.073656 
0.046308 0.080830 -0.040533 0.085050 -0.014318 -0.006107 -0.007077 0.103332 -0.061458 0.055838 0.025159 0.022309 0.029578 0.156864 0.080788 0.069384 0.070455 -0.039377 -0.119151 0.022486 0.080349 -0.033434 0.080315 0.104858 -0.086299 0.103236 -0.016036 -0.084930 -0.130620 -0.009024 -0.035237 0.166559 
-0.013520 0.046899 0.135887 0.074508 -0.030039 -0.022567 0.092589 0.002515 -0.128974 -0.038210 0.182294 0.022728 -0.039210 0.014512 0.013587 -0.106975 -0.069920 0.047871 0.028045 0.222805 0.063051 0.033960 0.056263 0.084279 0.004368 -0.076394 0.145262 0.083787 0.052174 -0.049188 0.012182 -0.109083 
0.112732 -0.017516 -0.126537 0.074804 0.004751 0.024075 -0.129430 0.007235 0.062766 -0.045015 -0.010860 0.137686 0.069658 0.011131 -0.104589 -0.101425 -0.054618 0.080707 0.114448 0.093464 -0.051487 0.044170 0.070537 0.072162 -0.110206 0.052978 -0.020372 0.109584 -0.186592 -0.070924 -0.093016 0.082656 
-0.022004 0.014709 0.185430 -0.079800 0.065982 -0.044258 0.204266 0.203815 -0.111023 0.077456 0.151613 -0.050595 0.050037 0.160175 0.002411 -0.031369 0.077043 -0.097346 0.075780 0.195353 -0.085539 0.038038 0.075623 -0.106750 -0.044405 -0.145069 -0.146000 -0.025696 -0.003181 -0.010508 0.093421 0.063079 
0.113314 0.062314 -0.131889 0.080180 0.104508 0.211122 0.197604 0.034729 0.002452 0.079750 0.094295 -0.018830 0.110038 -0.108041 0.065316 0.030016 0.011819 -0.007543 0.085867 0.019816 -0.002761 -0.072495 -0.074361 -0.100509 -0.009775 -0.073171 -0.006042 0.070932 0.134349 0.170950 0.046500 -0.080029 
-0.008380 0.028738 0.059416 -0.021822 -0.021997 -0.121505 -0.126241 -0.011995 -0.133971 -0.148987 0.054655 -0.043297 -0.130099 -0.043578 0.071505 -0.129943 0.021781 -0.121156 0.073145 -0.110593 0.017758 -0.098458 0.004487 0.162409 0.072376 0.117981 0.155043 -0.173750 -0.106221 0.023846 -0.024338 0.137318 
0.005618 -0.043181 -0.077774 0.095946 0.033866 0.024371 -0.084423 -0.108983 0.056037 0.030119 -0.089806 0.070798 -0.147478 0.054261 -0.097866 0.069789 0.084490 0.056248 -0.123574 -0.124682 0.091168 -0.050308 -0.059645 -0.010335 -0.068819 0.119415 0.071400 0.067388 0.005982 0.030553 -0.005688 0.135491 
-0.105799 -0.022887 0.083519 0.077566 0.075049 0.035148 -0.057263 -0.005209 0.128892 0.028633 -0.049120 0.075250 0.118199 -0.048249 0.002847 0.129329 -0.024023 0.087284 -0.101879 0.017641 -0.173177 -0.097092 0.029397 -0.095621 -0.121881 -0.122054 -0.105707 0.115931 0.134985 0.095896 0.036911 0.000502 
-0.117134 -0.012683 0.057649 0.080521 0.065599 0.103710 -0.038644 0.023267 -0.107053 0.061493 0.055806 -0.086227 -0.080095 -0.067775 0.094191 0.014456 0.104290 0.114714 0.038255 0.118954 -0.049380 -0.012223 -0.092600 -0.058191 0.012482 -0.096662 -0.142118 -0.009673 -0.078008 0.040979 0.004370 -0.109786 
-0.045646 -0.044205 0.105499 0.056545 -0.120364 -0.005839 -0.055922 -0.088363 0.129726 0.155667 -0.024131 -0.101585 -0.092719 -0.132277 -0.028223 -0.053481 -0.040357 0.000789 0.057223 0.039059 -0.033671 0.081314 0.058639 -0.113724 -0.089436 0.116179 0.080592 -0.014844 0.018852 -0.117230 -0.120852 -0.024480 
0.033983 0.004224 -0.055534 -0.047054 0.030240 0.101467 -0.018972 0.000617 0.058306 -0.152179 0.084577 -0.059025 -0.064283 -0.056277 -0.102410 0.069234 0.046159 0.127859 -0.106057 -0.135667 0.087567 0.051050 -0.114800 -0.042662 0.066273 0.091802 0.003562 -0.085140 0.024718 0.119082 -0.008634 -0.111512 
-0.116732 -0.031450 0.020158 0.109761 -0.144084 -0.078619 -0.029461 -0.107633 0.034286 -0.067707 -0.153999 -0.043630 -0.000592 -0.037082 -0.106350 -0.054576 -0.087514 -0.077832 -0.173586 -0.059471 -0.094357 -0.081617 -0.042297 0.092301 -0.131958 0.141258 -0.090295 0.192595 0.101771 -0.144476 -0.108532 0.129320 
-0.004137 0.063687 0.082871 0.090433 0.148680 -0.112488 0.119411 -0.026086 -0.038158 -0.088656 0.130786 0.096314 0.037366 -0.023580 0.156357 0.066990 -0.030500 -0.149259 -0.111430 0.023614 0.000170 0.051116 -0.029147 -0.012842 -0.011291 0.028790 -0.067763 0.129742 0.031042 -0.058338 0.086095 -0.004663 
-0.153847 -0.023720 -0.091083 -0.056111 -0.021130 -0.099692 -0.042428 0.091510 0.029002 -0.060420 0.025223 0.021043 0.004621 0.129011 0.044250 0.127681 0.041795 0.046779 -0.061509 -0.089858 0.024706 0.131548 0.010328 0.074182 0.001788 0.106556 0.004532 0.042470 0.042777 -0.031537 0.165400 0.070352 
0.179770 0.103332 -0.020578 -0.065837 0.127175 0.122596 -0.032301 -0.056910 -0.108034 -0.096587 -0.051642 0.118151 -0.133801 0.113376 0.005437 0.078230 0.099071 -0.114224 -0.023631 -0.095771 0.085019 0.014809 -0.083600 0.072921 0.033499 0.133278 -0.090127 0.016788 -0.034159 0.116342 -0.074856 -0.013547 
0.090180 0.238285 -0.000093 -0.003184 0.159938 0.060700 0.080142 -0.157258 -0.024308 0.083693 0.053180 0.065666 0.116906 0.034879 -0.077932 0.119361 0.040172 -0.007073 0.155558 0.010965 -0.171469 -0.159077 -0.148432 0.087715 -0.131530 -0.035154 0.019630 -0.009410 0.106540 -0.006757 -0.134212 -0.061703 
-0.048809 -0.113865 0.075026 0.076587 -0.053570 0.018173 -0.146721 0.019854 -0.013140 -0.118029 -0.036919 0.089114 -0.049371 -0.027596 -0.068296 -0.156374 0.126330 -0.072759 0.040696 0.072483 -0.046967 0.023628 0.035013 -0.054934 0.100281 -0.047823 0.081646 -0.049659 -0.118529 0.143727 -0.137562 -0.035020 
0.041919 -0.128956 -0.052501 -0.057302 0.050941 0.043079 0.085673 -0.013997 0.072770 0.113568 -0.148378 -0.140369 -0.068397 -0.074358 -0.108891 -0.067361 -0.017056 0.044467 -0.138262 0.056504 -0.043410 0.060152 0.099008 -0.135149 -0.154067 0.009748 0.022854 0.027519 0.114838 0.078078 0.143767 -0.017635 
0.070926 -0.064542 0.083354 0.029357 0.181125 0.001954 0.008201 0.006863 -0.127863 -0.058579 0.033736 0.041702 0.028246 0.007085 0.051434 0.059470 -0.036578 0.038921 0.070269 0.061987 -0.034438 0.017208 0.028208 -0.072992 -0.095522 -0.108173 0.024092 0.001792 -0.044519 0.021998 -0.018787 -0.155795 
0.118458 0.051433 0.046393 -0.078882 -0.092681 0.018111 -0.022445 0.017584 -0.176822 -0.127330 -0.059998 0.102474 -0.053230 0.016170 0.033776 -0.027589 -0.026937 -0.065644 0.001466 -0.054242 0.052655 0.052117 0.118656 0.096328 -0.042706 0.020717 0.032377 -0.167325 -0.208473 0.064336 -0.116969 0.050246 
-0.038825 -0.069740 -0.122004 0.027169 0.148198 0.123491 -0.036167 -0.107911 0.096453 -0.015230 0.048851 -0.012526 0.096630 -0.033456 -0.071110 -0.083009 0.002196 -0.024455 0.078476 -0.119368 -0.085869 -0.010397 0.064866 -0.042817 -0.126558 -0.134591 -0.034128 -0.071288 0.024078 0.136003 0.162091 -0.135700 
-0.061815 0.141674 0.009563 0.079674 0.046100 0.145610 -0.091322 -0.004821 -0.116718 0.086618 -0.073123 0.116889 0.087737 -0.125516 0.072476 -0.002510 0.084580 0.111812 -0.020540 0.130537 -0.159279 -0.138159 -0.080348 -0.047760 -0.073515 0.091306 0.058062 0.108929 0.071601 -0.015769 -0.232854 -0.010056 
0.045223 0.056636 0.030926 -0.142432 -0.025156 0.033669 -0.053160 -0.021810 -0.043551 0.024822 0.032694 0.065889 -0.153737 -0.017558 0.052263 0.056802 -0.039989 -0.069335 0.107679 -0.117967 -0.065307 0.061498 0.009944 0.045037 0.104328 -0.071687 0.044035 -0.056173 -0.130980 0.051241 -0.113713 0.021055 
-0.070524 -0.041768 0.083839 0.064203 -0.118611 -0.026999 -0.063418 0.039696 -0.032908 0.115065 -0.078335 -0.089626 0.007602 0.092020 -0.078354 0.047846 0.080863 0.086698 0.018465 -0.060514 0.079695 0.001062 0.013602 0.037482 0.021157 -0.095954 -0.053816 0.173183 -0.048301 -0.017234 -0.046783 0.072897 
0.154256 -0.092307 0.013393 -0.106393 -0.048281 -0.000630 -0.047575 0.071860 0.031699 0.128729 0.002099 -0.096612 0.030300 -0.086828 0.066468 0.031743 -0.075907 0.046264 0.031921 0.108972 -0.097039 -0.027116 0.010111 0.040051 0.042775 0.060360 0.061146 -0.061567 -0.174893 -0.136670 -0.031275 -0.024411 
-0.094883 -0.104946 0.047730 0.122199 -0.100279 -0.103705 0.072948 0.113523 -0.067482 -0.121908 0.060193 0.103013 -0.062474 0.023837 0.054481 -0.079831 -0.131081 -0.029439 0.051972 -0.148316 0.173351 -0.056294 0.101484 0.012975 0.135241 -0.065441 0.032514 -0.055020 -0.009861 0.014355 0.192654 0.087665 
0.159724 0.083901 0.010112 -0.159330 0.214771 -0.020385 0.098538 -0.045310 0.057357 0.128295 -0.153665 0.093059 -0.053840 0.028557 0.053936 0.028296 
-0.079436 0.198627 0.054060 -0.081354 -0.220376 -0.204181 0.134026 -0.129506 -0.075999 0.089900 -0.121893 0.125320 -0.161711 0.096470 -0.009400 -0.304130 
0.151358 -0.209593 -0.174241 0.136331 -0.056426 -0.036979 -0.149239 -0.214750 0.095466 -0.223643 0.183995 -0.104626 0.061938 -0.153611 0.013431 -0.087681 
-0.184432 -0.178240 0.088532 -0.061398 -0.137050 0.020563 -0.072782 0.136187 0.096157 0.023459 0.151003 -0.015631 -0.138998 0.027857 -0.157566 -0.156030 
-0.168655 0.017604 -0.159734 0.283228 -0.108984 -0.157671 0.254340 -0.111293 -0.130012 0.137565 -0.118202 -0.140703 -0.177253 -0.120902 -0.027982 -0.232646 
-0.096212 0.260914 0.010786 0.193153 -0.029555 0.065557 0.280680 -0.087490 0.015672 0.082110 -0.084294 0.026808 0.129080 0.086504 0.104016 -0.233640 
-0.248882 0.109637 -0.149710 0.103396 -0.020453 -0.100253 0.206716 -0.253948 0.087867 -0.205540 -0.124584 -0.209487 -0.195742 0.076865 -0.099325 -0.220599 
0.110198 0.088323 -0.218812 0.150633 0.057779 0.189909 -0.017824 -0.247469 0.034692 -0.018210 0.102171 -0.201179 -0.052944 -0.157519 -0.020006 -0.007044 
-0.168770 -0.044164 0.246230 -0.077671 -0.036145 0.126536 -0.032743 -0.002076 0.071770 -0.033824 0.047154 0.289210 -0.118119 0.176583 -0.100108 0.051825 
0.057972 0.079971 -0.024341 0.194180 0.096030 0.225224 0.233751 0.023460 0.189847 -0.021075 0.298167 0.181012 -0.093951 -0.176569 -0.024273 0.062443 
0.037026 0.002375 -0.077765 0.067702 0.189185 0.125860 0.150929 0.028004 -0.020361 -0.136432 0.073036 -0.177238 -0.174385 -0.263172 0.212674 -0.038935 
0.105575 0.107218 -0.036473 -0.089008 0.005174 -0.098512 0.140432 0.126808 -0.096201 0.212987 0.035089 -0.130947 -0.061370 -0.094052 0.220691 -0.222243 
-0.021663 -0.113233 0.051665 0.157523 -0.287333 0.047556 0.049959 -0.084682 -0.006965 -0.234951 0.131121 0.165346 -0.085205 0.087960 -0.264674 -0.179057 
-0.171026 -0.049382 -0.114155 -0.064067 -0.254835 -0.230408 -0.142056 -0.151295 -0.248841 -0.113680 -0.060306 -0.070392 -0.074926 0.044999 -0.023471 -0.175092 
0.116320 0.042112 -0.205455 0.038232 0.104061 0.042603 -0.233200 -0.055667 0.048830 -0.052339 0.162366 -0.199825 -0.229053 0.099377 -0.060402 -0.120004 
-0.080370 -0.020990 0.094931 0.018635 -0.023015 0.138269 0.084650 0.128989 -0.180683 -0.063856 -0.080255 0.117658 0.046490 0.183415 -0.180105 -0.135040 
0.023290 -0.007014 -0.120722 0.077524 0.147595 -0.136934 0.227515 0.062109 0.156575 0.210945 -0.010239 -0.173059 0.147253 0.143291 -0.026285 -0.143266 
-0.046572 0.170671 0.121764 -0.068444 0.132226 0.084022 0.192497 0.135887 0.215011 -0.076606 0.059337 0.033370 0.259874 0.009813 0.075416 0.090349 
0.075439 0.275229 -0.158913 0.110518 -0.089239 -0.208980 -0.009508 -0.158299 0.179715 0.226318 -0.242730 0.024285 0.189653 -0.102314 0.229415 -0.157283 
-0.158479 0.149584 -0.056835 0.234257 -0.014200 0.072438 0.251052 -0.284722 0.217855 -0.178099 0.066648 0.026526 0.103372 -0.181117 -0.113380 -0.100842 
-0.033170 -0.151947 -0.202361 -0.083358 -0.122362 -0.135460 -0.098297 -0.166872 -0.147302 -0.049838 0.116215 -0.124843 0.007561 0.100177 0.034333 0.065085 
-0.029820 -0.184768 0.008853 0.107977 -0.081015 -0.049300 0.113828 -0.219318 -0.063041 -0.143289 0.130293 -0.171884 -0.014308 0.151857 0.007438 0.045531 
-0.048136 -0.017421 -0.172276 -0.002360 0.206434 0.182719 0.011194 -0.200187 0.016512 -0.125292 0.097820 0.093140 -0.084346 0.001781 0.157712 0.244074 
0.170665 -0.014554 0.068329 -0.100833 0.009498 -0.112207 -0.102672 0.002530 -0.050582 -0.050665 -0.119626 -0.035213 -0.091237 0.182292 -0.116079 0.018376 
0.053578 -0.040576 -0.250601 -0.104926 -0.088122 0.008326 -0.123990 -0.051916 -0.115501 0.068292 -0.066935 -0.085331 -0.000957 -0.158326 0.061650 0.084514 
0.116629 -0.227772 -0.010984 -0.083436 -0.108889 0.123708 -0.075552 0.274531 -0.191211 0.197820 -0.049669 0.146257 0.138352 0.091637 -0.211551 -0.002594 
0.076407 -0.173703 0.021218 -0.125112 0.109735 -0.060787 -0.087189 -0.072496 0.128460 0.009099 0.106715 0.011295 0.096182 -0.189888 -0.055649 0.107325 
-0.152687 -0.069159 0.009194 0.014447 -0.128428 0.207397 0.052773 -0.033963 0.140304 0.086913 0.164382 0.212188 -0.086328 0.192269 -0.272502 0.187028 
-0.155817 -0.032356 0.147386 0.117554 0.019267 -0.079999 0.196765 -0.063491 -0.181452 0.092273 -0.145553 0.141065 0.068366 0.025033 -0.050250 -0.125578 
0.063489 0.232884 0.004109 0.170387 0.136561 -0.288143 -0.065455 0.085289 0.063768 -0.029652 -0.157710 0.021031 0.196312 0.004234 0.193393 -0.253486 
-0.140472 0.026997 0.115404 0.140770 -0.202727 -0.060624 -0.044080 -0.233400 -0.083534 -0.004053 -0.204720 -0.109953 -0.012499 0.225591 -0.024635 -0.231100 
0.071260 -0.268236 -0.131398 -0.121774 -0.175977 -0.071709 -0.209034 0.081521 -0.134430 0.012229 0.057765 -0.016890 -0.174226 -0.029132 -0.068633 -0.033305 
-0.306757 -0.145014 -0.393709 -0.097803 -0.139250 0.001689 -0.012831 0.158954 0.041625 -0.234155 -0.205804 0.055098 -0.260525 0.051672 -0.063291 0.077262 
0.039299 -0.069966 -0.193316 0.250420 0.338050 0.036588 0.237227 -0.118335 0.549258 -0.131703 0.140841 -0.234130 -0.110208 0.055148 0.043570 0.014532 
-0.022613 -0.216423 0.081565 -0.106015 0.171081 0.210050 0.233138 -0.221825 -0.301998 0.221099 0.081472 -0.232883 0.102464 0.351226 -0.159748 -0.103567 
0.106036 -0.024102 0.272262 -0.110287 0.151622 -0.115325 -0.047358 0.115226 0.214793 0.270605 0.096796 -0.284329 0.224694 -0.365765 0.068098 -0.006257 
-0.144311 -0.188955 -0.344991 -0.105925 0.068343 0.128535 0.137854 0.193063 0.350091 -0.334005 -0.191804 -0.018899 -0.272506 -0.262809 -0.024237 -0.078162 
0.135029 -0.242771 0.040866 -0.222599 0.124944 -0.174831 -0.204958 0.028352 -0.224284 0.014344 -0.260279 -0.290745 0.314744 -0.229976 -0.326040 -0.276503 
0.068237 -0.334534 0.007424 0.140820 0.373127 0.157378 0.093318 0.018019 0.442063 -0.086836 0.321241 -0.341291 0.054167 -0.181466 0.149781 -0.290804 
0.090309 -0.206791 -0.119004 0.007897 0.213891 0.051402 0.270068 -0.244807 -0.383582 -0.129879 -0.066715 -0.001862 -0.020977 0.367263 -0.284197 0.115542 
0.097119 -0.199683 -0.238212 0.092413 0.133584 -0.050666 0.083648 0.064327 0.248593 -0.066555 -0.047344 0.046854 0.085628 -0.295136 -0.212724 -0.181005 
-0.033894 -0.067209 -0.325998 0.189245 0.235352 0.304350 0.350155 -0.215606 -0.023880 -0.078270 0.231438 0.049338 -0.275456 0.013046 -0.083882 0.240647 
-0.002887 0.006998 0.078379 -0.099607 -0.017662 -0.258719 -0.373450 0.143214 -0.030929 -0.081230 -0.316744 0.040241 0.163045 -0.248131 -0.275915 -0.232383 
0.245249 -0.379606 -0.026925 0.046797 0.204046 0.086286 0.250567 -0.233157 -0.391394 0.075705 -0.024360 -0.254678 0.255519 0.250879 -0.229578 -0.164604 
-0.085018 -0.273135 -0.345915 0.005797 0.151814 0.007605 0.215684 -0.111814 0.195931 0.067580 0.096436 -0.083269 -0.228012 0.121220 -0.001484 -0.120150 
0.150076 -0.013805 0.316654 0.026918 -0.180423 0.072827 0.014801 -0.265110 -0.295677 0.125094 0.087359 -0.189580 0.023111 0.380030 -0.014028 0.140650 
-0.312430 0.058937 -0.138089 0.085143 0.239765 0.054575 0.205948 0.230879 0.443791 -0.360048 -0.092582 0.260099 -0.152218 -0.167581 0.300016 -0.010134 
0.178295 -0.040407 -0.265178 -0.342361 -0.046621 -0.068909 -0.101866 0.297059 -0.354456 -0.275035 -0.336149 -0.171263 -0.021063 0.051804 -0.094815 -0.267533 
0.062140 -0.217067 0.053888 0.020640 -0.213401 -0.263063 -0.210435 -0.116922 0.135879 0.022561 -0.101439 -0.135645 0.426691 -0.237212 0.037816 0.324240 0.077454 -0.153884 0.089146 -0.102645 0.041573 -0.022163 0.098182 0.112543 -0.189187 -0.170502 0.102528 -0.062582 -0.195198 0.022435 0.006149 
-0.349978 -0.084304 -0.243958 0.146827 -0.288710 -0.122298 -0.235309 0.063861 0.208433 0.115572 0.099735 -0.210112 -0.251423 0.322736 0.383626 -0.248747 -0.013548 -0.009012 0.006395 0.283568 0.004555 0.117146 -0.156093 0.161856 -0.072255 0.132203 -0.071198 -0.092009 -0.102577 0.169290 0.101672 
0.079476 -0.278975 -0.266984 -0.562499 -0.193577 -0.248417 -0.361381 -0.314012 0.108556 -0.087431 0.439057 -0.213679 0.422400 0.399209 -0.187041 -0.080560 0.000105 -0.210862 -0.091180 -0.042581 -0.119107 -0.144744 0.099411 0.162710 -0.217858 0.009555 -0.112911 -0.033393 -0.048253 0.174596 -0.006013 
0.330444 0.295733 0.180075 0.101006 -0.118208 -0.139243 0.319720 0.045536 -0.011382 -0.267617 0.042693 -0.202490 -0.084825 -0.078804 0.019476 -0.036996 0.102206 0.107742 0.222439 -0.169911 0.018688 -0.236338 -0.128532 -0.013639 -0.108546 -0.071361 0.030646 0.148398 -0.133429 -0.111444 0.048860 
0.457268 0.037334 -0.055326 0.081486 0.120675 0.096908 0.250406 0.265735 -0.327610 -0.309796 -0.170837 -0.163136 0.076998 -0.228176 -0.082729 0.291209 -0.060402 -0.046197 0.155221 -0.087187 0.029595 -0.022322 -0.017476 -0.062197 0.123582 -0.004374 0.176786 0.160754 0.188100 -0.115822 -0.033570 
0.370380 0.128337 0.228508 0.165119 -0.096379 -0.080588 0.203566 0.224387 -0.080856 -0.091739 0.293946 0.103537 0.029705 -0.361488 -0.149560 -0.074138 -0.041314 0.059214 0.326254 -0.062506 -0.137015 -0.089438 0.113539 0.012676 0.037485 -0.044072 0.115639 0.072844 0.092772 -0.168415 0.124391 
0.338783 0.375781 0.221935 0.055575 0.346309 0.266769 0.096982 0.201342 -0.162593 -0.525278 0.155428 0.268495 0.081053 -0.146913 -0.222371 0.087520 0.090121 0.118935 0.108727 0.112145 -0.188225 0.052498 -0.003530 -0.218140 0.040375 -0.090244 -0.152984 -0.182269 0.004627 -0.099572 0.213278 
-0.017164 -0.100915 0.024936 -0.175165 -0.155916 0.204936 -0.066359 0.130302 -0.297837 0.265997 -0.293652 0.103489 -0.318034 0.091059 -0.167984 0.070785 -0.011336 0.171241 -0.065500 -0.153664 0.190140 -0.185029 0.041867 -0.207564 0.152386 0.055913 -0.102026 0.067930 0.079687 -0.007233 0.107772 
0.572885 0.730265 -0.123378 -0.410970 -0.213974 -0.088841 0.195888 0.569998 -0.537406 -0.068001 -0.239291 -0.437580 0.054709 0.477675 -0.286453 -0.178081 -0.084938 -0.171112 0.178126 -0.138672 0.170313 -0.028274 0.100441 -0.099680 -0.101068 0.212731 0.055195 0.104475 -0.098683 -0.091773 -0.003341 
-0.032385 0.159096 -0.237482 -0.061762 -0.267286 -0.266050 -0.084982 -0.259537 -0.036258 -0.207526 0.060490 -0.148747 0.281592 0.026921 -0.058068 -0.055400 0.006278 0.022652 0.009657 0.022933 -0.051691 -0.047377 -0.031479 0.131830 -0.033628 -0.071958 -0.052496 0.032074 0.092575 -0.184981 -0.071205 
0.663633 0.467675 0.007318 -0.240138 -0.267173 -0.039423 0.316846 -0.107049 0.271379 -0.519169 0.296763 -0.175224 0.385318 0.251420 -0.041800 -0.050159 -0.005626 -0.097884 -0.055014 -0.198958 -0.003155 -0.069333 -0.083785 0.086037 -0.208681 -0.197114 0.080234 -0.166436 0.107145 0.065617 -0.083404 
-0.023116 0.045618 -0.195424 -0.018674 -0.060165 0.173418 -0.006709 0.105428 0.052052 -0.171596 -0.177370 0.338316 -0.383111 0.213246 0.337009 -0.220730 -0.020538 -0.087844 0.163860 0.023403 -0.156738 0.094257 0.114226 -0.056753 -0.190979 0.023931 -0.038550 -0.077538 0.209640 0.018337 0.013174 
0.328960 -0.202943 -0.120182 -0.492458 0.063356 -0.233098 -0.381366 -0.124304 0.304760 -0.030523 -0.026148 -0.030168 0.235077 -0.031515 -0.119074 0.227960 0.027337 0.069564 -0.119917 -0.271497 -0.094531 0.094598 0.197639 0.080041 0.183629 -0.256069 0.084026 0.139242 -0.228579 -0.015190 -0.158415 
0.039539 -0.197393 0.251161 0.436143 -0.155742 -0.333431 0.348537 -0.164108 0.417868 -0.182526 0.439555 0.493770 0.182222 -0.139459 0.307533 0.002251 0.171219 0.119708 0.073022 -0.063057 -0.052492 -0.174736 -0.214646 0.053688 0.185031 -0.181623 -0.340409 -0.061087 0.018719 0.040223 0.181063 
0.058332 0.335408 0.015010 -0.159369 -0.348734 0.067611 0.040792 0.144299 -0.068768 0.120197 0.041916 -0.075268 -0.073434 0.384163 0.039382 -0.331665 0.109792 -0.088303 0.123291 0.065375 0.057806 0.004796 0.016415 -0.208850 -0.126212 0.212020 0.042900 -0.118411 0.063098 0.110098 0.084591 
0.158601 0.224002 0.084939 -0.027842 0.013579 -0.189102 0.352305 0.023349 0.171868 -0.145085 0.308676 0.117251 -0.252991 0.176676 0.395615 -0.246337 -0.029831 0.088610 0.229658 -0.033534 0.111226 -0.018944 -0.206423 0.128623 0.116689 0.204541 0.108086 0.124265 0.072352 0.003270 0.096721 
0.031757 -0.014791 -0.290240 0.052402 0.322880 0.017586 0.045335 -0.251234 0.194408 -0.216026 -0.137627 -0.593189 0.076481 0.064694 -0.491873 0.161660 -0.243560 -0.248100 -0.296967 -0.071114 0.210736 0.224670 0.141013 -0.204137 0.059431 -0.062169 0.030728 -0.134746 -0.187296 -0.624870 -0.207128 0.098989 
-0.115843 0.419544 -0.175631 -0.228299 -0.077690 -0.205102 -0.039702 0.240402 -0.017220 0.045394 -0.193964 -0.220280 0.079984 -0.086142 -0.467903 0.114815 -0.193501 0.159456 -0.309278 -0.196956 0.115902 0.171366 0.308666 -0.471480 -0.246708 0.029224 0.140491 -0.393020 0.088180 -0.542232 0.252283 0.168625 
0.160645 0.059347 0.238289 -0.162166 0.062952 0.042725 -0.149343 0.123609 -0.285306 -0.000317 -0.136440 -0.006199 0.153070 0.033486 -0.188327 -0.008451 -0.192434 -0.064725 -0.161974 0.113232 -0.260558 -0.167249 0.061122 0.029263 0.006474 -0.135944 0.167685 -0.195363 0.055009 0.026086 -0.311033 -0.000950 
-0.285988 -0.206425 0.177397 -0.005410 -0.097041 0.345277 -0.123335 0.180234 -0.113538 0.132310 -0.309000 -0.095486 -0.380407 0.036856 -0.130846 0.139342 -0.345266 0.094290 -0.205470 -0.153804 -0.553366 0.181908 -0.105056 0.372675 -0.161804 -0.335895 0.535830 0.161189 0.191970 0.443709 0.008895 0.196972 
-0.387642 -0.182810 -0.051186 0.001996 -0.234894 0.113175 -0.199087 0.048397 -0.311969 -0.110099 0.059624 0.161319 0.262118 -0.156809 -0.023346 0.308040 0.175683 -0.064181 -0.202491 0.148647 -0.127123 0.016251 -0.141054 0.291997 0.036938 -0.043434 0.155577 -0.095840 0.047778 -0.162825 -0.162559 0.071763 
-0.282172 0.005283 -0.200471 -0.094347 -0.254754 -0.099109 0.116091 0.055919 -0.052703 -0.080762 -0.252309 0.072906 0.076049 0.023194 -0.000887 0.102311 0.142541 0.077623 -0.083694 -0.213055 -0.209585 -0.200429 -0.309773 0.282406 -0.018673 0.149768 0.045173 -0.286923 0.256536 -0.051787 0.181350 -0.255628 
0.188499 0.344475 -0.071205 0.194681 -0.230207 -0.122881 -0.063020 0.254474 0.081165 0.055313 -0.223969 -0.160816 -0.261412 0.246355 -0.056027 0.315970 -0.114230 -0.108336 -0.283374 0.132223 -0.286324 -0.108059 0.097452 0.207855 -0.315730 -0.100627 0.499427 -0.403404 0.208985 0.136894 -0.190780 -0.038040 
-0.182254 0.105047 -0.050905 0.041812 -0.095873 0.216530 -0.109327 -0.158667 -0.170664 0.039889 -0.257534 -0.007554 0.183024 0.343100 -0.137846 -0.007878 -0.243474 0.137724 -0.232245 -0.159180 0.169346 -0.154307 -0.229291 -0.166531 -0.148267 0.229053 0.008407 -0.406227 0.104336 -0.178404 0.150258 0.139590 
0.124294 -0.247105 -0.021804 -0.281822 0.127082 0.077138 -0.300126 -0.094322 0.115014 -0.007465 0.110311 -0.172119 -0.330830 -0.181391 -0.052050 -0.190342 0.132052 0.010891 0.179696 0.267157 0.156523 0.136712 0.258470 0.260907 0.138087 -0.207341 -0.199339 -0.044363 -0.107402 0.208049 -0.135039 0.334522 
-0.069535 -0.096608 0.405840 0.131669 -0.350553 -0.228361 0.152307 0.168145 -0.200486 0.024362 0.021223 0.313912 0.129391 0.343878 0.442966 -0.013299 0.045379 0.161067 0.276501 -0.276234 -0.010545 0.024545 -0.302705 -0.096044 0.123786 -0.153425 -0.101189 0.321783 0.189551 0.221644 0.427324 0.020673 
0.348744 0.235699 -0.210824 -0.278214 0.247098 0.303686 0.025241 -0.152121 0.201815 0.058083 0.131145 -0.038010 -0.219944 0.109272 -0.248827 0.067617 -0.106085 0.160398 0.084934 0.270863 -0.053845 0.096250 0.248600 0.231407 0.122744 -0.220857 0.250745 0.029585 0.008164 0.197165 -0.298917 0.096624 
0.111551 -0.230966 0.156999 -0.011178 -0.246750 0.012162 0.069923 0.168588 -0.031419 0.124067 -0.252814 0.327386 -0.203604 -0.124673 0.066435 0.219798 -0.239562 -0.124069 0.089057 -0.024332 -0.441322 -0.116794 -0.182420 0.435224 -0.010208 -0.246242 0.115940 -0.169270 -0.124476 0.253971 0.033864 0.244881 
0.198160 -0.251833 -0.151211 0.047545 0.216670 -0.180181 0.068029 -0.399255 0.354858 0.047350 0.417964 -0.262435 0.268843 -0.127800 -0.279177 0.195623 0.238996 -0.053663 -0.321439 0.278071 -0.130899 -0.062725 0.227000 -0.044526 0.128607 -0.199554 -0.129463 0.222850 -0.097070 -0.223135 -0.357353 -0.169741 
0.043383 0.243701 0.247377 0.281778 -0.249542 -0.086001 0.205551 0.350539 0.453709 0.169391 -0.114198 0.025575 -0.051841 0.041998 -0.075177 -0.333139 -0.229690 0.164473 0.334915 -0.187820 0.351158 0.182432 0.350068 -0.259100 0.235821 0.130383 -0.207276 -0.042526 0.148917 -0.075590 0.232197 -0.247867 
0.084799 0.139454 0.155741 -0.024152 -0.248365 0.129064 -0.066631 0.289838 0.183138 0.279242 -0.024974 0.261780 -0.509039 0.208076 -0.291867 -0.186836 -0.103132 -0.195621 0.091381 -0.001770 0.031321 -0.066254 0.230756 0.160210 0.092717 0.117914 -0.044750 -0.049952 0.018972 0.356385 0.079829 0.359980 
-0.002451 -0.194592 0.087638 0.202536 0.312947 -0.160317 0.258534 -0.035716 -0.425227 0.000336 0.025230 -0.073124 0.158983 -0.012507 0.211966 0.208983 0.102419 -0.259140 -0.174681 -0.116236 -0.077767 0.039048 0.063725 0.291844 0.091293 -0.228545 -0.251252 -0.040430 -0.246668 0.101253 -0.250597 0.115681 
0.285549 0.085466 0.088114 0.191386 0.117865 -0.041600 -0.128659 0.188622 -0.124650 0.142551 -0.255928 0.003519 -0.043675 0.055981 -0.005644 0.057316 0.092989 0.024459 -0.203071 -0.104069 -0.032900 -0.127804 -0.221184 -0.215904 -0.111961 -0.119057 0.008724 -0.103901 -0.121553 -0.062835 -0.048866 0.144577 -0.167331 0.117703 0.151809 0.186985 -0.020260 -0.320755 0.110016 -0.006237 -0.178650 0.490865 -0.082279 -0.019068 0.153829 -0.027905 -0.084514 0.088942 0.084849 -0.023843 0.124990 -0.011604 0.016922 0.135022 -0.007546 0.177729 -0.120933 -0.039336 -0.133346 -0.065879 0.094066 0.049015 -0.126234 0.114458 
-0.058526 -0.110859 0.089384 0.021099 -0.027056 -0.011822 -0.144799 -0.088216 -0.036125 -0.100199 0.014361 -0.130921 0.058022 0.270727 0.095588 0.063433 -0.109580 -0.047896 0.128208 0.026113 -0.091976 0.155106 0.060124 -0.025876 0.003239 0.160451 -0.022191 -0.171463 -0.230034 0.171647 0.144875 -0.186641 -0.233381 0.127709 0.174494 -0.110756 0.185397 0.138211 0.224410 -0.085420 -0.229625 -0.033010 0.017822 -0.013264 -0.140896 -0.074330 -0.056530 0.010076 0.011602 0.195010 -0.027663 0.048063 0.120998 0.164020 -0.078269 -0.099182 0.085080 -0.197599 -0.073303 0.104417 0.129403 -0.216799 0.207556 -0.075230 
-0.226153 0.026275 -0.060169 0.013057 0.022327 -0.107398 0.070723 -0.085613 -0.053233 -0.035345 -0.174843 0.130513 -0.022806 -0.208798 -0.122164 -0.149337 0.148570 0.050187 -0.148027 0.034582 -0.054642 0.014648 -0.007483 -0.080000 -0.049119 -0.127487 0.230210 -0.125385 -0.195901 0.096777 -0.072101 0.081325 0.046902 0.094255 0.158901 0.124653 0.150908 0.183391 -0.166928 0.005279 -0.251194 -0.278526 -0.169275 -0.014148 -0.102301 -0.007104 0.044268 -0.228126 -0.190539 0.043042 -0.149807 0.063580 0.182412 0.197500 0.136389 -0.119122 0.167167 0.211443 0.061106 -0.173774 0.167321 0.280798 -0.085833 -0.095093 
0.121868 0.049270 0.088269 0.068066 0.057270 0.162702 -0.078520 -0.010909 -0.122394 -0.086923 0.104564 -0.066202 0.145704 -0.063068 0.052954 -0.184208 -0.123894 0.012326 0.092160 -0.147479 -0.003109 0.127297 -0.054768 0.073404 0.008487 0.116524 0.066721 -0.062217 0.117807 -0.124413 -0.043891 0.060120 0.119727 -0.187994 -0.132089 -0.086528 -0.135271 -0.036257 0.064512 -0.089614 0.120855 0.023122 0.035495 0.110309 -0.080400 -0.110277 0.080460 -0.102630 0.146994 -0.015671 -0.123562 0.025412 -0.097466 -0.003774 -0.186151 0.178669 0.116384 0.013609 -0.098670 -0.089891 0.207375 0.082642 0.167512 0.065188 
0.445852 -0.007552 -0.135087 -0.122098 0.034634 0.006775 -0.088834 0.126228 0.067435 0.173401 -0.123857 -0.063238 -0.099662 -0.182137 0.147968 -0.185870 0.081538 0.184400 -0.098740 0.238487 0.036570 -0.022419 0.182253 0.080251 -0.152330 -0.170973 -0.028474 -0.133429 0.246983 -0.208554 0.203969 0.041094 -0.079596 0.071511 -0.174173 -0.055928 0.063220 -0.276083 0.087330 -0.189161 -0.014876 0.515773 0.157756 0.065405 -0.081197 -0.099423 -0.021906 0.238827 -0.098625 -0.185958 0.098636 0.121240 -0.047324 -0.022706 0.066362 0.185604 0.049997 -0.058414 0.055862 0.082598 0.010475 0.049967 0.091856 -0.185279 
-0.093779 -0.022624 -0.024113 -0.100080 0.096277 -0.167846 -0.118452 -0.084593 -0.166621 0.194839 0.080501 -0.102355 -0.134157 -0.014748 0.055121 -0.096834 -0.060457 0.011688 0.096667 0.179523 0.126843 -0.172678 0.012251 -0.033355 0.073312 0.004744 -0.056719 -0.025922 -0.091359 0.259144 -0.080216 0.091089 -0.016320 0.142279 0.125962 0.050414 0.108991 -0.127796 0.064868 0.184961 -0.158859 0.061844 -0.134006 -0.100541 0.137498 0.107717 -0.033317 -0.056972 -0.167985 -0.061857 -0.108072 0.149593 0.027281 -0.143752 0.034658 -0.191641 -0.059913 0.078192 -0.023818 0.140782 0.023716 0.161349 -0.004777 -0.063105 
0.098329 -0.030367 0.117341 0.012570 0.073402 0.081773 0.087479 0.026352 -0.070066 0.001115 0.097758 -0.094039 -0.008660 -0.106612 0.104791 -0.013427 0.009602 -0.216976 -0.092485 0.105022 -0.115505 0.124978 0.201344 0.169447 -0.000304 -0.064634 0.064131 -0.084385 -0.126322 -0.192231 0.066121 0.065282 0.033006 -0.048078 -0.000475 -0.172552 -0.080072 -0.087464 0.091883 -0.010120 0.049034 -0.086582 0.112846 0.142749 0.071530 0.029976 -0.021282 -0.125130 0.073412 0.009164 -0.103403 0.099457 -0.090196 -0.150085 0.039332 0.195811 -0.006624 -0.002270 -0.109491 -0.044130 0.029202 0.103341 -0.080533 0.161782 
-0.291447 0.079746 0.216380 -0.012856 0.180252 0.068448 0.084357 -0.092116 -0.203863 0.133429 -0.086952 0.179587 -0.102923 0.148841 0.081360 -0.170755 -0.128605 -0.096138 0.271172 0.044143 -0.184425 0.094042 -0.073196 -0.088757 -0.091368 0.166822 0.070192 0.012499 -0.019156 -0.017943 -0.062242 0.248577 -0.175324 0.124766 -0.078004 0.086523 -0.152371 -0.056387 -0.040695 -0.022187 -0.235219 0.053269 -0.180526 -0.055911 0.005817 0.211631 0.022995 -0.218608 -0.229639 0.117433 0.045646 -0.135662 0.039390 -0.012639 0.016439 -0.151139 -0.014744 -0.008958 0.188228 -0.130748 0.129342 0.049143 0.128070 0.190568 
0.043876 -0.110010 0.196218 -0.043249 0.032593 -0.124032 0.008794 -0.016838 -0.120257 0.020543 -0.362844 0.133648 0.090496 0.060762 0.280639 0.041424 -0.214678 0.071667 0.063886 -0.122858 -0.079089 -0.012192 0.041820 0.021051 0.055129 0.022619 0.124568 0.023967 -0.209032 0.084552 0.041063 -0.203815 0.113917 -0.021328 0.076310 -0.033654 0.048322 -0.261923 0.305825 0.066566 0.040181 0.397975 0.193799 -0.101117 0.019484 0.134181 0.183257 0.086455 0.011504 0.088287 0.189579 0.122215 0.211363 0.051003 0.012218 0.200204 -0.036434 -0.104290 -0.030278 -0.040764 0.119378 0.218520 0.077342 0.151215 
-0.225514 -0.156355 -0.108420 0.113163 -0.061557 -0.132100 0.057786 0.094528 -0.209293 0.045332 -0.151153 0.047514 -0.046432 0.171812 -0.049708 0.138165 -0.016839 -0.078011 0.064606 -0.011142 0.091084 -0.113294 -0.075815 -0.155354 -0.090655 0.145769 0.057853 -0.148429 0.055646 -0.034539 0.048395 0.099722 -0.011532 0.178360 0.116972 0.136732 -0.121304 0.096974 0.098683 -0.111923 0.121335 0.012178 0.075239 -0.088104 0.070665 -0.129809 -0.154946 -0.130018 -0.093697 0.066339 -0.195902 -0.153944 0.119762 -0.006381 -0.097364 0.174505 -0.143432 0.104731 -0.133371 -0.143966 0.127289 0.215726 0.146858 0.001856 
0.289007 0.181447 -0.127585 0.134851 -0.157564 0.056415 -0.143757 -0.071878 0.107175 0.135038 -0.054826 0.031583 0.202362 -0.110167 -0.012365 -0.079853 -0.133024 -0.080522 -0.230335 0.094613 0.131356 -0.020682 0.156016 -0.177743 -0.104974 0.067959 -0.068272 -0.083642 0.144055 -0.309054 0.218194 -0.112739 0.166919 0.082227 0.094432 0.256643 0.139173 -0.040196 -0.050506 -0.070883 0.005536 0.205911 0.001447 -0.074215 0.138195 -0.016917 0.026165 0.210367 0.118009 0.031590 0.268471 0.020209 -0.196011 0.066963 0.070989 0.074519 -0.151846 0.088921 0.023506 -0.159493 -0.030051 -0.086619 -0.018874 -0.060328 
-0.042219 -0.082566 -0.163055 0.080831 0.140279 0.024103 -0.099026 -0.095203 -0.237209 0.070002 0.120509 0.128453 -0.144525 -0.232076 0.126340 0.177557 0.088189 0.073570 -0.050104 0.040209 -0.139882 0.201202 -0.221794 0.095289 0.020605 0.121999 0.160968 -0.217470 0.113890 -0.018176 -0.058348 0.096215 0.170790 0.043362 0.031142 0.123588 -0.062759 0.222595 0.133345 -0.150269 -0.212979 -0.246862 -0.263895 -0.096633 -0.075842 -0.211890 0.181245 -0.320494 0.044070 -0.066214 0.160315 -0.190427 -0.140088 -0.069093 0.056579 0.068474 0.007341 0.045589 0.123976 0.065196 0.195462 -0.077577 -0.115478 0.116386 
0.262582 0.286637 -0.191558 0.121279 0.166824 -0.069603 0.249666 0.212602 0.221692 -0.219314 0.253142 -0.206518 -0.165589 0.022962 -0.132111 0.087071 0.012419 -0.143411 0.110776 0.021759 -0.129757 0.100854 -0.046097 0.298225 -0.071434 0.150940 0.017771 -0.194410 -0.119311 -0.346712 0.214495 0.138794 0.185524 -0.176690 -0.017977 -0.035533 -0.015299 0.042298 -0.108601 -0.178108 0.051240 -0.096701 -0.208119 0.136934 0.256983 -0.132972 -0.007407 -0.077753 0.012980 -0.051265 0.186752 0.147199 -0.286950 0.173692 0.088814 -0.089328 0.266149 -0.040339 -0.081218 0.092663 0.089970 -0.171598 0.037326 -0.060425 
-0.190411 -0.114727 0.174171 0.038709 0.186052 -0.074468 0.074354 0.028158 -0.076748 0.104064 -0.050205 -0.047293 -0.098741 -0.109155 0.003015 0.109889 -0.007573 -0.095617 0.076217 0.058120 -0.151580 -0.027155 0.134882 0.160196 0.130960 -0.077662 0.096651 -0.028037 -0.070672 0.140787 -0.001818 0.081691 0.110759 0.092284 -0.079751 0.142490 -0.185157 0.251434 0.016595 -0.011422 0.111458 -0.318208 0.035088 0.164694 -0.184623 -0.088445 0.090842 -0.029609 -0.027717 -0.039751 -0.191624 -0.020373 0.147527 -0.161228 -0.035767 0.066385 -0.007677 -0.105219 -0.166967 0.110175 0.137836 0.128314 0.010531 0.164535 
-0.137951 0.133325 0.035772 0.093092 0.149053 0.075009 0.204438 -0.012777 -0.015637 0.023790 -0.006451 0.053568 0.094999 -0.306411 -0.194915 -0.164952 0.057218 -0.077290 0.013828 -0.108537 -0.078412 -0.052247 -0.220395 0.246312 -0.046804 -0.141772 0.139711 -0.087924 -0.211599 -0.231245 0.001820 0.173976 0.262803 -0.151337 -0.130127 0.043275 0.166132 0.045178 0.056993 -0.001874 0.108355 -0.302925 -0.309284 0.064519 0.027194 -0.157258 0.123987 -0.336880 0.026402 -0.093254 0.015868 -0.105372 0.021757 0.086108 -0.212400 -0.176114 0.135508 0.209066 0.045569 -0.033411 0.248763 -0.008633 -0.272806 0.022255 
-0.020421 -0.000897 0.079892 -0.009939 0.107712 0.135060 0.126089 0.168929 0.194498 0.140728 0.085645 0.001957 -0.111419 -0.026479 -0.067889 0.115621 0.186420 0.097720 -0.146559 0.066012 -0.034116 -0.139879 0.055572 0.161433 0.156613 -0.091399 -0.026336 0.049917 0.036019 0.174232 -0.167456 0.236123 -0.040903 0.143563 -0.079912 -0.069627 0.047098 -0.153959 -0.216924 0.107345 -0.069001 0.042802 -0.208672 -0.005476 0.218079 -0.004217 -0.094300 0.159081 -0.026681 -0.066928 -0.108919 0.089858 0.012972 -0.187002 0.031188 -0.003528 -0.036663 -0.168971 -0.061597 0.122560 0.132017 -0.093780 0.103996 -0.118048 
0.010248 0.194835 0.038132 -0.184332 -0.096244 0.064302 0.125424 -0.049877 -0.059791 0.078471 0.130738 -0.085526 -0.014521 -0.221188 -0.073214 0.135969 0.020271 -0.013139 -0.072711 -0.051764 0.017993 -0.118603 0.186930 0.127193 -0.125277 -0.145930 0.069716 -0.104592 0.044144 -0.204115 0.065537 0.061549 -0.004924 -0.162987 0.155881 0.012214 0.140725 0.092431 0.092367 -0.126985 0.042222 0.073730 0.026914 0.153949 0.038465 0.056822 0.055810 -0.057897 -0.075101 -0.122139 0.123199 0.089915 -0.144470 -0.010006 0.020273 -0.008718 0.027631 -0.069835 -0.009184 -0.150766 -0.042170 0.135295 -0.230543 -0.005709 
-0.171006 -0.119724 -0.147814 0.097198 0.150487 0.101939 -0.141880 -0.065586 0.005557 0.031297 -0.100891 -0.132644 -0.082807 0.170459 -0.015409 -0.010720 -0.145951 -0.152242 -0.099358 -0.104644 -0.025895 0.092912 0.045884 -0.128682 0.121961 -0.112463 -0.092677 -0.110140 -0.190753 -0.068322 0.103829 -0.185545 -0.044507 0.141796 0.118782 -0.119183 0.063312 0.159946 0.051442 -0.135489 -0.038844 0.085215 -0.058679 0.064166 0.077043 0.088475 -0.120349 0.085577 0.077311 -0.053283 -0.110644 -0.093274 0.159678 0.098196 -0.044510 0.116452 0.184578 0.031974 0.156631 0.145611 0.182412 0.105211 -0.171711 0.000188 
-0.082016 0.107950 0.085393 -0.063555 0.091338 -0.140414 -0.039532 -0.226832 -0.323612 0.131907 0.006091 0.119740 0.065995 -0.222559 0.102813 -0.036291 -0.173425 0.095674 -0.047994 -0.175312 -0.012076 0.167218 -0.215562 -0.027749 -0.046150 -0.180431 0.097670 -0.009529 0.042230 -0.020441 0.198913 -0.115766 0.068784 0.036625 0.159560 -0.045324 0.183236 0.006696 0.017966 0.089094 0.089878 -0.189816 0.058323 -0.081672 -0.164508 -0.027530 0.121193 -0.122123 -0.154996 -0.102837 0.198483 0.030787 0.246351 0.190183 -0.102063 0.049966 0.067449 0.192200 0.158156 0.041343 -0.105318 0.310428 -0.298549 0.146387 
0.077246 0.089274 0.091055 -0.041193 -0.262674 -0.159228 -0.128644 0.186987 0.009582 0.123990 -0.099938 0.051695 -0.093233 0.114754 -0.018282 -0.057654 0.132406 -0.064957 0.091354 0.195407 0.209492 -0.131420 -0.028817 0.078879 0.152993 -0.086561 0.077090 -0.056036 -0.029431 0.091730 0.151278 0.059662 0.006439 0.030689 -0.079893 0.075645 0.093644 -0.119891 -0.056691 -0.118846 -0.025639 0.227062 0.158336 0.029615 -0.013154 -0.116817 0.047317 0.038248 -0.052811 0.071211 0.002601 -0.040960 0.122630 0.080903 -0.070023 0.175488 -0.227372 0.045405 -0.139152 0.027443 -0.165863 0.189030 -0.090039 0.073604 
0.157782 0.085550 -0.061633 -0.090389 0.275886 0.085539 0.051236 -0.237745 -0.052970 -0.184250 -0.085188 0.128521 -0.015687 -0.087509 0.020956 0.062544 0.050351 0.016538 0.174538 0.013790 -0.025003 0.256543 0.149802 0.117095 0.099080 0.149083 -0.230940 0.115525 -0.040753 -0.210998 0.237026 -0.169698 0.099586 0.307123 0.105875 -0.156279 0.138269 0.228313 0.207582 -0.150345 -0.126083 -0.091044 -0.089449 -0.060506 -0.160396 0.032598 -0.009620 -0.088413 -0.100639 0.288651 0.348980 0.061030 0.120258 0.102082 -0.013335 0.021169 0.132960 0.204770 -0.042873 -0.175934 -0.045866 0.132960 -0.080686 0.273421 
0.198818 0.142112 0.067272 0.033345 0.078246 -0.131368 0.078785 -0.152252 -0.112737 0.126195 0.012359 0.027303 0.006732 0.106370 0.126558 0.118969 0.059857 0.048973 0.054795 0.014439 0.002439 -0.051413 0.233370 0.074764 -0.103780 -0.079830 0.153606 0.043281 -0.049254 -0.037345 0.034000 -0.129056 -0.050771 -0.154789 0.193525 -0.073027 -0.062534 0.060549 -0.005278 0.014688 0.065226 -0.155577 -0.026650 0.127593 0.091315 0.203958 0.118170 0.042829 0.114023 -0.028823 -0.165933 -0.157092 0.169798 -0.173393 0.140108 0.013099 -0.111443 0.138604 0.124137 0.027994 -0.150613 -0.039624 0.138828 -0.006045 
0.209830 0.061678 0.179385 0.149413 -0.032462 -0.209259 -0.075906 -0.140657 -0.143606 0.085455 -0.297541 0.130547 0.115284 0.175868 0.080887 -0.017866 -0.141047 0.004654 -0.044818 -0.044570 0.036809 -0.048814 0.044351 -0.014337 -0.107398 -0.036660 -0.006873 0.025759 0.159691 -0.035344 -0.118010 -0.111984 -0.223277 0.156197 0.033963 0.051431 0.133481 -0.058306 0.146400 -0.189327 0.044172 0.398990 0.297517 -0.055475 0.037025 -0.000164 0.089736 0.252074 0.091302 -0.038765 -0.089276 -0.057301 0.077737 0.068482 0.237890 0.246170 -0.115965 -0.129438 -0.044538 -0.043129 -0.064667 0.013799 0.158019 0.063273 
-0.172438 -0.213281 -0.085554 -0.110957 -0.383460 -0.246066 -0.226947 0.104518 0.089066 0.022756 0.190707 -0.016008 -0.048010 -0.038072 -0.021834 -0.136881 0.149072 0.127829 -0.176789 -0.051656 -0.014105 -0.186391 -0.242719 -0.030059 -0.086223 -0.011204 0.304331 -0.135123 0.278354 0.143197 -0.046440 -0.128330 0.105081 -0.305553 -0.121674 0.335353 -0.201934 -0.096628 -0.167560 0.047296 -0.031952 -0.130350 -0.143547 0.187580 0.104013 -0.030789 -0.269739 -0.146797 -0.104875 -0.217390 -0.137467 0.045718 0.019185 0.043348 0.261641 -0.188840 -0.319614 0.023479 -0.145680 -0.041885 -0.143216 0.222547 -0.000325 0.105755 
0.161562 0.111078 0.090360 0.088534 -0.162422 0.112675 0.072388 0.031312 -0.161210 0.152803 -0.044651 0.036845 0.023010 -0.071379 0.160072 -0.004220 0.085064 -0.031686 0.009895 -0.084238 -0.131778 0.028926 -0.016277 -0.057378 -0.120163 -0.044152 0.118925 0.028934 -0.040228 -0.214300 0.073091 -0.181885 0.195154 -0.129085 -0.161034 0.219277 -0.078345 0.068983 0.050322 -0.115437 0.055743 -0.077345 0.195111 -0.178951 0.027719 0.116545 0.023337 -0.027718 -0.082643 -0.104233 0.180438 -0.076233 0.128851 -0.097256 0.060484 -0.072996 -0.032089 0.013346 0.044589 0.105467 -0.069690 -0.044316 -0.244391 -0.112407 
0.032705 -0.086054 -0.129914 0.029858 0.261398 0.080016 0.217230 -0.042293 0.135275 0.073018 -0.026282 -0.044456 0.062802 0.182594 0.131013 0.115214 -0.109768 -0.005560 -0.048172 -0.175189 0.068670 0.167452 -0.050677 0.020470 -0.097939 0.161269 -0.120362 -0.024197 -0.192361 -0.060420 0.052244 -0.011864 -0.019561 0.099170 -0.137885 -0.135723 -0.036193 -0.112009 0.218192 -0.091922 0.131535 -0.027213 0.101274 0.013435 -0.047286 0.025438 0.014984 0.043603 -0.124962 0.100770 0.074520 -0.196198 -0.044892 0.139248 -0.049456 0.006970 0.246886 0.105727 0.134843 0.094571 0.023997 -0.078595 -0.003991 -0.140315 
-0.284085 -0.216126 0.061723 0.052833 0.015702 0.060000 0.077152 -0.027064 0.091066 -0.023803 -0.263494 0.011003 -0.136109 0.072836 0.136459 -0.145211 -0.167805 0.025349 -0.047538 0.093537 0.006037 0.060465 -0.226704 -0.090299 -0.011790 0.089054 -0.113518 -0.113687 -0.042371 0.317071 -0.335545 0.148591 -0.246035 -0.028949 -0.210646 0.055623 -0.195022 0.040712 -0.210687 -0.032743 0.013336 -0.132037 -0.007315 0.031530 0.173864 0.026719 0.021557 0.146918 -0.117613 0.126699 -0.265543 0.093261 0.168264 -0.074053 0.124151 -0.007456 0.074519 -0.274103 0.003712 0.188295 0.037362 0.113803 0.074708 0.034633 
0.004371 -0.008800 0.034721 0.015771 -0.081709 -0.009414 0.111518 0.002629 0.042676 -0.107944 -0.299023 0.083026 0.113067 -0.115992 0.046270 0.018224 -0.005471 -0.192542 -0.208788 -0.058484 0.038802 -0.149375 0.192127 -0.151092 -0.262557 -0.084220 0.234760 0.140465 -0.026793 -0.133683 0.103184 0.099231 0.231070 -0.259366 -0.060376 -0.066901 0.071028 -0.126468 0.080365 -0.018241 0.046647 0.132453 -0.048019 -0.173694 0.046138 0.133976 0.128523 -0.139750 0.171566 -0.229434 0.082945 0.004580 -0.050539 0.047670 -0.030311 0.015367 -0.138803 0.102336 -0.130728 -0.126706 0.074753 0.242427 -0.253477 -0.056751 
-0.241144 0.085545 -0.012475 0.069540 -0.077091 -0.074979 -0.010940 -0.006129 -0.152538 0.013581 0.050176 0.012410 -0.048416 0.037703 0.021433 -0.080023 -0.032192 -0.104197 0.135675 0.041250 0.029387 -0.084113 -0.153603 0.119322 0.043357 -0.021028 -0.125204 -0.103736 -0.124541 0.086392 -0.059870 -0.033224 -0.066490 0.194010 -0.177003 -0.052078 -0.126833 0.045608 -0.144137 -0.071279 -0.170210 -0.001927 0.040910 -0.027844 -0.115067 -0.048770 0.063882 0.032911 -0.011253 0.014780 -0.065015 -0.133588 0.071303 -0.015193 -0.207566 -0.163804 0.200811 -0.100402 -0.077099 -0.093806 0.147966 0.098633 0.033650 -0.023207 
0.033389 -0.066205 0.093638 0.234342 -0.290532 0.072973 -0.211907 -0.142911 -0.008472 0.344986 0.032485 -0.221118 -0.051461 -0.121261 0.269955 0.104929 0.083295 0.018481 0.020903 -0.166352 0.084975 0.138562 -0.259809 0.010738 -0.182906 0.068677 0.392304 -0.194482 0.011942 0.049298 -0.106502 -0.301544 0.172263 -0.148087 -0.060445 0.447728 -0.021764 -0.045655 0.205196 -0.278722 -0.248761 -0.078128 -0.185123 0.003833 0.025367 0.083975 0.089568 -0.288367 -0.101852 -0.045241 -0.171473 0.222226 -0.032872 0.063725 0.167574 0.093554 -0.386211 -0.063874 0.037658 0.071587 0.053126 0.376883 0.088918 0.119538 
-0.152122 0.139016 0.064304 -0.078902 -0.116044 0.114575 0.134598 -0.234232 -0.210322 0.016326 0.016670 0.046585 0.051657 -0.095658 0.110691 0.200583 0.082467 -0.223265 0.128125 -0.151158 0.013867 -0.047188 0.248670 0.131794 0.099772 0.035350 -0.209451 0.041204 -0.104541 0.051887 -0.090635 -0.029480 0.104308 0.176929 -0.074852 0.022275 0.115209 0.355379 0.215998 0.076551 -0.008362 -0.429401 -0.025645 -0.256023 -0.168618 -0.045288 0.150455 -0.195731 -0.005603 -0.000777 0.008761 -0.303175 0.059187 -0.088726 -0.028465 -0.019885 0.056934 -0.125104 0.140332 -0.203337 0.114510 -0.234237 0.027516 0.084112 
-0.310354 0.026398 0.020399 0.089084 -0.077676 -0.053517 -0.098499 -0.182464 -0.013338 0.235196 -0.138822 0.202625 -0.125812 0.178763 -0.169863 0.064584 -0.116445 0.102310 0.090496 0.198874 0.122356 -0.082861 -0.133331 -0.132791 0.011556 -0.069737 -0.055424 -0.020364 0.009559 -0.035551 -0.267795 0.052443 0.073640 0.040020 -0.063674 0.014915 0.080785 0.114418 -0.104684 0.018648 0.062286 -0.075825 -0.054049 -0.159316 -0.105084 0.007959 0.013918 0.021575 0.129463 -0.038333 -0.102563 0.085336 0.147284 0.070330 -0.088829 -0.139593 -0.299270 -0.060330 0.066227 0.064099 -0.069111 0.081425 -0.131259 -0.053661 
-0.324453 -0.063331 0.450772 0.354443 -0.168526 0.202231 0.277831 0.758080 
-0.091659 -0.102315 0.074703 -0.351262 -0.135472 0.033814 0.174139 0.228408 
0.108182 -0.174964 -0.050311 0.109513 0.118660 -0.045864 -0.003130 -0.184732 
-0.031428 0.014296 -0.060335 0.091338 -0.207723 0.058853 -0.072123 -0.037273 
0.125752 0.267330 -0.409073 -0.044490 0.007014 0.019373 -0.134818 -0.363058 
-0.008714 0.206373 -0.131517 -0.114356 -0.086283 -0.036156 0.072780 -0.027267 
0.133207 0.354990 -0.080932 -0.021042 0.227835 -0.176807 0.080978 0.086670 
-0.260833 0.229637 0.314101 0.018580 -0.103991 -0.005291 -0.047146 -0.045555 
-0.135456 0.313282 0.457618 -0.168348 -0.056629 -0.001100 -0.048903 -0.021214 
-0.121940 -0.336201 0.142044 0.239812 -0.045934 0.224995 0.123824 0.049329 
0.051179 0.203847 0.154258 -0.418542 0.087408 0.232545 0.223827 0.327512 
0.018996 -0.243034 -0.126764 -0.069880 -0.084351 -0.163535 -0.026564 -0.151229 
0.103166 0.061255 -0.101744 0.259490 0.118058 -0.114535 0.175504 0.059571 
0.038090 -0.233831 0.050161 0.099361 0.241510 0.481306 -0.052455 0.017296 
0.276293 -0.058197 -0.048053 0.331252 0.150646 0.135508 -0.043978 0.170220 
0.050417 -0.005086 -0.107269 -0.006136 0.105108 0.173241 0.138404 0.149586 
-0.152688 0.178569 0.208744 0.001553 -0.112709 0.025378 0.178813 0.160732 
-0.120242 -0.134648 0.150795 -0.012131 -0.047991 0.113921 -0.130165 0.031583 
0.226558 -0.015655 -0.088589 -0.221543 0.046336 0.178051 -0.070871 -0.018019 
-0.250642 0.033038 0.042188 -0.008113 0.240426 0.064838 -0.050784 0.001734 
-0.100266 -0.127488 0.069738 0.017650 0.084686 0.008414 0.087255 0.002300 
0.291942 0.150161 -0.170742 0.041640 -0.035292 0.194545 -0.049394 -0.003282 
0.066015 0.087006 0.026080 0.069903 0.510083 -0.177054 0.104102 0.461235 
0.020259 0.351115 -0.027609 -0.089994 -0.157196 -0.070840 0.053795 0.060275 
-0.018960 0.035192 -0.115459 -0.155046 0.054300 0.244786 -0.078246 0.080875 
0.178176 0.066542 -0.056086 -0.105615 -0.019788 0.244695 -0.021176 0.049104 
0.139917 -0.021396 0.253314 0.391463 -0.513712 0.028626 0.088526 0.001265 
0.050520 -0.024188 0.044157 -0.007658 0.342469 -0.089837 -0.041293 0.081259 
-0.307790 -0.071155 0.207972 0.072037 0.155890 0.036602 0.174544 0.159617 
0.150243 0.125646 -0.093844 0.278877 0.157241 -0.258279 -0.419811 -0.502369 
0.080157 -0.173705 -0.126124 -0.237057 -0.160839 -0.068529 0.211380 0.445173 
-0.273393 0.096777 -0.002285 -0.335753 -0.198570 -0.285976 -0.173090 -0.249555 
0.089113 0.027027 -0.093608 -0.221585 -0.254405 -0.396693 0.149231 0.057169 
0.181582 -0.299704 -0.393234 -0.287136 0.046420 0.240198 -0.042754 -0.025512 
0.004549 -0.165209 -0.225536 0.150747 0.011939 0.111535 0.093503 0.180233 
-0.052844 -0.240845 0.383283 0.287724 -0.369818 0.208657 0.062755 0.220691 
-0.045857 -0.083337 -0.172745 0.100181 -0.035009 0.047938 0.149749 0.277420 
0.208848 0.064988 -0.373416 -0.490598 0.329914 0.203934 0.084325 0.372639 
0.316104 -0.020190 -0.198756 0.231984 -0.222182 0.069454 0.239280 0.209699 
-0.068027 0.000945 -0.053500 -0.070734 0.192949 -0.074728 -0.107320 -0.152850 
0.013557 0.195397 0.075914 0.157108 0.335245 -0.242987 0.033197 0.150624 
-0.058567 -0.007166 0.618952 1.076127 -0.517240 -0.109468 -0.180460 -0.484835 
0.023590 -0.186671 0.083295 0.427728 0.563720 -0.008325 -0.000303 0.020712 
-0.110570 0.273718 0.112860 0.072458 0.015963 0.095950 -0.092427 0.039468 
-0.165090 0.116182 0.193546 0.118753 -0.147498 -0.124440 0.002600 -0.187235 
0.075488 -0.144293 -0.007772 0.096417 0.180982 -0.038685 0.032514 -0.062402 
0.079024 -0.008761 -0.262341 0.170507 -0.000698 -0.128700 0.050395 0.059861 
-0.122956 -0.353738 0.527360 0.287534 0.481240 -0.010063 -0.149900 -0.296139 
0.007189 0.099416 0.127890 0.101443 0.133456 -0.087970 0.003174 0.161201 
0.163610 -0.115914 -0.323180 -0.213344 0.163160 0.196606 -0.199355 -0.051400 
0.074188 -0.321526 -0.133432 -0.375628 -0.191890 -0.068964 0.291146 0.411201 
-0.143115 0.021097 0.174038 0.176137 -0.104647 0.058406 -0.061403 -0.100828 
0.211589 -0.402149 -0.089414 -0.012039 -0.054212 -0.125667 -0.190562 -0.147485 
0.003401 -0.065836 -0.106296 -0.003773 -0.230285 -0.035790 0.069476 0.089299 
-0.119042 -0.092525 0.126062 0.087482 -0.025850 0.151413 0.033803 -0.029260 
-0.119126 0.032202 -0.053329 0.506894 0.267957 0.066167 0.122338 0.153490 
0.168242 0.522550 -0.266120 0.118391 -0.017675 -0.245165 -0.124322 -0.263622 
0.112145 -0.137515 -0.034823 -0.275852 -0.142059 -0.239202 0.146455 0.031074 
0.082023 -0.050834 -0.144514 -0.161954 -0.106739 0.092727 0.094562 -0.061051 
-0.158975 0.059965 0.023021 0.046479 0.003802 0.151724 -0.152501 0.078307 
0.179680 0.154920 -0.062842 -0.072952 -0.358179 -0.039129 -0.094849 -0.296414 
0.085868 -0.332718 0.044494 0.467140 -0.406205 -0.013145 -0.175848 -0.072511 
0.107762 0.198590 0.126806 0.224979 0.063615 0.442142 -0.128179 0.106849 
0.143458 -0.152496 -0.161368 0.027528 -0.205396 0.009691 -0.157019 0.041731 









0.000000 
0.000000 
0.000000 
0.000000 
0.000000 
0.000000 
0.000000 
0.000000 
-0.152937 
-0.248717 
-0.003375 
0.088478 
-0.065025 
-0.025297 
0.308500 
-0.307728 
-0.085238 
-0.285180 
0.031917 
0.105632 
-0.288255 
0.013342 
0.230737 
-0.066391 
-0.041991 
0.337788 
-0.409616 
0.262299 
0.180361 
0.087872 
0.236903 
-0.005419 
0.056557 
0.197017 
0.274249 
0.644467 
-0.373911 
-0.032487 
0.195724 
-0.024749 
-0.218562 
-0.056099 
-0.252867 
0.040516 
0.304030 
0.153593 
0.167240 
-0.034563 
0.200390 
-0.392874 
-0.525576 
0.433205 
0.101238 
-0.483020 
-0.092885 
0.278147 
0.110981 
0.343356 
0.046894 
-0.022168 
-0.074861 
-0.263994 
0.285087 
-0.250917 
-0.137732 
0.256458 
-0.386364 
-0.122235 
0.264904 
0.194654 
0.261702 
0.027554 
0.073381 
-0.305261 
0.146317 
-0.069707 
-0.204390 
-0.340563 
-0.259654 
0.003215 
0.007287 
0.029350 
0.130244 
-0.123064 
-0.017979 
-0.132534 
0.195701 
-0.008723 
-0.190370 
0.023356 
-0.294200 
-0.178334 
0.037183 
-0.118345 
0.065691 
0.059738 
0.176883 
0.164827 
0.215691 
0.046154 
-0.293636 
-0.092816 
-0.427613 
0.072142 
0.456742 
-0.013180 
-0.147897 
-0.283117 
0.131026 
0.000610 
-0.446913 
0.047354 
0.056380 
0.156028 
-0.014406 
-0.071216 
0.116762 
-0.140509 
-0.052384 
0.214951 
0.057339 
0.084000 
-0.285996 
-0.187203 
0.035439 
-0.040599 
-0.131493 
0.079814 
-0.278351 
-0.115721 
-0.258766 
0.148520 
-0.059630 
0.099475 
-0.248887 
-0.066008 
-0.439245 
-0.500524 
-0.206941 
0.374416 
-0.074153 
0.086629 
0.304414 
-0.061496 
0.113942 
0.260964 
-0.279393 
-0.029913 
-0.299875 
-0.201708 
0.028355 
-0.015263 
-0.401094 
0.087062 
-0.347759 
0.005564 
-0.224169 
-0.147053 
0.215285 
-0.373568 
0.009197 
0.081245 
-0.234032 
0.062937 
-0.368982 
0.121394 
-0.223857 
-0.156112 
-0.073901 
-0.163852 
0.138372 
0.011894 
-0.281483 
0.386674 
0.157598 
0.163412 
0.119483 
-0.177415 
0.442889 
0.233676 
-0.203535 
0.274972 
0.523858 
-0.022030 
0.000525 
-0.289440 
-0.062413 
-0.110687 
-0.177614 
-0.175835 
0.274454 
-0.008114 
-0.178868 
0.216477 
0.237858 
-0.224227 
0.315141 
0.033298 
0.256893 
0.039698 
0.175498 
0.001608 
-0.084376 
0.250384 
0.013469 
-0.085713 
0.362326 
-0.199700 
-0.008818 
0.015105 
0.116334 
0.188873 
0.319889 
0.253830 
-0.239417 
-0.363275 
-0.266826 
-0.228054 
0.206703 
0.219090 
0.154170 
0.348736 
-0.101496 
0.032514 
0.351311 
-0.486650 
0.316496 
0.149357 
-0.123768 
0.120494 
0.107205 
-0.106699 
0.158216 
-0.208508 
-0.295916 
-0.042346 
-0.282967 
-0.007492 
-0.011958 
0.424667 
-0.283246 
-0.216867 
-0.165396 
0.028028 
-0.495245 
-0.043115 
0.238835 
-0.232860 
-0.195397 
0.306661 
0.379162 
1.058978 
0.956294 
0.567457 
0.166912 
0.750095 
2.129000 0.365039 0.148926 
