-0.446776 0.242254 0.367131 0.083802 -0.316273 -0.330886 -0.139619 -0.119334 -0.061212 -0.151546 -0.336727 0.080425 -0.089392 0.060731 0.202785 0.377144 -0.051993 -0.328883 -0.060216 0.271641 -0.202946 0.250684 -0.168291 0.068422 -0.105980 0.102711 0.052104 0.156372 0.322262 -0.059508 0.207946 0.159807 0.134481 0.047537 0.067180 -0.035038 0.080928 -0.345641 -0.084975 -0.083765 -0.044369 0.093716 -0.039908 0.147770 -0.073103 -0.082574 0.475761 -0.217653 0.209532 -0.014698 0.059218 0.064784 0.331786 -0.221283 0.168162 -0.329489 -0.052417 0.119518 0.066227 -0.115808 0.030750 0.227901 -0.102681 0.105829 
0.256264 0.187174 0.081320 0.107020 -0.010398 0.008060 -0.205324 -0.220448 -0.120480 -0.154168 -0.331197 0.163810 0.006842 -0.119992 -0.197814 0.297429 0.043555 -0.033600 -0.150899 0.296859 0.166049 -0.071962 0.027998 0.081996 0.321011 0.088573 -0.131951 -0.069995 -0.056699 0.224960 -0.034568 -0.357325 0.301468 0.099538 0.256573 -0.122380 -0.117686 -0.159952 -0.380640 0.001000 0.032816 -0.005715 0.276244 -0.370564 -0.295459 0.308929 0.345040 0.178050 0.171696 -0.222278 -0.153768 -0.000893 -0.073075 -0.109219 0.111902 0.276506 0.191032 -0.009194 -0.180230 0.041778 -0.006308 0.223911 0.234931 -0.043699 
-0.257103 0.212443 0.120532 -0.257643 -0.230127 -0.400044 -0.194996 0.152039 0.121055 0.010593 -0.009109 0.000153 0.085127 0.220121 -0.012154 0.141683 0.257428 -0.154455 -0.102160 0.050729 0.013369 0.319292 0.191994 -0.118545 -0.055858 -0.148991 -0.411165 -0.107139 0.107962 0.192768 0.337414 0.058565 -0.050446 0.259893 -0.216531 -0.110410 0.282361 0.065095 -0.047788 -0.223899 0.120919 -0.191525 -0.193691 -0.052366 -0.073274 0.050799 0.173786 -0.071241 0.174567 0.134200 -0.174153 -0.285948 0.576038 -0.148248 0.024494 -0.349666 -0.089880 0.067089 0.107380 0.309196 -0.056447 0.250216 0.006405 -0.149006 
0.110539 0.262289 -0.026611 -0.503085 -0.054322 -0.530393 0.022091 -0.092227 -0.043257 -0.066834 -0.189360 -0.221394 0.712129 -0.179256 -0.094791 -0.007084 -0.192151 0.127148 0.282969 0.143014 0.005532 -0.004179 -0.152309 0.169336 0.427906 0.397260 -0.358563 -0.570309 0.150880 -0.212651 -0.102440 -0.061544 0.161751 0.064750 0.136474 -0.614504 -0.114592 0.038162 -0.178194 -0.333460 -0.340472 0.018862 0.370055 0.064390 -0.472732 0.097894 0.058523 0.049861 0.222365 0.108660 0.025647 0.007509 0.100297 0.151605 0.005346 0.061741 -0.022001 -0.223517 -0.217963 0.058884 -0.018017 -0.065393 0.134223 0.025096 
0.123223 -0.251005 0.162934 -0.166126 -0.090665 -0.179064 -0.298547 0.129288 -0.048645 0.148059 -0.456351 0.178791 0.103769 0.110191 0.139456 0.231225 0.131203 -0.051363 0.197025 0.106598 -0.238041 0.045303 -0.198798 0.163563 0.226261 0.000361 0.017055 -0.397849 0.055512 -0.136889 -0.031951 0.255045 -0.047281 0.013125 -0.005855 0.148386 0.093331 0.102272 -0.266193 0.138712 -0.063386 -0.048255 0.013515 0.288567 0.052583 0.000745 -0.147969 0.169698 0.238128 -0.303412 -0.029991 -0.201934 0.274668 0.232450 0.113780 0.034449 -0.009722 0.001541 -0.017526 -0.166711 0.140802 0.433133 0.100444 0.171095 
0.024025 -0.057727 0.172516 -0.422460 0.268418 -0.302348 -0.049214 -0.079796 0.366430 -0.310041 -0.139361 -0.299883 0.294534 -0.053912 -0.219870 0.148386 0.135178 0.309637 0.033274 0.002765 0.243887 0.072758 0.062616 -0.036106 0.094707 -0.362898 -0.411017 0.106614 0.398166 0.089697 0.037605 -0.041159 0.292032 -0.161046 0.097822 0.183563 -0.098611 0.124871 -0.052939 -0.127897 0.240925 -0.021966 0.191607 0.071909 -0.310566 0.049054 -0.084082 -0.421762 -0.001793 -0.243034 0.076210 0.086546 0.024747 -0.188730 0.046966 -0.076845 -0.029012 0.215513 0.325778 -0.118458 0.047912 0.015592 0.111514 0.374834 
0.248706 -0.081580 0.152331 -0.019883 -0.109078 -0.272436 0.065243 -0.186916 0.098746 -0.071539 0.286114 0.248191 -0.207732 -0.126920 0.288862 0.334377 0.077498 -0.019304 -0.023732 -0.206722 -0.297682 -0.227597 0.091084 0.127764 -0.199073 0.019836 -0.272344 0.394419 0.178363 0.257373 0.030303 0.132824 -0.036331 -0.108779 -0.149979 0.166755 -0.123473 0.228496 0.127028 0.330484 -0.233651 0.203024 0.257608 -0.038153 -0.262260 0.226966 -0.001389 0.151112 0.041859 0.143493 0.121043 -0.119800 -0.254366 -0.147256 -0.311957 -0.127667 0.161871 -0.165630 -0.224137 0.224084 -0.285715 0.129867 0.140172 -0.092393 
-0.207689 0.048673 -0.167211 -0.068239 -0.047724 0.246804 -0.068192 0.063167 0.118736 -0.108017 -0.287586 0.045188 -0.252009 -0.050273 -0.135554 -0.059372 -0.021163 0.149703 0.276281 -0.017911 -0.175745 -0.281539 0.125415 0.292682 -0.154712 0.162515 0.012844 -0.027983 -0.004473 -0.263191 0.145560 0.185420 0.149027 0.248300 -0.051772 -0.232307 0.276799 0.174026 -0.001988 0.081684 0.229293 0.029895 -0.188005 -0.256085 -0.013514 -0.040580 -0.119392 0.032036 0.088168 -0.188902 0.226229 0.136615 0.068897 0.051647 0.032192 0.200148 -0.126844 0.007767 0.302915 -0.246417 0.003654 0.073629 0.381266 -0.119577 
0.068212 -0.136601 -0.044005 -0.056235 0.163175 0.127975 -0.105705 0.130956 0.206708 -0.078149 0.066346 0.095530 -0.005995 0.001067 -0.051085 -0.049635 0.057636 -0.037791 0.060707 -0.085047 0.097029 -0.081328 -0.113989 -0.047058 0.089486 -0.176616 -0.073695 -0.014640 0.165676 -0.137838 -0.003293 0.105389 
0.012276 0.087173 0.146546 -0.034560 0.092847 0.065040 -0.004957 0.076486 -0.062238 0.016926 -0.002467 -0.078017 0.080511 -0.034908 -0.088284 0.066765 0.004699 -0.029780 -0.125040 0.053733 0.123136 0.013296 0.043068 0.146946 -0.080585 0.002694 0.187923 0.003046 -0.151353 0.043255 -0.030055 -0.010032 
0.000197 0.017919 0.017317 0.023470 0.014901 -0.098239 0.194437 0.081983 -0.096693 -0.112829 -0.060197 -0.057019 -0.099630 0.001091 0.098330 0.052915 -0.004132 0.179015 0.036586 0.114371 -0.114104 -0.063304 0.031768 -0.037561 0.015821 0.048165 -0.036405 -0.119318 0.033631 0.040171 0.042927 -0.117201 
-0.004491 -0.022720 0.064864 -0.130763 0.034501 0.045599 0.103783 0.129223 0.080523 0.061134 0.117162 0.101453 -0.065105 0.179443 0.074335 -0.117227 0.066749 -0.177231 0.056479 0.065548 -0.114529 -0.091726 -0.014232 0.150623 -0.012759 -0.112228 0.123016 -0.042960 -0.073102 0.023885 -0.040478 0.083404 
0.045518 0.088048 -0.024418 -0.048040 -0.048464 -0.019604 -0.170898 -0.057542 0.141282 -0.135499 0.038429 0.068058 0.108419 -0.031767 0.013942 -0.019112 -0.006693 0.065155 0.072927 0.084759 0.083653 -0.077429 0.018075 -0.030992 0.007539 -0.052232 -0.028163 -0.023333 0.051077 0.027221 -0.033627 0.039625 
0.027804 -0.089685 0.026430 -0.118441 0.075281 0.039316 -0.126136 -0.045954 0.165591 -0.093558 -0.055527 0.069713 0.101322 -0.129777 -0.015261 -0.111832 0.037842 -0.074338 -0.031180 -0.122859 -0.006977 0.015678 -0.045588 0.179656 0.040529 -0.162136 0.138097 0.048289 0.118531 -0.065184 0.016091 0.147058 
0.012522 -0.008142 -0.020458 0.011531 -0.188591 -0.043958 -0.208074 -0.035911 0.058761 0.052058 0.157265 -0.099471 0.072100 -0.135943 0.006842 -0.050321 0.053699 -0.031958 -0.059878 0.038846 -0.065437 0.034233 0.058916 0.147597 -0.029193 -0.088340 0.207138 -0.067667 -0.193821 -0.149277 0.059335 -0.012090 
-0.093336 -0.106244 -0.120301 -0.033900 0.150471 -0.024755 -0.003827 -0.063373 -0.010025 -0.070737 0.027657 -0.072376 0.003459 0.080043 -0.018905 -0.109732 0.016170 0.033569 0.037023 0.082623 0.146347 -0.020998 -0.073588 0.202929 -0.112941 -0.129831 -0.050517 -0.036373 -0.042039 0.036952 0.100583 0.119163 
0.016665 0.100269 -0.147484 0.050216 -0.096658 0.074194 -0.130973 0.028577 -0.090760 -0.103960 -0.121658 0.124731 0.118053 -0.091589 0.051145 -0.050805 0.132831 0.055685 -0.019646 0.037641 0.025568 -0.042397 0.072390 -0.070080 0.029963 0.102941 -0.106949 -0.062666 0.124784 -0.081502 0.083479 -0.078916 
-0.195248 -0.137621 -0.065433 -0.053057 0.198786 0.041077 -0.058614 -0.025034 -0.066011 -0.124992 0.074587 -0.063089 -0.034247 0.071513 0.147125 -0.080332 0.028353 0.061565 -0.004593 -0.043752 0.057004 0.054985 -0.097671 0.163512 -0.035774 -0.081115 0.041881 0.121208 -0.000092 0.088716 0.091775 0.159668 
-0.019006 0.013188 0.143684 -0.129472 -0.159126 0.046589 -0.343328 0.092815 0.017816 0.016058 0.161675 0.068003 0.140281 -0.056563 0.006636 -0.126934 -0.063684 -0.166858 0.104290 0.097044 -0.019918 0.062624 0.002217 0.371950 -0.030772 -0.326259 0.055899 0.107273 -0.021387 -0.085871 -0.039837 -0.117903 
-0.023926 -0.044880 0.020949 -0.131080 0.030242 0.042425 0.039177 0.142879 -0.054300 -0.007664 -0.074360 -0.054885 -0.056592 0.084450 -0.024061 0.012079 0.120620 -0.165592 -0.066674 -0.141559 -0.022210 -0.009570 0.039720 -0.025343 -0.103654 0.045790 0.083125 -0.042734 0.005988 0.051844 -0.026491 -0.018835 
-0.040908 0.059387 0.052191 0.006810 0.151926 -0.043978 -0.056743 -0.088335 0.115512 0.042121 -0.044231 0.098559 -0.125612 -0.019374 -0.002779 -0.114134 -0.073841 0.173454 -0.041723 -0.020505 -0.004472 -0.063732 -0.023828 -0.041877 0.098317 0.073347 0.050146 -0.087790 0.106524 -0.005876 0.051286 0.025301 
0.018912 0.024837 0.029312 -0.041214 0.007237 0.134869 -0.020576 -0.140884 -0.018538 -0.044224 -0.143779 0.112720 -0.122313 0.059810 0.113657 0.002749 -0.067383 0.074038 0.069242 0.048572 -0.038221 0.054895 0.010658 0.078751 0.008695 -0.065602 0.112565 0.091313 -0.051808 0.151570 -0.007454 -0.034978 
-0.029881 -0.013282 0.028745 0.071231 -0.106103 -0.167552 0.125530 0.032150 -0.046350 0.083687 0.022133 0.002760 -0.125633 0.025124 0.031034 0.051041 -0.097244 -0.137868 -0.052096 -0.071267 0.014167 0.132551 -0.079309 0.158326 -0.049844 -0.127632 0.092158 0.040502 0.009144 0.071207 0.095921 -0.025027 
-0.079230 0.003032 -0.089511 -0.031194 -0.040065 0.126877 0.309936 0.232397 0.012759 -0.013446 0.000421 0.064601 -0.058594 0.049968 -0.028184 0.116734 -0.105124 0.105184 -0.073851 -0.092883 -0.008931 -0.099148 0.094842 -0.044773 0.110129 0.125679 -0.066635 -0.096815 -0.027277 -0.033182 0.060263 -0.090624 
0.018818 -0.114936 0.007336 -0.001316 -0.070706 0.108144 -0.000026 0.080428 -0.069891 -0.098749 -0.014872 0.133042 0.014910 -0.019324 0.028288 0.051041 0.037912 -0.025742 0.087348 -0.009258 0.148927 0.024487 0.017691 -0.043370 -0.095168 -0.040674 0.000100 0.057363 -0.045689 0.046606 -0.096203 0.044386 
0.021609 0.017710 -0.089910 -0.008673 -0.029690 -0.109295 -0.152071 -0.070165 0.061001 0.041258 -0.152128 0.096771 0.139438 -0.043535 0.009126 -0.011946 -0.049542 -0.001587 -0.004022 -0.092551 0.077847 -0.071759 -0.018499 -0.020877 0.087128 -0.074878 -0.079574 -0.000393 0.094508 -0.104255 -0.019609 -0.018193 
-0.052913 0.039328 0.062759 -0.025153 0.026614 -0.131706 0.043239 -0.105962 -0.158549 0.155869 -0.090189 -0.091409 -0.024860 0.044148 0.061907 0.052248 -0.027418 0.013200 0.098602 -0.000739 0.038868 -0.058340 -0.073364 -0.054327 0.084498 0.089914 -0.053017 -0.066581 0.114244 0.032883 0.040287 0.089206 
0.051322 -0.013000 -0.007472 0.066917 0.150741 -0.019354 0.156699 0.218329 -0.032803 -0.082998 0.019583 0.107788 0.049231 0.147007 0.015006 -0.022765 0.048521 0.147636 0.097074 -0.002027 -0.172577 -0.062725 -0.021167 -0.039935 0.152949 0.006279 0.043132 -0.010040 -0.103144 0.065759 -0.031171 0.007610 
0.145623 -0.068744 0.011419 0.092576 0.106174 0.022246 -0.096503 0.086736 -0.005397 0.014354 0.077790 0.000799 0.011848 -0.187102 -0.083250 -0.082040 0.142560 0.082880 0.060538 0.219872 0.027622 -0.116382 -0.062174 0.019864 -0.036723 0.031324 -0.157627 -0.027073 0.123790 0.198695 -0.027468 0.080000 
0.011476 0.008672 0.045740 0.038512 0.084267 0.117775 0.035587 -0.039604 -0.081149 0.106600 0.112219 0.094895 -0.157889 -0.125236 -0.085242 0.099559 0.000351 0.221650 0.071305 -0.017807 -0.141040 -0.029200 0.013144 -0.130743 0.018295 0.111511 0.018823 -0.047208 0.020936 0.153536 -0.129797 0.032628 
0.127934 -0.081242 0.038169 -0.121502 -0.046290 -0.056026 -0.048648 0.141166 0.070469 -0.060658 0.056557 0.120230 0.029908 -0.078859 0.029521 0.099137 0.166155 -0.104226 0.069408 -0.117097 0.154596 0.003037 -0.017064 0.038537 -0.161472 -0.019543 0.084574 0.070605 -0.098723 0.047525 -0.078682 -0.120420 
-0.060482 -0.104218 -0.026658 0.030097 -0.163267 0.069011 0.134483 0.021596 -0.044423 0.054963 0.001157 0.016190 0.035537 -0.045629 -0.011515 0.041713 0.073643 0.097310 -0.020902 0.011601 0.110828 0.019699 -0.095658 -0.245123 0.106128 0.135527 -0.008014 -0.148990 0.067511 -0.003400 0.003223 -0.013856 
-0.114122 0.009679 -0.051787 -0.095353 0.159140 0.055950 0.083496 0.017637 0.049103 -0.009740 0.039158 0.128015 -0.132310 -0.025847 0.029438 0.028412 -0.048243 0.045587 0.079160 0.140826 0.026586 -0.016771 -0.111284 -0.171136 -0.008546 0.143468 -0.052866 0.048363 0.120286 0.031018 -0.027700 0.132871 
-0.120472 0.036475 0.145351 0.124786 0.041369 0.000959 0.218730 0.005992 0.007183 0.109507 0.049036 -0.093924 0.038445 -0.075414 0.024694 0.074141 0.033802 -0.055927 -0.019359 -0.069318 -0.016227 0.028214 0.020406 -0.281532 -0.013106 -0.038800 0.142205 -0.126976 0.119200 -0.103255 -0.055938 0.124879 
-0.141814 -0.073351 0.010392 0.025842 0.068494 0.010157 0.102526 0.007151 0.021032 -0.041420 0.080179 -0.104737 0.006384 0.068565 0.138742 -0.063220 -0.096441 -0.005120 -0.008613 -0.140539 -0.150469 -0.065866 -0.004374 0.149277 0.003958 -0.056378 0.082361 0.028958 -0.027745 0.020166 0.162356 0.044882 
0.108400 0.115958 -0.045697 0.036088 -0.118932 -0.108939 -0.082026 0.076378 -0.029025 0.122510 0.118558 0.006522 0.031780 0.037178 0.036691 0.113931 -0.067076 -0.154632 -0.119283 -0.108361 -0.067606 0.018027 0.121578 -0.031578 -0.023031 -0.085707 0.010103 -0.042365 -0.149246 -0.110033 -0.073184 0.004571 
-0.095047 0.052978 -0.011970 0.043659 -0.037478 -0.053285 0.012583 0.029425 -0.049921 -0.064880 0.016609 0.062191 0.001607 -0.052329 0.035654 0.065533 -0.073805 0.192224 0.117618 0.102607 -0.001135 -0.033102 0.053279 -0.082458 0.068921 0.170247 -0.124450 0.024626 0.055823 -0.063013 0.099573 -0.037026 
0.203532 -0.103919 0.095638 -0.063589 0.061623 0.038996 -0.083493 0.174872 0.053998 -0.022054 0.021640 0.196001 -0.013758 0.048765 0.114373 0.037134 -0.136740 -0.129989 0.105553 -0.074922 -0.000975 -0.037948 0.009245 0.225432 -0.051866 -0.168813 0.060394 0.112997 -0.166685 -0.006299 -0.098079 0.060265 
0.059829 -0.097941 -0.015228 0.028795 -0.080622 0.105293 0.007731 -0.035634 -0.102366 0.041613 -0.004289 -0.096399 -0.001801 -0.063965 0.015886 0.145069 0.179745 0.152442 -0.055146 0.100063 -0.014223 0.023103 0.059712 -0.055833 -0.148255 0.070526 -0.073243 -0.044595 0.114466 0.050080 -0.077681 0.012156 
-0.040226 0.012930 -0.116277 0.079580 -0.070800 -0.100791 0.050700 -0.176023 -0.043224 0.109381 -0.097683 -0.017639 -0.107902 -0.022796 0.054736 -0.070636 -0.100764 -0.005521 -0.116533 -0.114116 -0.026487 0.098179 0.100751 0.002571 -0.050936 -0.028569 0.081594 -0.005740 0.005306 0.019241 0.197596 -0.022718 
0.007278 -0.060318 -0.085037 0.057902 -0.066447 0.063682 0.097651 0.041346 0.088994 0.134302 0.033113 0.124301 -0.088462 0.013401 -0.172158 -0.061234 -0.076677 -0.033115 -0.046937 0.020791 -0.092002 -0.037741 0.138217 -0.122173 0.109226 0.092672 0.046746 -0.091402 -0.056129 0.025922 -0.005453 -0.071150 
0.113023 -0.099728 -0.009399 -0.053338 0.032522 0.144111 -0.028643 0.016998 -0.015971 0.009264 -0.008712 -0.072352 0.044636 0.014198 -0.142076 0.132148 0.177648 0.003783 -0.127339 0.090790 0.011716 -0.088469 -0.063764 -0.086185 -0.041823 0.051164 0.025610 -0.094240 0.026070 -0.054115 0.023306 0.022469 
-0.043592 0.145755 -0.083593 0.023213 0.157030 -0.001629 -0.075968 0.112730 0.149988 0.048604 0.056719 -0.036123 0.001987 0.107952 -0.068191 -0.123254 -0.099623 0.062770 -0.056723 -0.039921 -0.095478 -0.056546 0.000646 -0.106725 0.115524 0.033412 -0.113784 -0.046963 0.001921 0.081447 -0.052886 -0.091886 
0.105660 0.014589 -0.129176 0.015820 0.080605 -0.020551 -0.124213 0.125375 -0.051710 -0.167260 -0.099047 0.081077 -0.069537 -0.004670 0.047634 -0.028159 -0.049084 0.104953 0.109100 0.078673 -0.048973 -0.135402 0.165937 0.249667 -0.040532 -0.094984 -0.125675 -0.023063 0.037109 0.047575 0.082910 -0.001874 
-0.079902 -0.072717 -0.082276 -0.122071 0.029615 0.032938 0.072028 -0.040568 -0.039798 0.105785 -0.071268 0.076490 -0.057298 0.138834 -0.031798 0.076392 0.050436 -0.022753 -0.023352 0.026117 0.125328 0.036495 0.016035 0.189180 -0.018636 0.012835 0.100256 0.087795 -0.091369 -0.042567 -0.009856 0.010563 
-0.024098 -0.071937 -0.018319 0.029192 -0.175276 -0.069252 -0.135735 -0.028497 -0.063894 -0.017103 -0.017829 0.066978 -0.012949 -0.031226 -0.004306 -0.120008 0.024589 -0.203313 0.063825 -0.090908 0.128557 -0.053684 -0.133737 0.097248 -0.085313 -0.010279 -0.067813 0.051926 0.109160 -0.087422 -0.029908 -0.044874 
0.041498 0.046035 -0.084708 0.022813 -0.072379 -0.045024 -0.151319 -0.029194 -0.078925 0.069985 0.061468 0.029299 0.055797 0.046268 0.063110 0.053655 0.127392 -0.076400 -0.073843 -0.033236 0.122780 0.006131 0.091284 0.192360 -0.166049 -0.054567 0.085136 -0.060543 -0.115552 -0.048365 0.037596 0.141307 
-0.021162 -0.088447 -0.114580 -0.032593 -0.160769 -0.061856 0.134446 0.016138 -0.085436 -0.124760 -0.061403 -0.010658 -0.103775 0.190103 -0.049875 -0.050281 -0.074353 -0.087102 0.019148 -0.031557 0.108448 -0.000398 0.101347 -0.024987 0.022882 -0.020274 0.089904 0.011784 0.094184 -0.126398 0.118108 -0.105037 
0.070810 -0.025080 -0.177982 0.034314 0.017877 0.079222 -0.067532 0.091445 0.042964 -0.073294 -0.114487 0.119754 0.085754 0.077288 -0.115660 -0.038001 -0.069279 0.029248 0.032744 0.096357 0.036751 0.053937 0.130288 0.169067 -0.118379 0.006195 -0.013091 0.106225 -0.102103 -0.022906 -0.055325 0.063229 
0.002478 0.034180 0.010476 -0.099249 -0.154962 -0.169206 0.022134 0.068051 0.005712 0.046230 0.097172 -0.072602 0.012627 0.193857 0.001124 -0.015661 -0.041826 -0.119848 0.046793 0.037553 -0.117771 -0.005501 0.122150 -0.058798 -0.034325 -0.093804 -0.050073 -0.042865 -0.104194 -0.129011 0.074431 0.063289 
0.088652 -0.102846 -0.051696 0.127802 0.040003 0.011773 -0.070217 0.062651 0.108948 0.071299 -0.002940 0.006038 0.108424 -0.221973 0.067832 -0.035248 -0.094846 0.051563 0.058609 0.021539 0.033899 -0.127268 -0.094406 -0.171018 0.044612 0.101943 -0.100547 0.062982 0.083926 0.048004 -0.008489 0.055250 
-0.169489 0.124917 -0.034000 0.087495 0.136062 -0.052486 -0.055181 -0.113495 -0.078251 -0.101562 -0.019948 -0.053206 -0.114195 -0.056581 0.084401 -0.075466 -0.091827 0.034524 0.101126 0.001752 -0.055876 -0.132023 0.042206 0.057485 0.000511 0.116043 0.039474 -0.064258 -0.006266 0.077752 0.161773 0.131178 
-0.081416 0.008941 -0.049398 0.028243 0.095870 0.041447 -0.041852 -0.212467 -0.065930 -0.004167 0.040545 0.059159 -0.112394 0.012428 -0.004111 0.041234 0.085048 -0.021609 -0.105932 -0.072973 0.096553 0.016594 -0.099040 0.259257 -0.173033 -0.027639 0.135993 0.135594 0.018551 0.150231 0.099609 0.214516 
-0.012473 -0.170224 0.082899 0.075195 0.047023 0.019562 -0.057159 0.043823 0.072623 -0.061492 -0.148974 0.153991 0.068972 -0.050950 -0.067909 0.103100 0.063635 0.005384 -0.099833 -0.021914 -0.063311 -0.107199 -0.054363 -0.179693 -0.090540 0.102175 -0.184070 0.069523 0.165271 0.050640 -0.062005 0.086407 
-0.028763 0.040973 0.115279 0.038151 0.079217 0.128854 0.103242 0.153169 -0.011780 0.008257 0.050956 -0.091506 -0.114901 0.119040 0.168588 -0.030133 -0.067283 0.078021 0.047281 0.041141 -0.092807 -0.033710 -0.002942 0.014907 0.043616 -0.173360 -0.045307 -0.030780 -0.181964 0.094710 -0.057926 -0.122827 
-0.039053 -0.165033 0.154630 0.005805 -0.035806 0.060500 0.068949 -0.015709 0.069760 0.106920 -0.091483 -0.121208 -0.079603 0.040177 0.027480 -0.088042 0.035032 -0.187623 0.007939 -0.095803 -0.025729 0.070390 -0.006084 -0.176642 -0.130597 0.129410 0.045538 -0.001164 0.106672 -0.089170 -0.044235 0.076472 
-0.054301 -0.087831 0.002780 -0.001780 0.110412 0.059613 0.032718 -0.002750 0.012659 -0.092255 -0.011953 -0.046336 -0.100478 -0.018497 -0.040047 0.025792 -0.045177 0.112399 -0.114366 -0.076077 0.070734 0.070671 -0.082953 -0.051741 0.000890 0.170751 0.011649 -0.082736 0.016064 0.089399 0.088633 -0.073203 
-0.074153 -0.008638 0.215879 0.161101 0.052281 -0.020886 -0.055111 -0.006695 -0.143762 0.020664 -0.033699 -0.003493 -0.072849 -0.200068 -0.114387 -0.020433 0.079231 0.036350 -0.141882 0.070669 -0.200050 -0.069981 -0.133323 0.123745 -0.021003 0.043754 -0.161779 0.101130 0.044523 0.051565 -0.199172 0.042616 
0.015617 0.069973 -0.071098 0.030062 -0.046956 -0.179794 0.084033 -0.031066 0.011213 -0.087845 0.087573 0.066361 0.042189 0.007761 0.157039 0.080873 -0.072235 -0.182667 -0.082328 -0.085571 -0.005233 0.049923 0.075116 0.090280 0.019452 -0.064716 0.028025 0.079868 -0.031522 -0.141002 0.132515 -0.089544 
-0.042702 0.041088 -0.073789 -0.057665 -0.064498 -0.156694 -0.005812 0.113093 0.038296 0.029048 0.174058 0.020697 0.048374 0.004698 0.042286 0.096653 0.016419 0.127705 -0.042521 -0.039909 -0.086806 0.106718 0.037857 0.096458 0.078595 0.055321 0.062409 -0.096357 0.023674 -0.078331 0.058049 -0.060202 
0.003190 0.049123 0.028837 0.038997 0.174584 0.099288 0.000874 -0.107942 -0.159949 -0.010664 -0.140871 0.042751 -0.142533 0.112277 0.007017 0.106775 0.089674 0.020402 -0.095204 -0.031706 0.115839 0.060273 -0.080388 0.028111 -0.030384 0.255807 -0.072138 0.057494 -0.024885 0.122906 0.001893 0.029672 
-0.099643 -0.002883 -0.001535 -0.011264 0.178043 -0.083506 0.113491 -0.168488 -0.130466 0.089167 -0.041713 -0.033366 -0.017406 -0.054898 -0.075967 0.009821 0.043633 0.147500 0.148792 -0.049456 -0.015034 -0.141622 -0.219052 -0.027029 -0.061027 0.043977 -0.037129 -0.003011 0.224152 -0.016142 -0.064564 0.122038 
-0.106213 -0.032768 0.001829 0.090843 0.031828 0.040294 0.003526 0.018577 0.087364 -0.200603 -0.042377 0.083456 -0.094462 0.079330 0.058759 -0.162491 -0.082437 -0.063339 0.092899 0.092023 -0.078134 -0.010398 0.026511 -0.003479 0.081144 -0.084320 0.065742 0.036537 -0.014900 0.180272 -0.051924 0.029240 
0.134917 -0.131301 -0.048680 -0.150383 0.061106 0.012499 0.048271 -0.041973 0.207022 0.027160 -0.078754 -0.069896 -0.005448 -0.019235 -0.038951 -0.166770 -0.073387 -0.084505 -0.082806 0.006400 -0.046234 0.034414 0.056255 -0.082410 -0.097867 -0.032122 0.077017 -0.007373 0.101341 -0.010806 0.061315 0.020845 
0.092641 -0.102860 -0.006473 -0.018488 0.055856 -0.008711 -0.072791 0.010805 0.084103 -0.144454 -0.058682 0.023247 0.016442 0.118130 0.093722 0.045728 -0.158925 -0.081843 0.053039 -0.087413 -0.030140 -0.030738 0.034280 -0.021778 -0.065790 -0.136167 0.085652 0.047866 -0.095179 -0.058550 -0.054358 -0.077749 
0.018697 0.121988 -0.030745 0.007105 0.022778 0.063666 -0.004918 0.004322 -0.031523 -0.165932 -0.075867 0.074725 0.003348 0.080417 0.083015 -0.004201 -0.119873 -0.033841 0.008489 0.041698 0.035804 0.035620 0.099867 0.179173 -0.070999 0.000334 -0.011876 -0.033718 -0.143654 0.072064 -0.017609 0.090564 
-0.029514 -0.034651 -0.242389 0.023428 0.010787 0.017616 -0.123261 -0.113096 0.035395 -0.064835 0.029004 0.002789 0.091371 -0.035613 -0.088325 -0.030472 -0.045191 0.013559 0.005177 -0.078824 -0.044791 0.013774 0.151136 0.112064 -0.124148 -0.087537 0.026496 -0.129204 -0.037071 0.087225 0.152697 -0.193200 
-0.027114 0.066100 0.165294 0.083425 0.025566 0.091087 -0.175818 0.096088 -0.131575 0.069381 -0.058111 0.131111 0.136737 -0.137186 0.104243 0.016935 0.106934 -0.018725 -0.080759 0.100607 -0.018936 -0.071527 -0.098602 0.043907 -0.087730 -0.004031 0.005203 0.097673 0.066951 0.031561 -0.176859 0.079167 
-0.062740 0.067585 0.015873 -0.072022 0.123403 0.078406 -0.021239 0.034265 0.013363 -0.006766 -0.034077 0.073536 -0.143659 -0.004837 0.106499 0.014316 -0.134438 0.029827 0.132553 0.023196 -0.084425 0.039039 -0.025103 0.085421 0.106697 -0.067537 -0.094858 0.029313 -0.029820 0.038808 0.020870 0.058513 
-0.074821 -0.100319 -0.011169 -0.004586 -0.081625 0.025534 0.166485 0.001257 -0.085201 0.072064 -0.195283 -0.038402 -0.119094 0.189785 -0.110780 0.021240 0.064866 -0.037824 0.069825 -0.116849 0.059367 0.010425 0.042195 -0.163941 -0.001026 -0.014144 -0.059553 0.104301 0.021461 -0.010333 0.030978 0.018185 
0.158129 -0.099017 -0.092978 -0.170587 -0.064602 0.084027 0.104872 0.106366 0.057697 0.060572 -0.121525 -0.082417 0.043371 0.000199 -0.016128 0.048621 -0.008107 -0.116147 0.086823 0.047850 0.034464 -0.017363 -0.006971 -0.108494 0.048820 0.094350 -0.003666 -0.053549 0.053972 -0.182635 0.075866 -0.038607 
-0.092204 0.029280 -0.048878 0.200033 -0.020332 -0.044474 0.058469 0.035459 0.008782 -0.121910 0.108820 0.123073 -0.027495 0.005297 0.043040 -0.051840 -0.199139 0.099691 0.082097 -0.000929 0.030917 -0.088161 0.136587 0.010489 0.129810 0.030549 0.016208 -0.028234 -0.064938 -0.003585 0.126917 0.011762 
0.243393 -0.065334 0.108811 -0.153839 0.100767 -0.140812 0.251697 -0.053302 
-0.041519 0.174062 0.081533 0.334228 -0.178279 0.077568 0.099014 0.001735 
-0.112250 0.112522 -0.058449 -0.005654 -0.206700 -0.104935 0.013300 -0.260537 
0.095312 0.191248 0.110604 0.193679 -0.224959 0.029403 -0.156146 0.027173 
0.019955 -0.283994 -0.168855 0.186926 0.025174 0.035928 -0.311426 -0.316723 
0.172527 -0.231956 0.114559 -0.178368 0.022134 -0.022290 -0.205906 -0.276495 
0.144215 -0.301322 -0.229247 -0.133627 -0.234900 -0.025650 -0.394915 0.149601 
0.331370 -0.048193 -0.201176 -0.184229 -0.032874 -0.088402 0.031476 -0.095040 
0.009254 -0.152253 -0.277565 0.113152 0.138728 -0.292383 0.310855 -0.059754 
-0.100366 0.240844 0.052356 -0.075829 -0.188115 -0.302781 -0.247770 -0.040713 
-0.103995 0.168227 -0.094677 0.226479 -0.224951 -0.012066 0.262493 -0.009824 
0.224558 -0.179105 0.090879 0.008420 0.221712 0.209101 0.242408 -0.159155 
0.003521 0.326045 0.084193 0.059998 0.143448 -0.359987 0.200328 -0.037285 
-0.133166 -0.312035 -0.404507 -0.201577 0.044396 0.241339 0.107351 0.208659 
0.009651 -0.056889 -0.148591 0.162785 -0.082846 0.135084 0.162354 -0.046910 
0.151536 0.205133 0.216259 -0.147829 -0.191334 -0.052199 -0.187322 0.088422 
-0.051144 0.115990 0.341436 -0.218075 0.005145 -0.116111 -0.466050 -0.149737 
0.113907 0.043956 0.176115 0.215846 -0.119652 0.182300 -0.305951 0.078588 
0.094115 -0.213072 -0.117218 0.140723 0.267746 0.214205 0.089597 0.008352 
0.159216 0.069448 0.191326 0.130390 -0.161312 -0.138321 -0.047213 -0.117669 
-0.106986 -0.057366 0.044996 -0.141022 0.339724 0.190728 0.034751 0.088264 
-0.214943 0.043063 -0.031490 -0.113348 -0.106461 -0.030929 -0.012113 0.071774 
0.092157 -0.091418 -0.073185 -0.117528 -0.021887 0.111341 0.417080 0.261890 
-0.403703 0.181177 0.282467 -0.210550 -0.025153 0.282253 0.325152 -0.172321 
0.040475 -0.064691 -0.211423 0.253427 -0.093786 -0.069733 -0.016352 0.109612 
0.082091 0.171854 0.327964 0.092607 -0.023546 -0.159933 -0.421230 0.081891 
-0.268018 0.033843 -0.255159 -0.080055 -0.204170 -0.017653 0.036993 -0.000612 
-0.098280 -0.176981 0.072255 -0.052821 0.117510 0.171414 0.039714 -0.230891 
0.026115 0.132678 0.052382 0.110182 0.276978 -0.204250 -0.392672 0.063455 
0.154063 -0.214267 0.068844 0.064106 -0.125137 0.332895 -0.270355 -0.204150 
-0.113303 -0.073638 -0.085427 0.127330 0.023979 0.149296 0.174650 0.297936 
-0.213377 -0.067685 0.028459 0.117909 0.157219 0.037305 -0.199987 -0.222510 
0.132534 -0.284603 -0.209816 0.082564 0.066362 -0.534122 0.406655 -0.068080 0.250726 0.270414 0.127403 -0.436551 0.376480 0.439407 -0.497794 -0.180655 0.109966 0.403878 0.293087 -0.522025 0.117312 0.047962 0.508070 0.475759 0.192684 -0.072589 0.181053 0.088036 0.301933 0.091254 0.504620 0.095021 0.327600 0.002368 -0.629240 0.243436 0.049785 0.065386 0.255994 
-0.156040 0.225199 0.319648 -0.317734 0.140644 0.501678 -0.494339 0.536614 0.031565 -0.396662 0.237815 -0.041693 0.517067 -0.413833 0.105523 0.066169 -0.419070 0.311165 -0.470098 0.121604 0.248640 0.410142 0.135115 -0.145998 0.036365 -0.393374 -0.096726 -0.343059 -0.054626 -0.103791 -0.314646 -0.018735 0.093286 -0.714503 0.030965 0.341696 0.613042 0.577877 0.277355 
0.227585 0.319356 -0.061958 -0.261664 0.184161 0.223202 -0.099482 -0.350367 0.363680 -0.293187 0.080356 -0.294107 0.495067 -0.309457 0.210180 0.568549 0.251536 0.495084 -0.341296 -0.024720 0.024251 0.178605 0.374751 0.479004 0.084816 -0.340492 -0.023463 0.126063 -0.206157 0.392911 -0.089061 0.482284 -0.018651 -0.089730 -0.515207 0.325326 0.155033 0.446802 0.803069 
-0.187712 0.176143 -0.464850 0.041555 -0.038122 -0.206688 -0.264666 -0.007406 0.421353 -0.279115 0.120262 0.010852 0.157051 -0.574684 -0.128626 -0.246677 0.214770 -0.060740 -0.206559 -0.156635 0.410874 -0.174423 -0.034054 0.419530 -0.253833 -0.111788 0.390319 0.316269 -0.736455 -0.396658 0.001017 -0.203642 0.318308 -0.191448 0.002267 -0.252968 0.225529 0.017302 0.194783 
0.229948 -0.171830 -0.382649 -0.403167 0.343742 -0.376279 0.192866 -0.258124 0.118217 -0.582109 0.038444 -0.408639 0.530560 0.009542 0.220187 0.050481 0.342600 -0.326965 -0.255714 0.490773 -0.397702 -0.346014 -0.447202 0.075357 -0.231246 0.317009 0.015059 -0.165097 0.497435 0.236219 0.215815 0.232514 -0.229690 0.101913 -0.402371 0.389890 -0.126736 0.115350 0.501624 
0.136083 0.136830 -0.076391 0.288134 0.030131 0.014300 0.498753 -0.463725 0.462868 0.555776 -0.324776 0.100501 -0.376340 0.162787 0.383772 0.249247 0.260485 0.220922 -0.502647 -0.285595 0.176328 -0.147645 -0.891285 0.030394 0.221535 0.082117 -0.011977 0.272914 -0.579495 -0.370715 0.148768 0.262202 0.429641 0.255269 0.416726 -0.515992 -0.218946 -0.387934 -0.259952 
-0.380717 -0.016441 0.058132 0.059743 -0.065788 0.241026 0.314384 -0.404717 -0.265889 -0.190259 -0.571598 -0.232721 -0.391683 0.483539 -0.264707 -0.025879 -0.016290 -0.084111 -0.444543 -0.188227 -0.116052 -0.292889 -0.384871 -0.542091 -0.616043 -0.921077 -0.538258 -0.139414 -0.334037 -0.130306 0.201297 -0.161416 0.281889 -0.421763 -0.173902 0.169175 -0.244185 -0.112177 0.104837 
0.018117 -0.511568 0.171103 0.381848 -0.259642 -0.153922 -0.322039 0.382722 -0.195271 -0.091389 -0.571671 -0.098991 0.276784 -0.160296 0.235185 -0.485297 0.015325 0.277693 -0.525572 0.313235 0.342411 0.196477 -0.025851 -0.081044 0.490583 0.229526 0.209604 -0.035854 0.539309 -0.346812 -0.070329 -0.003223 -0.123856 -0.146640 -0.311563 0.050923 -0.281551 0.159285 0.048761 
-0.216732 0.134062 0.050017 -0.193974 0.030012 -0.177617 0.082701 0.188213 0.008127 -0.055086 -0.201118 -0.079558 -0.111953 0.108007 0.030391 0.106309 0.006217 -0.157417 -0.106309 -0.117327 -0.120030 -0.163148 -0.060007 0.091869 0.067269 -0.121382 0.115720 0.013699 0.069910 -0.071874 -0.169863 -0.068028 -0.018370 0.212770 -0.156163 -0.041971 0.125931 -0.163088 -0.018086 -0.047071 -0.048822 -0.097900 -0.084198 0.067512 0.130907 0.119926 -0.120239 0.055330 0.144620 -0.042582 0.088471 -0.113470 -0.066621 0.013040 0.059168 -0.163391 0.037038 0.047508 -0.086651 0.060192 0.164306 -0.039336 0.106479 -0.017003 
0.007069 -0.057407 0.015437 0.086861 0.063832 0.016464 -0.227960 0.023087 0.160217 -0.067864 0.023241 0.146761 -0.000652 0.040823 0.174667 -0.143623 -0.047136 -0.187993 -0.059321 0.161199 0.016347 -0.151993 -0.183483 -0.052048 0.102501 -0.079360 -0.186702 0.114444 0.175323 0.175845 0.190518 -0.090705 -0.176968 -0.088932 0.322940 0.024240 -0.186099 -0.190934 -0.013732 0.185764 -0.009550 -0.102769 0.110292 0.186395 0.131453 0.028009 -0.154459 -0.142883 0.012591 0.030172 -0.079048 0.041914 0.096632 -0.130211 -0.265982 -0.014118 0.130883 -0.231211 0.082751 -0.015490 0.217500 -0.008591 -0.027602 -0.088463 
0.012020 0.148349 0.171261 -0.073698 0.165859 0.187112 -0.084875 0.011019 -0.076071 -0.180569 -0.108916 0.092301 0.041758 -0.092481 0.087914 -0.116038 0.125960 0.270385 0.042105 -0.109837 -0.146865 0.086231 0.043021 -0.119202 -0.006126 0.110499 0.145581 0.010499 -0.163831 -0.023510 0.029504 -0.148990 -0.012266 -0.142638 0.077285 -0.062472 -0.074867 0.179999 -0.015659 -0.018447 -0.168796 -0.007899 0.122375 0.009435 0.192534 -0.043507 0.039369 0.157924 -0.151199 -0.004715 -0.107341 -0.003869 0.160817 -0.004433 0.045664 -0.034058 0.242745 0.162390 -0.157906 -0.155612 -0.121878 0.178932 -0.079494 0.244589 
-0.199540 -0.234067 0.007442 -0.054318 -0.177115 0.159300 0.242127 -0.131793 0.099101 0.168032 0.069980 0.193708 -0.114115 -0.024693 -0.116604 0.053964 0.075354 0.119292 0.057681 -0.011601 0.166131 -0.123877 0.133816 0.151910 -0.001130 0.212795 0.143954 -0.263909 -0.025809 -0.152235 -0.092443 -0.024052 -0.093640 0.012418 0.072645 -0.065929 -0.042643 0.192311 -0.112928 -0.110193 -0.129107 -0.134210 0.138537 -0.087792 0.059448 -0.242947 0.139104 0.158351 0.027071 0.136529 -0.044539 -0.041154 0.022837 0.098466 -0.073161 -0.016723 0.106272 0.052420 0.289352 -0.088683 -0.051093 -0.123373 0.133727 -0.173610 
0.016105 -0.050024 -0.022594 -0.090339 0.109543 0.078918 -0.126656 -0.139215 -0.159169 -0.201628 -0.098526 -0.107565 -0.165050 -0.160031 -0.031638 -0.026432 0.105349 -0.102759 0.038048 0.094108 -0.029038 -0.186756 -0.059010 -0.099114 0.054532 -0.088768 -0.100040 0.015035 0.077032 0.154005 -0.069768 -0.045773 -0.085164 0.109930 0.005345 0.156438 0.057571 0.011397 0.223116 0.081062 0.134991 -0.070110 -0.118613 0.143338 -0.119063 0.081225 -0.042034 -0.114332 -0.119261 -0.113471 -0.128756 0.027039 -0.000945 0.123043 0.046612 0.109770 -0.130989 0.029803 -0.285135 -0.110067 0.061114 -0.104858 -0.053161 0.042790 
0.269014 -0.029926 -0.013406 -0.067800 0.310120 -0.083689 -0.281954 0.175866 -0.070760 -0.129322 0.138012 0.042497 -0.070939 -0.164578 -0.025473 -0.226135 -0.055494 -0.198561 -0.029964 -0.007008 -0.298834 -0.090061 0.116087 -0.175022 0.256078 0.046335 0.074333 0.183310 0.224062 0.191801 0.200942 0.121914 0.111805 -0.133039 -0.029740 0.130039 0.044477 0.052591 0.252985 -0.265996 -0.166958 -0.008424 0.059220 0.031843 0.175840 0.044076 -0.008033 -0.126328 -0.288941 0.038498 -0.205266 -0.178861 0.086296 0.096768 -0.043655 -0.017231 0.083466 0.071777 0.087999 -0.056586 0.176395 0.215171 -0.112021 0.162623 
-0.157297 0.110410 0.117615 0.209799 0.094654 -0.117561 0.051784 0.256924 -0.044922 0.026723 -0.168196 -0.195856 -0.047296 0.224499 0.010384 0.011663 -0.046327 -0.045933 0.038244 0.048611 0.000877 0.009927 -0.274677 0.221099 0.151932 -0.266166 -0.023460 0.032571 -0.107524 -0.122575 -0.190736 -0.172743 0.241599 0.117372 -0.090537 0.164148 0.073059 -0.043514 0.339416 0.083762 0.087531 -0.147254 0.045596 -0.042643 0.187417 -0.310505 0.137682 -0.210405 0.047446 -0.164968 0.115998 -0.073026 -0.299786 0.179881 -0.140853 0.055390 -0.296516 0.203462 -0.242037 0.006789 0.197668 -0.302381 0.167366 0.124074 
0.174653 0.261754 -0.097172 -0.047363 -0.130091 -0.054662 0.178505 0.122219 -0.231248 -0.049300 -0.022423 -0.126764 0.155806 0.040105 -0.091258 -0.059383 -0.161609 -0.069070 -0.028286 -0.211310 0.141457 0.122952 0.365648 -0.197352 -0.161028 0.210199 -0.048586 0.066320 -0.092629 -0.245596 0.087956 -0.016215 0.022431 -0.103293 -0.162933 -0.245259 -0.148638 -0.044217 -0.201038 -0.214968 -0.183616 -0.076791 -0.103407 0.050586 -0.125573 0.029946 -0.097399 0.095553 0.063968 0.243977 0.057860 -0.036936 0.120517 0.138333 0.148814 0.069648 0.198314 -0.136889 0.209617 0.118606 -0.186008 0.230566 0.059115 0.237488 
-0.183144 -0.073647 -0.216270 0.031427 0.057490 -0.217530 0.234125 -0.272609 0.037057 -0.043317 0.146287 0.086161 0.071519 -0.059026 -0.012279 0.002235 -0.316449 -0.309518 0.244347 -0.018555 0.073295 -0.071555 -0.055802 -0.107899 0.036545 -0.341953 0.103293 0.048078 0.002737 0.102144 0.084642 -0.024408 -0.129152 0.192610 -0.031266 -0.101398 0.029175 0.078680 0.029048 -0.114757 0.124739 -0.112401 0.138435 0.143750 -0.137112 0.111358 -0.099129 -0.202828 0.039548 -0.129831 0.025012 0.194916 0.026372 -0.081348 -0.099510 -0.093002 -0.174285 0.058742 0.034316 0.031346 0.193991 -0.190990 -0.056192 -0.205054 
-0.055935 -0.168741 0.029044 -0.016616 0.173786 -0.082353 0.050734 0.249547 0.112388 0.036536 0.072249 0.309115 0.090677 0.263429 0.211036 -0.044122 -0.034607 0.278457 0.369540 0.078267 0.057418 -0.220854 0.061277 0.150688 -0.193083 0.031742 -0.160282 -0.155959 -0.062120 -0.061258 0.058898 -0.210723 -0.232385 0.106513 -0.011629 0.215634 -0.061173 0.251453 0.207373 0.235058 -0.051376 0.007856 0.009231 0.193503 0.162969 -0.161933 -0.045219 0.139554 -0.150139 -0.082256 -0.027734 0.064972 -0.229815 -0.183381 -0.065465 -0.223599 0.074473 0.364502 0.207590 0.240362 -0.091187 -0.031686 -0.055326 0.149229 
-0.090279 0.017307 -0.043943 0.116636 -0.044368 0.044728 0.096095 0.060461 0.024945 -0.191764 0.152459 -0.105725 0.004823 0.128268 0.220347 0.060353 0.011459 -0.143586 -0.064992 0.133092 -0.082256 -0.175310 0.218397 0.100023 0.125915 0.000666 -0.102121 -0.160598 -0.129447 0.031479 -0.050951 0.198129 -0.194329 0.211421 0.012206 0.128654 -0.074351 -0.245508 0.058817 0.275917 0.059808 -0.063927 0.086127 0.115465 -0.218277 0.210618 -0.081970 -0.074708 0.148699 0.207502 0.082080 0.172617 0.287272 0.088339 -0.032767 0.199521 0.160363 -0.143616 0.056870 0.139286 0.106778 0.163341 -0.138935 -0.008556 
0.064376 -0.118541 -0.140466 -0.206802 -0.016227 0.223473 -0.099514 0.084358 -0.012331 -0.171363 0.037798 0.171867 0.152394 0.164814 0.119271 0.036755 0.091347 -0.026346 0.024258 0.091832 -0.149208 -0.059125 0.034472 0.025307 -0.086432 0.207454 -0.025983 -0.173507 -0.004595 -0.233692 -0.072395 0.187022 -0.238405 -0.051637 -0.022099 0.014790 -0.039663 0.047316 -0.163570 0.119885 -0.022954 -0.034426 -0.102895 0.011080 0.018277 -0.006782 0.056940 -0.079699 -0.224690 0.060458 0.061095 -0.067123 -0.021811 -0.176069 0.058840 0.209976 0.188854 0.016466 0.301510 -0.109966 -0.018891 0.013606 -0.051057 0.087222 
-0.297160 0.025846 -0.017263 -0.058137 -0.012966 -0.000123 -0.018606 -0.224105 -0.216630 -0.040038 -0.012339 0.021249 -0.215507 -0.267348 0.009810 0.019107 -0.164014 -0.074792 -0.067134 -0.233689 -0.010165 -0.029840 -0.080507 0.044522 -0.156405 -0.209310 0.142827 0.097575 -0.043139 0.280145 0.089813 0.158795 0.021056 0.327176 -0.233342 -0.066691 -0.169044 -0.242507 -0.129018 -0.013454 -0.054064 0.149895 -0.101300 -0.159405 -0.324636 0.487370 -0.081924 0.049204 0.042803 -0.129869 0.061113 0.133894 0.280353 0.213427 0.013583 0.066226 -0.008784 -0.336526 -0.129268 0.027545 -0.164977 0.282384 -0.326928 -0.073150 
0.021288 -0.056747 0.130415 0.202694 0.167750 -0.182192 -0.125678 0.254281 0.135716 0.019143 -0.244322 0.075371 -0.045529 0.055689 -0.048075 0.098968 0.251135 0.175526 0.123754 0.004180 0.045765 -0.170459 -0.290173 0.064477 -0.101176 0.044869 -0.151159 -0.125856 -0.135081 -0.060880 -0.004369 -0.178171 0.212000 -0.107835 -0.118623 0.074301 0.174609 0.039689 0.054875 0.029692 0.087332 0.117131 -0.041404 -0.106483 0.002416 -0.287156 -0.032685 0.219941 0.003535 0.029932 0.017749 -0.131580 0.030879 -0.009793 0.102623 -0.237111 0.028585 0.289268 -0.134794 0.197661 -0.236686 -0.156348 0.114742 0.135293 
-0.099680 0.054058 -0.003747 -0.282465 -0.147816 0.237390 0.032406 0.206771 0.004609 -0.150902 -0.133956 0.221881 -0.118479 -0.116785 0.115894 0.114782 -0.175509 -0.236358 0.093224 -0.182600 -0.000722 0.048245 -0.187486 -0.034346 0.007080 0.002062 0.091719 0.252497 0.045848 0.133313 -0.117391 -0.174391 0.015287 0.095676 -0.126311 0.022758 0.100361 0.243960 -0.006924 -0.105051 -0.174074 0.072921 -0.095982 0.019084 0.216103 -0.231000 -0.214223 -0.179423 -0.149642 0.202711 -0.177045 -0.114454 -0.111442 -0.062853 0.012798 0.166636 -0.086178 -0.236593 -0.116391 -0.171757 0.198246 -0.002346 -0.100115 -0.077598 
-0.025455 -0.038494 0.160434 -0.202177 0.043727 -0.196297 -0.274709 0.052066 0.135618 -0.068523 0.049437 0.059489 0.026504 0.073165 0.275847 0.100410 0.021329 -0.293739 -0.217206 -0.144829 -0.177476 -0.066256 -0.280091 0.131411 0.242960 -0.126066 0.186596 0.259912 -0.073820 -0.037769 0.145135 -0.067375 -0.015727 0.038551 0.078586 0.108431 0.125237 0.017679 0.373812 0.113856 -0.015733 -0.005134 0.010295 -0.063796 -0.010619 -0.022870 -0.169948 -0.253799 -0.049132 -0.111516 -0.149572 0.180430 0.115127 -0.083525 0.060147 -0.025790 0.088536 0.083007 -0.335864 -0.174147 0.249251 0.046974 -0.023377 -0.027172 
-0.075526 -0.125770 0.066465 -0.061102 -0.150285 0.064187 -0.019032 -0.001317 -0.016247 0.210181 0.075425 0.057868 -0.171216 0.077331 0.003647 0.214376 0.074517 -0.212142 0.189367 0.105219 0.073192 0.085183 -0.236866 0.030366 0.107300 -0.136841 0.070470 0.107413 -0.130814 0.007585 0.114964 0.090686 0.109407 0.118805 -0.125104 0.133188 -0.019315 -0.050339 -0.044254 0.150154 -0.113064 0.009191 0.052035 -0.043907 -0.155886 0.075587 -0.085884 0.072354 0.061986 -0.160811 -0.014801 -0.102896 -0.194977 0.024733 0.035874 0.090880 -0.038558 -0.215236 -0.091345 0.032861 -0.028945 -0.166467 -0.015052 -0.297904 
0.009855 -0.066040 0.298245 -0.056602 0.127734 -0.124985 -0.110049 -0.028071 0.095510 0.126462 -0.026383 0.254702 -0.153687 -0.033985 0.068606 0.110253 -0.117831 -0.082987 0.243002 -0.076008 -0.045525 -0.167150 0.017456 -0.080911 -0.085377 0.031286 0.169196 0.049045 -0.159398 -0.020716 0.319805 0.224147 0.128500 0.296803 -0.108140 0.036887 -0.132495 -0.124794 0.039050 -0.173636 -0.192557 -0.068827 0.276207 -0.144028 0.128764 0.285071 0.150211 -0.136700 0.182054 0.010922 -0.126195 0.007445 0.186644 -0.021402 0.069189 -0.259462 0.160856 0.050880 0.059049 0.020609 -0.134804 0.129549 -0.137240 0.110364 
-0.075845 0.089648 -0.038895 0.243189 -0.066021 0.104914 -0.084210 -0.042537 0.073608 -0.185234 0.054533 -0.056208 0.102979 -0.029802 0.254738 0.077780 0.059359 0.273551 -0.190245 -0.001353 0.031153 0.068625 0.034761 0.277578 0.146953 -0.121514 -0.192101 -0.170727 0.073113 -0.217649 0.115292 0.044240 -0.362798 0.032192 -0.053694 -0.017332 -0.146172 -0.223775 0.117658 0.383248 0.269422 -0.207036 -0.208800 -0.028537 -0.217937 0.221444 0.147066 0.330838 0.121756 -0.020337 -0.100129 -0.088340 0.032492 0.007299 -0.201315 0.148991 0.355394 0.129828 0.194326 0.197400 0.028201 0.264910 -0.198165 0.254176 
-0.126936 0.158238 -0.132767 -0.138727 -0.122351 0.257997 0.008386 0.127751 0.047490 0.016679 -0.058982 -0.070166 -0.126405 -0.237250 -0.190295 -0.125031 -0.080259 0.029940 -0.221450 -0.044840 -0.173605 -0.009990 -0.111753 0.224523 -0.153400 0.341578 0.207815 0.150712 -0.055330 -0.123695 0.087462 0.021897 -0.128321 0.107272 -0.156753 -0.075540 0.066765 -0.115065 -0.353654 0.064945 0.222546 0.015430 0.034032 -0.081204 -0.023876 0.246913 -0.157701 0.279966 -0.167117 0.039231 -0.148516 -0.177950 0.182106 -0.081346 -0.079453 0.102007 -0.039134 -0.235953 0.053991 -0.031435 -0.239743 0.199377 -0.211676 -0.142251 
-0.064738 -0.189108 0.101511 -0.063560 0.017465 0.100315 0.230787 -0.162267 -0.050090 0.072608 0.180861 0.280602 -0.038683 0.202348 0.006375 0.039201 -0.124475 0.156734 0.244166 -0.137485 -0.136337 0.223405 0.242366 -0.162349 -0.295976 0.016644 0.019302 -0.239675 0.126503 0.049592 0.172764 0.101317 -0.248049 0.063631 0.046551 -0.024846 -0.211158 -0.040515 -0.233856 -0.062207 0.011616 0.060046 0.064341 0.066015 0.089890 0.255962 -0.027318 -0.177705 0.186439 -0.177043 -0.042793 0.088261 0.196723 -0.227908 0.092144 -0.176951 0.135906 -0.024489 0.129218 -0.018371 -0.098822 -0.094190 0.049246 -0.089514 
-0.031267 -0.093037 -0.080343 0.068688 0.017510 -0.104067 -0.015740 -0.166855 0.160725 0.067609 -0.080271 0.261500 0.048775 -0.084361 0.143403 -0.054763 -0.107336 -0.030921 0.203465 -0.111513 -0.202404 0.102692 0.026552 0.028823 -0.120967 0.169126 0.155442 -0.026793 0.084120 0.037289 -0.024900 0.034082 -0.193834 -0.045891 -0.089185 -0.026072 -0.170720 -0.051686 -0.076803 -0.081200 -0.103268 -0.008910 -0.115680 0.049128 0.132323 0.284646 0.153712 -0.030495 0.177640 0.209203 0.031055 -0.173567 0.195593 0.103181 0.001805 -0.196269 0.274022 0.017230 0.128477 0.059115 -0.177791 0.313799 -0.259185 0.000205 
-0.245844 -0.034205 0.161186 0.033041 0.254694 -0.116624 0.055068 -0.344683 -0.194816 0.084150 0.294687 -0.168440 -0.025093 -0.019912 -0.004511 0.001472 -0.148640 0.107427 0.004322 -0.175467 0.053687 -0.149694 0.103588 0.033371 0.165234 -0.153766 -0.139287 -0.152851 -0.065261 0.097683 0.309564 0.143414 -0.049364 0.205170 -0.051905 0.028152 -0.369006 -0.423677 0.103322 -0.085343 0.256782 -0.016573 -0.039110 -0.080841 -0.234783 0.494326 -0.138361 0.109371 0.190972 0.139470 -0.104927 -0.004209 0.501142 0.032869 0.183214 0.016227 0.529243 -0.225305 -0.134477 -0.093613 0.003627 0.461118 -0.411208 -0.013958 
-0.223909 0.118195 -0.218884 -0.013660 -0.232144 -0.230861 0.130024 -0.202485 0.078432 0.165065 0.062488 0.078325 -0.081406 0.031413 0.176595 0.167529 -0.249136 -0.140529 -0.028904 -0.181953 0.203451 -0.192441 0.205393 0.153459 -0.006588 -0.044193 -0.219606 -0.157730 0.029342 -0.086456 0.142748 -0.037990 -0.159034 0.352190 -0.178849 -0.045639 -0.165957 -0.125274 0.150965 0.040800 -0.137021 -0.136802 -0.026838 0.026698 -0.045851 0.098497 -0.047530 0.047393 0.184421 0.094880 0.058713 0.096457 0.122599 0.165544 0.113719 -0.120647 0.083349 0.045946 -0.025231 -0.075859 0.223617 -0.129196 -0.148713 -0.101877 
-0.409893 0.133957 0.170988 -0.232235 -0.179860 -0.040603 0.119999 -0.017471 -0.033802 -0.067282 0.067450 0.320584 0.114043 -0.152371 0.091037 0.142628 -0.027473 0.104302 0.076814 -0.192711 -0.183271 0.086829 0.089136 0.073140 -0.037418 0.094936 0.151072 0.003364 0.070836 -0.221739 0.164202 0.121162 -0.182487 0.230058 -0.356093 -0.089908 0.164040 0.127434 0.057341 -0.054860 -0.200873 -0.115662 -0.050562 0.142163 -0.014449 -0.176669 0.024774 -0.135297 0.007370 0.268216 -0.093759 0.045502 0.071981 0.188413 -0.011463 -0.144590 0.178717 0.053584 0.128491 0.092114 -0.033915 0.132580 -0.024029 0.109582 
-0.261809 -0.044843 0.028895 -0.230787 -0.324244 0.103276 0.368553 0.037193 0.125033 -0.162454 -0.148591 0.462997 -0.152151 0.201551 0.197590 0.357268 0.001353 0.034762 0.102378 0.041763 0.023144 -0.080214 0.008673 0.355730 -0.114082 0.131548 -0.102987 -0.344378 -0.269329 -0.418708 -0.138095 -0.034830 -0.067709 0.038406 0.138130 0.245788 0.122654 0.171180 -0.273102 0.149003 0.198591 0.055046 -0.215072 0.225446 -0.106133 -0.036410 -0.041525 0.381031 -0.156089 0.016885 -0.044222 -0.032704 -0.055772 0.167816 -0.186743 0.400392 -0.123922 0.176156 0.287904 0.051300 -0.063386 0.083277 0.166978 -0.014922 
-0.317690 0.097028 -0.160291 0.042210 -0.150407 0.128118 0.256782 -0.158063 -0.016257 -0.159119 0.151412 0.069118 -0.114663 0.051879 0.062045 0.008974 -0.207928 0.099012 0.129687 0.046306 0.118876 -0.030439 0.187929 0.119192 -0.171367 -0.051682 -0.122196 0.089996 -0.096925 -0.144670 -0.040889 0.035918 -0.284986 0.275609 -0.304617 -0.062260 0.003980 0.195480 0.014773 -0.121424 -0.104632 0.022329 0.053726 -0.111174 -0.158740 -0.030941 -0.035987 -0.058037 0.013346 0.062305 0.099111 -0.102547 0.065550 0.105195 0.189004 0.180866 -0.065401 -0.117390 0.244019 -0.036268 0.061713 -0.016149 0.008769 0.040643 
-0.199469 -0.088445 -0.184415 0.109956 -0.030037 -0.014878 0.239526 0.005902 -0.036274 0.173331 0.134165 0.023062 -0.110483 0.058980 0.077788 0.116283 0.081672 -0.019271 0.212368 0.085630 -0.078894 0.026638 0.013436 -0.100046 0.140124 -0.157131 -0.004246 -0.081965 0.041800 -0.152549 0.163608 0.180055 -0.036847 0.224910 0.083659 -0.094018 -0.002916 0.190531 0.160543 0.082903 0.012675 0.009614 0.199509 0.163044 0.183215 0.037145 -0.000971 0.031461 -0.052903 -0.106638 -0.024861 0.013555 0.036537 0.111284 0.015195 0.097180 -0.092972 -0.084394 -0.037982 0.088300 0.008166 -0.239803 0.089243 0.080020 
-0.299923 0.043981 -0.092059 -0.018197 -0.291405 0.253290 0.071278 0.136662 -0.060972 -0.083624 -0.073378 0.108534 -0.055213 -0.244898 -0.114318 0.064983 -0.053419 0.378780 -0.020350 -0.191696 0.168210 -0.168469 0.071767 0.406205 -0.014822 0.334925 0.134051 -0.021665 -0.345352 -0.165562 0.029390 -0.246897 0.257476 0.227860 -0.170943 -0.007082 0.269796 -0.306753 -0.370101 0.133428 0.080743 0.173791 -0.290736 -0.157668 -0.088072 0.205510 -0.092646 0.527122 -0.067222 0.132811 -0.115506 -0.312761 0.305751 0.306226 0.221163 -0.024752 0.211988 0.186844 -0.168179 0.288239 -0.381967 0.514700 -0.193731 -0.163481 
0.106063 0.113051 -0.020984 0.142627 0.128092 -0.126266 -0.156330 -0.017882 -0.107049 -0.053713 -0.088957 0.021236 0.047162 0.026310 0.180690 -0.157789 -0.068630 0.144868 -0.221594 -0.107351 0.059088 -0.287900 -0.086613 0.137978 0.160940 0.009188 -0.059751 0.165361 -0.012937 0.027486 -0.090336 -0.115381 0.041323 -0.001606 -0.067731 0.023780 0.174874 -0.182280 0.112457 0.277298 0.182784 0.022211 0.032775 0.052798 -0.137968 0.052245 0.068546 0.023155 -0.087255 0.054047 -0.009386 -0.144403 0.126396 -0.150926 0.021092 -0.127478 0.154394 0.007541 -0.185373 0.055514 0.066843 -0.008186 -0.192987 0.013125 
-0.203288 -0.069277 0.036599 0.232460 -0.195231 -0.234318 0.204697 0.080801 0.076648 0.165801 -0.092497 0.016853 -0.134362 0.121502 -0.226913 0.090222 0.028259 0.134883 0.144420 -0.092616 0.189612 -0.038390 -0.131362 0.164433 0.067180 0.023190 -0.043147 -0.070264 -0.152603 0.101348 0.117312 -0.137407 -0.025014 0.016123 -0.131258 -0.087327 -0.001212 -0.174321 0.136523 -0.048433 0.141322 0.037738 0.144826 -0.205107 -0.080412 -0.104820 0.118859 0.067872 0.153393 -0.100658 0.102964 0.057121 0.121991 -0.126777 0.019989 0.027720 0.043869 0.151399 -0.078924 0.139508 -0.043256 -0.141958 0.204058 0.009464 
-0.112518 -0.182080 0.190714 -0.197845 -0.158295 0.053337 -0.045513 0.103236 -0.075785 -0.038400 0.153485 0.072684 -0.153172 0.033391 -0.101470 0.251774 -0.238399 0.085435 0.098494 -0.171348 -0.182762 -0.236598 -0.011116 0.174110 0.195672 -0.159681 0.080472 0.116472 -0.089907 0.063015 -0.011348 -0.178212 0.130766 0.002236 -0.135911 0.146369 0.152030 -0.099272 0.084866 -0.042402 0.048727 0.014842 0.085032 0.157068 -0.108058 0.319101 0.108602 -0.123328 0.086144 -0.000380 -0.091702 0.135061 0.036950 -0.130119 0.021527 -0.056234 -0.068446 -0.111758 0.011472 0.029875 0.127313 -0.107278 -0.059159 -0.002352 
-0.026856 -0.084623 -0.088246 -0.025366 -0.715845 -0.264872 0.061235 0.330267 
0.004115 0.203272 0.083959 0.167150 0.167118 -0.025719 0.177019 0.202108 
0.245944 -0.120301 0.239057 -0.184715 -0.171663 0.119203 0.094548 -0.254356 
-0.026343 0.406991 -0.187483 0.081847 -0.234840 0.259315 -0.075373 -0.129926 
0.239876 -0.098164 0.240548 0.282825 -0.429413 -0.025698 -0.008692 -0.145772 
-0.138454 -0.254981 -0.124817 -0.214591 0.063092 -0.280134 0.110104 0.273330 
0.273118 0.012170 -0.713680 -0.149192 0.411145 0.308679 -0.090181 -0.154939 
0.252931 0.146124 0.012195 -0.388945 0.111008 -0.204979 0.226294 0.184600 
0.052764 -0.061980 -0.103128 -0.142361 -0.055330 -0.156282 -0.106130 -0.065892 
-0.031968 -0.178324 -0.099119 -0.081375 -0.440495 0.262652 -0.116949 0.010412 
0.054273 -0.105129 -0.071088 0.262623 -0.059987 -0.038448 -0.218023 -0.009414 
0.470750 -0.281446 -0.239135 -0.609156 0.224230 -0.016982 -0.020879 -0.242445 
0.219998 0.171813 -0.181191 0.242488 0.042424 -0.097694 0.161007 0.021571 
0.135264 0.044671 -0.260153 -0.121241 0.090859 -0.006250 -0.270980 -0.146868 
0.287057 0.154224 0.085994 0.089230 0.347071 -0.309985 -0.272902 -0.033516 
-0.000459 -0.026979 -0.065418 -0.387189 0.304480 0.128556 -0.170116 -0.127014 
0.091641 0.180330 -0.150810 -0.234107 -0.206313 -0.032506 0.080290 0.075586 
0.362884 0.315446 -0.258691 -0.446197 -0.455201 -0.028617 0.244019 0.145532 
0.380067 -0.260994 -0.201643 -0.239689 0.046041 0.264481 -0.132851 -0.079280 
-0.067258 0.092632 -0.383932 -0.131696 -0.145737 -0.167397 -0.146372 -0.057922 
-0.179917 0.241026 -0.253769 -0.087674 -0.064432 0.193634 -0.101566 0.000082 
-0.126475 -0.159276 -0.306385 0.080090 -0.069076 0.024929 0.287717 -0.062326 
0.151430 -0.093841 -0.217230 0.603954 0.101072 0.005888 0.077232 0.193461 
0.050874 0.479532 0.158499 -0.412742 0.297037 -0.093852 -0.054501 -0.210596 
-0.141587 0.178302 0.411112 0.032760 -0.064069 -0.208359 -0.305259 -0.157978 
0.165878 -0.127905 -0.162143 -0.337638 -0.195509 -0.203000 0.225344 0.732433 
0.006296 -0.335178 0.267169 -0.143937 -0.097073 0.021398 0.087100 0.109247 
-0.339167 -0.159180 0.661025 0.269774 0.191195 0.066464 0.138753 0.292337 
0.031178 -0.136715 0.054652 0.446560 -0.013676 -0.042786 -0.051300 0.012787 
-0.332034 -0.291802 0.205277 0.147779 -0.351231 0.141358 0.033761 -0.111395 
0.095485 -0.230200 0.185375 0.199700 -0.277969 0.112550 -0.204786 -0.096859 
-0.101282 -0.200428 -0.155762 0.325682 -0.051401 -0.028112 -0.039872 -0.128770 
-0.253346 -0.021103 0.065456 -0.490098 -0.303550 0.301280 0.146787 0.100695 
-0.219189 -0.019800 0.222023 0.196506 0.482454 0.267746 -0.220853 -0.229377 
0.042273 -0.258218 -0.296345 -0.206165 -0.219572 -0.194073 0.083000 -0.391872 
0.040251 0.013355 0.123686 -0.244716 0.038372 -0.108508 -0.137635 -0.209227 
-0.046930 0.190334 0.092961 -0.380425 0.314795 0.065115 -0.085347 0.385619 
0.275944 -0.222859 -0.475191 -0.187047 0.316806 -0.036790 0.149108 0.353893 
0.197481 0.346632 0.440817 0.627877 0.258725 0.123420 -0.262295 -0.554923 
-0.028081 0.277930 0.105522 -0.322669 -0.077511 -0.455950 -0.210863 -0.272500 
-0.202402 0.284279 0.061102 -0.241093 -0.216655 -0.226712 -0.131539 -0.316533 
-0.168254 -0.037379 0.035573 -0.097772 -0.067910 0.069361 0.154861 0.052921 
0.100860 -0.305885 -0.082771 0.004846 -0.225059 0.072019 -0.109485 -0.206834 
0.125538 -0.108595 -0.004969 0.003774 0.187529 -0.234712 -0.196052 0.018703 
0.431206 -0.357973 -0.158468 -0.148049 -0.130923 -0.129482 0.112968 0.177495 
-0.529639 -0.410627 0.706815 0.647637 -0.016250 0.197766 -0.071111 -0.255180 
0.185468 0.077267 -0.034814 -0.026758 -0.158221 0.125830 -0.000864 -0.045629 
0.095417 0.540705 -0.135945 -0.498964 0.035910 -0.146209 0.024068 0.313318 
0.017740 0.173578 -0.004929 0.283303 -0.138366 0.363601 -0.298432 -0.047290 
0.228781 0.035493 0.090132 0.229141 0.178660 -0.096721 0.122916 0.362618 
-0.070116 0.080423 -0.152956 0.007115 0.058610 0.208293 -0.051691 0.004872 
-0.009548 -0.030738 -0.088807 0.220882 0.088951 0.036736 -0.104907 -0.222598 
-0.258040 -0.143371 0.557210 0.540202 -0.275524 0.048021 0.084081 -0.025327 
-0.081637 0.264939 0.118957 0.151270 0.356256 0.177282 0.051610 0.316758 
-0.029347 0.084711 0.047131 0.162782 0.008836 0.252121 0.052229 0.240139 
-0.383746 0.006907 -0.147187 -0.062127 0.423462 -0.283526 0.004223 -0.057992 
0.113810 -0.084662 0.404063 0.612760 -0.353967 -0.201515 0.098744 0.020230 
0.419289 0.296450 -0.090938 -0.254369 0.242284 0.197023 -0.009887 0.198599 
0.462865 -0.156752 -0.517334 0.273655 0.151284 -0.259024 0.016721 -0.021759 
0.151864 0.429505 0.060669 -0.039434 0.108327 0.237712 -0.043734 -0.110086 
-0.140778 -0.075948 0.189115 0.435428 0.326780 -0.135526 -0.374083 -0.567442 
-0.233955 -0.010155 0.675878 0.574128 -0.004989 -0.098350 0.187249 0.427037 
0.084060 0.086951 -0.525258 -0.407135 0.107182 0.170686 -0.062066 0.067916 
0.414345 0.264570 -0.050225 0.213895 0.126191 -0.116987 0.226993 -0.012566 









0.000000 
0.000000 
0.000000 
0.000000 
0.000000 
0.000000 
0.000000 
0.000000 
-0.040605 
0.225967 
-0.126845 
0.340560 
0.126505 
0.443040 
0.439855 
0.413257 
0.048126 
0.566319 
0.716400 
-0.056849 
-0.132869 
0.145087 
0.409854 
-0.079688 
0.025734 
-0.001419 
0.001143 
0.025519 
-0.129831 
-0.271456 
0.224010 
-0.386312 
-0.483111 
-0.500244 
0.501266 
0.042414 
-0.235073 
0.508578 
-0.267618 
0.149301 
-0.171862 
-0.450335 
-0.173122 
0.519217 
0.261716 
0.224053 
0.303472 
0.083508 
0.275935 
0.016833 
-0.470927 
-0.151031 
0.518427 
-0.621296 
0.229477 
-0.324081 
-0.399936 
0.061603 
0.345386 
0.057331 
-0.254335 
-0.121101 
0.204494 
-0.076515 
0.180303 
0.359421 
0.238699 
0.110914 
0.083280 
-0.577939 
-0.178610 
0.013882 
0.061320 
0.128841 
-0.068267 
-0.153352 
-0.094378 
-0.075513 
-0.505782 
-0.155903 
0.061339 
-0.234966 
0.285721 
0.153029 
0.108662 
-0.026842 
0.297585 
-0.145768 
-0.358162 
-0.145622 
0.170034 
-0.156816 
0.497820 
-0.023160 
-0.056292 
0.910275 
-0.235941 
-0.407044 
0.168145 
0.224032 
-0.110041 
0.060417 
0.278337 
-0.009749 
-0.358730 
0.348847 
0.147379 
-0.063835 
0.082337 
0.384053 
0.926628 
-0.373053 
0.316343 
-0.262123 
-0.132240 
-0.251695 
0.213205 
0.437276 
0.296431 
0.145219 
0.156858 
-0.305989 
-0.220692 
-0.128870 
-0.044955 
-0.072381 
0.297768 
0.277664 
-0.276775 
-0.282511 
-0.114821 
-0.199951 
-0.415650 
-0.286924 
-1.067042 
0.211520 
0.407840 
-0.798088 
0.362884 
-0.021124 
-0.319402 
0.021025 
-0.245436 
-0.188279 
-0.045391 
0.247141 
-0.226524 
-0.095274 
-0.002582 
-0.202316 
-0.345084 
0.091162 
-0.191102 
-0.255462 
0.042145 
-0.530598 
0.270667 
-0.141720 
0.208831 
-0.288699 
-0.015409 
-0.434162 
-0.239577 
-0.139914 
-0.235860 
-0.107227 
0.108232 
-0.086327 
0.148677 
-0.433371 
-0.054852 
0.496834 
0.228700 
0.118931 
-0.208187 
-0.079855 
-0.303511 
0.037898 
-0.390077 
-0.181176 
0.132490 
0.134630 
0.583795 
-0.414843 
-0.322739 
0.024869 
-0.262607 
-0.043822 
-0.137940 
-0.208779 
-0.083069 
-0.042789 
0.150230 
0.260175 
-0.031431 
0.253473 
-0.235040 
0.521959 
0.321603 
0.022061 
-0.244581 
0.198046 
-0.042272 
0.104321 
0.398205 
-0.058283 
0.195666 
0.222206 
-0.094229 
0.216900 
0.464223 
1.188796 
0.674844 
0.385965 
0.058415 
0.601044 
0.723000 0.113076 0.088516 
