-0.080696 0.332733 0.045389 0.410645 0.156486 0.403710 0.569306 -0.054322 -0.101941 0.220179 0.015962 0.061364 0.160836 0.242037 0.101153 -0.103820 0.078904 0.086525 0.100459 0.095526 0.228798 0.005245 0.354128 -0.032492 -0.023131 0.005103 0.026934 0.371352 -0.091834 0.056298 0.141141 0.219371 0.120461 0.183321 -0.025574 0.004432 0.042039 0.180790 -0.169582 -0.474029 0.241037 0.250867 0.053340 0.016284 0.201944 0.178294 -0.156539 -0.307579 -0.069921 0.022240 -0.055705 0.412225 -0.058392 0.125553 -0.410318 0.121819 -0.061698 -0.322360 0.022370 -0.074567 0.165260 0.489901 0.373567 -0.193953 
0.011984 0.234689 -0.000701 -0.309012 0.347928 0.677204 0.147508 0.102521 -0.054864 0.360086 0.291067 0.012886 -0.032621 -0.149466 -0.256098 -0.009447 0.353552 0.486721 0.266494 -0.141267 -0.247865 -0.158145 0.061135 0.058007 0.191778 -0.063652 -0.418161 -0.036573 -0.163100 -0.093132 -0.134220 -0.011745 -0.335964 0.166975 0.028208 -0.203872 -0.073810 0.031969 -0.049873 0.094504 0.356347 0.228308 0.300628 0.189226 0.068570 0.594262 0.159620 -0.287579 -0.270487 0.054462 0.155248 0.056803 0.175565 0.383422 -0.550981 -0.290330 -0.068353 -0.355149 0.126566 0.014511 0.166196 -0.195655 0.081345 0.171442 
-0.070584 0.471759 0.195294 0.120060 -0.169478 0.401983 -0.258172 0.118321 0.100653 -0.403664 0.265795 -0.462451 0.157062 0.294496 -0.100170 0.004175 -0.514981 0.284045 -0.032644 0.240890 -0.047314 -0.062442 -0.260715 -0.116558 -0.201081 -0.379901 0.219938 0.183427 0.074567 -0.178556 0.006397 0.050591 -0.300844 0.024240 -0.041990 0.338145 0.145833 0.143712 0.128289 0.095305 0.474767 0.252446 0.088655 -0.068861 -0.249081 0.095257 0.007219 -0.237966 -0.189209 0.133648 -0.114080 0.392358 -0.035192 0.243338 0.399653 0.544738 -0.030405 -0.232405 0.266545 -0.100228 0.143463 0.303553 0.247815 0.181249 
-0.049336 -0.065711 -0.250861 -0.117715 0.104564 0.556141 0.062769 -0.242144 0.051461 0.214372 -0.048628 0.352808 -0.137887 0.591017 -0.058357 0.012376 0.154389 0.317780 -0.046506 -0.330837 -0.086231 0.076941 -0.118589 -0.033971 0.221977 -0.095939 -0.264152 -0.338488 0.152360 0.676732 -0.038427 0.196344 -0.056311 0.181366 0.158729 0.909798 0.024896 0.135606 -0.088280 0.337842 0.686469 0.215440 1.156853 0.150055 -0.146890 0.123897 -0.271979 -0.278138 -0.081772 0.262106 -0.102771 0.111049 0.009441 0.404804 0.017796 -0.176828 0.212509 -0.152887 0.203935 0.215336 0.257857 -0.020559 0.024835 -0.381806 
0.128206 0.335417 0.273399 0.048971 0.179144 -0.095729 0.057131 0.339522 0.166241 0.039433 0.264013 0.116617 0.274644 0.153965 -0.193674 -0.094518 0.177725 -0.445997 -0.116829 -0.168031 0.387601 0.359321 0.076481 -0.257507 0.083879 0.314134 -0.163300 -0.071597 0.254626 0.198215 -0.076582 0.189998 -0.160165 -0.139825 -0.178538 0.124504 0.020119 0.117262 0.047130 -0.150839 0.119594 0.144893 -0.008852 -0.303764 -0.098552 0.211141 -0.091310 -0.050367 0.187465 0.403200 0.389607 0.236584 0.172574 0.032714 0.455101 0.022105 -0.204200 -0.286667 0.055465 0.279491 0.509053 -0.116563 0.201453 0.334562 
-0.293596 0.308277 0.298581 0.314558 -0.276153 0.153485 -0.305391 0.134595 -0.067689 -0.005274 0.223670 0.119414 -0.330767 -0.225284 -0.134311 0.404646 0.209426 -0.006684 -0.154670 0.201747 -0.172324 0.159827 0.261380 -0.179663 -0.016826 0.078951 0.110602 0.133350 0.164553 -0.207528 -0.093325 -0.352339 0.161877 -0.235622 -0.245682 -0.239792 -0.336118 -0.266045 0.309373 0.233557 0.629354 0.125292 0.137499 -0.259745 0.130862 0.149089 -0.115668 0.282859 0.377324 0.120163 -0.061292 -0.140599 0.303066 -0.042792 -0.205020 0.165610 -0.092911 0.161685 -0.385994 0.220745 0.110313 0.170255 0.191047 -0.170018 
0.375937 -0.249927 0.066917 -0.081932 -0.037772 0.162949 0.220632 -0.182966 -0.130128 -0.218583 -0.376818 0.025499 0.284106 -0.143431 -0.255882 0.240846 0.204626 0.017871 -0.006629 0.223583 -0.214601 -0.228891 0.139259 -0.233560 0.401440 0.024402 0.127215 0.005222 -0.250060 0.134342 0.221400 -0.031782 0.221703 -0.029937 -0.043109 -0.256468 -0.271575 -0.143690 -0.094206 -0.037780 -0.272138 0.310646 0.206709 0.044248 -0.053763 -0.160835 -0.129112 0.324486 0.367831 0.103480 0.139879 0.227350 -0.240795 -0.130420 -0.002748 -0.224741 -0.382372 0.095300 0.040933 -0.135240 0.066446 0.012167 0.131570 -0.071783 
-0.110569 -0.164664 0.136622 0.011580 0.050247 0.003101 -0.180831 0.251477 -0.285494 0.281927 -0.211243 0.010526 -0.246622 0.190202 -0.229480 0.213127 0.130415 0.188119 0.248673 0.189869 0.043805 -0.009737 -0.172932 -0.000108 0.028547 0.210839 -0.069667 -0.246976 -0.188694 0.012569 0.101287 0.299798 -0.127713 -0.140291 0.235786 0.120442 0.080411 0.329135 0.121679 0.085931 0.171856 0.107091 -0.315973 -0.249573 -0.062666 -0.116649 -0.288578 0.240178 -0.021190 0.154677 0.121983 0.074261 -0.086030 0.248357 0.113188 0.069467 -0.015907 -0.089570 0.198609 0.311157 -0.241188 -0.079879 0.010420 -0.077742 
-0.058458 -0.128371 -0.063416 0.090085 -0.068399 0.106063 0.085672 -0.065527 0.022833 0.031169 0.006739 0.077903 0.017536 0.005707 -0.073383 0.085637 -0.033374 -0.099640 -0.056444 -0.004497 0.006814 0.075751 0.082164 0.096861 -0.146371 -0.098163 0.119037 -0.044278 0.152332 -0.012457 -0.070368 0.085447 
0.081045 -0.059659 0.199101 -0.019350 -0.249247 0.170805 -0.104148 -0.052994 -0.002894 -0.265187 0.100589 -0.143870 0.088253 0.042311 -0.163267 0.030145 -0.014487 0.087936 0.072551 0.050190 0.023601 -0.006645 0.008289 -0.081957 -0.157830 -0.177637 0.189893 0.035625 0.120418 -0.008441 -0.129638 0.075810 
-0.014139 0.149301 -0.020767 0.072615 -0.161404 -0.175529 -0.125371 -0.088788 -0.037367 -0.045417 -0.103441 -0.093846 -0.065681 0.026561 0.079011 0.001081 -0.133406 0.040160 0.050168 0.061678 0.116136 0.009395 -0.124010 -0.101243 0.124830 0.182731 -0.025514 -0.088003 0.043994 -0.058292 0.189614 0.013911 
-0.127813 0.221854 0.063550 -0.124822 -0.015655 -0.065197 0.072059 -0.031320 -0.080851 -0.060030 0.019869 0.003632 -0.009061 0.069187 0.192808 -0.226170 -0.093284 0.224572 0.145055 0.033534 0.058030 -0.111733 -0.097537 0.124049 0.031383 0.122279 0.014655 -0.079666 -0.168439 0.132897 0.024714 -0.106902 
0.062490 0.058834 -0.106167 0.016728 0.000986 -0.014420 -0.004386 0.252869 0.083091 0.003928 0.108945 0.004050 0.058111 -0.045420 -0.134436 0.177458 -0.065904 -0.029516 0.035323 0.072418 -0.042011 0.007651 0.238467 0.067521 -0.021717 -0.077162 0.149893 0.159857 0.134344 0.058205 -0.139946 -0.190809 
0.103205 0.054786 0.230361 -0.033844 -0.117248 0.119010 -0.008170 0.137045 0.000234 -0.060057 0.016654 -0.057842 0.197796 -0.067547 -0.171279 -0.082080 -0.103575 0.084146 0.157656 0.073641 -0.095897 0.066515 0.097749 -0.013238 0.019019 -0.228302 0.167903 0.183683 0.094804 -0.026628 0.031290 0.039900 
0.153049 -0.040498 -0.057336 -0.103241 -0.047112 0.052507 0.096873 0.162839 -0.005468 -0.204065 0.081874 0.041087 0.002722 0.174993 0.157960 -0.051565 -0.040096 0.138594 -0.042591 0.128936 0.004297 0.210902 0.139943 0.097437 -0.086801 -0.073622 0.085134 0.101126 0.071089 0.001278 -0.160924 0.046922 
-0.099234 0.205326 0.006647 0.002139 -0.163667 -0.220565 0.040902 -0.154885 -0.083836 -0.117558 -0.098829 -0.180557 -0.111768 -0.108891 0.083496 -0.173514 -0.261381 -0.138544 0.019572 -0.070284 -0.043792 -0.100122 -0.217813 -0.023919 0.144480 0.219386 0.107852 -0.039134 -0.011565 0.027751 0.207812 -0.109613 
-0.015679 -0.117471 -0.030686 -0.040321 -0.046102 0.211908 -0.194502 0.029057 -0.161650 -0.067206 0.058104 -0.127403 -0.008288 -0.064994 -0.003154 0.101040 0.004498 -0.006521 -0.150906 0.106846 0.044298 -0.031943 0.203520 -0.093500 -0.065890 0.013228 0.067321 -0.125482 0.195794 0.060643 -0.060169 -0.098277 
0.242440 0.097377 -0.065185 -0.066011 0.081233 0.027282 0.229841 0.147647 0.035646 0.047037 0.023989 -0.105340 0.083789 0.102118 0.023093 0.061020 0.031714 0.104895 0.041403 -0.162067 -0.136448 -0.003814 0.060618 0.212078 -0.007091 -0.022526 0.064474 0.056515 0.120457 -0.032718 -0.030380 -0.027793 
0.007096 -0.017510 0.156635 -0.145025 -0.204818 0.140347 -0.226915 0.059524 0.015744 -0.139138 0.073132 -0.085048 -0.051252 0.009096 -0.070725 0.119585 -0.010319 -0.161680 -0.129944 0.028137 -0.075454 0.000733 0.050307 -0.008361 -0.104794 -0.060378 0.119147 0.118455 0.191680 -0.144640 -0.093034 -0.068802 
0.184020 -0.140628 -0.127420 -0.194289 0.128491 0.025702 0.121669 0.007335 -0.049569 -0.124480 0.106086 0.008571 0.007071 0.067511 -0.109701 0.230272 0.218111 -0.063783 0.052634 0.088130 0.100688 0.047863 0.166719 -0.138406 -0.099986 -0.104221 -0.054717 -0.059058 0.104833 -0.057836 -0.084833 -0.155905 
-0.230675 0.103297 0.045409 0.140903 0.019724 0.004850 0.003005 -0.005482 -0.129424 -0.026627 -0.015237 -0.069792 -0.146850 0.040605 -0.018630 -0.113848 0.009599 0.043643 -0.077914 0.073970 -0.037443 0.134588 0.129433 0.178740 -0.037878 -0.099397 0.024362 0.094901 0.071150 0.199272 0.035842 0.115540 
0.011252 -0.059088 0.044496 -0.024364 -0.095851 0.073610 -0.103286 0.020709 -0.031671 0.069256 0.054607 0.050257 -0.070707 0.037370 0.097203 0.000320 -0.007917 -0.046292 -0.042400 0.072005 0.106736 0.107446 0.064606 0.048834 -0.093453 -0.030522 0.182642 -0.072290 0.015024 0.133219 -0.005230 0.075868 
-0.157804 -0.054625 0.008487 -0.091152 0.226484 -0.092186 0.162815 0.062951 -0.148597 -0.031711 0.117165 -0.008196 -0.023946 0.036633 0.259821 -0.062033 0.054593 0.181121 -0.054473 0.005924 -0.188667 0.007484 0.071330 0.117374 0.127966 0.000468 -0.172960 0.025893 0.039251 0.089524 0.000421 -0.024572 
0.150305 -0.119168 -0.071890 -0.100428 -0.093377 -0.038850 -0.123719 -0.151177 0.086667 -0.161154 -0.225135 0.074648 0.079784 -0.074773 -0.135859 0.102159 0.027902 -0.084456 0.093316 -0.018747 0.067936 0.002347 -0.314040 -0.051303 -0.084532 0.037678 -0.003851 0.059300 -0.101719 -0.055833 0.027665 0.047495 
0.209563 0.046820 -0.074715 -0.040866 -0.006041 0.105353 0.158831 -0.119318 0.120169 -0.076886 -0.000238 -0.023255 0.186499 -0.018023 -0.038927 0.097543 0.053121 -0.016202 0.137901 -0.124933 -0.091377 0.046826 0.049972 0.110839 -0.078961 -0.001448 0.024055 0.088399 0.027307 -0.126066 -0.009024 -0.155891 
0.060586 0.023108 0.134005 0.097421 -0.092908 -0.021445 0.064723 -0.127074 0.173822 0.012571 -0.041850 0.212971 0.139921 -0.092363 -0.187630 -0.080379 -0.161176 0.117415 0.042172 -0.110128 -0.153361 0.129163 -0.025635 -0.100169 0.045237 -0.069033 0.103390 0.125782 -0.100348 0.060977 -0.211277 0.256611 
-0.036332 0.141879 0.099368 0.130876 -0.026478 -0.064572 0.138406 0.019771 0.026691 0.058404 0.006212 -0.062023 0.019416 0.009390 -0.008518 -0.133308 -0.146868 0.047940 0.085236 -0.237100 -0.035050 0.085428 -0.043573 0.200308 0.094990 -0.034933 -0.048605 0.155634 -0.128031 -0.023253 -0.159055 0.156894 
-0.132194 0.029756 -0.016811 0.149052 -0.077880 -0.123993 -0.018819 -0.056340 0.195081 -0.053001 -0.124732 0.228430 -0.037393 0.025260 0.124206 -0.059618 0.012230 0.055412 0.094404 0.041148 0.098789 0.001339 -0.074823 0.031784 0.061443 0.063968 -0.055442 0.081453 -0.153333 0.018212 0.007264 0.083217 
-0.076919 0.239178 -0.161475 0.014936 0.006784 0.009318 0.151320 -0.068353 -0.189972 -0.091887 0.191247 -0.201863 -0.069818 0.134852 0.208757 -0.115793 -0.032765 -0.021306 0.009074 0.051566 0.058536 -0.063774 0.154362 0.080569 0.079487 -0.012240 -0.023970 -0.090835 0.111598 0.178165 0.061764 -0.141001 
0.115929 -0.021509 -0.071157 -0.152699 -0.057407 -0.024100 -0.091051 -0.040647 -0.101717 -0.180998 0.037131 -0.031718 -0.173544 -0.056015 0.023058 0.022989 0.137047 -0.107680 -0.003942 0.062540 0.109417 -0.056461 0.061961 0.025552 0.034037 0.129987 0.058680 -0.162126 0.192568 -0.110604 0.168666 -0.143283 
0.044756 -0.001020 0.059838 -0.093383 -0.132859 0.097671 0.252813 -0.052092 -0.124609 -0.111914 -0.150093 -0.028515 -0.121674 0.033332 0.087746 -0.022410 0.058796 0.135104 0.174994 0.021511 -0.043059 0.087726 -0.070055 0.003769 -0.044796 0.059550 0.074691 0.077671 0.098912 0.045543 0.074594 -0.005941 
0.239191 -0.119022 -0.012203 -0.046577 -0.042013 0.183040 -0.010561 -0.018314 -0.018289 -0.023976 0.112167 -0.015578 0.133339 0.009681 -0.183505 0.243542 0.016017 -0.156960 -0.028643 -0.033690 0.099168 0.070631 0.096365 -0.057449 -0.190935 -0.068258 0.134541 0.061477 0.097781 -0.000294 -0.352125 0.124431 
0.027878 -0.177311 0.064777 -0.062900 -0.050461 0.129177 -0.171660 -0.214186 0.078872 0.044411 -0.045290 0.109892 -0.006726 -0.056048 -0.183329 0.080890 0.033792 -0.026050 -0.010437 0.025419 0.072319 0.110222 0.017623 0.011011 -0.255560 -0.019658 0.141637 -0.060400 -0.014791 -0.238075 0.057876 0.166853 
0.204660 -0.001502 -0.266429 -0.020991 0.019836 -0.025799 0.228374 0.099971 0.050794 -0.171824 -0.057574 0.013937 0.124905 0.089533 -0.076265 0.290065 -0.067527 -0.078287 0.168805 -0.094861 0.168832 -0.011990 0.031052 0.177555 -0.082340 -0.007898 0.072104 -0.178536 0.273614 0.020645 0.003441 -0.222894 
0.063537 0.037807 0.065256 0.111774 0.013266 -0.042216 -0.151686 0.062919 -0.086156 0.052780 -0.049509 0.216984 -0.008242 0.056351 0.153559 0.056796 0.078258 0.028706 0.036470 0.058296 0.157817 0.064468 -0.056556 0.001333 0.175581 0.040699 -0.131234 -0.007270 -0.188926 0.019602 0.155667 0.016191 
0.098535 0.084973 0.150868 -0.084138 -0.066163 0.267801 0.050294 0.021176 0.025199 -0.062195 -0.016815 0.009969 -0.037191 0.017418 0.018802 -0.164182 0.008041 0.085406 0.137455 0.079117 -0.018788 0.024026 -0.136845 -0.103969 -0.002088 0.019218 0.139043 0.015072 0.063098 0.172063 0.041909 0.084337 
0.045134 -0.026985 0.035234 -0.104459 -0.055629 0.149937 -0.085371 -0.086783 -0.094679 -0.050880 0.131370 -0.048282 -0.017608 -0.007811 0.046702 0.077297 0.137594 -0.061830 -0.117197 0.119421 0.138565 -0.033559 0.093921 -0.068649 -0.079255 0.141379 0.045586 -0.166473 0.191490 -0.019056 -0.047888 -0.006963 
0.232585 -0.076636 -0.146912 -0.164406 0.067919 0.058235 -0.011917 0.141276 0.156014 -0.121137 0.048013 0.105679 0.016314 0.172846 -0.045555 0.324577 0.060891 0.018566 0.014284 0.006932 0.007393 0.222584 0.110078 0.115498 -0.194199 -0.215163 0.129041 -0.025610 0.081587 -0.016597 -0.324034 -0.063808 
-0.027953 -0.019037 -0.103703 0.059319 0.050493 -0.037837 -0.020723 0.032399 0.084855 0.059435 -0.044621 -0.052310 0.147091 0.165626 0.113606 -0.054604 0.011348 -0.007172 0.106006 -0.012736 0.038260 0.147894 0.052974 0.084170 -0.143208 -0.023751 -0.067097 -0.101600 0.057986 -0.023032 -0.011126 0.091451 
0.066515 0.016204 -0.077675 -0.004548 -0.037716 0.054126 -0.180490 0.108078 0.064656 0.003267 0.137035 0.008030 -0.011898 0.048236 -0.024335 0.057898 -0.084116 -0.184835 -0.082743 0.018713 0.144206 0.162709 0.038215 0.147055 -0.182954 -0.094498 0.085345 -0.116828 0.062989 0.114287 -0.165115 0.052363 
0.005672 0.026375 -0.039895 -0.107119 0.188351 -0.090503 0.214180 -0.013783 0.007175 -0.015771 -0.031673 0.027439 -0.113425 0.006809 0.185192 -0.109572 0.027682 0.000767 0.079480 0.055466 0.044692 0.076485 -0.124422 0.103836 0.064525 0.063678 -0.122518 -0.010131 -0.110047 0.033934 0.120517 -0.010105 
0.114350 -0.103478 -0.072436 -0.091270 -0.016754 0.147072 -0.147621 0.144761 0.005045 0.011649 0.150933 0.163099 0.161024 -0.051172 -0.128660 0.052545 0.028980 0.017891 0.061192 -0.003554 0.014816 0.196202 0.157642 -0.090113 -0.097991 -0.074933 0.119526 0.110798 0.019289 0.073261 -0.218580 0.079817 
-0.010147 -0.080459 -0.079495 0.008570 -0.037942 0.170847 -0.091362 -0.092546 0.032160 0.028474 -0.005354 0.093248 -0.028976 -0.018223 -0.035652 0.182270 0.171816 -0.181224 -0.042557 -0.077895 -0.024880 0.262024 -0.029214 0.028989 -0.121146 -0.074385 -0.018249 -0.024795 -0.004754 -0.017544 -0.172160 0.146296 
0.016712 -0.011877 -0.058576 0.016038 0.019618 0.153041 -0.016450 -0.103045 -0.110288 0.082382 0.061261 0.061102 -0.009608 0.040926 0.068251 0.022492 0.233139 -0.109211 -0.106089 -0.001954 -0.103940 -0.043646 0.068452 0.140788 0.012263 0.003355 -0.024023 0.008835 -0.049385 0.087316 0.018319 -0.035901 
-0.129436 0.109372 0.019990 0.156904 -0.001532 -0.149488 0.004715 -0.036185 -0.054421 0.002804 0.253656 -0.003740 -0.130296 -0.007056 0.050871 -0.133900 0.098511 -0.147343 -0.176181 -0.085762 -0.011477 0.039044 0.006503 0.115834 0.075757 -0.000215 -0.083420 -0.083260 -0.036046 0.125904 0.104696 0.038797 
0.108858 -0.014045 0.013479 0.039975 -0.094237 0.010296 -0.029971 0.016436 0.041626 -0.067524 0.084884 0.015248 0.075882 0.107594 0.081958 0.061354 -0.048020 -0.105180 0.050455 -0.070965 0.163998 0.164393 0.092037 0.222188 -0.094731 0.030465 0.074110 0.011210 0.083101 0.078324 -0.076472 0.071921 
0.102630 -0.195642 0.032473 -0.052260 -0.154203 0.105193 -0.148671 -0.104797 0.077674 -0.103015 -0.003272 -0.039362 0.049595 0.032820 -0.198016 0.250150 0.143670 -0.100286 -0.045513 0.099809 0.203967 0.027219 -0.032760 -0.097912 -0.029584 0.202197 0.010881 -0.019894 0.111503 -0.132893 -0.095008 0.036346 
-0.030908 -0.124990 0.184165 -0.065803 0.087534 -0.013187 0.062498 -0.144283 0.059842 0.184156 -0.024841 0.202836 -0.009765 -0.149794 -0.029091 -0.116159 0.010639 0.010537 -0.218301 -0.234224 -0.119981 0.036208 -0.149427 -0.057939 0.101882 0.090735 -0.197248 0.135057 -0.236923 0.039069 -0.033674 0.117460 
0.157634 -0.005743 0.051600 -0.126764 -0.071735 0.057341 -0.007230 -0.046646 -0.024886 -0.123414 0.026144 0.153261 0.141886 0.044215 0.059101 0.031832 -0.009650 -0.037051 0.011253 -0.067571 -0.022217 0.082752 -0.144618 -0.066631 -0.100855 0.083100 -0.026360 0.030873 -0.003896 -0.001605 -0.088016 0.173133 
0.293148 -0.084333 0.157429 0.100144 -0.214790 0.120449 -0.135883 0.058730 0.043060 -0.122969 -0.141424 0.084755 0.145077 0.009906 -0.097646 0.150023 -0.179837 -0.002120 0.123822 -0.079993 0.211202 0.153536 0.048055 0.035253 -0.189507 -0.184447 0.062304 -0.053094 0.037475 -0.053030 -0.065814 0.094362 
0.120542 -0.108281 -0.049114 0.011846 0.042556 -0.007728 0.037765 0.031412 -0.046402 -0.054481 -0.011978 0.120835 0.012827 -0.031445 -0.039881 -0.058297 0.128092 0.049331 0.007224 0.049079 -0.123425 -0.042164 -0.023886 -0.122791 -0.057561 -0.105865 -0.022283 0.157828 -0.029483 -0.066982 0.003000 0.024570 
0.090768 -0.021839 -0.062037 -0.044236 0.078375 0.069938 0.076184 0.069242 0.041476 0.183581 0.100487 0.062028 0.070722 -0.134781 -0.153107 0.003045 0.011446 0.160113 -0.051032 -0.117978 -0.006693 -0.004635 0.046735 -0.036914 -0.051411 -0.182900 0.022651 0.179450 -0.020942 0.054548 -0.138483 0.114422 
0.031593 -0.029824 0.039144 -0.093006 0.084879 -0.026882 0.118168 0.051400 -0.103192 -0.072296 0.060920 0.004782 0.000248 0.033937 0.042471 -0.144517 0.041150 0.110343 0.113939 0.029141 -0.023908 -0.050836 -0.051803 0.114567 -0.045516 -0.046333 0.058048 0.117180 -0.063790 -0.099950 0.049122 -0.083796 
-0.046800 0.089510 0.271516 -0.081753 -0.215472 0.024788 -0.105259 0.032122 -0.031583 -0.088299 0.002927 -0.078839 0.050973 0.106004 0.018300 -0.026376 -0.040415 -0.021581 0.046212 -0.046281 0.084301 0.008821 -0.039557 -0.109577 -0.115079 -0.035114 0.152758 0.151506 0.025279 -0.158226 -0.008509 -0.033137 
-0.201922 0.140760 0.014496 0.008927 -0.013814 -0.043506 -0.091215 0.089439 -0.109650 0.172241 0.010053 0.010035 0.007559 -0.167288 -0.075311 -0.202724 -0.058144 -0.012865 -0.105833 -0.109235 -0.185398 -0.106743 -0.008873 -0.127719 0.078910 0.003805 -0.059622 0.030951 0.100500 -0.072102 0.046829 -0.016783 
0.024175 0.022881 -0.113128 -0.006254 0.042511 -0.088137 0.133803 -0.168220 -0.033635 0.156757 -0.234563 -0.059798 -0.076216 -0.049590 -0.082321 0.022938 -0.015031 -0.039418 0.060807 0.034470 0.039884 0.005944 -0.123032 -0.013417 0.018153 0.062491 -0.146037 -0.108637 -0.202483 -0.070217 -0.023852 0.051666 
-0.128411 0.042141 -0.116941 -0.108864 0.089084 -0.149857 0.079940 -0.076086 0.058798 -0.002160 -0.145482 0.109650 -0.156680 0.020205 -0.000887 -0.058000 0.063017 -0.009375 -0.018964 0.113328 0.070318 -0.019301 -0.130760 -0.093130 0.027616 0.144917 -0.064929 -0.133024 -0.135157 -0.054453 0.405665 -0.109766 
-0.220938 0.130990 0.061719 0.041242 0.030604 -0.225215 0.075754 -0.092075 0.008675 0.024675 -0.049851 0.073438 -0.270106 0.007529 0.180738 -0.189160 0.113518 0.009635 -0.092333 0.090893 -0.132961 -0.023700 -0.135437 0.111824 0.183337 0.271437 -0.031208 0.088249 -0.076195 0.062586 0.119760 0.018026 
0.045384 0.141408 -0.154443 0.214785 0.036315 -0.141030 0.018044 0.030455 -0.028194 0.080899 -0.028737 -0.119050 0.012219 -0.055530 -0.029022 0.003637 -0.100908 -0.105230 0.030770 0.067389 0.022305 -0.073065 0.112714 0.072058 -0.014499 -0.006016 -0.089938 -0.233147 0.063092 -0.126892 0.234484 -0.211879 
0.224685 -0.024489 0.001581 0.071041 -0.164880 0.229089 -0.167751 0.048035 0.002135 -0.051939 -0.083323 0.083262 0.161478 0.171860 0.068917 0.109686 -0.101620 0.107723 0.091705 0.070379 0.138018 0.144021 0.095145 0.093687 -0.148825 -0.011622 0.172364 -0.081435 -0.020062 0.152791 -0.114104 0.187274 
0.113027 0.015037 0.050446 -0.161008 -0.155061 0.003686 -0.089699 0.014288 0.024205 -0.085087 0.051760 -0.173701 -0.080573 0.000723 -0.108907 -0.012257 0.060409 -0.030876 -0.144495 -0.048177 0.001279 -0.178514 -0.087828 -0.178465 -0.107280 0.128437 0.068033 -0.070199 0.092242 -0.100406 0.035258 -0.051763 
0.130198 0.026479 0.087411 0.066482 -0.041383 0.038445 -0.126237 0.053620 0.058226 -0.006992 0.072743 0.075730 0.259298 -0.079635 -0.113091 0.166065 0.043362 -0.078736 0.135273 0.090986 0.020574 0.159130 0.008572 -0.023738 0.037715 -0.218498 0.062089 0.027652 0.080700 0.068128 -0.076907 0.087238 
-0.229449 0.083304 -0.110810 0.043938 0.035747 -0.084038 -0.100167 -0.136316 -0.042938 0.120700 0.112059 -0.072535 -0.194810 -0.050192 -0.020967 0.012411 -0.001864 -0.176981 -0.050922 0.134937 0.106867 -0.118769 0.007777 0.202336 -0.082935 0.169753 -0.013727 -0.076690 0.015165 0.044317 0.081686 0.007818 
-0.175380 0.083016 0.134557 -0.046577 -0.059393 -0.036742 -0.169562 -0.131032 0.017924 -0.070383 0.048973 0.006686 0.000297 0.172755 0.010838 -0.188079 -0.118827 0.075544 -0.105553 0.156365 0.157010 -0.063234 -0.066123 0.020758 0.068793 -0.019947 0.001139 -0.164899 -0.038974 0.177124 0.209010 0.067398 
-0.144973 -0.022692 0.075531 -0.080138 0.127560 -0.239218 0.023959 0.041734 -0.063511 -0.020862 0.188429 0.054957 -0.141712 -0.130530 0.139028 -0.167685 0.159616 0.027161 -0.167134 0.017956 -0.124438 -0.024225 0.061498 0.048411 0.108496 -0.066686 0.029836 -0.090372 -0.071260 -0.013203 0.145270 -0.059618 
0.075947 -0.100165 -0.015679 -0.044490 0.141653 -0.147402 0.003284 -0.172010 -0.009658 0.190302 -0.010642 0.081470 0.096467 -0.045299 0.050527 0.067529 0.075152 -0.012420 -0.099862 0.024594 -0.025048 -0.022424 -0.132926 -0.114932 0.108253 0.071590 -0.102127 -0.111224 -0.091861 -0.074784 0.010061 0.074707 
0.005960 -0.050169 -0.033258 0.143123 -0.146914 0.060143 -0.239141 0.051851 0.130254 0.134865 -0.029607 0.024921 0.148504 0.123709 -0.118172 0.157003 -0.076504 -0.049718 -0.054041 -0.113691 0.177491 0.162882 0.025447 0.087122 -0.127353 -0.145130 0.226505 -0.106433 0.070495 0.022868 -0.062686 0.170279 
0.420241 0.074265 -0.199583 -0.000526 -0.045460 0.118750 -0.106856 -0.024628 0.143995 -0.196857 0.076387 -0.123315 0.191989 0.204951 -0.150785 0.280855 0.032858 -0.295555 0.126920 0.014735 0.002411 0.120818 0.067427 0.082426 -0.312739 -0.179208 0.113185 -0.141859 0.174625 -0.158563 -0.003500 -0.007826 
-0.052268 -0.035465 -0.012746 -0.201996 -0.105768 0.163941 -0.072345 -0.009468 -0.020298 -0.174310 -0.086275 -0.092138 0.058376 -0.016894 -0.089582 0.146606 -0.012536 0.031729 -0.038539 0.057108 0.033795 0.021939 0.002223 -0.091191 -0.016947 -0.030531 0.161395 -0.070727 0.189831 0.050576 0.005806 0.001056 
-0.037156 0.003796 0.132834 -0.110480 -0.082348 0.050826 -0.064846 0.080471 0.083936 -0.226353 0.008873 0.214425 -0.042837 0.181152 0.093457 -0.053237 0.031967 0.241743 0.020881 0.166666 0.225531 0.151275 -0.057983 -0.011473 0.006007 -0.139972 0.012185 0.053057 0.114768 0.119121 -0.189900 0.091704 
-0.040005 0.090726 0.083040 -0.062902 -0.116300 0.027241 -0.074591 0.138962 0.024623 -0.147691 -0.044591 0.056457 -0.085579 0.167319 0.006933 0.035847 -0.057859 -0.033394 0.087460 0.087393 0.092309 -0.127428 0.043027 -0.084383 -0.001833 -0.022990 0.071421 -0.041338 0.131949 0.092438 0.019129 0.109634 
-0.249865 0.144756 -0.039437 0.143390 -0.162565 0.060475 -0.000595 -0.009637 -0.120844 -0.045173 0.001388 -0.258844 -0.158482 -0.049058 0.048256 -0.132473 -0.034397 -0.088908 -0.192364 -0.068257 -0.101765 -0.189927 0.057756 0.018931 0.106334 0.032225 0.115106 -0.002754 0.144090 -0.020044 0.019290 -0.082964 
0.147421 0.052362 -0.211671 0.280859 0.170721 0.230055 0.061450 0.266575 -0.090997 0.286134 0.051729 0.036470 0.025444 0.114726 -0.291479 -0.052215 
-0.073020 -0.131789 -0.188544 0.230888 -0.506228 -0.043965 0.078965 -0.035896 -0.065730 -0.252023 -0.129676 -0.460303 0.241878 0.205443 0.291591 -0.057218 
-0.062882 0.220123 0.030355 0.023277 -0.098486 -0.340823 -0.308700 -0.070624 -0.549565 -0.110227 0.115773 0.053871 -0.026904 -0.114171 0.194623 0.190926 
-0.158735 0.152894 0.105736 0.190544 -0.001355 0.007375 -0.025580 0.016042 0.329381 -0.285384 -0.378588 -0.081374 -0.077177 0.234054 0.322463 -0.209656 
-0.186851 -0.151303 -0.185411 -0.130176 -0.175234 0.185849 0.376885 -0.091620 0.135588 0.119644 0.222583 -0.021551 -0.137703 0.102547 -0.131047 -0.173270 
0.145645 -0.111930 0.077858 -0.246942 0.203184 -0.280734 -0.323013 0.109121 -0.042779 0.073835 0.023710 0.278422 -0.101440 -0.325869 -0.135274 0.173954 
-0.068983 -0.084735 -0.343047 0.062101 -0.256054 0.009313 0.445100 -0.191159 -0.129039 0.053621 0.210615 -0.334687 0.183489 -0.084182 -0.212640 -0.302381 
0.094153 -0.100517 -0.336806 0.100973 -0.140174 -0.166166 -0.031874 0.325350 0.018175 -0.113112 0.150227 -0.073845 -0.102448 0.245592 0.077544 -0.029237 
-0.023504 0.266740 0.180511 0.043405 0.151284 0.060881 -0.124148 0.341383 0.148507 0.020845 -0.013012 -0.233602 -0.005237 -0.016287 -0.211775 -0.343806 
-0.194710 0.057728 0.060900 0.064903 0.061701 0.081902 0.166240 -0.196051 0.231345 -0.222395 -0.192976 0.117594 -0.263103 0.139023 0.116198 -0.141851 
0.128254 -0.380049 -0.108327 -0.092761 -0.100731 -0.330164 0.132059 0.150624 0.086706 -0.022038 0.155357 0.261752 -0.371585 -0.066954 0.034403 0.158987 
-0.038914 0.055726 0.281881 -0.185630 0.257684 0.007969 -0.193170 0.129689 0.138796 0.067987 0.395984 -0.219036 -0.358234 -0.215430 -0.298522 -0.222182 
0.023929 0.219592 0.075441 0.256438 -0.107948 -0.036967 -0.182555 0.161775 -0.093190 -0.025581 -0.055920 -0.059830 0.019185 0.078742 -0.172258 -0.175159 
0.178791 -0.196661 -0.069575 0.043360 -0.145857 0.103119 -0.120862 0.135860 -0.091323 0.253395 -0.030730 -0.252711 -0.097006 -0.099013 0.067512 0.049563 
-0.078255 -0.245661 0.104254 -0.216524 -0.171465 0.012302 0.185984 -0.074700 0.203390 0.062352 0.172601 -0.301620 0.062351 -0.075514 0.046363 0.164967 
0.163275 -0.104404 0.085547 0.140695 0.317801 0.128394 -0.005433 0.377974 0.110042 0.301659 -0.150317 0.185263 0.105019 -0.033311 -0.319865 -0.119772 
-0.056635 -0.146759 0.132567 -0.161707 0.069997 0.084613 0.291043 -0.108407 0.046344 0.273443 0.152431 0.120108 -0.178980 -0.273441 -0.204956 0.017722 
-0.238343 0.052421 -0.313297 -0.187245 -0.168209 0.027414 -0.178555 -0.056477 -0.183229 -0.120890 0.332916 -0.265604 -0.129038 -0.090799 -0.092932 0.141031 
-0.035508 0.037602 -0.050744 0.202572 -0.065562 0.116436 -0.036140 0.091443 -0.230868 0.135668 0.095958 -0.365454 0.330146 0.033428 -0.120774 -0.150929 
0.040325 -0.154464 -0.098481 -0.105438 0.004591 0.102107 -0.098423 -0.016339 0.033247 0.289174 0.079493 -0.074856 0.011521 -0.180074 0.148162 0.399195 
0.229048 -0.214170 0.191529 0.065131 0.286052 0.307360 -0.320870 0.155054 0.149645 0.416007 -0.124946 -0.048213 0.085766 0.029670 0.122792 0.228532 
0.264786 0.092878 0.174201 0.029736 -0.026403 -0.228347 -0.212047 0.343451 0.142654 0.213034 0.294406 -0.218125 -0.111159 -0.051713 -0.164697 -0.249826 
0.229152 -0.204792 -0.234082 0.089828 -0.188001 -0.256661 -0.003919 0.239945 0.064291 -0.035518 -0.007433 0.164860 -0.086277 0.040512 0.049648 -0.039514 
0.156278 -0.289599 0.046594 0.238268 -0.246028 -0.082758 0.215230 0.150191 0.264992 -0.029971 -0.047105 -0.424335 0.042551 0.138592 0.113621 -0.239292 
-0.275939 0.006775 -0.148296 -0.330735 0.046062 0.244727 0.288314 -0.186953 0.089180 -0.244782 -0.048095 -0.046524 -0.061185 0.353681 0.312717 -0.012045 
-0.092944 -0.055814 0.256317 -0.026920 0.192304 0.234710 0.196994 -0.172316 0.030127 0.117385 -0.176983 -0.007273 0.163481 0.026485 0.148083 0.130307 
0.269965 0.012568 -0.185545 0.263771 -0.100576 -0.227654 -0.178643 0.176181 -0.156508 -0.094781 -0.060494 0.042297 0.211442 0.102687 0.056162 0.085078 
-0.065316 0.169036 -0.017001 -0.175903 -0.074101 -0.401732 -0.103282 0.174208 -0.182482 -0.307526 0.170231 -0.127029 -0.001707 -0.146624 -0.253558 -0.219584 
0.386363 -0.198062 -0.117327 0.055358 -0.185477 -0.246164 -0.095083 0.370651 -0.065823 0.032187 -0.076389 0.133929 0.049218 -0.224985 -0.110284 0.126912 
0.011053 -0.220254 0.147714 -0.177629 -0.158273 -0.013994 -0.093435 0.016692 0.219237 0.051381 0.192463 -0.315167 -0.221080 -0.094421 0.326773 -0.035444 
-0.307859 0.046221 -0.186495 0.113582 -0.243892 0.345134 0.174724 -0.478010 0.119971 -0.010502 -0.190284 -0.091476 0.153298 0.295063 0.289081 0.169853 
0.074164 0.297969 0.471640 -0.060657 0.107818 -0.207062 -0.389360 0.167572 0.223174 -0.134969 0.175528 -0.195559 -0.327432 0.034978 -0.122631 -0.125929 
0.117895 -0.142298 -0.261255 -0.156722 0.028322 -0.070051 -0.036854 -0.307855 0.094803 0.129175 0.123583 0.233290 0.046690 0.266485 -0.084389 -0.199574 -0.201038 -0.193848 0.168408 0.281857 0.042065 0.055361 -0.159854 -0.357897 0.033797 -0.275357 0.008393 0.302272 0.293090 -0.076326 -0.223634 0.070905 0.133482 0.233075 0.053009 0.031172 0.272107 0.329270 -0.116491 0.204096 -0.355916 -0.106729 -0.102065 0.049568 -0.205163 0.259836 0.130476 
0.226580 -0.065956 -0.005936 -0.099734 0.421770 -0.013352 -0.175441 -0.297935 -0.312196 0.111702 0.045222 -0.304971 0.157953 -0.328948 0.064384 0.109747 0.434559 0.396179 -0.201169 -0.374197 0.086234 0.388690 -0.029694 0.109842 0.046296 -0.119090 -0.323182 -0.240787 0.129667 -0.158979 -0.165277 -0.192171 -0.128377 -0.011860 -0.070005 -0.193808 0.173419 0.185050 -0.071916 0.243199 0.232371 -0.014614 -0.095910 -0.201548 -0.005765 0.257720 0.028528 
0.060508 0.102056 -0.371386 -0.035014 -0.135257 -0.273041 -0.222214 0.314262 0.200574 0.204927 -0.313408 -0.106187 0.221556 -0.381044 -0.174164 0.130879 -0.148219 0.287731 -0.136314 0.007553 -0.120157 -0.053271 -0.263420 0.259077 0.169507 -0.105949 -0.069232 0.376150 -0.107069 -0.596646 0.140063 -0.390029 -0.135069 -0.027284 -0.003528 -0.079660 0.112041 0.390990 -0.156524 -0.070737 0.181912 0.058222 -0.048999 0.194775 0.046092 0.026591 0.007612 
0.319374 -0.016970 -0.270378 -0.371653 0.109373 -0.017137 0.073089 -0.337639 -0.453396 -0.005602 0.144842 0.060545 0.257725 0.529938 -0.021674 -0.031988 0.055607 -0.197577 0.120082 -0.138739 0.085594 -0.030204 0.186371 -0.328431 -0.086755 -0.248873 -0.128284 -0.138274 -0.195487 -0.084480 -0.147906 0.153315 -0.197297 0.073994 0.246103 0.068800 0.121728 0.163562 -0.125260 0.058639 -0.119734 0.027094 -0.026489 0.022683 -0.088768 0.231212 0.288281 
0.025472 0.233137 -0.029105 0.084384 -0.016900 -0.307061 0.263669 -0.178925 0.192092 0.425981 -0.049747 -0.105041 0.008622 -0.113898 0.075881 0.185866 -0.103938 -0.011485 -0.121905 -0.381691 -0.224535 0.272271 -0.211931 0.153023 0.260147 -0.356091 -0.188746 0.298053 -0.151390 -0.503736 0.120186 -0.134778 0.017854 -0.166941 -0.365684 -0.042915 -0.305155 0.144591 0.230313 -0.549822 0.150821 0.041024 -0.363448 0.286867 -0.081504 -0.028412 -0.092651 
0.031827 -0.118340 0.090774 -0.285556 -0.319724 -0.074373 0.549114 0.540254 0.143448 -0.276849 -0.253344 0.166136 -0.202608 0.224871 0.037110 -0.164862 0.023682 0.180084 -0.178448 -0.457212 -0.168036 -0.129951 0.152416 0.293449 0.117021 -0.164737 -0.090792 -0.030879 -0.124363 -0.042346 0.045939 -0.454411 0.205392 -0.031429 -0.201401 -0.157559 0.194779 -0.447180 0.162380 -0.087796 -0.108840 0.203596 0.350729 -0.176672 -0.045802 -0.208933 -0.023793 
-0.047923 -0.222951 -0.030794 0.302880 -0.360211 0.016348 0.370792 0.501799 -0.058387 -0.263676 -0.107375 -0.179085 -0.184632 0.179059 0.224983 0.017206 -0.001336 0.000325 0.322098 0.147827 0.147363 -0.161878 0.345464 0.204675 0.285182 -0.061861 0.001992 -0.044402 0.144945 0.125380 0.101000 0.145063 0.165460 0.229205 -0.087612 -0.230811 0.202478 -0.236219 0.152907 0.061588 -0.051686 0.139174 0.351869 -0.026076 -0.058357 0.008530 0.125739 
0.524231 -0.045734 -0.175870 0.010468 0.304871 -0.059961 -0.123397 -0.430384 -0.400007 0.496260 0.427331 0.210451 0.233295 -0.073311 0.019580 -0.212238 -0.213591 0.049437 0.375138 -0.182501 -0.108907 0.074253 -0.224589 -0.120496 -0.141599 -0.137403 0.148596 0.380711 0.086761 -0.397136 0.172843 0.199855 -0.439403 -0.126764 0.114662 0.033075 0.013812 0.376846 0.272196 0.204662 -0.042956 -0.229660 0.000583 0.251785 -0.322131 0.457413 0.253965 
-0.140828 -0.252406 -0.174044 0.091747 -0.289758 -0.519205 0.100759 0.134530 0.369163 -0.123667 -0.103754 -0.270455 0.260725 0.000114 -0.345313 0.040722 -0.128202 -0.218505 0.209636 -0.202689 0.185695 -0.128748 -0.060342 0.256703 0.141425 0.113403 0.217677 0.408019 -0.475108 -0.183773 0.451700 0.015789 0.059631 -0.027329 -0.403324 0.101530 0.010500 -0.240025 -0.369640 0.191850 0.156556 0.049960 0.319723 0.364602 -0.033973 -0.022946 0.166319 
0.291978 -0.199819 0.227434 -0.295079 -0.414966 0.049861 0.466520 -0.501647 0.428810 0.415098 0.228783 0.375716 0.201758 0.337186 0.126815 -0.160279 -0.438204 0.006147 0.148713 -0.060099 -0.303744 0.070272 0.046858 0.200545 -0.022740 0.038827 -0.060191 0.352971 0.155783 -0.214535 -0.046656 -0.319455 -0.017291 0.136310 -0.345189 0.066962 -0.354627 -0.186801 0.127806 -0.086617 -0.220866 -0.187467 0.061424 0.158886 0.097474 0.193054 -0.175893 
-0.207265 -0.286743 0.345040 0.333283 -0.266826 0.167857 0.177282 -0.364380 0.024333 -0.006835 0.190674 0.146723 -0.275225 -0.376810 -0.053794 -0.137548 0.097189 0.398474 0.074976 0.269675 0.271607 0.073724 -0.099180 0.282715 -0.330635 0.168688 0.225679 0.324782 -0.000472 0.198767 0.286143 0.148186 -0.006265 -0.029659 0.017265 0.033923 0.039376 -0.061118 -0.053292 -0.037661 -0.095144 0.238691 0.008716 0.205217 0.079970 0.025914 -0.158316 
-0.326921 0.225493 0.161103 0.420778 -0.114760 -0.419438 0.074361 0.031684 0.101192 0.187434 -0.213255 -0.070093 -0.155900 0.101070 -0.009887 0.455210 -0.104016 -0.414737 -0.031977 -0.126354 -0.204566 0.256295 -0.120435 -0.308886 0.537953 -0.069447 -0.214447 -0.251108 0.401888 -0.090947 -0.025609 0.118788 0.216807 0.130955 -0.328677 0.126266 0.049096 -0.298724 -0.248879 0.187937 -0.282907 0.031398 0.245180 -0.169267 0.031087 -0.157416 -0.177532 
-0.096165 0.148407 -0.035575 -0.259874 -0.036194 0.179367 0.106965 0.056470 -0.140318 0.003934 0.074167 0.150910 0.079544 0.366462 0.248774 -0.346284 0.191089 -0.058612 -0.105579 -0.002892 -0.126424 -0.064444 0.295740 -0.047921 0.061416 -0.414386 -0.312689 -0.038791 0.124309 -0.094836 -0.508617 -0.103902 -0.193435 0.062910 0.086752 -0.088950 -0.206665 0.188720 0.272107 -0.179979 -0.016558 -0.075970 -0.051273 0.136848 -0.212180 0.166078 0.165004 
0.345477 -0.157783 -0.258916 -0.093066 0.143745 -0.111972 -0.075930 -0.117980 -0.279449 -0.296338 0.072501 -0.428036 0.054412 0.270339 -0.302094 -0.338334 0.389756 -0.020435 -0.198591 -0.339091 0.335651 -0.029860 0.443299 -0.050426 0.094669 0.089045 0.215797 -0.147723 -0.291858 0.325689 0.019370 -0.105198 0.234023 -0.332369 0.272849 -0.005957 0.443723 -0.113877 -0.111341 0.156969 0.059043 0.099030 0.097694 0.445156 -0.081996 -0.074787 0.411249 
-0.530527 0.424439 -0.469608 -0.190604 -0.085656 -0.029674 -0.228938 0.571223 0.189102 -0.281543 -0.483062 0.119937 -0.223910 0.048740 -0.251873 0.144600 -0.091729 -0.127279 -0.241519 0.029349 0.064385 -0.395839 -0.047898 0.231435 0.289382 0.030641 0.175809 -0.182756 -0.218285 0.369680 -0.067206 -0.118926 0.277501 0.091107 -0.052458 -0.047621 0.010181 -0.273416 -0.421004 0.193091 -0.096733 0.239621 0.241285 0.025555 -0.307284 0.048403 0.005828 
-0.404262 0.525118 0.253864 -0.276356 0.016876 0.383470 0.011390 -0.014387 0.151726 0.152934 0.046783 0.435125 -0.289685 0.217469 -0.152311 0.442882 0.018481 -0.279512 -0.180202 0.000274 -0.265949 0.054156 -0.439614 0.005132 -0.133827 0.308475 -0.136490 -0.235675 0.419723 0.200221 -0.265911 -0.236498 0.088596 0.162816 0.068096 -0.203206 0.119728 0.119183 -0.093893 -0.018231 0.212099 -0.020862 0.114219 -0.350261 -0.336509 -0.075658 -0.232731 
0.148445 -0.031091 0.055187 -0.141992 0.141349 -0.203236 0.189645 -0.109875 0.027375 -0.224595 0.289855 0.149670 -0.210126 0.074799 -0.110645 0.028202 0.046844 -0.249973 0.006065 0.050879 -0.001960 -0.080357 -0.038014 0.112832 -0.068538 0.126560 0.381153 -0.359155 0.122964 0.350230 0.132336 0.092023 -0.055380 -0.073882 0.052875 -0.141215 -0.138117 0.129298 -0.068588 -0.281635 -0.243318 -0.120014 0.143727 -0.099389 -0.129589 -0.092993 -0.029878 0.089579 -0.140994 -0.070734 0.042078 -0.075301 -0.080234 0.002366 0.147268 0.277994 -0.104641 0.224876 -0.104017 0.027530 0.274587 0.235523 -0.202042 -0.268351 
0.040778 0.160500 -0.171498 0.245756 0.121238 0.119423 -0.283777 -0.008582 -0.017772 0.144782 -0.171743 0.047833 -0.111769 0.179594 -0.183211 -0.174808 -0.323890 -0.008323 -0.083357 0.072855 0.246961 -0.095580 -0.266482 -0.128629 -0.060005 -0.161802 0.112516 0.213518 -0.013191 -0.104728 -0.138024 0.003548 -0.092584 -0.220321 0.057099 -0.113325 -0.133665 -0.099181 -0.229624 -0.050743 0.024100 0.089740 0.045071 -0.091754 0.138863 -0.048649 0.178313 0.129571 -0.093186 -0.268839 -0.075510 -0.188472 -0.194390 -0.060254 -0.023442 -0.015562 0.101626 -0.137485 -0.168192 0.131286 0.021153 -0.148873 -0.161856 0.010604 
0.122683 0.090060 0.250233 0.242160 -0.248224 -0.032718 -0.192228 0.049893 0.096928 -0.052748 -0.069291 -0.192520 0.066283 0.155483 0.234835 -0.022241 0.135418 -0.160914 0.139764 -0.092737 -0.122002 0.017626 -0.002055 -0.134214 -0.106448 0.188165 -0.248193 0.260363 -0.065111 -0.093753 0.067219 -0.017013 -0.175389 0.028682 -0.233512 -0.142838 0.122143 0.107352 0.258489 -0.001359 0.033147 0.300249 0.060011 0.204551 0.063920 0.060388 -0.014107 -0.074607 0.158521 0.054720 0.056568 -0.057590 0.221023 -0.112676 0.108802 -0.140698 -0.135959 -0.006782 0.333117 0.093097 -0.211639 -0.042344 0.116345 0.007620 
-0.115966 0.037463 0.137790 0.037440 -0.197174 0.174364 -0.164511 0.062735 -0.035807 -0.077059 0.070271 -0.297218 0.180117 -0.007943 -0.004121 -0.017812 0.359822 -0.136218 -0.316933 -0.035373 -0.168053 0.100712 0.192176 0.107110 -0.141057 0.194399 -0.140218 0.070461 -0.150155 -0.109537 -0.062742 -0.082284 -0.318004 -0.266751 -0.213767 -0.123649 -0.033242 0.285722 0.291915 0.022810 0.175499 0.081706 0.089561 0.257540 0.035297 -0.170916 -0.017727 0.185689 -0.069733 -0.029987 -0.036615 0.236911 0.016729 0.324340 -0.205284 0.041670 -0.008823 -0.018353 0.195825 0.208510 -0.149230 -0.176476 -0.069532 -0.059567 
0.022558 -0.041561 -0.137717 0.085824 -0.068627 -0.228021 0.021166 0.132110 0.181426 -0.142073 -0.001123 -0.010897 -0.134881 -0.350405 -0.094538 0.207275 -0.011581 0.053707 -0.049039 0.100998 0.198189 -0.102660 -0.019610 -0.048454 -0.116509 -0.117570 -0.099444 -0.058997 0.066907 -0.028340 0.242358 0.108092 -0.026230 -0.120514 0.038896 -0.018658 -0.028384 -0.071768 -0.219619 -0.005630 0.230315 0.004897 -0.099860 -0.034939 0.150899 0.173907 -0.012712 0.142930 -0.054379 0.068279 -0.037478 -0.119652 -0.345645 0.153337 0.095357 0.222742 0.259110 0.244842 -0.199160 -0.190390 0.084428 -0.127711 -0.381582 -0.005980 
-0.025561 0.060989 0.009060 0.174410 0.075018 -0.321912 -0.110384 -0.060782 0.051509 0.067411 0.106205 -0.007276 -0.119850 -0.039065 0.039153 0.159665 -0.079892 0.082232 0.116619 0.026263 0.106284 -0.058717 -0.221778 -0.187982 -0.078710 -0.032804 -0.195827 -0.146468 0.158979 -0.188088 0.248501 0.167664 0.224245 0.160651 0.060361 -0.224360 0.174619 -0.120288 -0.086674 0.123193 -0.242486 0.272243 -0.081507 -0.155788 0.181294 0.085243 0.097940 -0.294419 0.176218 0.074126 0.114596 -0.222148 -0.126396 -0.242736 0.177971 0.012983 0.178141 0.227897 0.013669 0.022128 -0.236169 0.001689 -0.136202 0.063280 
-0.113809 0.117066 0.230118 0.109354 -0.146511 -0.181822 0.204460 0.026876 -0.228530 -0.193964 0.273606 0.110701 0.072300 0.330986 0.250572 -0.212153 -0.147296 0.026508 -0.018432 0.073703 -0.049740 0.029852 -0.179089 -0.056418 -0.045594 0.127504 0.281653 -0.122217 -0.130370 -0.006293 0.169843 0.146252 -0.045130 0.097758 -0.010518 -0.105617 0.037382 0.008848 0.196446 -0.009857 -0.122782 0.083062 -0.001814 0.125668 0.087038 -0.067343 -0.258029 -0.215303 -0.118045 -0.053394 0.008641 0.043127 0.160329 -0.131521 0.030710 0.030504 -0.131711 -0.001999 0.316331 0.144270 -0.049779 0.253192 0.006527 0.179402 
-0.074838 0.025547 -0.159647 -0.318859 0.182336 0.044395 0.151900 -0.211827 -0.176397 -0.033255 -0.287843 0.059892 -0.065075 -0.280813 0.224191 0.083629 0.033345 -0.172580 0.021675 -0.096806 0.102923 -0.119309 0.180808 0.030258 -0.108614 0.070059 -0.185916 0.116231 0.067379 -0.247775 -0.173649 -0.435015 0.148537 0.170189 -0.091330 0.127835 0.046057 -0.186886 0.242724 0.300243 -0.021946 -0.115429 0.073168 -0.100001 0.050056 -0.112894 0.174692 -0.109606 0.059245 0.019645 -0.129464 0.087974 0.004912 0.342943 -0.192505 -0.156013 0.063723 -0.299992 -0.196464 -0.113152 -0.200733 0.014911 0.099003 0.379856 
-0.106869 -0.027815 0.138836 -0.100500 -0.018542 0.215639 -0.222654 0.073215 0.077964 0.185678 0.113668 0.161152 0.033426 0.348311 0.170689 -0.007255 0.072857 -0.048597 0.048302 0.146964 -0.175460 0.079837 -0.026810 0.167126 0.142754 0.107349 0.075627 0.212823 -0.067176 -0.066482 -0.175469 -0.185628 0.026983 -0.031218 -0.003412 -0.132699 0.139634 0.290439 0.169818 0.025081 0.065268 0.204858 -0.036728 -0.186075 0.004793 -0.252797 0.041291 0.071052 -0.092332 -0.112295 0.123069 0.004171 0.390420 0.013686 -0.142280 -0.192409 -0.223005 -0.311173 -0.068257 0.219445 -0.105569 -0.032136 0.358245 0.203209 
-0.018370 -0.090952 0.011272 0.313921 -0.117419 0.218085 -0.220422 0.229253 0.087587 0.118764 -0.068886 -0.156477 0.207352 0.260926 -0.266327 -0.080203 -0.053053 -0.001846 0.027543 0.063490 0.140980 -0.033684 -0.252295 0.209936 0.094951 -0.017052 -0.086239 0.126010 -0.052671 0.114700 0.004278 0.192402 -0.136105 -0.057084 0.116687 -0.160227 0.164597 0.231958 -0.174934 -0.162970 0.088109 0.075054 0.178878 0.163420 -0.110049 -0.089492 0.025430 0.096786 -0.211004 -0.008099 0.054898 -0.051703 0.187410 -0.063725 0.148442 0.115459 -0.068638 0.020166 0.091517 -0.050294 0.220228 -0.226244 -0.250443 0.040737 
-0.056822 0.037838 -0.034407 0.191218 -0.008174 -0.148958 0.069947 -0.015058 -0.105416 -0.074142 0.281817 -0.083395 0.019830 0.082432 -0.017908 0.117118 -0.114196 -0.153364 -0.015030 -0.144165 0.037260 0.120839 0.074328 -0.000575 -0.123577 -0.042210 -0.023859 -0.265656 0.052903 -0.059857 0.050798 0.240719 0.008477 -0.045389 0.018892 -0.169961 -0.122761 -0.176126 -0.127498 -0.202958 -0.107938 0.015188 -0.060863 0.092484 -0.068140 -0.115873 -0.049180 -0.029592 -0.112871 0.158636 0.115820 0.025500 0.012296 -0.160465 -0.035629 0.250516 0.144353 0.165496 0.215066 -0.028806 0.095078 0.302823 -0.231041 -0.242346 
-0.029544 0.085002 -0.043137 0.057403 0.167086 0.086763 -0.151743 -0.038822 -0.008211 0.116399 0.185626 0.089847 0.228732 0.048049 -0.165454 0.187675 -0.042611 0.193007 0.099599 0.033447 0.051087 0.132162 -0.189011 -0.230292 0.053556 -0.008081 0.032478 -0.174324 0.016085 0.145039 0.006177 0.281506 0.005144 -0.022358 0.002073 -0.227534 0.149584 0.022316 -0.213992 0.065120 -0.124913 0.134941 0.046077 -0.137775 0.033953 0.040438 -0.172866 -0.105715 0.153853 0.110576 0.163665 -0.270633 0.198300 -0.219823 0.014016 -0.123941 -0.028359 0.220435 -0.075544 0.220162 0.062232 -0.076704 0.113305 -0.233843 
-0.109547 -0.168839 -0.043942 0.017184 0.222166 0.018380 0.160510 -0.015515 -0.114598 -0.156714 0.113804 0.116142 -0.179189 0.056839 -0.125373 0.202732 0.084838 -0.137873 0.164475 -0.082175 0.089006 -0.165661 0.017895 0.116725 -0.027374 0.089050 0.117961 -0.050531 -0.063888 0.138494 -0.141942 -0.041632 0.115174 0.009333 0.209346 0.096521 -0.081236 -0.045621 -0.270112 -0.155462 0.060792 -0.003708 0.183772 0.068105 0.005739 -0.008498 0.002528 0.017174 -0.099195 0.096537 0.118801 0.105179 -0.014969 -0.082791 0.048120 -0.051681 -0.046828 0.003097 0.062783 -0.225410 0.237050 -0.059717 -0.157390 -0.143366 
-0.093122 0.082394 -0.242899 -0.075366 0.121945 -0.295518 0.434156 -0.050891 -0.197533 0.144700 0.052475 0.048105 -0.252774 -0.197838 0.040565 0.063319 -0.172142 -0.078694 -0.156114 -0.038457 0.127135 -0.007902 -0.154828 -0.314286 -0.027208 -0.218646 0.227391 -0.116753 -0.048041 0.022504 0.161871 0.078331 0.172211 0.222004 -0.035703 0.171602 -0.198571 -0.354556 -0.145597 0.069124 -0.188513 -0.170503 -0.047366 -0.028770 0.314331 -0.270965 -0.108367 -0.311803 0.191624 0.001201 0.033386 0.041154 -0.152582 -0.286524 -0.114560 -0.244032 -0.082067 0.236569 -0.108232 0.232408 -0.101301 0.524204 0.195096 -0.070466 
0.061970 0.084055 0.066941 0.209375 -0.074646 0.006172 -0.098182 -0.093864 -0.134034 0.018999 0.238282 -0.186841 -0.018486 0.119343 0.095113 -0.080874 0.020390 -0.155681 0.018303 -0.111869 -0.045161 -0.105784 -0.172436 -0.034378 -0.088399 0.100406 -0.143489 0.010532 0.144104 0.115157 -0.041830 0.059999 0.074118 0.112465 -0.042380 0.161264 -0.014345 -0.103924 -0.075171 0.022065 0.073349 -0.099951 -0.047235 0.073597 0.201061 0.017794 -0.120663 -0.103328 0.114401 -0.014868 0.046920 -0.181074 0.071629 -0.212986 0.223531 0.075634 0.084157 0.029806 0.073284 -0.002859 0.145250 0.095790 0.073378 0.012483 
-0.106169 0.101633 0.034648 0.020675 -0.133043 0.259650 -0.343064 -0.113453 0.093610 0.034483 -0.152306 -0.018126 -0.109755 0.253735 -0.115814 -0.014813 -0.092311 0.238075 -0.127300 0.098841 -0.037281 0.178072 -0.131607 0.216355 -0.092456 0.008041 -0.260410 0.323053 -0.145491 -0.179105 -0.197286 -0.043687 -0.155098 -0.032607 -0.049403 -0.015791 0.058196 0.127228 -0.005757 -0.055571 0.279786 0.181186 -0.120742 0.205659 0.115958 -0.070389 0.165475 0.243419 -0.155850 -0.200585 -0.056434 -0.061801 -0.031014 0.164981 0.005694 -0.142054 -0.165833 -0.021781 -0.137656 0.074741 -0.220048 -0.240469 -0.014600 -0.013816 
-0.001993 0.029849 -0.023965 0.090289 -0.135544 0.033547 -0.019923 -0.149897 0.007167 -0.113921 -0.139978 -0.146079 -0.113937 -0.286362 -0.004457 0.045008 -0.153289 -0.113991 -0.098960 0.047449 -0.164495 -0.046841 0.133312 -0.087472 -0.201872 0.100813 0.096456 -0.047828 0.003929 -0.211386 0.016610 -0.048538 0.232837 0.266796 -0.009989 0.005149 0.029705 -0.043236 0.086768 0.130350 0.129548 -0.117850 0.059074 -0.047790 0.045255 0.231217 -0.118512 0.106892 -0.042503 -0.060569 -0.237218 -0.026200 -0.085970 0.183299 0.083138 0.061101 -0.034573 0.026582 -0.151236 -0.059239 0.046775 0.033641 -0.103960 0.274284 
0.017150 -0.058352 0.233774 0.088730 -0.088525 0.033787 -0.094609 -0.141678 0.071885 -0.023583 -0.069743 -0.246028 0.040575 -0.009061 0.303499 0.097352 0.054941 -0.083821 0.377247 -0.053058 0.061722 -0.074185 0.231203 -0.100177 -0.122075 0.292834 -0.156939 -0.197895 0.096679 0.108114 0.024525 0.106193 0.068287 0.189280 -0.083115 -0.011109 -0.062824 0.245615 0.205770 0.047575 -0.059815 0.334599 0.175812 -0.030025 -0.196462 0.359840 -0.132450 0.240750 -0.230500 0.021361 0.081158 -0.010590 0.332585 0.211975 0.330206 -0.099628 0.177632 -0.114224 -0.088270 -0.238897 -0.087073 -0.395755 -0.201045 0.134923 
0.116029 -0.092500 0.154777 -0.215373 0.171591 -0.087800 0.179403 -0.125942 -0.043704 0.137297 0.254068 0.077846 0.060061 -0.126304 0.001549 0.169335 0.141104 0.003576 -0.089240 -0.176975 0.026412 0.016944 -0.050149 -0.018535 0.114419 0.020400 0.141742 0.077297 0.013650 -0.081156 -0.018565 0.041561 -0.189246 -0.168690 -0.014959 -0.188273 0.041852 -0.065792 -0.162118 -0.195789 -0.188310 -0.173124 0.200442 0.252379 -0.078592 -0.066132 0.011063 -0.017347 -0.002818 0.005108 0.207647 0.188312 0.133625 -0.165332 -0.093217 0.088296 0.102080 0.088988 0.106043 0.004256 -0.029281 0.242947 0.081360 -0.129921 
0.112354 -0.105480 0.019321 -0.107167 0.122327 0.270189 -0.221561 0.071160 0.166884 0.189609 0.121276 -0.224218 -0.004556 -0.081770 0.091609 0.120425 0.360523 0.153011 -0.066774 -0.039602 -0.024608 0.129271 -0.089629 0.096493 -0.059251 -0.178560 -0.397252 0.189015 0.237922 -0.070194 -0.245526 0.050032 0.200010 0.064059 -0.084197 -0.124940 0.259254 0.152614 -0.156413 0.192560 -0.110094 0.254669 0.225427 0.089434 -0.128862 -0.013305 0.036849 -0.252752 0.168258 -0.042273 0.246840 0.025052 0.041309 -0.030105 -0.040482 -0.164617 0.139596 0.089963 0.197338 0.118530 -0.196313 -0.311811 0.096120 -0.055664 
0.150205 0.094911 0.014201 -0.156819 0.085466 0.091461 0.019363 0.081090 0.044614 -0.098990 -0.122796 0.034795 -0.197533 -0.338157 0.227722 0.119850 0.025288 -0.028964 -0.042536 -0.083671 -0.166915 -0.152299 0.294093 0.087778 -0.017811 0.073526 -0.070689 -0.075768 0.107973 0.032367 0.065897 -0.171409 0.163973 0.046815 -0.208948 0.019713 -0.130952 0.000165 0.128186 0.235460 0.070993 -0.019324 0.012817 0.078603 -0.049661 0.022613 0.016883 0.105733 -0.050383 0.179501 0.073900 0.120602 0.089802 0.210186 -0.171154 0.035229 0.214721 -0.051056 0.083601 -0.053010 -0.060820 0.000567 0.170484 0.086436 
0.141267 -0.182094 0.192777 0.063438 -0.060181 -0.202536 -0.160735 -0.049539 0.034654 0.090077 -0.038572 -0.200014 -0.139555 0.013051 -0.217732 -0.108991 -0.051441 -0.099733 -0.026402 -0.062565 0.076405 0.120661 0.098567 0.032236 0.016626 0.160969 -0.241104 -0.092612 -0.017800 0.175080 0.090312 0.067522 -0.198432 -0.069884 0.061031 0.086375 0.011278 0.016663 0.102250 -0.198042 -0.001598 0.124220 0.029612 0.109735 0.033554 0.036805 0.024060 0.161225 0.002618 -0.006729 -0.125283 -0.110190 -0.104047 -0.125276 0.223581 0.225514 -0.153438 0.188588 -0.030061 -0.016277 0.191015 0.105430 -0.023614 0.079385 
-0.102644 -0.009480 0.026899 0.035511 0.014923 -0.078204 0.307627 -0.182107 -0.074211 -0.151608 0.033081 0.184268 -0.241126 -0.020456 0.259530 0.013066 -0.008073 -0.298863 -0.122542 0.204343 -0.189798 0.176155 0.227791 -0.104984 -0.007762 -0.075487 0.186239 -0.054978 0.089856 -0.005711 0.029779 0.098515 0.003364 0.205687 0.000655 0.068964 -0.158502 -0.066913 0.144189 0.170137 0.020086 -0.246681 0.083612 0.089321 -0.021402 0.081117 -0.006578 -0.155975 0.054872 0.039793 -0.195005 0.112146 -0.089519 0.157756 0.172639 -0.170285 0.134443 0.152943 0.064742 0.097047 -0.131649 0.266481 0.102518 0.165610 
0.079772 -0.029041 0.024231 0.027737 -0.015612 0.053592 0.038328 0.015663 -0.023473 0.085602 -0.061688 0.070933 0.034574 0.285552 0.199928 0.017637 -0.035201 0.182794 0.161260 0.216296 -0.047787 0.082765 0.223523 0.111763 -0.123353 0.068991 0.014146 -0.052277 -0.062202 -0.013836 0.033339 -0.053181 0.030549 0.010856 -0.062165 -0.128532 0.005138 0.217043 0.276580 0.088791 -0.158227 0.092451 -0.057813 -0.185423 -0.212911 -0.032039 -0.154776 0.096495 -0.118191 -0.037602 0.010974 0.098226 0.370180 -0.020938 0.102110 -0.194167 0.107652 -0.280114 -0.032159 -0.026528 -0.015941 -0.218929 0.089282 0.278017 
-0.042984 0.086552 0.095322 -0.118941 -0.079378 0.201663 0.042722 -0.045222 -0.052917 -0.108083 0.021941 0.111234 -0.045637 0.279225 0.021088 -0.141801 -0.013068 -0.130010 -0.098482 -0.004231 0.013986 0.153851 -0.109711 0.131798 -0.057510 0.052791 0.001262 0.024884 0.008839 -0.035314 -0.296883 -0.104733 -0.167187 0.034249 0.093026 0.194445 -0.171063 0.087513 -0.048047 0.011995 0.125387 -0.268997 0.065019 -0.023567 0.131336 -0.196684 0.050586 0.026166 -0.247193 -0.176029 -0.045860 0.062466 -0.019690 0.193379 -0.166188 -0.230726 -0.173626 0.008543 0.007951 -0.069163 -0.111690 -0.012958 0.183603 0.036327 
0.039188 0.041856 -0.170035 0.047530 -0.069113 0.004638 -0.229872 0.035456 0.104382 0.138847 -0.065615 -0.105003 0.184497 0.003155 -0.000940 0.017663 0.005224 0.247410 0.020326 0.074662 -0.030839 0.054157 0.208595 -0.067465 -0.211051 -0.060446 0.093264 0.057903 -0.253970 -0.024146 0.077820 0.026812 0.077151 0.003104 -0.300184 -0.124786 -0.140454 0.113759 -0.041841 0.008055 -0.141823 0.212571 -0.105709 -0.056929 0.073017 0.217840 0.085172 0.009925 0.219976 -0.037191 0.202902 0.204795 -0.085493 0.094973 -0.097851 -0.073858 0.107408 -0.307096 -0.045287 0.185912 -0.001143 0.013943 -0.044029 0.047100 
0.002712 0.048080 -0.112507 -0.168784 0.163893 0.026964 0.076840 0.108470 0.171752 -0.001534 -0.002403 0.093796 0.017995 0.081657 -0.031205 0.042231 0.247023 -0.154060 -0.059058 0.029701 -0.049603 0.042323 0.324400 0.013718 -0.001612 -0.088161 -0.087604 -0.014615 0.150677 0.010994 0.070999 -0.167151 -0.021926 -0.088790 -0.015852 -0.201495 0.008084 0.147732 -0.012180 0.074719 -0.204304 0.085407 -0.111622 -0.057022 -0.097967 -0.097827 0.093443 -0.087086 0.028079 0.187407 0.197055 0.245520 0.110244 0.214193 -0.163276 -0.186791 0.219543 -0.072743 -0.050840 0.104021 -0.131956 -0.136793 -0.022461 0.124815 
-0.068977 0.024162 0.211303 0.109565 0.126706 0.183180 -0.122407 0.014356 -0.070590 -0.009498 -0.045948 0.162525 0.138953 0.156725 -0.136231 0.254309 0.301136 -0.031293 0.201943 -0.139077 -0.118542 -0.137336 0.001642 0.220777 0.332868 0.117343 0.027237 -0.165637 -0.062682 0.309889 -0.268068 -0.010090 0.097223 0.141244 0.034501 -0.116295 0.196826 0.195746 0.063215 -0.288661 -0.230161 0.205654 -0.021804 0.093200 -0.131222 -0.151075 -0.122329 -0.064230 -0.061947 0.089384 0.127276 0.002171 0.296677 -0.152505 -0.013547 0.111874 0.079395 -0.159715 -0.039100 0.028528 0.259821 -0.194422 -0.041711 -0.036359 
-0.115513 0.072146 0.059140 0.249634 -0.001050 -0.047328 0.003135 -0.096375 -0.088970 0.246271 0.227425 -0.256912 -0.118604 0.054814 -0.071520 0.129773 -0.133602 -0.068329 -0.198183 0.038242 0.038192 0.075572 -0.254088 -0.255311 -0.180821 0.005549 -0.263695 0.084536 0.107934 -0.040992 0.115560 0.180631 -0.101543 -0.133133 0.135984 -0.132367 0.144714 -0.121391 -0.103038 -0.041156 -0.070502 0.060000 0.050002 0.123242 0.330116 -0.128626 0.029009 0.124333 -0.034907 -0.232985 0.085547 -0.109243 0.138307 -0.166793 0.198992 0.204962 0.104100 0.249305 0.059613 0.126442 -0.090653 -0.082366 -0.139691 -0.117165 
0.061623 0.304210 -0.161196 -0.098563 -0.037646 -0.313632 -0.149147 0.087956 -0.063378 0.123805 -0.033870 -0.015337 0.038749 -0.132648 0.146553 0.126567 -0.088753 -0.167532 -0.000330 -0.043030 -0.119471 0.046459 -0.068351 -0.369787 -0.158984 0.030412 0.023674 0.283495 -0.070455 -0.390665 0.312500 -0.306408 0.276127 0.107749 -0.096079 -0.038182 0.024380 -0.130178 0.115176 0.414713 -0.090288 0.238849 -0.131016 0.036389 0.098927 0.111005 0.198782 -0.131920 0.326757 -0.072907 0.061287 -0.068198 0.128282 -0.088363 -0.241414 -0.219024 0.163175 0.074431 -0.174282 0.112213 -0.466651 -0.086005 0.147138 0.003524 
0.002524 0.098543 0.071393 -0.213118 -0.001300 0.255426 -0.144555 0.174010 0.156856 -0.065853 0.133693 0.181682 0.002628 0.180684 0.044798 -0.178049 0.202743 0.002788 -0.034300 -0.066221 -0.168070 0.081458 0.335556 0.159148 0.050137 0.216547 0.111257 0.012966 0.005533 0.006118 -0.081501 -0.084946 -0.265796 -0.208470 -0.117843 -0.028403 0.098537 0.350185 0.214495 -0.071163 -0.182980 0.102141 0.008085 -0.022635 -0.196079 -0.197406 -0.088026 0.233132 -0.034080 0.067465 0.054073 0.305177 0.040730 0.015684 -0.138803 0.065787 0.103921 -0.254736 0.007246 0.099903 -0.030953 0.069847 -0.032699 -0.039625 
0.136216 0.083573 -0.180048 -0.190781 0.042052 0.080029 -0.095485 -0.029753 0.028536 0.160964 0.108851 -0.230205 0.014447 -0.264309 -0.139930 0.021431 0.297914 -0.079879 -0.277721 -0.244706 0.056807 -0.000569 0.205361 0.024309 -0.045954 0.164612 -0.166093 0.201599 0.147148 -0.126477 -0.021320 -0.047231 -0.062740 -0.066023 -0.128767 0.011391 -0.068153 -0.017002 -0.077317 0.187559 -0.074911 -0.163838 0.173185 0.246115 -0.056202 -0.175738 -0.065074 -0.085488 0.070202 -0.040274 -0.088811 0.032496 0.037894 0.238958 -0.074869 0.026662 0.199575 -0.088931 0.011013 0.062221 -0.046006 0.144221 -0.058405 -0.139702 
0.082536 0.102729 -0.041465 -0.004384 -0.141895 -0.010659 -0.006613 -0.096038 
-0.014098 -0.190925 -0.126953 -0.229468 -0.025012 0.045673 -0.132779 -0.045450 
-0.137013 -0.121243 -0.144411 0.416501 -0.120939 0.359468 0.109507 0.009667 
-0.124862 -0.009383 0.238072 0.236536 -0.145718 0.391213 -0.382670 -0.056159 
0.277299 0.051406 0.073308 0.062822 0.204193 -0.231422 -0.006229 0.356659 
-0.441097 -0.186519 0.719244 0.665626 0.181557 -0.191819 0.048007 0.098498 
0.299858 0.235578 -0.584467 -0.454050 0.020582 -0.137306 0.254889 0.618659 
0.062025 -0.089966 0.103522 -0.023453 -0.073681 -0.118192 -0.037738 -0.196704 
0.140145 0.063004 0.196686 -0.069576 -0.190336 -0.149121 -0.027242 -0.233978 
0.153484 -0.109222 0.051028 0.035539 0.150798 0.172240 -0.453051 -0.082670 
0.208341 -0.183082 -0.280372 0.585867 0.213661 0.076210 -0.078059 -0.016220 
0.018010 -0.381976 0.102714 -0.351476 -0.003323 -0.225876 0.173463 0.381025 
0.093715 -0.287432 0.107166 0.177287 0.029973 -0.019643 -0.055225 -0.229510 
-0.311202 -0.689994 0.247804 0.191257 0.013098 0.227482 -0.013558 0.089866 
0.289358 -0.141378 -0.460296 -0.221829 -0.147475 0.250463 0.209436 0.259834 
0.388416 0.234271 -0.048083 0.115975 0.161968 -0.025518 -0.049958 0.135120 
0.086360 -0.074232 -0.022037 0.679002 -0.343526 -0.531088 0.041183 0.188947 
0.135270 -0.122747 0.285150 -0.055814 0.143765 0.007539 -0.258746 -0.096839 
0.300371 -0.105201 0.288875 0.015585 -0.013610 0.280440 0.342517 -0.038942 
-0.091521 -0.161603 0.137953 -0.217285 -0.086860 0.181449 0.013106 -0.023691 
-0.006359 0.296225 0.301212 0.108455 0.227259 0.008996 -0.027291 0.009844 
-0.073800 -0.207406 -0.051544 -0.071601 -0.091484 -0.028334 -0.157651 -0.204731 
0.200029 0.067826 -0.187391 -0.536385 -0.627961 -0.195771 -0.018929 0.131969 
-0.219583 0.021981 0.324941 0.434446 0.072546 -0.161465 0.129554 0.062294 
0.018779 -0.171708 0.133764 0.154723 0.190030 -0.155273 0.036027 0.184941 
-0.130384 -0.077884 -0.051630 0.321167 -0.418426 0.161086 0.024345 0.170692 
0.152698 -0.370174 -0.336334 -0.794335 -0.282571 -0.116106 0.209301 0.539570 
-0.241836 0.093438 0.021944 -0.230089 0.399916 0.116853 -0.255441 -0.603139 
0.208115 0.297926 -0.166623 0.160533 0.169832 0.069714 0.000352 0.246126 
-0.019934 -0.248823 0.274180 0.351252 -0.271149 -0.139576 0.095770 0.351300 
0.322825 -0.010673 -0.445352 -0.480342 -0.607139 0.039540 -0.068280 -0.230364 
-0.106221 -0.155302 0.264123 0.471352 0.069217 0.369382 -0.151699 -0.293702 
0.364694 0.115031 -0.080763 -0.199080 0.293225 0.200326 0.185147 0.348098 
0.089628 -0.051249 -0.137678 -0.157009 0.225995 0.334453 0.257083 0.081353 
-0.022074 0.215742 0.291652 0.188912 0.254574 0.120467 0.018383 0.287590 
-0.323585 0.152646 -0.002613 -0.101638 0.279002 -0.017951 0.176807 0.008699 
0.128695 -0.098746 0.030396 0.288257 0.300812 0.087760 -0.070910 -0.126984 
-0.224006 -0.384672 0.437028 0.520833 -0.276797 -0.053064 -0.102146 0.021843 
0.130041 -0.136586 -0.505959 -0.258659 -0.461701 0.082218 -0.033770 0.211371 
0.345312 0.192512 -0.456029 -0.415792 0.166862 0.129449 -0.164823 -0.077179 
-0.519348 0.339303 0.183668 -0.100337 0.227421 0.132370 0.070727 -0.068402 
0.237419 -0.333696 0.266075 0.298336 -0.110908 0.236710 -0.026569 -0.422045 
0.050348 0.211371 -0.053511 0.345138 0.072348 -0.006746 -0.027293 0.177754 
-0.130111 0.189310 -0.290614 0.369241 0.077102 -0.098055 -0.130487 -0.133062 
-0.254452 0.047687 -0.138335 -0.226502 0.242551 0.199644 -0.259986 0.153320 
0.137904 0.318649 0.113044 -0.174042 -0.230026 0.375161 0.091757 -0.030694 
-0.041729 0.026181 0.130210 -0.282215 0.050521 -0.113738 -0.172084 -0.126798 
-0.272793 0.245336 0.337680 0.186630 -0.233719 0.096497 -0.146847 0.091575 
0.284208 -0.122911 -0.212771 -0.252204 0.041603 -0.071983 -0.153622 -0.120029 
0.275364 0.108612 -0.077217 0.144228 -0.044511 -0.090923 0.301192 -0.043566 
0.342388 -0.139484 -0.005842 0.138101 -0.046710 -0.098029 -0.095812 -0.051042 
-0.076768 -0.317358 -0.192299 -0.178337 -0.183483 -0.367960 0.224197 -0.056459 
0.063660 -0.495042 0.157995 0.704594 0.065279 0.287364 -0.036563 0.249213 
-0.229932 0.472846 0.002009 -0.441462 -0.426690 -0.359941 0.122484 0.425335 
0.035914 0.145083 0.210970 0.340276 -0.425639 0.451550 0.055065 0.072073 
-0.288886 0.044651 0.264607 0.370856 -0.404079 -0.103763 -0.006693 -0.033952 
0.372293 0.283055 -0.139208 -0.072953 -0.287434 -0.083852 -0.147316 -0.069998 
0.102617 0.361025 -0.227297 0.526572 0.323516 0.268468 -0.157492 -0.202348 
-0.004022 -0.116841 -0.266530 0.306624 -0.070461 0.099209 0.029732 -0.229974 
0.039606 -0.389490 -0.176936 -0.066119 -0.098623 -0.098055 -0.241414 -0.085930 
-0.205717 0.024912 0.553428 0.418640 -0.093392 -0.032483 0.242787 0.296595 
0.350423 0.032080 -0.978375 -0.530952 0.169134 -0.112483 0.214319 0.184042 
0.093971 -0.224011 -0.379235 -0.241378 0.476086 0.085544 -0.036480 0.066986 
0.108622 0.155721 -0.164432 -0.395768 -0.125917 0.278630 0.086236 0.217216 









0.000000 
0.000000 
0.000000 
0.000000 
0.000000 
0.000000 
0.000000 
0.000000 
-0.318695 
-0.552759 
0.158051 
0.575979 
-0.576388 
-0.419049 
-0.214956 
0.527452 
-0.265868 
-0.350548 
-0.390214 
-0.622704 
0.203983 
-0.430821 
0.629532 
-0.151616 
-0.492220 
-0.038509 
0.117297 
0.119566 
0.162285 
-0.128114 
0.136630 
-0.872348 
-0.598870 
-0.495872 
0.530993 
-0.196904 
-0.039395 
-0.679920 
-0.338904 
-0.636618 
0.484118 
-0.835969 
-0.378798 
-0.086890 
0.710461 
-0.446324 
-0.368128 
0.775525 
-0.611688 
-0.928318 
-0.556922 
-0.246104 
0.079667 
0.075085 
0.282330 
0.291555 
0.724292 
0.856294 
-0.086169 
-0.948176 
-0.117530 
-0.982238 
0.281683 
0.370993 
0.778534 
0.350901 
-0.718820 
-1.200362 
-0.725111 
-0.105316 
-0.348676 
0.200651 
-0.591330 
0.009093 
0.145464 
-0.015549 
0.229562 
-0.148025 
0.023683 
-0.579427 
-0.244830 
0.153541 
0.007375 
0.237042 
-0.469549 
-0.146099 
0.599759 
-0.382540 
0.393049 
0.086673 
-0.315745 
-0.017390 
-0.304305 
-0.310614 
-0.451028 
0.001521 
0.372110 
0.535993 
-0.401271 
-0.104735 
-0.340625 
0.300226 
0.048536 
0.034157 
-0.005214 
-0.016133 
0.755511 
-0.228603 
-0.158028 
-0.115920 
0.186374 
-0.471937 
-0.158893 
-0.441472 
0.359548 
-0.092203 
0.075968 
-0.434919 
0.126926 
0.051313 
-0.271677 
-0.310314 
0.086010 
0.013614 
-0.045350 
0.149264 
-0.321358 
0.691379 
0.105032 
-0.229584 
-0.143151 
0.192970 
0.291150 
-0.411264 
0.149490 
0.078966 
0.151419 
0.490564 
0.334279 
0.504275 
0.268014 
0.237403 
-0.141197 
-0.107832 
0.234048 
-0.527890 
0.217693 
0.308181 
0.147143 
0.141491 
0.061805 
0.367342 
-0.036362 
-0.223475 
0.198802 
-0.027220 
0.334305 
0.554474 
-0.450708 
-0.104602 
-0.237140 
0.043412 
0.298066 
-0.436786 
0.142978 
0.014158 
0.092442 
0.288779 
0.417812 
0.003177 
-0.002122 
-0.253198 
0.315033 
-0.414849 
-0.223118 
0.294063 
0.141304 
0.146323 
-0.617813 
-0.022402 
0.468562 
-0.090725 
-0.673659 
-0.042311 
0.356584 
-0.051785 
0.401510 
0.080389 
0.201442 
0.236734 
0.008173 
-0.043839 
0.096204 
0.200972 
0.484193 
0.362757 
-0.132613 
0.047132 
-0.311535 
0.269262 
-0.245270 
0.302285 
-0.037006 
-0.135417 
0.522254 
0.113859 
0.060478 
-0.204608 
0.014769 
0.179320 
0.043756 
-0.318071 
0.164008 
-0.417233 
0.036381 
0.031358 
-0.341295 
0.349134 
0.576811 
1.682059 
0.930703 
0.409755 
0.013826 
0.651752 
1.505000 0.113938 0.092577 
