0.710761 -0.371527 -0.078407 -0.428332 0.104183 -0.169934 0.118305 0.162309 0.123180 -0.349118 0.704017 -0.553677 -0.027679 0.044563 -0.161667 -0.175729 0.575097 -0.487105 -0.144314 0.122661 0.223572 -0.213780 -0.305037 -0.069096 -0.332042 0.155531 0.167056 0.112586 -0.608059 -0.351293 -0.257776 0.343980 
-0.068120 -0.220298 0.690648 -0.164714 -0.014756 -0.024405 -0.299335 0.517279 -0.073785 0.363154 -0.057252 -0.660410 0.109975 -0.702466 -0.148155 -0.177466 0.006511 0.221985 0.345658 0.556083 0.287156 -0.518514 -0.479856 0.159551 -0.035200 0.215562 0.304673 -0.012808 -0.444411 0.327876 -0.235179 0.024183 
0.062015 0.148631 0.281736 0.024158 -0.444258 -0.262456 -0.520685 0.206276 0.438473 -0.184839 0.108646 -0.553886 0.955472 0.263010 0.163510 0.578563 0.166435 0.561116 -0.940051 -0.258927 0.010452 -0.001090 -0.960626 0.220734 -0.618955 -0.102303 -0.020747 -0.518264 -0.140517 -0.055416 -0.148519 -0.437547 
0.394973 -0.316101 0.781812 0.239112 0.095767 0.095172 0.272705 0.783381 -0.393387 0.832442 -0.343584 0.030840 2.343012 -0.446930 -0.196871 0.624841 0.333587 2.383107 -1.662014 0.022479 0.410005 -0.432868 -1.897969 -0.198146 -2.403673 -0.133347 -0.080750 -0.168079 -0.259182 -0.368933 -0.558639 0.165816 
0.368711 -0.463545 0.142714 0.447120 0.237223 -0.328439 0.190333 -0.275955 0.074843 0.148402 0.557328 -0.149388 0.291617 0.243642 0.410133 -0.139232 -0.417527 0.146844 -0.259519 0.094983 -0.583974 0.068435 0.167955 -0.013998 -0.206102 -0.388465 -0.157096 -0.235993 -0.510481 -0.147948 -0.152932 0.619904 
-0.295838 -0.224782 0.448474 -0.062922 -0.463011 -0.036931 0.269423 -0.264116 -0.374098 0.293106 -0.153480 0.097107 0.510180 0.075069 0.485615 0.452914 0.340637 0.144081 -0.020990 0.291618 -0.485126 0.570026 -0.578225 0.154793 0.066432 0.144600 -0.383961 -0.179681 -0.452330 0.131128 0.531178 -0.320567 
0.214559 0.354432 0.091256 -0.094449 0.485209 -0.192106 0.216215 -0.201412 0.174521 -0.019684 -0.180552 0.006347 -0.472416 0.221267 -0.151208 0.059086 0.114085 -0.314038 0.144090 0.363723 0.286748 0.354706 -0.120793 -0.174028 -0.090391 0.103949 -0.375421 0.036431 0.152252 0.117395 -0.459439 -0.240638 
-0.142769 0.262748 0.093634 -0.112430 0.150510 -0.138841 0.043886 -0.197850 0.146571 0.205249 0.010770 0.074888 -0.227735 -0.026771 0.138484 -0.048662 -0.241311 0.226763 -0.192540 -0.065450 0.184915 0.373630 -0.013522 -0.242366 -0.252675 -0.043320 -0.140261 0.194133 0.264642 -0.212911 -0.241313 0.374909 
-0.121188 -0.328577 -0.321848 -0.528794 0.127602 -0.236809 -0.269045 0.206230 0.123732 0.013405 0.223435 -0.364424 -0.288686 0.011910 0.198836 -0.207164 
0.185643 0.023348 0.093575 -0.010267 0.174450 0.105387 0.104621 -0.137335 0.060554 -0.083845 -0.115410 0.279388 0.120272 -0.100071 0.051535 -0.151392 
-0.223594 0.170228 -0.055961 -0.153000 -0.015383 0.170639 -0.104243 0.091932 -0.673935 0.020894 0.098043 0.255992 0.174071 0.664322 -0.269227 -0.078108 
0.191817 -0.006721 0.286259 0.336087 -0.168833 -0.125157 0.276077 0.005792 0.231882 0.030457 0.071408 -0.293916 0.201328 -0.420638 -0.061778 0.212484 
0.189976 -0.046591 -0.187781 -0.256786 0.026572 -0.098637 -0.298601 0.055023 -0.219531 -0.097894 -0.003977 0.230110 -0.146212 0.207714 0.019387 -0.296982 
0.089762 0.162432 0.183299 0.023892 -0.073161 -0.281857 0.514407 0.428536 0.168856 0.417713 0.122190 0.063716 0.166248 -0.409164 -0.039905 0.301248 
0.009246 0.209257 0.222229 0.089946 0.118459 -0.117316 -0.129259 0.077870 0.100212 0.183035 -0.219573 -0.063375 -0.355622 0.228736 0.287702 0.240621 
0.098403 0.123282 -0.175033 0.044690 -0.077402 -0.070929 0.183421 0.192077 0.082685 -0.140983 0.279419 0.028564 0.212417 -0.077420 -0.199257 -0.073117 
0.120739 -0.340549 0.073478 0.273876 0.085066 0.417303 -0.110357 -0.199040 0.274080 -0.046020 0.079162 0.097058 0.381608 -0.495567 0.116878 -0.370581 
0.027311 0.262988 0.216381 0.121649 -0.117224 -0.012313 -0.097064 -0.169404 -0.043539 -0.004823 -0.142765 0.012097 -0.082440 0.315939 -0.100461 -0.046777 
-0.028494 -0.273858 -0.409164 -0.488088 0.090873 0.098157 -0.294415 -0.180792 0.005272 -0.124071 0.059675 -0.103297 -0.220229 0.211278 0.135570 -0.252319 
0.019645 0.383409 0.540711 0.246349 -0.001616 -0.176728 -0.121463 -0.152489 0.141373 -0.155764 -0.285770 0.152308 -0.254408 -0.116554 0.006370 0.168173 
0.089536 0.029552 0.007309 -0.050522 -0.103087 0.010161 -0.083442 0.195263 -0.219001 -0.069679 -0.033419 -0.136959 -0.173524 -0.023891 0.057913 0.183934 
-0.099901 -0.338012 0.048902 0.484694 0.144291 0.054939 0.081916 -0.237564 0.333412 0.006565 0.148078 -0.167054 -0.052539 -0.103389 0.164730 0.098138 
-0.088512 -0.092432 0.254103 0.463778 -0.165648 0.142617 0.228373 -0.035252 0.170227 0.290879 -0.122984 -0.064464 0.036600 -0.108600 0.261593 0.125879 
-0.215057 0.070025 0.184103 0.117221 0.129825 0.104963 0.253734 -0.347033 -0.123632 -0.328690 0.117282 -0.072769 -0.132961 -0.063582 0.037449 -0.080946 
-0.385750 0.029449 -0.020828 -0.183988 0.426574 -0.108861 0.351275 0.109321 -0.204877 0.115820 0.330773 0.032080 -0.194212 0.015972 -0.035168 0.113009 
0.180859 0.023997 0.180224 -0.046649 -0.115728 -0.047516 -0.021071 -0.043682 -0.053201 -0.038953 -0.169707 0.096628 0.107506 -0.005924 -0.119188 0.215073 
-0.110546 0.226895 -0.049364 0.408019 -0.022595 0.139487 0.208487 0.116952 -0.011804 0.131483 -0.116259 -0.064038 0.096255 -0.129966 -0.153225 0.036773 
-0.125627 0.072171 -0.283056 -0.156421 -0.044442 0.230114 -0.050555 0.304102 -0.178511 0.430725 -0.229275 0.220561 -0.135458 0.345732 0.198690 0.111581 
0.154805 0.289957 -0.040439 -0.615164 0.171747 0.056108 -0.204828 0.142232 -0.372434 -0.089894 0.259318 0.258822 -0.043070 0.184616 -0.159944 -0.353243 
-0.104678 -0.000274 0.206775 0.356499 0.170834 0.274888 0.240678 -0.153442 0.119818 0.067411 -0.263100 -0.023856 -0.165308 0.111736 0.184350 0.034439 
0.217608 -0.043606 0.016044 0.163299 -0.162751 -0.061159 -0.392364 -0.025497 0.043211 -0.045723 -0.179935 -0.218466 -0.163633 -0.037467 -0.072459 0.051806 
-0.056753 -0.177359 -0.242423 0.217383 -0.148899 0.146705 0.372654 -0.067479 -0.008411 0.228302 -0.197550 -0.006389 0.247599 -0.133928 0.069283 0.387103 
0.077179 -0.086578 0.072028 0.047236 -0.004598 -0.010458 0.063793 0.037752 -0.117722 -0.026713 -0.046839 0.051383 0.071002 0.040957 0.047420 0.046503 
0.024970 0.160558 0.017569 -0.074358 0.364346 -0.003930 0.437071 0.336674 0.166481 0.289298 0.067440 0.257726 0.016308 -0.189814 0.096935 -0.010301 
0.134309 0.015316 -0.314715 -0.374047 -0.204594 -0.091977 -0.102356 0.207358 0.120972 0.488331 0.115765 0.025638 0.268535 -0.307450 -0.040492 0.101572 
0.170307 -0.041503 0.133413 0.087136 0.192430 -0.112748 0.097447 0.175336 0.398209 0.340599 -0.162591 0.244348 0.002703 -0.308309 0.121644 0.045569 
0.194473 0.083088 0.171637 0.304733 0.068385 -0.149026 0.322252 0.073857 0.274969 0.126753 0.104893 0.119312 0.330731 -0.539619 -0.185280 0.162661 
0.053825 0.105158 0.012382 -0.583455 -0.054496 0.164879 -0.292525 0.010119 -0.373917 -0.247640 -0.181170 0.213260 -0.231617 0.419879 -0.354228 -0.203053 
-0.286615 0.015440 -0.030292 0.405375 -0.241753 0.132222 0.425428 -0.149437 0.088375 0.090052 -0.118781 -0.106612 0.165448 -0.232685 -0.063373 0.466018 
0.304611 -0.193614 -0.087220 0.148034 -0.106090 -0.113840 -0.430246 -0.014167 0.028460 0.164184 -0.237585 -0.152557 -0.250065 -0.102305 0.149963 0.038998 
-0.375738 -0.033114 0.156112 -0.311425 -0.061513 -0.266405 -0.127708 -0.347307 0.032231 0.629076 -0.158953 -0.073484 -0.032510 -0.258944 -0.080927 0.283299 
0.190040 -0.208531 -0.732357 -0.207799 0.267901 0.055016 0.288791 -0.171037 -0.136849 0.012603 -0.165068 -0.182232 -0.297227 0.236037 0.128110 0.142194 
-0.473885 -0.367595 -0.499378 -0.188481 0.180312 0.154543 0.125117 -0.370548 0.317710 0.065654 -0.049604 -0.186109 0.275897 0.195102 0.118417 0.255837 
-0.302266 0.032807 0.005214 0.218561 0.045688 0.077876 0.261438 0.051015 0.452745 0.197045 0.065202 -0.088284 0.095726 -0.055968 0.137348 0.322002 
0.348761 0.168593 -0.117114 0.383276 0.760779 -0.104731 -0.287858 -0.454880 0.275378 0.029218 -0.162683 0.208978 0.310574 0.599806 0.114530 0.172344 
-0.017687 -0.340141 0.165954 0.297093 -0.056298 -0.491860 0.380621 0.141382 0.498419 -0.014511 0.097257 -0.038225 -0.254663 -0.017080 -0.622342 -0.195342 
0.031882 0.039564 0.398855 0.287069 0.455690 0.276249 0.376756 0.449295 0.127244 0.087655 0.337351 -0.555097 -0.347511 0.335623 0.279235 0.082748 
0.491303 0.418343 0.313766 0.248925 -0.203178 -0.204176 -0.061931 0.196080 -0.522344 -0.054998 -0.069620 0.175165 -0.348084 0.002531 0.065430 0.352756 
-0.244868 0.167746 0.150680 -0.122207 0.151248 0.123629 -0.178325 -0.123747 0.234981 0.439731 -0.177326 -0.013778 0.216267 0.097903 0.175309 0.350019 
0.214433 0.563952 0.590753 0.415729 -0.183680 0.147983 0.105693 0.407475 -0.274344 0.354813 -0.376253 -0.328380 -0.254489 0.260038 -0.091220 0.718281 
0.221446 0.149482 0.016794 -0.124013 0.222283 -0.226527 -0.491663 -0.257994 -0.387950 -0.244997 0.632120 0.467255 -0.344728 0.127071 0.314319 -0.520136 
0.179663 -0.189416 -0.118824 0.323631 0.547574 -0.418171 0.168445 -0.325612 -0.038467 0.247346 -0.269292 0.044469 -0.459922 -0.024908 -0.493355 0.398191 
-0.493819 -0.133108 0.356453 -0.003037 0.116938 -0.362021 0.173909 0.092168 0.139108 0.316288 0.268003 -0.198632 -0.330869 -0.185245 0.171198 -0.055767 
0.437527 0.051943 -0.302968 0.088414 -0.321749 0.098765 0.317730 0.253989 -0.084601 -0.463873 -0.352221 0.167285 0.121106 0.044058 -0.335690 -0.173398 
-0.039767 0.445875 0.237432 0.163570 -0.219412 -0.069564 -0.007239 0.147385 0.394937 0.171636 -0.273359 0.070109 0.664668 0.107332 0.079210 0.437821 
-0.292453 0.132553 0.042680 -0.225130 -0.312228 0.508018 0.239287 0.300152 -0.027467 -0.074625 0.061061 -0.382187 -0.152821 0.257577 0.344151 0.124121 
0.137311 -0.493923 -0.122743 0.274843 -0.201282 -0.324069 0.208516 0.175372 -0.052059 -0.249785 -0.005908 0.123644 0.090369 -0.378099 0.321836 0.220086 0.102021 -0.126356 -0.291483 0.277187 0.251741 0.108906 0.117277 0.119928 0.083641 -0.205066 -0.209179 0.023374 0.129095 0.082911 0.043277 
0.584945 -0.652607 0.157213 0.076497 -0.078867 -0.086155 -0.268902 -0.134800 0.282473 0.172254 0.526322 0.107651 0.054739 -0.037147 0.468821 -0.066126 -0.183723 -0.400647 -0.180760 0.059057 -0.133066 0.239976 -0.038367 -0.049222 -0.014255 0.202704 -0.073516 -0.177817 0.054382 0.002992 -0.303041 
0.310886 0.170871 -0.307216 -0.457113 0.020048 -0.132869 -0.543100 -0.318770 -0.139535 -0.151532 0.262482 0.508355 -0.143832 0.134334 0.449764 -0.522528 0.004482 -0.005730 -0.188105 0.154825 0.226091 -0.422329 -0.251833 0.103604 -0.136111 0.043034 -0.056645 -0.081396 0.007278 0.061285 -0.329405 
0.519819 -0.163495 -0.296302 -0.200176 -0.172837 0.136904 -0.147428 0.060819 0.031778 -0.383920 -0.350089 0.508560 0.192322 -0.031435 0.308508 -0.030419 0.186075 0.041141 -0.089949 0.005870 0.197434 -0.011557 -0.005045 -0.213554 -0.207478 0.292430 0.092644 0.304678 0.026830 0.044211 -0.305205 
0.213379 0.342447 -0.172068 -0.407095 -0.520933 0.842959 -0.145600 0.174504 0.424746 -0.379600 -0.101196 0.183806 0.076119 0.022310 -0.529850 0.362565 -0.191394 0.105183 -0.043329 0.319538 -0.102429 0.043608 -0.046303 -0.092015 -0.164329 -0.237156 0.221000 0.169405 -0.280025 -0.151390 0.143829 
0.288311 0.144768 0.422704 0.174996 0.617253 0.411678 -0.269023 -0.056032 -0.027184 0.255091 0.112100 -0.332841 -0.414952 0.220739 0.325784 0.431526 0.021701 0.018160 -0.191656 -0.014820 0.031454 -0.225284 -0.306025 -0.015736 0.136976 -0.266768 0.097499 -0.108243 -0.095576 0.066869 -0.059989 
-0.388853 0.326999 -0.054901 -0.336334 0.444369 0.101061 -0.393736 -0.067041 -0.461446 -0.032917 -0.326284 0.300615 0.003313 0.399239 0.190335 0.301890 0.202426 -0.049286 -0.010317 -0.057056 0.197754 0.201542 -0.224869 -0.094728 -0.201442 -0.190173 0.207150 0.239850 -0.007422 0.051465 0.030488 
0.229129 -0.070538 0.015657 -0.148376 0.542141 -0.268193 -0.304032 -0.224852 -0.048208 -0.086446 0.463185 0.096721 -0.357670 0.314283 0.539169 0.131807 0.021466 -0.272291 -0.217006 -0.220311 0.155488 -0.080877 0.011467 0.189448 0.006301 -0.307127 -0.154409 -0.148431 0.055747 -0.163495 -0.135871 
0.019397 0.188800 0.229011 -0.265615 0.083217 0.266033 -0.402531 0.158233 -0.055510 -0.368823 -0.270572 0.034475 -0.206969 0.507023 -0.286082 -0.379452 0.122606 -0.032371 -0.127551 0.215927 -0.119939 -0.015499 -0.078472 -0.007891 -0.304924 -0.151596 0.119356 -0.013162 -0.073104 -0.003017 -0.150656 
0.241587 0.160988 0.281649 -0.561191 -0.525258 -0.021012 -0.231122 0.246767 -0.444766 0.484894 0.012591 0.161745 0.399735 0.328636 0.007630 -0.283727 0.018841 0.130690 -0.139547 0.013427 0.040915 -0.079444 -0.187170 -0.030493 -0.225593 0.088487 0.238551 -0.092533 0.133920 0.210274 -0.556451 
0.060512 0.376560 -0.265370 -0.140618 -0.065985 0.201564 0.327746 -0.459848 0.144504 -0.168489 0.440015 -0.065501 -0.365728 0.045998 -0.333205 -0.020541 0.063035 0.016289 0.061346 -0.004867 0.088604 -0.056484 0.107779 0.181459 0.305788 0.060184 -0.057471 0.055409 0.053670 0.033407 0.368186 
-0.115527 -0.312894 -0.338619 0.428938 0.064150 -0.102100 0.407395 0.010197 0.566874 -0.361189 0.035916 -0.064025 0.131447 -0.403058 -0.192601 -0.226783 -0.175935 0.053724 0.130462 -0.172156 -0.037562 0.276360 0.013095 0.206163 0.275818 0.465628 0.048101 -0.142802 -0.096525 -0.049938 0.311716 
0.022027 -0.023702 0.647721 0.269899 -0.241227 0.030445 -0.334652 0.698301 0.262699 -0.492508 0.006805 -0.344081 0.082727 0.351025 0.060254 -0.395207 0.190252 -0.011250 0.086596 -0.121691 -0.387972 -0.016865 -0.018399 0.309246 -0.464752 -0.322829 0.113228 0.139773 -0.169018 0.237338 -0.129212 
0.372392 -0.348474 0.356259 -0.122780 -0.220999 0.514404 -0.186130 -0.146288 0.265680 -0.157375 0.236024 0.094930 -0.036688 -0.053871 -0.169923 0.343748 -0.069321 -0.115527 -0.071064 0.102781 -0.047041 -0.094393 0.127133 0.092740 -0.092670 -0.242615 -0.004869 0.245550 0.021418 -0.069414 -0.007721 
0.288991 0.154672 0.351319 0.083218 -0.293422 0.202084 0.193451 -0.203786 0.056967 0.160252 0.452924 -0.640132 -0.452877 0.236341 -0.139101 0.210874 0.185617 0.132283 -0.007105 -0.054504 0.056804 -0.130824 -0.059707 0.098620 -0.047774 -0.042777 -0.050339 -0.156422 -0.042574 -0.076494 0.235804 
0.383814 -0.445622 0.469933 -0.175702 -0.327525 0.146004 -0.301831 0.214344 -0.156835 0.323317 -0.121617 -0.120402 0.514718 0.386336 0.276440 0.095934 0.115351 -0.030586 -0.091767 0.082208 0.080348 -0.118080 -0.026382 0.013742 -0.291776 -0.153811 0.003787 0.180155 -0.296754 -0.117554 -0.051177 
0.108397 -0.521108 -0.346943 0.498349 0.352982 -0.331855 -0.374066 -0.088409 -0.159088 0.068014 -0.336648 -0.144404 -0.208763 -0.024479 0.036606 0.365664 0.059327 0.327467 -0.141308 0.122903 -0.372963 0.396825 -0.213102 0.014082 -0.398379 -0.126902 0.504218 0.421499 -0.344651 0.092153 -0.105624 0.392369 
-0.447410 0.038679 0.456163 0.143258 0.111469 -0.462863 -0.430282 -0.067150 -0.154214 -0.320892 -0.402030 -0.159505 0.179244 0.338584 -0.009966 -0.125266 0.081252 -0.494714 -0.137923 -0.194698 0.265388 -0.238268 -0.114882 -0.062515 0.421059 -0.244224 -0.243488 -0.575560 -0.221912 0.069013 -0.641772 -0.363451 
0.355969 -0.268580 -0.224309 0.047258 -0.165622 -0.249126 -0.061861 0.265544 0.039257 0.390134 -0.557436 -0.191593 0.099373 0.124555 0.333908 -0.341058 -0.266752 -0.311586 -0.197825 -0.275104 -0.435048 -0.321366 0.312214 -0.157602 -0.116416 0.138055 0.423511 0.217101 -0.286814 0.186402 -0.137263 -0.211001 
0.336081 0.265566 -0.364998 -0.398174 -0.391908 0.350599 0.299240 -0.010031 0.118248 0.242167 0.373690 0.229653 -0.144521 -0.075256 0.237793 -0.320889 -0.353961 0.172904 0.129692 -0.189088 -0.198384 -0.219942 0.263680 0.183393 -0.155621 0.232109 -0.016516 0.008905 0.264494 0.020266 -0.251401 0.145495 
-0.427534 -0.064861 0.233485 -0.684492 -0.600684 0.267448 0.175258 0.167466 0.552414 0.000259 -0.035858 0.589694 0.217200 0.212916 0.087010 0.608315 0.066095 -0.073804 -0.226303 -0.208436 0.280732 0.408563 0.709361 0.372848 -0.186866 0.132181 -0.363754 -0.110365 0.146203 -0.012036 0.281553 -0.219928 
0.042039 0.002364 0.074969 0.352272 0.199641 -0.569484 -0.128158 0.229899 -0.352287 0.217568 -0.358107 -0.349004 0.313741 -0.077986 -0.136684 -0.145514 -0.248096 -0.056590 -0.399859 -0.108950 -0.604202 -0.248047 -0.284829 0.200530 0.096468 -0.489024 0.426938 -0.091899 -0.056694 0.149433 -0.522655 -0.079143 
0.374322 0.214564 0.256584 0.131801 -0.052419 0.318761 0.096675 -0.199441 -0.397207 -0.205920 0.445319 0.301081 -0.044931 -0.117907 0.319072 -0.050442 -0.109803 -0.056813 0.445246 0.050298 -0.134034 -0.219081 -0.210989 -0.186291 0.246000 -0.405007 -0.203209 -0.426503 0.513995 0.188913 -0.295852 -0.031087 
0.134523 0.192316 -0.188529 0.054470 0.195951 -0.186397 0.522155 0.496110 0.382541 0.073451 0.216263 -0.163536 0.327883 -0.277638 -0.006761 -0.284410 -0.120829 -0.320049 -0.209561 0.505472 -0.088738 0.013432 0.349392 0.158476 0.220427 0.085663 0.474709 0.119927 -0.036864 -0.327843 0.267916 0.027030 
0.054143 0.196450 -0.110988 0.227161 -0.296048 -0.017065 0.456563 -0.137934 -0.005546 -0.006803 0.293573 0.025667 0.001437 -0.392425 0.347730 -0.042452 -0.276658 0.479199 -0.283316 -0.045841 -0.445730 -0.016421 -0.130103 -0.359678 -0.027240 -0.341786 0.185132 0.210785 -0.070454 -0.008692 -0.164147 0.030327 
0.196787 -0.337815 -0.174535 0.212241 -0.092578 -0.247562 -0.253440 0.253611 -0.275994 -0.115274 -0.341372 0.099187 -0.329658 0.230991 -0.094031 -0.066594 0.196356 -0.298179 0.436273 -0.260368 -0.015363 -0.191671 -0.111240 0.074286 -0.374864 0.226009 0.102455 0.021031 0.129892 -0.472392 0.228550 -0.334216 
-0.173430 -0.523517 -0.103034 0.039820 -0.286647 0.399906 -0.297475 -0.294494 -0.387807 -0.056213 -0.230939 0.220450 -0.465975 0.081518 -0.029678 0.248156 -0.027869 0.004915 0.374940 -0.389882 -0.478634 -0.252854 -0.063409 -0.201165 -0.466783 -0.177662 0.006314 -0.084395 -0.233523 0.124600 -0.387958 0.190102 
-0.194502 -0.053520 0.233131 0.174252 0.313449 -0.425588 0.132559 0.037535 0.035145 -0.247113 -0.060594 0.025732 0.263011 0.046092 -0.285124 0.383369 0.514715 0.304522 -0.161073 0.240403 0.559958 0.336348 -0.249524 -0.010474 0.079403 -0.261851 -0.158189 0.112957 -0.095774 -0.128942 0.386953 0.176470 
0.515249 0.196047 -0.068426 0.147531 0.465806 -0.179657 0.053808 -0.060183 0.190040 0.224302 -0.162948 -0.166211 0.195715 -0.278738 -0.228924 -0.184897 0.373518 0.103658 -0.222401 0.174925 0.069066 -0.090199 0.082615 0.052133 0.111638 0.195709 0.065713 0.280575 -0.345078 -0.187121 0.460788 -0.244159 
-0.394531 -0.174768 0.138311 -0.247412 0.058044 0.001653 -0.203512 -0.094025 0.268968 0.195849 -0.425903 -0.273935 0.341398 0.113952 -0.031331 0.073920 0.030279 -0.096826 -0.317801 -0.079611 0.043542 -0.190595 0.001080 -0.171089 -0.252353 0.163228 0.305292 -0.005295 -0.507048 0.084058 -0.106159 -0.107159 
-0.055834 -0.607302 -0.298986 -0.382275 -0.299284 0.273235 -0.451249 0.070434 0.166643 0.296224 -0.336902 0.181025 -0.179525 0.016765 -0.339937 0.246723 0.234949 0.119663 -0.040881 0.195262 0.224517 0.310925 0.061888 0.267196 -0.462690 0.293203 -0.035270 0.371982 -0.493291 0.078756 0.488134 0.526281 
0.541644 -0.076176 0.098189 -0.044771 -0.565719 -0.184501 -0.248041 0.234059 -0.600156 0.041572 0.069633 0.199882 0.360510 0.352367 -0.145055 0.131765 -0.095252 0.099142 -0.004289 -0.520980 -0.119496 0.364330 -0.236095 0.638605 0.008441 -0.639111 0.193895 -0.109176 0.355487 0.003080 0.049184 -0.094961 
0.166152 0.093025 -0.694017 1.074243 0.252329 -0.006394 0.369375 0.069479 
-0.362978 0.057037 0.598409 0.749228 -0.137794 -0.091055 0.365649 0.597121 
-0.479877 0.298808 0.787423 0.498167 0.185301 0.252594 0.045138 0.202257 
0.104053 -0.269308 -0.199001 0.124438 -0.756790 -0.729867 0.022781 0.274346 
-0.180514 0.316889 -0.144381 -0.807117 -0.233882 -0.628195 0.672760 0.187277 
-0.107529 -0.239364 0.262831 0.773384 0.676344 0.298648 -0.283624 -0.541405 
0.032971 -0.261727 0.473832 0.443041 -0.077048 -0.030909 0.159435 0.885501 
-0.247142 -0.231634 -0.357014 -0.155239 -0.325335 0.248832 -0.107536 0.287544 
0.042022 0.251438 -0.016731 -0.496807 0.773124 0.036503 0.349712 0.735605 
0.076891 -0.402838 -0.398313 -0.286095 -0.172095 0.175753 0.156302 -0.085060 
-0.477353 -0.305910 0.752302 0.922679 -0.385822 0.027811 0.072706 -0.127224 
0.256785 0.443112 0.227236 0.750551 0.492623 0.289257 -0.103412 0.094548 
-0.452682 0.010086 0.069697 -0.183371 -0.240928 0.627837 0.314110 0.167628 
-0.373962 0.067472 0.046654 -0.104516 0.199235 -0.166231 -0.379005 -0.577618 
0.179435 -0.481211 0.223338 0.292180 0.349894 0.098132 -0.236938 0.130404 
0.302442 0.523493 0.080823 -0.351565 -0.006096 0.537387 -0.263374 -0.257505 
-0.181294 0.643327 -0.160701 -0.374458 0.345125 -0.226411 0.007903 0.115336 
0.646679 0.442791 0.212189 0.140775 0.090778 0.207896 0.237693 0.171174 
0.023052 0.258615 0.035709 0.649912 -0.048482 -0.378121 -0.468520 -0.293866 
0.507226 0.317213 -0.049521 -0.876848 -0.511111 -0.194567 0.383346 0.758815 
-0.232813 0.874340 -0.331674 -1.211434 0.050430 -0.413928 -0.077472 -0.270555 
0.254067 0.524201 -0.198867 -0.173952 0.105016 0.429496 -0.135577 0.155723 
-0.079115 -0.325035 -0.104451 0.011656 0.722371 0.318145 0.159573 0.304533 
-0.070762 -0.007240 -0.484669 -0.335804 -0.515973 0.561303 -0.107641 -0.245343 
-0.449345 0.226290 0.505179 0.334306 0.064618 -0.004913 0.360637 0.219697 
0.167063 -0.210171 -1.019662 -1.012814 0.634280 -0.562263 0.102045 -0.016850 
0.215667 -0.587972 -0.777381 -0.380717 -0.197231 0.149661 0.098861 0.170080 
0.391650 -0.025364 -0.526880 -0.203956 -0.058717 0.004912 0.195079 0.319500 
-0.520187 -0.055735 0.625265 0.828885 -0.649504 0.015438 -0.210479 -0.493090 
0.186991 -0.338786 0.270050 -0.190535 -0.072828 0.116624 -0.106061 -0.500383 
0.320011 0.817461 -1.102308 -0.195643 0.014252 -0.094575 0.171825 0.326396 
0.658801 -0.116348 -0.122652 -0.344331 -0.467390 0.027319 -0.053404 -0.408615 









0.000000 
0.000000 
0.000000 
0.000000 
0.000000 
0.000000 
0.000000 
0.000000 
-0.797115 
0.009316 
-0.860816 
0.763776 
-0.494716 
1.421102 
-0.068726 
-0.268812 
0.538715 
-0.925274 
-1.420449 
0.037963 
-0.919010 
0.998366 
1.263138 
-0.232684 
-0.082540 
-0.634294 
0.792680 
-0.577730 
-1.212823 
0.887565 
0.420304 
0.371659 
0.421500 
0.828884 
-0.019238 
0.737571 
1.222041 
-1.472944 
0.337236 
-0.313673 
0.153128 
0.126524 
0.633506 
1.289418 
0.154268 
-0.014155 
0.993332 
-0.342278 
0.869413 
0.330840 
-0.210612 
-0.000039 
0.829043 
-0.944066 
0.028214 
0.492425 
-0.447058 
0.183946 
0.349060 
-0.383595 
0.270967 
-0.157500 
-0.246009 
0.087022 
0.146534 
0.315132 
0.469381 
-0.372544 
-0.311326 
0.146815 
0.261656 
0.010055 
-0.244075 
-0.102807 
0.202154 
-0.293101 
0.168503 
-0.088674 
-0.624675 
-0.598541 
0.377118 
-0.390111 
0.488997 
0.071122 
0.084714 
0.366588 
-0.366571 
0.237462 
0.967557 
0.329147 
0.826730 
0.158290 
0.012199 
-0.002743 
0.179969 
-0.096899 
0.157447 
-0.534525 
-0.309784 
0.836296 
0.016639 
0.126026 
0.381458 
0.055909 
0.107863 
0.477719 
0.123358 
-0.552975 
-0.623119 
0.048619 
0.175633 
-0.461448 
0.480247 
-0.867245 
-0.537587 
0.059932 
-0.337060 
-0.626225 
-0.206575 
-0.634582 
-0.320985 
0.880131 
0.517135 
2.245327 
1.141654 
0.769507 
0.162777 
1.112651 
1.343000 0.089372 0.066900 
