0.229364 -0.020998 -0.107582 0.123837 0.185774 -0.121728 0.012353 0.137339 -0.052522 0.069242 -0.287250 -0.205752 0.017144 -0.228796 -0.051029 -0.040804 0.063814 0.191334 0.072077 0.158765 -0.107460 0.184624 0.277372 0.120163 0.115841 -0.285715 -0.237262 -0.193409 0.183357 -0.088886 0.317079 0.233524 0.048533 -0.301683 0.264351 -0.165278 -0.092239 -0.176884 -0.235938 -0.268684 -0.050398 -0.130547 -0.251251 -0.232886 -0.186488 0.182065 0.170506 0.259996 0.086221 -0.025331 0.033126 -0.309336 -0.165229 -0.081972 0.275947 -0.370335 -0.111135 -0.135921 -0.257282 -0.097844 -0.071204 -0.140856 0.018624 -0.288256 
-0.153906 -0.284209 -0.081692 0.156094 -0.034330 -0.159265 0.188283 0.061658 -0.048224 -0.238405 0.177025 0.271876 0.145020 -0.048461 0.194427 -0.146609 0.315515 -0.108337 -0.071700 -0.136940 0.093068 0.094097 -0.243087 -0.235906 0.042836 -0.087079 0.017238 -0.248098 -0.086866 -0.169915 -0.147489 0.126820 -0.127697 -0.238190 0.047061 -0.042180 -0.055187 0.062046 -0.020828 -0.168919 -0.087310 -0.162418 -0.315016 -0.145125 0.127804 0.180634 0.012161 0.178494 -0.136436 -0.213926 0.230179 -0.286725 0.152055 -0.209278 -0.173334 -0.039380 0.092235 0.343986 -0.063085 -0.220554 0.226551 0.106082 0.117812 -0.242585 
-0.135876 -0.017374 0.170571 0.201748 0.005851 0.286791 0.209344 -0.155134 -0.187071 0.229220 -0.093174 0.124965 0.217902 0.129683 -0.082147 -0.150519 -0.233824 -0.064552 -0.108260 -0.012077 0.020085 0.106701 0.218627 -0.033702 0.058276 -0.029467 -0.225427 -0.124627 -0.233742 0.118872 -0.001325 -0.203095 -0.165387 -0.167608 0.202140 0.132648 -0.243207 0.226963 0.232745 -0.152934 0.186343 -0.178376 -0.298592 0.005117 -0.250665 -0.043920 0.185333 -0.090727 0.249672 -0.283586 0.240657 -0.118224 0.027734 0.148643 -0.037046 -0.303523 -0.276874 -0.105375 -0.094580 -0.177488 -0.115873 0.127945 -0.245610 -0.034703 
-0.092822 -0.163498 0.023026 -0.066680 0.157228 -0.266628 -0.018145 0.044750 -0.027586 0.079526 -0.105829 -0.099930 -0.125338 -0.293950 0.073828 -0.151804 -0.184400 -0.050376 0.033125 0.161289 -0.250510 0.181459 -0.030703 -0.060937 -0.184345 -0.188679 -0.006254 -0.098124 -0.198910 0.039048 0.083624 -0.062694 0.126757 -0.251511 0.120027 0.032771 -0.087694 0.066233 -0.097938 0.133953 -0.245750 0.220696 -0.090852 -0.129947 0.080946 0.154768 -0.182712 0.166173 -0.179996 0.154523 -0.033398 -0.124449 -0.159939 -0.254243 -0.090645 0.067815 -0.138734 0.186358 0.080237 0.012602 -0.071093 -0.009016 0.097384 -0.179328 
0.147443 0.036312 0.215797 0.312237 -0.294211 -0.266427 0.053105 -0.327583 -0.038756 0.164970 -0.124079 -0.217899 0.213912 0.168482 0.107903 0.081743 -0.089937 0.283741 0.277241 0.248043 -0.301324 0.046379 -0.337287 -0.126961 0.289359 0.189611 0.073906 -0.106421 -0.020770 0.114576 -0.015077 -0.227661 -0.197844 -0.171107 -0.271538 -0.228315 -0.125497 0.227334 0.001284 0.196601 0.070660 0.181429 0.263954 -0.203696 -0.031054 0.114934 0.152830 0.250631 0.041290 0.221314 0.008016 0.173282 0.275870 0.074449 0.274990 0.300103 0.028063 0.166608 -0.181030 0.314685 -0.158108 0.133891 -0.294179 0.026020 
0.252278 -0.141345 0.143783 -0.113538 -0.237339 -0.234722 -0.175572 0.170863 0.187498 -0.262863 0.236491 -0.011668 0.156109 0.196931 -0.258713 -0.045782 0.030857 0.011279 -0.293779 -0.025169 -0.210717 0.312533 -0.093035 0.116439 0.083726 0.082469 -0.038848 0.281839 -0.105242 0.112783 -0.020446 -0.106726 0.305693 -0.087154 0.045291 -0.250123 -0.123817 0.137527 0.195917 -0.303115 0.238839 -0.040715 -0.168456 0.105882 -0.080030 -0.042481 -0.301910 0.207651 -0.244474 -0.275006 -0.068336 -0.187269 -0.361475 0.170652 0.140225 0.161633 -0.060977 -0.104071 0.086004 0.150628 -0.293899 -0.262063 -0.281136 0.337184 
-0.101685 0.076432 -0.256339 0.020342 -0.102029 0.124311 0.173548 -0.247009 -0.014432 -0.258918 0.198973 0.232616 0.049358 0.214377 0.157390 0.037521 0.224349 -0.254815 0.351073 0.287396 0.183786 0.119137 0.215381 -0.181065 -0.299759 -0.074961 0.280235 -0.297002 -0.000109 0.212414 -0.206716 0.259357 0.048367 -0.381215 0.038571 0.267623 0.234812 -0.147359 -0.257025 -0.061837 -0.180324 0.278701 -0.234177 0.160246 0.165674 0.358761 0.011921 0.070464 -0.366944 0.012930 0.107397 0.250247 -0.135154 -0.111748 -0.285302 -0.172040 0.108303 -0.247643 -0.096325 -0.148345 0.293182 -0.099541 -0.296746 -0.079765 
0.012628 -0.007730 -0.042218 -0.130538 0.120599 -0.124344 0.105588 0.217086 -0.098193 0.188092 0.107064 -0.228983 0.133405 -0.194882 0.146865 0.107747 0.028997 -0.050878 0.143163 0.123074 0.086336 0.107829 -0.207363 -0.042324 0.203045 -0.059973 0.053432 0.137872 0.136570 0.051182 -0.049649 -0.147497 -0.156186 0.074848 0.087029 0.249980 -0.236532 -0.128637 0.252130 -0.031257 0.317376 -0.067256 -0.036769 0.086653 0.029767 -0.096790 0.033808 -0.228784 0.050365 -0.118814 0.340146 -0.150459 -0.238313 -0.287410 0.110066 0.208539 -0.039526 -0.020010 0.063476 -0.205257 -0.298307 0.190348 -0.064196 -0.210019 
0.038779 0.048196 -0.134716 0.048395 -0.090116 0.090027 -0.096333 -0.092474 -0.108893 0.025267 0.064538 0.005074 0.049810 -0.000005 -0.085358 0.020084 0.026183 -0.084732 0.046434 -0.023969 -0.122175 0.028528 0.008909 -0.026814 0.124625 0.095305 0.016176 0.138438 0.052737 0.112984 -0.020607 0.029518 
0.070504 -0.048058 -0.108891 0.051197 -0.079334 -0.075935 0.120947 0.048163 0.103030 0.048045 -0.031349 0.009377 0.106179 -0.051495 -0.132559 0.003202 -0.035406 0.046009 -0.083647 -0.010596 -0.014740 -0.016980 0.160679 -0.024671 0.022454 -0.071057 -0.077396 -0.085146 -0.047248 -0.013373 0.089107 -0.025854 
0.069898 0.084374 0.126968 -0.016821 -0.082919 0.030837 -0.015980 0.029664 -0.048461 0.047459 -0.093176 -0.016804 -0.057754 -0.019498 0.133015 0.066932 -0.033322 0.144604 -0.067424 0.107113 -0.027276 0.159218 -0.128255 0.026958 -0.060466 0.014093 -0.052088 0.156826 0.095392 0.120983 0.081765 0.086668 
0.093127 0.043194 -0.106136 0.082412 0.002583 0.071369 -0.008221 -0.115250 0.019460 -0.097616 -0.026977 0.076996 0.020065 -0.010852 0.003961 -0.132368 -0.043242 0.043910 0.067559 0.018923 -0.023620 0.081111 -0.055945 -0.134716 -0.089389 0.064946 0.123791 -0.034525 0.041362 0.130693 -0.050786 -0.125917 
0.027824 -0.023958 -0.081043 0.054082 0.167219 0.022748 0.053099 -0.010965 0.081454 -0.104467 -0.033958 0.009082 -0.058957 0.101801 0.040283 0.001688 -0.003945 -0.001142 -0.138441 -0.113465 -0.016981 -0.013823 -0.034492 0.088632 0.167835 -0.121878 -0.127302 -0.023570 -0.188372 -0.109861 -0.015762 0.053129 
-0.034131 0.052101 -0.063260 0.020751 -0.014513 0.070556 -0.019358 -0.006222 0.153316 0.053694 -0.081688 -0.026026 0.003352 -0.043206 0.022462 -0.190632 -0.043413 -0.209879 -0.128618 0.017815 -0.015787 -0.088503 0.115270 0.016800 0.002309 -0.024471 -0.012094 -0.059280 -0.137603 -0.087590 -0.035323 0.032395 
-0.094825 0.067150 -0.033721 -0.005014 -0.003694 -0.031295 0.116367 -0.015008 0.107588 0.073352 0.111935 -0.017960 0.082127 0.128433 0.047519 -0.092260 -0.010024 0.069591 0.046692 -0.105497 -0.048726 0.033251 0.023361 -0.014651 -0.068505 0.085153 -0.089110 0.002097 -0.074746 -0.013488 0.142082 -0.082922 
-0.007578 -0.116465 0.013932 0.014705 0.026778 0.094620 -0.096636 -0.000017 0.004001 0.123141 0.121071 -0.044154 -0.010533 -0.082120 -0.065051 -0.059572 -0.066072 -0.077749 0.013357 -0.107797 -0.014520 -0.069920 0.025749 0.123314 0.088916 0.061081 -0.059710 -0.139354 -0.054863 -0.057687 -0.107701 -0.058395 
-0.025978 -0.116450 0.124869 -0.120969 0.016789 -0.077101 0.005460 -0.026395 -0.109965 0.044562 0.040252 0.069294 0.083198 -0.141367 -0.175221 0.040993 0.083810 -0.013384 0.143578 0.017155 -0.016047 -0.041228 -0.037892 0.102055 -0.071434 -0.070456 0.088771 -0.027558 0.050144 -0.058650 -0.123169 -0.115163 
-0.174558 -0.060160 -0.080034 0.126165 -0.046947 -0.023824 -0.077690 -0.112397 -0.091625 -0.109459 0.045935 0.089640 -0.031321 0.054856 0.131118 0.140204 -0.076711 0.059847 -0.079982 -0.051310 -0.007539 0.049160 -0.061674 0.030355 -0.060771 -0.105357 -0.064131 0.086871 -0.149126 -0.046381 0.077941 -0.047423 
-0.025379 0.097329 -0.080986 -0.075502 -0.060625 0.025523 0.078082 0.017619 0.022890 0.039512 0.037438 0.163949 0.039138 -0.108635 0.014744 0.019696 -0.056849 -0.104218 -0.027835 0.033493 -0.009764 -0.081527 -0.133890 0.076653 -0.151038 -0.005011 -0.031854 -0.064253 0.136386 -0.066584 0.010728 -0.081169 
-0.111167 0.101955 0.113495 -0.000268 -0.088024 0.003332 -0.105760 0.011974 -0.070668 -0.025126 -0.004788 0.071885 0.118687 -0.012615 -0.060781 -0.165672 -0.009360 0.002452 -0.041704 -0.108560 0.133706 -0.020159 0.021530 -0.102425 -0.152286 -0.031459 0.002622 0.098019 0.021868 -0.100483 -0.078123 -0.038682 
0.108803 -0.124071 0.105612 -0.141291 0.001506 -0.037475 0.045475 0.077685 0.067864 -0.110698 0.018247 0.062972 -0.011301 0.041834 0.073338 0.028987 -0.031337 -0.077309 0.071996 -0.092380 0.020212 0.081736 -0.063571 0.020284 0.026294 0.100624 0.025944 -0.006931 0.128768 0.115942 0.106040 0.051181 
-0.129838 0.083509 0.134207 0.040945 0.026703 0.034002 0.013777 0.028953 0.102874 -0.102531 -0.037282 -0.004895 0.131665 -0.203758 0.047371 -0.112093 -0.018092 -0.010124 0.003414 0.151183 -0.056828 0.010665 0.056693 -0.062021 -0.094346 0.003674 0.046522 -0.045809 0.047941 0.043741 -0.031710 -0.014442 
0.064517 -0.068197 -0.056583 -0.098109 0.061473 0.139576 -0.065610 0.060221 0.126337 0.008593 0.099940 0.061850 0.040797 0.079118 -0.099160 0.080653 -0.116208 0.023315 0.104713 -0.021900 -0.023239 0.035982 0.061064 0.088675 -0.053308 0.007760 -0.066565 0.019492 -0.024639 0.014227 -0.035859 0.053559 
0.113772 -0.008646 -0.107239 -0.023644 -0.056295 -0.040151 -0.021819 0.046420 0.095713 0.112180 -0.012643 -0.024581 -0.028876 -0.035200 -0.114979 -0.038450 0.106192 -0.112790 0.131406 -0.021037 -0.009078 0.020510 0.113982 0.119866 -0.081230 -0.105782 0.004029 -0.101034 0.077151 0.055839 0.113765 0.016151 
0.084824 -0.138160 -0.084913 -0.000798 -0.076683 0.062143 0.010813 -0.046485 -0.049151 0.034333 0.064498 0.032694 -0.061426 0.114029 -0.112455 -0.072730 0.037985 0.124085 -0.027806 -0.051016 0.025522 -0.020347 -0.072001 0.034833 -0.048074 0.103667 0.131400 -0.098977 0.082059 0.108103 0.023855 0.123480 
0.138778 -0.034632 0.021556 -0.075678 -0.108176 -0.051525 -0.138673 -0.019207 0.056278 0.025775 -0.098871 0.057233 -0.118211 -0.070530 -0.096524 0.114407 -0.056712 -0.046022 -0.024897 0.011346 -0.054077 0.027476 -0.041660 0.058496 0.005670 -0.068503 0.106141 -0.066936 -0.086314 0.027616 -0.081514 0.095551 
-0.062612 0.040488 -0.121543 -0.157714 -0.151195 -0.024030 0.063932 0.145118 0.116382 0.093854 0.145913 -0.141896 0.113026 0.165726 -0.121567 0.112433 -0.088055 -0.016867 0.038954 0.043261 -0.121874 0.038736 0.005375 0.067346 0.102330 -0.088028 0.087190 0.058327 0.051504 -0.126246 0.107718 0.029248 
0.117325 0.082669 0.024850 0.124095 -0.086833 -0.057855 0.138150 0.139430 -0.077413 0.066718 -0.040806 -0.199003 0.010454 0.038615 0.123363 0.144521 -0.064792 0.019089 -0.047827 0.003253 -0.070099 0.100861 -0.017927 -0.126388 0.187497 -0.025048 0.094489 0.052883 -0.087245 -0.005428 0.181606 -0.050497 
0.050754 0.017109 -0.108619 -0.044225 0.095239 -0.051320 0.066805 -0.045835 0.102750 0.028283 -0.018701 -0.041040 0.061248 -0.019741 -0.107061 -0.057554 -0.012116 -0.020455 0.102027 -0.008254 -0.029832 -0.041230 0.043615 -0.066614 0.038364 0.006158 -0.011275 0.084547 -0.050147 -0.018095 -0.060608 0.060815 
-0.075968 -0.021661 -0.100914 -0.054437 0.048951 0.108329 -0.040983 -0.049189 -0.005526 -0.055222 0.107702 -0.102193 -0.072198 0.194004 0.085305 0.137394 -0.051104 0.079712 -0.063216 -0.019884 -0.103176 -0.010327 0.056385 0.018411 0.078718 0.039406 0.027341 0.148412 0.022366 0.030036 0.018880 -0.124625 
-0.163321 0.095898 -0.045591 0.156244 0.053705 -0.107204 0.114738 -0.105097 0.000294 0.086750 -0.000625 0.074664 -0.014061 -0.069180 -0.017997 -0.126013 -0.028580 -0.147681 -0.017833 -0.083874 -0.163921 -0.068471 0.189715 0.066384 -0.092721 -0.027486 -0.013303 0.100280 -0.099095 -0.137227 -0.134874 -0.051423 
0.133169 -0.121269 -0.122975 0.018830 0.023556 -0.072020 0.082378 -0.044432 0.073304 0.038958 -0.089060 -0.057844 -0.153562 0.032005 -0.022709 -0.087970 0.111479 -0.057683 -0.024439 0.092130 -0.149108 -0.050957 0.130134 -0.082113 -0.082979 -0.048260 -0.111574 -0.039291 0.011463 -0.103644 -0.107222 0.027185 
0.013466 -0.147861 -0.156028 0.010233 -0.101863 -0.021765 -0.154833 -0.075565 0.027418 -0.066855 0.053036 -0.006830 0.042161 -0.120918 0.059455 0.028944 0.036724 -0.092229 0.028199 0.023728 0.020757 -0.015321 0.067007 0.075130 0.109595 0.100925 -0.035896 -0.011022 0.122164 0.037618 -0.055382 -0.100570 
-0.016021 -0.041968 0.094545 0.034521 -0.097399 0.077839 0.023140 0.086477 0.114550 -0.036608 -0.040294 0.109314 0.001263 -0.117024 -0.083386 -0.118860 0.052264 0.090416 0.130069 0.019166 -0.084307 -0.034297 -0.117449 -0.036969 -0.119333 -0.042745 0.129379 -0.108089 0.089872 -0.026620 -0.086047 -0.105137 
0.049163 0.081529 0.042819 -0.059183 -0.003945 0.063828 0.077725 0.119227 0.157915 0.012333 0.034593 0.015590 0.062775 0.053448 -0.098558 -0.090594 0.071458 -0.085559 0.097208 -0.002160 0.023024 -0.042632 -0.052454 -0.013038 0.074316 -0.082883 -0.037468 -0.101339 0.039851 -0.006156 0.001185 0.069427 
-0.094798 -0.003423 0.004875 -0.046224 0.094268 -0.083484 0.126685 0.034622 -0.002193 0.028433 -0.136546 -0.056880 -0.019365 -0.146980 -0.086746 0.092320 0.092423 -0.015444 0.135257 0.072985 -0.106140 -0.046578 0.080694 0.117973 -0.031879 0.039913 -0.049143 0.026076 -0.087148 0.095548 -0.051459 0.075000 
0.004800 0.057366 0.095244 -0.122157 -0.134073 0.133289 0.107635 0.043387 -0.024151 0.122510 0.042231 0.030498 0.002130 0.074545 -0.018502 -0.009288 -0.044014 0.033140 -0.081284 -0.006647 0.044403 0.080899 -0.017819 -0.014022 0.056197 0.041021 -0.077203 -0.102938 0.045837 0.023838 0.086638 0.109271 
-0.038661 0.090343 0.092242 0.002446 0.069418 0.051420 0.123836 -0.073689 0.085973 -0.000805 0.131145 -0.085601 -0.079633 0.066117 0.055009 0.095792 -0.139941 0.050391 0.085419 -0.114938 0.043829 -0.001459 -0.011387 -0.100321 0.181970 0.086710 -0.056991 0.122075 -0.128161 -0.121538 0.054133 0.028531 
0.053763 -0.021336 -0.124557 0.130293 -0.018522 0.070300 0.055496 0.070267 -0.069053 0.101548 -0.116558 -0.054997 -0.092920 0.055704 0.114317 0.018753 0.029881 0.052109 -0.025296 0.086074 -0.148643 -0.127104 -0.039232 -0.094296 0.093783 -0.053038 0.063180 0.065162 -0.085530 -0.050675 -0.046287 -0.076157 
0.141457 -0.052524 0.086743 -0.117239 -0.084783 0.077733 0.119163 0.073459 -0.010859 -0.054477 -0.038337 0.081376 -0.128865 -0.038550 -0.084100 0.013712 -0.059410 -0.114839 0.043981 -0.063871 -0.144478 0.013927 -0.037942 0.088893 -0.121419 -0.108323 0.040728 -0.037565 0.011658 0.133835 0.048250 -0.091709 
-0.078856 0.064694 -0.060822 0.091468 0.021889 -0.109891 -0.054652 0.071841 -0.062851 0.007798 0.007945 -0.024089 -0.025872 -0.084682 -0.115366 0.044096 -0.030151 0.058777 0.065555 -0.006334 -0.078483 -0.121215 -0.060272 0.041209 -0.052458 0.038487 -0.070328 0.045217 -0.020856 0.064194 0.044201 -0.131998 
-0.008190 0.139658 0.026739 0.075669 -0.067515 0.038863 0.106502 0.061387 -0.061150 0.053182 -0.122284 0.102664 0.094832 -0.179010 -0.088430 -0.122990 -0.096881 -0.129939 0.033515 0.039993 -0.016685 0.000860 -0.041340 0.042790 0.009318 -0.145646 -0.115828 -0.151387 -0.091551 0.077406 -0.079930 0.103130 
0.067550 0.082494 0.027830 -0.053739 0.059382 -0.013069 0.041969 0.010147 -0.108400 0.034268 -0.007451 -0.167215 0.076960 0.091894 -0.037185 -0.100718 0.053448 0.040588 -0.079004 -0.174977 -0.021396 0.081816 0.021311 0.049946 -0.061732 0.065989 -0.130057 0.009591 -0.055886 -0.092368 0.108554 -0.055220 
-0.152060 0.095127 0.050492 0.036782 -0.073435 -0.150129 0.008756 -0.032239 0.089042 0.036367 -0.028635 0.069849 -0.002559 0.024245 0.011138 -0.080949 -0.116687 -0.048590 -0.050546 0.027847 -0.128153 0.079229 -0.013390 -0.081735 0.003063 0.003772 -0.051015 -0.088596 0.072064 -0.111137 0.001272 0.076664 
-0.105395 0.094328 0.051833 -0.097396 0.078419 0.060649 0.028554 0.089533 0.001467 0.106596 -0.013394 0.109595 0.018546 -0.082768 -0.153032 0.008250 0.043016 -0.054708 0.012511 0.036303 -0.098527 0.020987 0.040708 0.074532 -0.040389 -0.183507 0.054694 -0.100620 0.011748 -0.080855 -0.060304 -0.013721 
-0.101253 0.067601 0.031330 -0.076284 0.041605 -0.101380 0.016698 -0.129448 -0.101498 -0.110167 0.030738 0.059619 -0.024840 0.095462 0.011303 0.115448 -0.084935 0.101618 -0.010139 0.004056 0.106630 0.161021 -0.135680 -0.114744 -0.140435 0.123999 0.026470 0.040025 -0.098680 0.077298 0.057352 -0.065515 
-0.059821 0.015777 -0.086410 -0.077473 0.055384 0.100024 -0.076268 0.010081 -0.085106 -0.142877 -0.073368 -0.003810 0.120283 0.015590 -0.005402 -0.048541 -0.066722 0.012981 -0.020286 -0.147795 0.101628 0.085410 -0.097169 -0.014063 0.016464 0.058429 0.084130 0.056283 -0.088359 0.046908 0.037035 0.082096 
-0.083540 0.110913 0.119385 0.038504 0.051041 -0.153792 -0.057400 0.099099 -0.049646 0.005208 -0.067826 -0.085101 -0.043611 0.079829 -0.041268 0.090941 -0.149907 0.101659 0.107877 0.098416 0.085556 0.097925 -0.099127 0.131215 0.056475 -0.104264 0.033564 0.058267 0.099549 -0.069797 0.021898 -0.037142 
0.087132 -0.070020 0.021299 -0.014787 -0.075484 -0.036400 -0.008768 -0.021305 0.072170 0.077006 0.037908 0.104787 -0.034042 -0.029916 -0.003905 -0.038357 0.007128 -0.122202 0.107098 0.102268 0.074568 -0.069425 0.084807 -0.055663 -0.141712 -0.012105 -0.122513 0.113549 -0.029502 0.037227 0.126294 -0.079469 
0.098736 0.061199 0.058948 -0.073975 0.081926 -0.062167 0.095197 0.040215 -0.063316 -0.014799 0.017924 -0.057684 -0.097177 0.187549 0.078519 0.130150 -0.134517 0.091406 0.086033 -0.041127 0.121986 0.030420 0.017287 0.149445 0.169234 0.034525 0.139106 -0.044412 -0.098691 0.108234 0.011657 -0.056268 
0.076144 -0.123366 -0.052274 -0.007674 -0.052261 -0.124939 -0.133615 0.058526 -0.013518 0.011685 -0.161522 0.006120 0.030312 0.054346 0.078635 0.087503 0.034974 0.019982 0.194481 0.084154 0.137963 -0.037271 -0.033793 0.094500 0.096101 -0.036307 0.146831 -0.120412 0.017585 -0.006602 -0.097135 -0.037428 
-0.049151 -0.006229 0.000928 0.049521 -0.017192 0.045925 0.073488 0.077934 -0.003292 0.032536 0.155164 0.103458 -0.007832 0.030513 -0.026857 0.077578 -0.040922 -0.082559 -0.044514 -0.039228 0.084023 0.036596 -0.042522 0.055250 0.118956 -0.167527 -0.008356 -0.085937 -0.103065 0.009945 -0.051641 0.059443 
-0.004841 0.082643 -0.043738 -0.079993 0.031373 0.155755 -0.003565 0.160024 0.022011 -0.052442 0.129125 0.057041 -0.038788 0.003917 0.049590 0.040492 -0.007602 0.105672 0.149612 -0.061276 0.124867 -0.051424 0.097024 0.056607 -0.038508 0.017527 0.071694 -0.079984 0.028001 -0.112085 0.110662 0.127700 
0.122181 -0.032179 -0.021911 -0.002020 -0.069431 0.030443 -0.049025 0.042371 0.067158 0.091818 0.023503 -0.140244 -0.058687 0.059114 0.037250 0.079809 -0.080163 0.057175 -0.101760 0.050040 -0.021465 -0.072343 -0.095135 0.026984 0.035693 -0.015261 -0.076707 -0.014481 -0.029774 0.115104 0.137260 -0.132602 
-0.009006 -0.100036 0.029790 -0.022305 0.025876 0.141870 -0.031774 0.084575 0.142425 0.104709 0.088054 -0.040715 -0.064148 -0.094986 -0.106549 -0.099056 0.114463 -0.128837 -0.090516 0.016932 -0.079500 -0.038050 -0.001660 -0.126971 -0.030597 -0.044358 -0.091774 -0.027194 0.036492 -0.037955 0.105222 0.041629 
0.092133 -0.043730 -0.083989 -0.011554 0.008140 0.075231 -0.075544 0.003767 -0.010556 -0.093032 0.026618 0.012064 -0.058416 0.112576 -0.059317 -0.020093 0.092222 -0.013286 0.094738 -0.115789 0.003623 -0.076823 -0.100512 -0.066407 0.042033 -0.031877 0.147458 0.108756 0.041689 0.126572 0.043810 -0.053558 
-0.000510 0.032917 0.028897 0.109486 0.017227 0.114783 -0.067839 -0.047078 -0.090113 -0.118384 -0.100964 -0.003913 0.018008 -0.118528 0.053342 -0.030653 0.039680 -0.014267 -0.011823 -0.070862 0.109352 -0.019715 0.027089 -0.044797 0.076317 -0.037564 -0.075129 -0.035001 -0.030885 0.107625 0.033578 0.066609 
0.100820 -0.032099 0.052552 -0.004023 -0.010805 -0.129392 0.066952 0.054937 -0.040581 0.143580 0.054429 0.086730 -0.097134 0.011227 -0.055225 0.052725 -0.032054 0.091055 0.168612 -0.011783 0.002533 -0.100436 0.062732 0.049426 0.134345 -0.039853 0.110818 0.010590 0.064938 0.029173 0.037528 0.082472 
-0.083710 -0.065394 -0.124055 -0.074664 -0.037061 0.107576 0.119304 0.039534 0.038142 0.042609 0.102884 0.055221 0.035758 0.187242 -0.003655 0.046173 0.090404 -0.031906 0.088428 -0.069758 0.036873 0.001109 0.018987 -0.108612 -0.134658 0.065260 -0.119363 0.114615 -0.029357 0.048379 -0.018708 -0.094288 
-0.115247 -0.002287 0.066016 0.000889 -0.106625 0.005038 0.021368 0.150785 0.089662 0.128925 0.025822 -0.033272 0.129657 0.029168 0.068165 0.050744 -0.083768 0.056524 -0.009706 0.120251 0.006826 0.061904 0.175442 0.051286 0.036920 -0.205814 -0.077452 -0.048500 0.086952 0.018410 0.104881 -0.029022 
-0.095898 -0.011471 0.063843 -0.059247 -0.084428 0.098378 -0.168091 0.042269 0.071802 -0.017547 0.025483 0.099088 0.059292 0.046694 0.025106 0.054380 0.080317 0.001414 0.066988 -0.065120 0.039152 0.038756 0.008879 0.033605 -0.009126 0.088636 -0.031769 -0.008799 0.086595 -0.010312 0.001648 0.063635 
0.012223 -0.079674 0.104976 0.108552 -0.093130 -0.125557 -0.010241 -0.124910 0.059302 -0.019796 -0.020225 0.040888 -0.047425 -0.045309 -0.054633 -0.137856 0.025821 0.067570 -0.052716 0.090584 0.019738 0.022710 -0.017872 -0.069952 -0.068032 -0.014354 0.070897 -0.118760 0.061648 0.031326 0.011434 -0.016585 
0.076490 -0.020833 -0.091464 0.128108 -0.019564 0.104953 -0.150564 -0.056155 -0.070765 0.090022 0.017962 -0.005809 0.008551 -0.014678 -0.015288 -0.103489 0.134810 -0.029493 0.074767 0.020506 -0.180179 -0.139181 0.079566 0.050368 -0.000705 -0.005248 0.080040 -0.079686 -0.103937 0.081584 0.038311 0.056522 
-0.059540 0.105940 0.073873 0.020715 0.025495 0.083988 -0.085192 0.103749 0.006313 0.094785 -0.047804 -0.059413 0.110713 0.035528 -0.060189 0.102351 -0.046089 0.121677 0.019073 0.126883 0.115984 0.107794 -0.068924 0.028419 -0.045531 -0.066211 0.129424 -0.036446 0.090922 0.067047 -0.101573 0.158347 
0.070407 0.069319 0.033616 -0.148625 0.039820 0.130348 -0.081092 -0.006813 0.089717 -0.025916 -0.020894 0.016265 -0.045565 0.031293 -0.093523 0.061843 -0.086939 -0.045665 -0.003313 0.116029 0.183636 0.045080 -0.016207 -0.029080 0.102269 -0.091349 0.024997 -0.025462 0.095493 0.027640 -0.005708 -0.010588 
0.003949 -0.051429 -0.018130 -0.094373 -0.072887 -0.045529 -0.134709 0.079922 0.009720 -0.065758 -0.036165 0.158204 0.096694 0.114800 0.060915 0.097577 -0.102578 0.128225 0.150625 -0.053447 0.032204 0.004829 -0.153875 -0.062991 -0.018712 0.112584 0.117096 -0.035995 0.032596 -0.007404 -0.041679 0.058689 
-0.108561 0.138758 0.144850 0.047156 0.146618 -0.106065 0.021155 0.009162 0.034576 -0.085972 -0.017757 0.044157 0.099852 -0.156373 -0.025894 0.079258 0.083574 -0.048564 0.088329 -0.006235 0.064585 -0.095695 -0.008639 0.007899 0.080726 -0.073826 0.054167 -0.096099 -0.062873 -0.074596 0.082042 0.063263 
0.094225 0.075586 -0.011010 0.152733 -0.099163 0.074358 -0.000678 0.040539 0.106977 -0.054434 -0.156604 0.100971 -0.047503 -0.046126 0.075190 -0.018278 -0.090968 0.038308 0.094468 0.144716 0.012563 -0.080948 -0.045636 0.029424 -0.025442 0.088989 0.103993 0.085277 -0.062123 0.101943 0.031157 -0.035507 
0.052009 -0.086341 -0.032012 -0.008118 -0.143081 0.090714 -0.020744 -0.064106 -0.084624 0.008959 0.102640 0.041081 -0.062747 0.040083 -0.015214 -0.164673 -0.000123 -0.082100 -0.073623 0.149270 -0.047935 -0.140638 0.006360 0.129414 -0.120456 -0.101804 0.054581 -0.123454 -0.034322 -0.000957 0.023391 0.009157 
0.026612 0.117157 -0.055856 0.002537 0.068489 0.039758 0.019469 0.085543 -0.033312 -0.024859 -0.022595 0.016209 -0.053402 0.155590 0.077487 0.003270 -0.133728 0.057075 -0.018883 0.026907 0.201419 0.160525 -0.048176 -0.092109 -0.037452 0.009198 0.033003 -0.034684 0.099235 -0.035842 0.088989 -0.006455 
-0.064736 -0.031153 -0.052958 -0.047663 0.121201 0.017000 0.075555 -0.118742 -0.089092 -0.092564 -0.074953 0.039118 -0.092346 -0.120736 0.063060 -0.103874 0.084324 -0.072684 0.073990 0.037656 -0.043431 -0.068158 0.049116 0.019746 0.054490 -0.086554 0.053948 -0.101382 0.051664 0.016288 0.012729 -0.113482 
0.016754 0.116342 -0.059140 0.006569 0.007843 -0.124877 0.006252 0.099098 -0.020588 0.093969 -0.078760 0.059074 -0.056031 -0.182635 0.056879 0.082724 -0.003529 0.038651 0.063836 0.083733 -0.074200 -0.046376 -0.120658 0.047321 -0.015188 0.008267 -0.084718 -0.019771 -0.046635 0.116927 -0.035661 -0.075987 
0.118608 0.058216 -0.008496 -0.112779 -0.065594 -0.246352 -0.143088 0.089081 -0.096637 0.170486 -0.089727 -0.055476 0.181888 0.226572 0.114329 -0.138801 
0.079892 -0.053922 0.146896 0.153301 0.098484 0.134885 -0.097337 -0.069089 0.002089 -0.049435 0.057234 0.104098 -0.002148 -0.263150 0.222180 0.005415 
0.103418 -0.084277 0.019659 -0.067857 -0.039946 0.202272 0.106889 0.006531 0.024884 -0.098802 -0.002552 -0.047295 -0.192509 -0.067297 0.243660 0.138507 
0.104125 0.135536 0.059112 0.028311 0.093754 0.190894 0.095313 -0.122693 0.028966 -0.034587 -0.172075 0.209228 -0.051450 -0.240781 -0.134912 -0.099739 
-0.029790 0.143440 -0.069114 0.195849 0.181023 -0.059849 -0.021039 -0.035362 -0.002505 -0.271646 0.137077 0.061334 0.044881 0.004731 0.057864 -0.009591 
-0.056729 -0.173213 0.052933 -0.157195 -0.138448 -0.097056 -0.012376 0.059221 -0.011865 -0.058158 0.119287 -0.171616 0.102326 0.185405 -0.161997 0.098127 
0.040304 0.023990 0.208976 0.026092 0.185973 -0.056341 0.153979 -0.143877 -0.121313 0.069461 0.153062 0.115513 0.043268 -0.169113 0.125511 -0.022718 
0.069484 -0.052388 0.005576 0.117754 0.082524 -0.007573 -0.066382 0.066125 -0.281182 0.246320 0.162408 0.016392 0.010213 0.012042 -0.026616 0.022066 
-0.192759 -0.184301 0.180312 -0.003936 -0.066483 -0.015287 -0.151585 0.089626 -0.095173 0.239632 0.047837 -0.169428 -0.093866 0.001687 -0.146825 0.147527 
0.083199 0.053261 0.082516 -0.042324 -0.124813 -0.191806 0.190873 -0.066322 -0.179722 0.145377 0.101367 0.174811 -0.162191 0.121678 -0.108678 -0.038729 
-0.235161 -0.152090 -0.054181 -0.184292 0.100990 -0.144827 -0.205827 -0.021013 -0.128447 -0.072716 0.065693 0.010394 0.073255 0.163321 -0.017442 -0.007447 
0.008786 -0.165871 0.001067 0.055972 -0.162360 0.132020 0.129449 -0.107380 -0.060670 -0.058707 0.128840 -0.135565 -0.138222 -0.018732 0.147350 -0.130493 
-0.093352 -0.189540 0.081608 -0.101536 0.028844 0.097833 0.044698 0.102737 -0.233298 -0.113207 -0.015696 -0.007150 -0.082696 0.069650 0.181740 0.105499 
0.104833 0.102870 -0.051948 -0.183539 0.042000 -0.287128 -0.304058 0.100556 -0.020969 -0.146032 -0.064992 0.143732 0.197015 -0.067618 0.182342 0.184293 
-0.020654 0.085820 -0.099262 -0.131374 0.059953 0.128472 0.024606 -0.040901 -0.154113 -0.254402 -0.129941 -0.020580 0.198936 -0.222121 0.137480 0.212275 
0.225664 -0.092871 0.158749 -0.038790 -0.181226 -0.172559 -0.237565 0.010671 -0.087243 0.071284 -0.067248 0.205690 0.166202 -0.188407 0.092378 -0.020965 
0.078784 -0.017646 -0.111012 -0.116309 -0.128467 -0.110926 0.187155 -0.103663 -0.030762 -0.173673 -0.046611 -0.128214 -0.112003 0.047096 -0.176654 -0.170135 
0.119664 0.169337 0.015683 0.109836 -0.191872 0.159050 -0.251383 -0.103263 0.073665 -0.107183 0.087404 0.068374 0.056399 -0.124452 0.269428 -0.010950 
0.184785 -0.130423 -0.032911 0.188460 -0.177328 0.018829 -0.090896 0.091109 0.028594 0.166052 0.071856 0.026033 -0.194859 0.128192 0.137287 -0.042704 
0.149940 -0.091100 -0.080427 0.179000 -0.083971 0.062805 0.021897 0.149661 0.070877 0.234898 -0.015612 -0.057217 -0.225329 -0.110448 0.063987 -0.202013 
-0.051132 -0.268331 -0.148955 0.068914 0.035693 -0.081677 -0.205793 -0.008663 -0.240986 -0.126290 0.228405 -0.171707 0.245925 0.044842 0.243319 0.084683 
-0.164147 -0.179896 0.066397 -0.030434 0.062292 0.080413 -0.212820 -0.057001 -0.025549 -0.060188 0.075548 0.110608 0.149439 -0.131570 0.229670 -0.012752 
-0.066567 0.159128 0.250382 -0.011136 0.022345 -0.107244 0.241743 -0.058724 -0.127252 0.119274 0.077596 -0.004404 0.040055 -0.087643 -0.282157 0.082256 
0.037352 0.093851 0.118593 0.218620 -0.085803 -0.173234 0.018874 0.227775 0.074884 -0.035021 0.177803 0.053125 -0.079035 0.107026 0.041617 -0.194556 
0.122895 0.059519 0.119770 0.155922 0.090603 -0.105863 -0.174418 0.020524 -0.085502 0.204466 0.195720 0.248662 0.223131 0.127122 -0.058831 -0.078373 
0.097602 -0.109252 -0.149773 -0.250542 -0.130326 0.005041 -0.305504 -0.229267 0.123312 0.079565 -0.100433 -0.121809 0.195039 -0.045586 -0.001693 -0.009278 
0.170857 0.083489 -0.051094 0.086364 -0.176477 0.084539 -0.161201 0.080232 0.017810 0.191604 -0.038185 -0.050033 0.038084 0.142645 0.090711 -0.093500 
0.147316 0.203943 0.035813 -0.156403 0.024366 0.030990 -0.174035 -0.198193 0.133766 0.029639 -0.220761 0.054726 0.247017 -0.054749 0.141333 0.120045 
-0.075965 -0.084343 -0.065307 -0.001330 -0.126745 0.013488 -0.143631 0.129231 -0.110779 0.048545 -0.058585 -0.105406 -0.081507 0.188987 0.130371 -0.155485 
0.118986 -0.109703 -0.041468 -0.153155 -0.273297 0.035892 -0.110057 0.101231 0.077047 0.141692 -0.143693 0.080579 0.176754 -0.029476 -0.039001 -0.203994 
-0.024458 0.054051 0.147582 -0.242838 -0.042000 0.047628 -0.024105 0.001619 -0.170474 0.096642 0.125152 0.045425 0.190598 -0.062640 0.060984 0.112079 
0.050720 -0.190822 0.161941 0.158146 -0.067808 -0.093415 0.070939 0.130403 -0.011557 0.093615 0.071711 0.068199 0.206723 0.033729 0.099055 0.079772 
-0.052240 0.264440 0.190521 0.116939 -0.186608 0.009231 -0.029480 -0.046916 0.071760 0.063054 -0.163287 -0.330331 -0.076630 0.094608 -0.144237 -0.406414 
-0.123312 0.107936 0.349728 -0.057690 -0.070483 -0.022412 0.211220 0.069767 -0.149812 -0.373078 -0.335124 -0.041701 0.147008 -0.334687 -0.217462 -0.288930 
0.150100 0.127641 -0.013417 0.140042 -0.083991 -0.186523 -0.132544 0.245622 -0.283415 -0.129553 0.156641 -0.021118 0.094031 0.038094 0.196233 -0.000586 
-0.052260 0.244419 0.188510 -0.003576 -0.176182 -0.067595 -0.439953 0.195879 -0.008150 -0.201339 -0.210041 -0.163218 -0.140676 0.126080 -0.198278 0.154619 
-0.191837 -0.044775 -0.011403 0.120374 0.023506 -0.392328 -0.131777 0.348820 -0.106975 -0.207388 -0.119376 0.191536 0.158055 -0.233906 -0.111693 0.125091 
-0.394137 0.138596 -0.205649 0.097727 -0.286668 -0.207360 -0.066422 0.171250 0.233779 0.307737 -0.093264 0.183770 -0.025474 -0.192926 -0.194636 0.168506 
0.262549 -0.304796 0.039229 -0.153257 -0.219304 -0.164307 -0.297850 0.436090 -0.268295 0.223032 -0.107665 -0.065982 -0.193429 -0.022330 0.238468 0.259874 
0.041597 -0.152818 0.126080 -0.238456 0.141565 0.080152 -0.274841 -0.195242 -0.007358 -0.022732 0.011470 -0.179392 0.086240 0.311794 -0.009332 0.110852 
0.043026 -0.034042 0.163284 -0.159393 -0.136797 -0.041408 0.227414 -0.125504 0.299890 0.069038 -0.239971 -0.123373 -0.372839 -0.257645 -0.295729 -0.134337 
0.140463 0.142475 0.228518 -0.333312 0.142571 0.271001 -0.023809 -0.125861 -0.186073 0.082901 0.289256 -0.352856 0.021202 0.280639 0.162273 -0.048758 
-0.009663 0.024355 0.021398 0.208282 0.159620 -0.008758 -0.341018 0.136107 -0.239056 -0.138409 0.042037 -0.063924 0.061569 0.216798 0.242531 0.230850 
0.132026 0.263999 0.163072 0.242429 -0.096437 -0.320966 -0.092729 0.160088 -0.005471 -0.335461 -0.097669 -0.223903 0.246379 -0.089347 -0.042152 -0.236880 
0.172885 0.078877 -0.239795 0.356406 0.260753 -0.236393 0.086831 0.032360 -0.105020 -0.502005 -0.048862 0.110043 0.377996 -0.016932 0.058611 -0.110017 
0.266372 -0.275881 0.099920 -0.355236 0.022061 0.453049 0.026511 -0.265892 0.062079 -0.150730 0.003805 0.061749 0.018404 0.303779 0.277983 0.074018 
-0.458248 0.428660 -0.339885 0.359321 -0.063352 -0.088454 -0.004409 -0.009910 0.328753 0.203031 0.007283 0.061861 0.152713 0.189579 -0.198237 -0.056586 
-0.208102 0.089660 -0.145502 0.116741 0.228321 -0.236305 0.105423 0.066451 -0.052187 -0.179196 -0.086695 0.067491 0.286190 -0.150440 0.248083 0.236662 
-0.196534 0.081749 0.167214 -0.247534 0.330213 0.077306 0.282584 0.141643 -0.213775 -0.105848 -0.207994 -0.336386 -0.078104 0.266236 0.124385 -0.148200 0.074146 -0.155540 0.064649 -0.037389 -0.095837 0.109035 0.042888 0.058964 0.017947 -0.017607 -0.142870 0.002642 -0.121775 -0.030780 -0.112417 
0.091164 -0.183634 0.105927 0.356745 -0.053816 -0.262553 0.004984 0.505642 0.259997 0.362820 0.082726 0.170852 -0.344968 -0.356674 -0.328263 0.013246 0.074146 -0.008431 -0.063451 -0.019023 0.179001 -0.215314 -0.062093 -0.001691 0.006395 0.054229 -0.043584 0.008204 0.270246 -0.019801 0.068772 
-0.090710 0.286654 0.398941 -0.358781 0.352539 0.073724 0.228749 0.420769 0.095190 0.207680 -0.177781 -0.120630 0.087258 -0.113784 0.086030 -0.210661 -0.155540 -0.008431 0.070781 0.019521 -0.106440 -0.065705 0.081600 0.043511 -0.084929 0.016503 -0.042518 0.073226 -0.065928 0.079074 -0.024327 
0.057954 -0.253505 -0.390535 0.237612 -0.173507 -0.170275 -0.135753 -0.090600 -0.055152 -0.080632 0.094973 0.153654 -0.348880 -0.513210 -0.360248 -0.432213 0.064649 -0.063451 0.070781 0.031729 0.088281 0.005646 -0.174838 0.040202 0.025374 0.168204 -0.097967 -0.085652 0.223720 0.043989 0.049685 
-0.147195 0.053422 -0.475728 0.104885 -0.145855 -0.063105 -0.291713 0.236199 -0.043567 -0.271693 -0.042703 -0.400280 0.084776 0.124033 -0.305929 -0.053500 -0.037389 -0.019023 0.019521 0.031729 -0.088203 0.003778 0.092169 0.073837 0.066386 0.027837 0.055962 0.110316 0.019367 0.040501 0.006500 
0.076534 0.247542 -0.156436 0.402145 0.275164 0.124850 0.302731 0.221028 -0.140421 -0.222352 -0.156061 -0.228359 0.279698 0.225845 0.001344 0.213100 -0.095837 0.179001 -0.106440 0.088281 -0.088203 -0.099899 0.138409 0.001667 -0.171184 -0.083814 0.105272 0.006048 -0.091795 -0.036368 0.030231 
0.167277 0.198306 -0.071364 0.169163 0.128810 -0.535003 -0.146981 -0.275533 0.224011 0.043965 -0.182462 -0.130750 0.369663 0.374877 -0.147841 -0.105509 0.109035 -0.215314 -0.065705 0.005646 0.003778 -0.099899 0.044714 -0.134754 -0.120527 0.062227 0.092532 0.025792 -0.001643 0.006826 -0.081903 
0.048618 -0.582745 0.215004 -0.489174 0.009557 0.297355 0.185822 -0.408430 -0.343839 0.240977 -0.136079 0.413783 -0.388955 -0.299345 0.270339 -0.248854 0.042888 -0.062093 0.081600 -0.174838 0.092169 0.138409 0.044714 0.013849 0.304261 0.096705 -0.075853 0.073276 0.043523 0.008744 -0.086148 
0.401999 -0.028767 0.082552 0.482274 0.028104 -0.388858 0.023033 -0.104096 0.216784 -0.196527 0.249207 -0.205530 0.026488 -0.130816 -0.185528 0.430012 0.058964 -0.001691 0.043511 0.040202 0.073837 0.001667 -0.134754 0.013849 0.064304 0.018382 -0.003420 -0.037623 0.092497 -0.078056 -0.086543 
0.213969 -0.357454 0.377724 0.341250 0.090651 -0.164457 0.103299 -0.256687 0.086880 0.020333 0.473534 0.171364 0.271233 0.515238 0.241007 0.533150 0.017947 0.006395 -0.084929 0.025374 0.066386 -0.171184 -0.120527 0.304261 0.064304 0.152213 -0.173074 0.099951 0.060821 0.133043 0.194155 
-0.320070 -0.280590 -0.030166 0.195981 0.029264 0.241166 0.022443 0.073978 -0.261870 0.022853 0.072747 -0.184778 0.116565 0.243106 -0.273115 0.016232 -0.017607 0.054229 0.016503 0.168204 0.027837 -0.083814 0.062227 0.096705 0.018382 0.152213 -0.049483 0.067884 -0.051138 -0.042458 0.021405 
-0.229095 0.224260 -0.271177 -0.121584 -0.150215 -0.205511 -0.264687 -0.285405 0.025158 -0.391739 0.248086 0.169798 0.218186 -0.071541 0.222731 -0.200567 -0.142870 -0.043584 -0.042518 -0.097967 0.055962 0.105272 0.092532 -0.075853 -0.003420 -0.173074 -0.049483 -0.194215 -0.100850 0.011167 0.069557 
-0.283278 -0.018148 -0.309129 -0.068662 -0.350021 -0.020966 -0.216156 0.006976 0.022397 0.114913 -0.213769 -0.105263 -0.106421 -0.028520 -0.476097 -0.173275 0.002642 0.008204 0.073226 -0.085652 0.110316 0.006048 0.025792 0.073276 -0.037623 0.099951 0.067884 -0.194215 0.150160 0.000579 -0.070453 
-0.173255 0.186976 -0.128911 -0.047837 -0.113758 0.264646 0.549073 0.249405 -0.465043 0.094259 0.213460 -0.238991 -0.182505 0.305850 -0.152230 0.444002 -0.121775 0.270246 -0.065928 0.223720 0.019367 -0.091795 -0.001643 0.043523 0.092497 0.060821 -0.051138 -0.100850 0.150160 -0.149020 -0.067197 
-0.372551 0.314988 0.049124 -0.018434 -0.316082 0.283655 0.143439 0.003584 -0.327106 -0.261225 -0.080787 0.088420 -0.040632 0.317201 -0.190252 -0.304623 -0.030780 -0.019801 0.079074 0.043989 0.040501 -0.036368 0.006826 0.008744 -0.078056 0.133043 -0.042458 0.011167 0.000579 -0.149020 -0.003884 
-0.201305 -0.293739 -0.340260 -0.136703 -0.414087 0.190550 0.274121 -0.034723 -0.450272 -0.311920 0.348797 0.288382 -0.131052 0.192843 0.264936 -0.004794 -0.112417 0.068772 -0.024327 0.049685 0.006500 0.030231 -0.081903 -0.086148 -0.086543 0.194155 0.021405 0.069557 -0.070453 -0.067197 -0.003884 
0.201719 0.280149 0.055250 -0.278609 -0.264815 -0.060713 0.217992 0.036108 0.085851 -0.141819 0.087242 -0.012498 -0.093750 0.045745 -0.000103 -0.131548 0.376775 0.501499 -0.127694 0.007951 0.232253 0.147075 0.190779 -0.011445 0.245847 0.111484 -0.391216 -0.137009 -0.220070 0.211988 -0.457492 0.227874 
0.300056 0.167545 0.352464 -0.346325 0.071273 0.383033 0.186746 -0.194458 -0.338123 -0.023103 -0.035853 0.093053 0.405879 -0.432681 0.031286 -0.113253 -0.275273 -0.290086 0.313013 -0.318828 0.173179 0.231888 -0.126917 0.101459 0.119214 0.103347 0.093956 0.152908 0.133201 0.241466 -0.020328 -0.174539 
0.287474 -0.043992 -0.332393 -0.282809 -0.139181 -0.228562 -0.034039 0.218800 -0.117723 0.447226 -0.120734 0.013403 -0.189970 0.257761 0.458894 0.008307 0.430642 0.538416 -0.005346 0.110032 -0.070686 0.233877 -0.266966 0.503785 -0.010375 0.304435 -0.009527 0.167049 0.060742 -0.161501 -0.273904 0.043603 
-0.208176 0.010800 0.324825 0.279967 -0.012433 0.318777 -0.220056 -0.506321 0.240666 -0.226216 -0.332505 -0.306100 -0.011028 -0.151356 -0.107417 -0.168930 0.157791 0.130104 0.010006 -0.338171 0.341635 0.379973 -0.026907 -0.205203 0.231130 -0.014224 -0.426707 -0.291990 0.321564 -0.288290 -0.060748 0.128405 
0.279378 -0.085755 -0.175924 -0.142438 -0.089030 0.204667 0.063017 -0.024735 -0.154674 0.308018 -0.149507 0.181778 -0.184622 0.032311 0.358394 -0.269035 0.163960 0.244742 -0.009856 -0.075844 -0.005044 0.373486 0.091692 0.453564 0.250808 0.331886 -0.191781 0.220956 -0.106696 0.197122 -0.176928 0.244397 
-0.154975 0.227073 -0.086310 0.040217 0.122000 0.153117 0.113584 0.451961 0.200108 0.175133 0.166654 0.233661 0.031267 -0.061814 0.485702 -0.233092 -0.222657 -0.068302 0.152455 0.230160 -0.124510 -0.279133 0.006032 0.065626 -0.384429 0.389385 0.142423 0.158974 0.120154 0.152254 0.151332 0.219071 
-0.105179 0.184094 -0.240646 0.245561 0.123810 0.089519 0.188674 0.280933 -0.002769 0.037831 -0.095715 0.248438 0.270497 -0.074428 0.711080 -0.332902 0.201031 0.102043 0.169856 -0.098908 0.180105 -0.112852 -0.030913 0.096067 -0.332975 0.378957 0.119976 0.163332 0.040785 0.283886 0.147903 0.317638 
0.171595 0.141889 0.266099 0.013773 -0.113534 0.180113 0.431161 0.116791 0.181590 -0.068619 0.083057 0.230865 0.307492 -0.056692 0.227733 -0.056134 -0.330638 -0.213344 0.449900 -0.354196 0.127007 0.080979 -0.090152 0.235000 0.140021 0.331885 -0.012746 -0.182982 0.495681 -0.109654 0.305530 -0.052150 
0.179410 -0.010352 -0.231072 -0.255814 -0.220651 0.261642 -0.215292 -0.338106 -0.222393 0.177255 -0.327784 0.178481 -0.024409 0.208553 -0.253806 0.214884 -0.030641 -0.010925 -0.220335 -0.428770 0.239733 0.191131 0.167050 -0.121919 0.266475 -0.248963 -0.265104 -0.193209 -0.075978 -0.096041 -0.365145 -0.315364 
-0.089050 -0.139160 -0.320979 -0.052924 -0.399596 -0.074370 0.213705 -0.086706 -0.071436 0.171295 -0.209665 0.194312 -0.100874 0.274428 0.283033 0.210839 0.198749 0.199562 0.298477 -0.067542 -0.167049 0.210824 -0.154848 0.155890 0.392255 0.038891 -0.278676 -0.267521 -0.178672 -0.017780 -0.035128 -0.213280 
-0.184019 0.233166 0.161490 0.262586 -0.283216 -0.191672 -0.332715 -0.160796 0.382109 -0.301273 -0.268223 -0.191306 0.166767 0.194040 0.015718 0.158368 0.127073 -0.062927 -0.144464 0.168502 0.259667 0.055320 0.111334 0.120012 -0.210955 0.101482 -0.182524 -0.097175 -0.104437 -0.021936 -0.126011 0.330925 
-0.146443 0.238961 -0.063702 -0.163651 -0.182486 -0.097798 -0.100228 -0.212787 0.141615 0.033850 0.057778 -0.125572 -0.239073 0.322771 -0.332125 0.324482 0.330457 0.115447 -0.086188 0.350987 -0.101722 -0.235763 0.201143 -0.106084 -0.296823 0.292840 0.116271 -0.088013 -0.089588 -0.191966 0.153121 0.141360 
-0.211845 -0.106040 0.311922 -0.170251 0.384423 0.054858 -0.241984 0.102854 -0.329425 0.138992 -0.265804 -0.043939 0.238609 -0.345467 -0.134843 -0.026310 0.221298 0.247529 -0.112423 -0.170750 0.279871 0.062538 -0.026637 0.340458 -0.183004 -0.088636 -0.138956 0.173171 0.011347 -0.252760 -0.132117 0.215081 
-0.058760 -0.063430 0.324446 0.077323 0.387867 -0.007987 -0.352770 0.356976 -0.140038 -0.270929 -0.227945 0.291781 0.139994 -0.240828 0.461550 -0.388692 -0.141114 -0.004169 -0.127702 -0.235756 0.140485 0.249762 -0.351551 0.405111 -0.359843 -0.210734 0.153518 0.183060 -0.072631 -0.317901 0.064008 0.452558 
0.024213 0.012108 -0.152974 -0.201070 0.267245 -0.067325 -0.218050 0.543974 0.059513 0.052694 0.156907 -0.288480 0.105079 -0.026058 0.070323 0.220419 0.355547 0.222545 0.067948 0.220926 -0.054302 0.197540 -0.158276 0.268630 -0.343900 0.505116 -0.033522 0.243434 -0.332027 0.221058 -0.072132 0.138994 
-0.320311 0.368431 0.236477 0.284599 -0.066892 0.234874 0.120654 -0.144754 0.078074 -0.058299 -0.282946 -0.270490 -0.049739 -0.074865 0.429305 0.158013 0.267156 0.316790 -0.044430 -0.278510 0.233271 0.240156 0.128238 0.299844 0.089773 -0.117773 -0.124840 0.193520 0.341401 0.248670 -0.211149 0.369692 
0.187382 0.169313 0.061375 -0.080847 0.227198 0.022132 -0.092479 -0.082735 0.068266 -0.001512 -0.109042 -0.208180 0.225578 -0.172671 -0.102364 0.147092 -0.179896 0.036113 0.200682 0.240161 -0.132865 -0.012906 0.076786 0.154941 0.129247 -0.045413 0.085420 0.181307 -0.040861 0.220342 -0.046051 0.095924 0.108178 -0.119557 -0.015163 0.170479 -0.002980 0.068452 -0.070019 0.130589 -0.053787 -0.049990 0.072848 0.184040 0.047195 0.184055 0.043242 0.192865 -0.047490 0.047619 0.068273 0.035657 -0.151166 -0.083149 0.026598 -0.192740 -0.049682 -0.234352 0.101631 0.102537 0.264610 -0.053313 0.090691 0.083288 
0.124646 0.107611 0.015874 0.100925 0.015192 0.113146 -0.038061 -0.058766 0.263433 -0.028775 -0.032917 0.018550 -0.239340 -0.087800 -0.203711 -0.016871 0.019039 -0.117629 0.028199 -0.185804 0.068434 -0.087976 -0.072841 -0.036476 -0.190273 -0.075005 -0.143248 -0.143463 0.060679 0.081974 0.108422 0.130690 0.001220 0.048410 0.052054 0.190004 -0.194319 0.167579 -0.051185 -0.159679 -0.114948 0.176265 0.022237 -0.118506 0.159448 -0.047656 0.027514 0.075452 -0.138085 -0.119111 0.027658 -0.188716 -0.120330 0.103272 0.029023 -0.025559 -0.185952 0.150879 0.089144 0.109170 -0.203538 -0.076913 0.107675 0.146145 
-0.214278 -0.094849 0.035374 -0.139139 -0.164763 -0.220763 -0.043184 -0.065180 0.189573 0.311172 0.191968 0.088713 -0.002588 -0.124319 0.044482 0.158209 -0.182863 -0.214285 0.096451 0.026723 0.112964 -0.035783 -0.078141 -0.160555 0.035599 0.156444 -0.121906 0.063431 0.127081 0.107630 -0.022227 0.091767 -0.321366 -0.262359 0.079022 -0.021807 -0.248955 -0.078140 0.170192 0.169536 -0.233040 0.079205 0.102767 0.137212 0.146155 -0.369588 0.123991 -0.139409 -0.336023 -0.109965 0.262272 -0.283981 -0.185887 -0.135981 -0.120388 -0.124419 -0.052186 -0.037250 -0.071238 0.009537 -0.231858 -0.444242 -0.161198 -0.006931 
-0.182476 -0.196370 -0.050962 -0.029102 -0.209774 -0.164994 -0.010873 -0.087973 0.168255 -0.056968 0.223647 -0.021991 -0.212953 -0.025346 -0.040494 -0.161984 0.015942 -0.119659 -0.165390 -0.172569 0.205667 -0.000839 -0.123093 -0.225789 0.059822 -0.074083 0.026908 -0.058818 -0.092140 0.058903 0.194087 0.190857 -0.125936 -0.013109 -0.149657 -0.176172 -0.008196 0.057333 -0.158256 -0.191617 0.045572 -0.063091 -0.048951 0.066992 0.008040 -0.047868 -0.112639 -0.184371 -0.255582 -0.034525 -0.127632 -0.224780 0.116329 0.003686 -0.163745 -0.005770 0.144249 0.211921 0.172863 -0.119072 0.058961 0.000176 -0.151883 0.155546 
0.088166 0.018047 0.230164 -0.199228 -0.136167 -0.115337 0.004059 0.115879 0.064249 -0.028065 0.187105 -0.150885 -0.004221 0.226977 0.103389 -0.034314 -0.239979 0.182013 0.086066 -0.251323 -0.021638 0.082863 -0.087885 -0.070088 0.110011 -0.223898 0.067860 -0.014765 0.242716 0.064276 -0.030556 0.026299 -0.160933 -0.195892 0.086280 -0.178398 -0.003236 -0.129648 -0.016103 -0.123185 0.093800 -0.180173 0.103924 0.270993 -0.103060 -0.103399 0.096816 -0.139974 0.235442 -0.059401 0.026810 0.031503 -0.228743 0.079042 0.026552 0.137350 0.154580 -0.075036 -0.321959 0.128861 -0.119631 -0.309996 -0.049935 0.046433 
-0.038493 -0.041934 0.167706 -0.172262 0.011657 -0.099996 -0.055113 -0.177805 0.001101 0.266716 -0.036489 -0.058963 0.192928 0.047254 0.233036 0.164142 -0.262069 -0.089698 -0.072481 -0.078678 -0.175678 -0.146296 0.001320 0.177742 0.034180 0.202436 0.035460 0.162377 -0.092174 -0.080389 -0.053846 0.100777 -0.020823 -0.169873 0.180522 -0.052046 -0.164005 -0.101510 -0.041650 0.124419 0.197418 0.099022 -0.046869 0.068630 -0.044313 -0.247139 0.003301 -0.054486 -0.179217 0.125990 -0.029205 -0.064220 -0.049513 -0.220185 0.107104 -0.099931 -0.126389 -0.002097 -0.240346 -0.064693 0.028026 -0.383348 0.167852 -0.026929 
-0.051448 0.059916 -0.142100 0.088731 0.122789 0.067540 -0.071656 0.044987 0.207613 0.143346 0.014260 -0.206853 0.131602 -0.214659 -0.089574 -0.013201 0.062985 -0.035778 0.118233 0.279229 0.194719 -0.157775 -0.263373 0.047860 0.118628 -0.078043 -0.179613 -0.043017 -0.094331 0.241290 -0.080192 0.103742 0.049807 0.085738 0.035201 -0.062976 -0.251440 0.190699 0.126605 -0.114169 0.140098 -0.062662 -0.117407 -0.033452 0.000916 0.056841 0.062727 0.143794 -0.143296 0.171031 -0.140980 0.239050 -0.211155 -0.107352 0.209265 -0.181496 -0.152862 0.143563 -0.037977 0.042930 0.302912 -0.105288 -0.057875 -0.008871 
-0.067829 0.258297 0.133098 -0.030435 0.094071 0.015436 0.293326 -0.160732 -0.022618 -0.248744 0.240688 -0.034649 0.039074 0.388300 0.142832 -0.010376 -0.012564 -0.203103 0.189886 -0.107500 -0.126771 0.042900 -0.128606 0.064812 0.056635 -0.188721 -0.176219 -0.028309 -0.122551 0.123133 0.240058 0.166337 -0.139547 0.048629 0.040868 -0.401563 -0.220499 -0.067628 -0.018746 -0.196618 0.154400 -0.133813 0.293483 -0.072565 -0.048562 0.413083 -0.275437 -0.277209 0.466870 -0.080602 -0.180581 0.125908 -0.068537 0.071191 0.176955 0.084592 -0.183782 -0.152571 -0.069794 0.069088 0.123812 -0.193353 -0.131870 -0.114153 
-0.172259 0.062464 -0.231752 0.023884 -0.113301 0.020033 0.066757 0.144531 0.230370 0.182602 -0.063456 -0.081472 -0.076136 0.001401 -0.242434 0.022877 -0.023009 -0.237183 0.068552 -0.104264 0.194594 0.107463 -0.054514 0.044785 0.126995 -0.075552 -0.021118 -0.050994 -0.002322 0.020843 0.031155 0.199803 -0.017361 0.198831 -0.121785 -0.050625 -0.070345 -0.092414 -0.141689 -0.168113 -0.198216 0.014811 -0.172905 0.055416 -0.188583 -0.177824 0.031933 0.099172 -0.046701 -0.048865 0.047505 -0.052040 -0.076953 -0.038120 -0.038673 -0.056142 -0.065580 0.152551 0.219808 -0.167601 -0.136685 0.046848 -0.142224 0.034109 
0.061435 -0.030404 0.216804 0.155058 0.188528 0.050028 -0.142489 0.077733 -0.248054 -0.233793 -0.104062 -0.203628 0.036521 0.134660 0.007973 0.204670 -0.005081 0.103615 -0.027946 0.124691 0.165146 -0.023417 0.199924 0.007885 -0.117690 0.058585 0.064346 0.054131 -0.100219 0.181732 0.148311 -0.004184 0.063840 0.094097 0.127624 -0.111814 -0.100582 0.145450 0.119607 -0.044395 0.255941 -0.106800 -0.065263 -0.076520 -0.098533 0.320019 -0.181431 0.012509 0.173290 0.099011 -0.144540 0.084797 0.004967 0.137458 0.103975 -0.025083 -0.023224 -0.030440 -0.068690 0.154662 0.093571 0.279932 0.112941 0.105640 
0.170593 0.005933 -0.230493 0.173507 -0.082836 0.092630 -0.128250 -0.089373 -0.162209 -0.021437 -0.035762 -0.081062 -0.023424 0.070785 0.022619 0.039741 -0.045818 0.092901 -0.104550 0.192912 0.162723 -0.208913 -0.036422 -0.149436 0.133314 -0.017796 -0.095073 -0.107261 0.008477 0.192970 -0.154806 -0.092488 -0.040099 -0.112270 -0.166514 -0.254336 -0.134817 -0.004584 -0.013067 -0.190781 -0.148000 -0.344101 -0.069531 0.059460 0.122170 0.029624 -0.000650 0.075224 -0.000817 0.129548 -0.125878 0.226965 0.137302 0.195957 -0.138659 0.204470 -0.164182 -0.173329 0.135289 0.121624 -0.060507 -0.032338 -0.177429 -0.138040 
-0.004925 0.044808 0.104644 0.008686 0.160196 -0.172658 0.144434 0.104818 -0.105521 -0.095232 0.004187 -0.228554 0.020103 0.105175 0.034911 -0.076846 0.058194 0.165363 -0.113099 0.153832 0.151170 -0.116193 -0.139009 -0.152728 0.115596 -0.088240 -0.296578 0.105166 -0.107176 -0.083717 0.307216 -0.158838 0.174066 0.031390 0.103725 -0.012149 0.082501 -0.000402 0.074959 0.139736 0.090978 -0.149723 -0.062570 0.025369 -0.066654 0.119847 -0.267995 0.002286 -0.072495 0.097547 -0.186844 0.206545 0.119238 -0.011641 -0.139843 0.071646 0.124940 -0.215796 -0.147367 -0.045393 0.109558 -0.164789 -0.134574 -0.145830 
-0.054727 0.098695 0.153292 -0.094816 -0.062325 0.045714 -0.049077 0.168336 0.172711 -0.045611 0.186179 -0.187075 0.142340 -0.155540 0.124976 -0.058699 -0.102612 -0.130759 -0.122606 -0.036352 0.077817 -0.154167 0.134388 -0.151836 -0.042013 0.125498 -0.059238 0.069299 0.233513 0.007192 0.203442 0.005700 -0.049400 0.121047 0.088907 0.138368 -0.023026 -0.050529 0.097214 0.033128 0.020320 0.030458 0.043345 0.021273 0.021758 -0.052485 0.056921 -0.163128 -0.007921 0.127702 0.028756 0.193989 -0.217355 -0.089515 -0.125299 -0.025074 -0.052086 0.005576 -0.179538 -0.119552 -0.025637 -0.371365 0.049692 0.074863 
-0.115692 0.020750 -0.014482 0.144190 0.121948 -0.035128 -0.084916 -0.043612 0.078335 0.085944 -0.019458 -0.000599 -0.112946 0.004504 -0.073824 0.068001 0.129283 0.148830 0.037128 0.039210 -0.042514 0.128609 0.216689 0.008721 -0.105628 -0.059870 0.038683 -0.000999 -0.205332 -0.064899 -0.104528 -0.060497 0.289288 0.127070 -0.104564 0.111220 0.222850 -0.025270 -0.204269 0.053767 -0.046441 0.110187 -0.190742 -0.060107 -0.094330 0.053872 -0.142626 0.053425 0.009498 0.132331 -0.170206 0.068851 0.254997 -0.076298 -0.107848 -0.166012 -0.042125 0.108640 0.245092 0.060114 -0.156432 0.456398 -0.082179 -0.186134 
-0.168014 -0.044351 0.335279 -0.176120 0.107935 -0.016747 0.329959 -0.363892 0.123396 0.223207 0.073789 0.036593 0.126908 0.274362 0.151444 0.172555 0.073402 0.116817 0.038979 0.058946 -0.048714 0.216406 0.115127 0.013489 0.020497 -0.064633 -0.471787 0.212846 -0.459544 -0.238687 0.615400 -0.022849 0.070133 0.054946 0.218637 -0.219247 -0.016299 0.067036 -0.144088 -0.243694 0.166265 0.203660 0.367393 -0.391088 0.155107 0.077880 -0.523038 -0.475220 -0.090476 0.235221 -0.219299 -0.023936 0.033880 -0.190427 0.153822 0.021012 0.186863 0.186334 0.110569 0.129972 -0.279429 0.039839 0.179098 0.029171 
-0.027885 0.058427 -0.092798 0.119811 0.006933 0.130944 -0.004850 -0.055471 -0.081691 0.056775 -0.137757 0.164794 -0.175348 -0.138550 -0.128352 0.048657 0.176500 0.060715 -0.101639 -0.004598 -0.180851 0.136965 0.021408 -0.018266 0.079615 0.048403 0.288233 0.062592 -0.052032 0.185050 -0.235900 0.023113 0.077794 0.111177 -0.121142 -0.074303 -0.027172 0.141794 -0.122644 0.103486 0.015546 -0.042210 -0.077068 0.162934 -0.066408 -0.001054 0.117331 0.099131 -0.029515 -0.021300 0.227966 -0.009051 0.108674 0.045463 0.140782 -0.041592 -0.173089 0.153739 0.056032 -0.099492 0.128269 0.150432 0.136491 0.016026 
-0.015240 -0.207119 0.094194 0.154706 0.283709 0.263536 0.012682 -0.029069 -0.120327 -0.035215 -0.140310 0.139491 -0.010237 0.230050 -0.309152 0.297507 0.099793 -0.174222 -0.020301 -0.115500 -0.002487 -0.005682 0.463571 0.108753 -0.375490 -0.086381 -0.053164 0.148368 0.145477 0.221508 -0.076529 -0.223592 0.154422 -0.192659 -0.191828 0.259357 0.129690 0.080217 0.052079 -0.092468 -0.044941 0.084580 0.058288 0.272731 0.177244 0.208985 0.242087 -0.004076 0.410860 -0.143221 0.224645 0.089887 0.097083 0.184152 -0.116554 -0.047546 -0.238104 -0.055196 0.103312 -0.215086 -0.171854 0.096737 -0.074382 -0.030587 
-0.045582 -0.151977 -0.041255 -0.000961 0.254104 0.202122 -0.041394 -0.096337 0.023442 -0.248222 -0.214761 0.020452 0.138170 -0.157692 -0.314366 0.368534 -0.026231 -0.133635 -0.087277 -0.089815 0.242202 0.015687 0.550697 -0.259294 -0.378481 0.096484 -0.083878 -0.006044 0.107342 0.041392 0.097522 -0.340849 0.160973 -0.276467 -0.089225 0.175920 0.058703 0.320388 0.211302 0.087983 0.131247 -0.235847 0.104288 0.249375 0.037828 0.224282 0.174541 0.051696 0.370097 -0.106272 0.181142 0.203326 0.198332 0.143444 -0.004242 -0.255786 -0.134885 0.019096 0.079244 -0.200862 -0.086715 0.135965 -0.099245 -0.110509 
-0.006956 0.110536 0.055594 0.002180 0.133084 0.068360 0.121182 0.055927 0.124865 0.068433 0.052752 -0.186862 0.039623 -0.060744 0.097320 0.000275 -0.012310 0.064727 -0.100427 0.132842 0.152281 -0.214398 0.087213 -0.179973 0.149198 0.032072 -0.121392 -0.051361 -0.140335 0.101793 0.010551 0.109520 0.091008 -0.151554 -0.044304 -0.030863 -0.068241 -0.064101 -0.169703 -0.059313 0.192106 0.051962 -0.049127 -0.051908 0.160462 -0.052838 -0.287042 0.051720 -0.124378 -0.065747 -0.109753 0.163044 -0.086705 0.116496 0.127245 -0.052072 -0.028487 -0.064067 0.087324 0.022924 0.240580 0.023114 -0.043998 0.044391 
0.200722 0.078041 0.048543 0.056876 0.129267 0.201919 0.059739 0.207268 0.005261 -0.337219 -0.175831 0.084351 -0.149043 -0.017331 -0.320283 -0.090812 0.142773 -0.099519 -0.098508 -0.206471 -0.117994 -0.230344 0.069260 0.020956 -0.172617 -0.290053 -0.010671 -0.301442 0.177953 0.065013 -0.102361 0.090501 -0.050303 0.091975 -0.161537 -0.224881 0.053724 -0.159732 0.048052 0.046949 -0.092381 -0.336465 -0.081170 0.206227 -0.185357 0.219793 -0.005945 0.174308 0.404534 -0.032417 0.172453 0.322877 0.185548 0.132675 -0.086492 0.131600 -0.131483 -0.008803 0.204693 -0.093981 -0.099606 0.294273 -0.099467 -0.135581 
0.020475 0.017151 0.047046 -0.092841 0.097059 -0.075234 -0.009719 -0.079442 0.007845 0.096773 -0.012439 0.074630 -0.108796 0.095706 0.155996 0.270039 -0.149884 0.117532 0.141676 0.037193 -0.184087 0.021349 0.148055 -0.001131 -0.234116 -0.002820 0.087231 -0.075571 0.161826 -0.216549 0.115562 0.105362 -0.074009 -0.162626 -0.085091 0.171410 -0.117518 0.015659 0.175556 0.159086 -0.155379 0.003506 0.064302 -0.069435 0.088908 -0.209022 -0.050024 -0.029525 -0.243943 -0.154710 0.132350 -0.192174 -0.099692 -0.148763 0.009741 -0.121876 0.184643 -0.006383 -0.015692 0.037827 -0.113645 -0.298919 -0.026313 0.249040 
-0.108201 0.066386 0.078530 0.050240 0.140696 -0.065587 0.058909 0.078509 -0.042316 -0.133961 -0.054945 -0.193559 0.013599 0.065850 0.182322 0.112459 0.116373 0.071557 0.083925 -0.089992 -0.002782 -0.079141 0.107460 0.153969 -0.066939 -0.011107 -0.188277 0.179077 0.050242 0.012411 0.167040 -0.151927 -0.244872 -0.062836 0.206161 0.402466 -0.096451 -0.084735 0.250958 0.139443 -0.044537 0.093828 0.176544 0.006340 0.158104 0.027707 -0.199942 -0.089022 -0.168906 0.018884 0.138529 -0.190061 -0.034738 -0.075058 0.148302 -0.314034 0.220011 0.168990 0.084584 0.071563 -0.062384 -0.091566 0.075127 0.036714 
0.083414 -0.145104 -0.067575 -0.054467 -0.072870 0.012669 -0.234899 0.157430 0.094495 0.155261 -0.028627 0.057381 -0.071790 -0.036655 -0.158883 0.185624 -0.054442 0.088429 -0.205764 0.136267 -0.074739 0.030790 -0.118648 0.100497 -0.023685 0.171286 0.036680 -0.242280 0.021173 0.120107 -0.058212 -0.067823 -0.142991 -0.097410 -0.050540 0.076971 0.080842 0.017080 -0.074927 -0.004386 -0.136123 0.047816 0.105249 -0.144027 -0.098686 -0.216017 0.211467 0.036606 0.064646 0.086592 0.002547 0.121223 0.072577 0.004029 0.098033 -0.136654 -0.032281 -0.052246 -0.042096 0.054297 -0.091225 0.192155 -0.155903 -0.081447 
0.102232 0.042745 0.230515 -0.001112 0.009721 -0.092938 0.286154 -0.169460 0.145098 0.099008 -0.042538 -0.173305 0.234108 0.070272 -0.023557 0.170577 -0.147461 0.133228 0.059059 0.096989 -0.093863 0.112188 0.082247 0.186241 -0.030503 -0.088866 -0.045284 0.268667 -0.155897 0.113164 0.075264 -0.232966 -0.069849 -0.242070 0.154956 0.002383 -0.248924 0.146379 0.225675 0.093553 0.124359 0.093356 0.247433 0.005112 0.249460 0.052457 -0.173720 -0.256544 0.069127 0.180781 -0.215558 0.161320 -0.101875 -0.193041 0.097912 -0.093503 -0.039929 0.051412 -0.156488 0.066719 -0.208087 -0.136031 0.066741 0.110079 
0.028884 -0.148421 -0.204897 0.094270 -0.086672 0.231120 -0.163050 0.183042 -0.147774 0.026404 -0.151386 -0.106819 0.221580 -0.227288 0.015077 0.129300 0.105579 0.120185 -0.076771 0.349592 0.157030 -0.237822 -0.070125 -0.201246 0.062913 0.204700 0.049526 0.197028 0.114077 -0.096555 -0.094197 -0.141202 0.213852 0.028389 0.174571 0.339884 0.061500 0.039751 -0.000640 0.337103 0.077208 0.168585 -0.191564 -0.066203 -0.063024 -0.014936 0.148783 0.315593 -0.293547 -0.033468 0.157735 0.032238 0.060580 -0.180679 0.162229 -0.335976 0.080014 -0.098638 0.295177 -0.002027 0.279127 0.102941 0.210626 -0.071225 
0.203404 0.128392 -0.005176 0.030957 0.356338 0.261755 0.025416 -0.088129 0.140172 0.032664 -0.242268 -0.109916 0.040124 0.288912 -0.263747 0.092581 -0.110467 -0.287124 0.058530 0.061452 -0.190585 0.078415 0.134221 0.212503 0.074047 0.062140 -0.070357 0.210656 -0.209445 0.047086 -0.076585 -0.145447 -0.096704 -0.020933 0.170210 -0.217311 -0.133899 -0.113248 0.048969 -0.177984 0.262286 0.140812 -0.025437 -0.090984 0.129906 0.057695 -0.259673 0.179617 0.135734 0.102736 -0.027383 0.132355 -0.120709 -0.044080 0.108334 -0.070726 -0.258216 0.274641 0.254239 0.019776 -0.226608 -0.062590 0.120408 -0.044361 
0.139167 -0.043083 -0.091169 -0.135739 -0.009318 0.067321 -0.028038 -0.105008 -0.019982 0.072168 0.038488 -0.125731 -0.053876 0.118988 -0.168841 -0.144537 -0.053285 0.038283 -0.116901 0.115159 -0.065161 0.097200 -0.257726 -0.050573 0.152131 -0.175150 0.081261 0.136350 -0.122223 0.025039 0.224278 0.155296 0.158300 -0.156272 -0.171881 -0.380979 0.189176 -0.061259 -0.081022 -0.095776 -0.060864 -0.231722 0.057102 -0.103204 0.143848 0.131301 0.022083 0.008441 0.024266 0.236957 -0.181888 0.105839 0.063315 -0.031116 -0.125406 0.146824 -0.125548 -0.196978 -0.153008 0.096154 -0.012359 -0.133811 0.025076 -0.119876 
-0.023233 0.192668 0.053583 -0.125542 0.039050 0.157038 0.189294 -0.180353 0.170822 -0.114578 -0.051505 0.066205 -0.040173 0.013881 -0.046168 0.029762 -0.248666 0.018068 0.055399 0.045198 -0.315516 0.075407 -0.102882 0.086457 0.053997 -0.221959 -0.101060 -0.016112 0.028999 0.201906 -0.028702 0.005677 -0.010750 0.007056 -0.092664 0.050769 -0.082796 0.088887 -0.016345 -0.058229 0.021311 0.040186 0.071889 0.048730 0.160688 0.233062 -0.140195 0.122086 0.145944 0.040493 0.103717 0.050187 -0.228343 0.140176 0.160385 0.168681 -0.225117 -0.119160 -0.250556 0.059050 -0.234333 -0.182947 -0.089948 0.111202 
-0.139394 -0.109492 0.025992 0.083296 0.121196 0.079205 -0.036746 -0.159848 0.099549 0.356038 0.164501 -0.089049 0.070663 0.040843 -0.011541 -0.117193 -0.170801 -0.228845 -0.065592 0.122239 0.170712 -0.050816 -0.110440 0.099139 0.073787 0.150009 -0.069773 0.018302 -0.107651 0.041187 -0.071336 0.051325 0.025918 0.090858 -0.041727 0.025151 -0.029662 0.122511 0.132830 -0.046181 0.048979 0.084814 0.088799 -0.104969 0.031272 -0.336051 -0.040980 0.187445 -0.398820 0.174882 -0.025142 0.070282 -0.291130 -0.188569 0.230452 0.106256 -0.190692 0.040438 -0.223914 -0.137324 -0.118571 -0.397411 -0.018173 0.152310 
-0.050363 0.158419 -0.013218 -0.113681 0.074113 0.020794 -0.007737 -0.188104 0.227268 -0.145018 -0.066069 -0.046548 -0.118117 0.188871 -0.183921 -0.027077 0.045524 0.010237 -0.054902 0.131818 -0.186270 -0.069286 0.009906 -0.087332 0.014098 -0.022709 -0.117644 0.090439 -0.210823 0.192302 -0.011285 -0.046035 0.044354 0.178070 0.037786 -0.152893 -0.138750 0.119476 -0.061223 -0.153639 -0.099084 0.052488 0.084581 -0.059397 0.043256 0.229747 -0.005607 -0.079772 0.201126 -0.122327 0.108779 0.158492 -0.087939 0.017365 0.180671 -0.080323 -0.233999 -0.038925 0.164227 -0.116221 0.150513 -0.048016 -0.009499 0.045503 
-0.094156 0.127196 0.010072 0.033291 0.040653 -0.173727 0.152418 0.236800 0.106974 0.058165 0.071454 -0.052767 -0.003456 -0.085585 0.046227 -0.348685 -0.089678 -0.052461 0.155739 0.076537 0.167478 0.085808 -0.139347 0.135590 0.310547 0.087037 -0.138555 0.063776 -0.088341 -0.060018 -0.022517 0.103844 0.008641 -0.001639 -0.149625 -0.222156 -0.038566 -0.223390 -0.234727 -0.205381 0.141196 0.067801 -0.087329 -0.123695 -0.064303 0.089479 -0.100530 -0.057570 -0.170267 -0.092476 0.105936 -0.076459 0.195204 0.068790 -0.055180 0.220423 0.058135 -0.018730 0.073734 0.110951 0.185247 -0.222783 -0.047931 -0.095863 
-0.191924 0.010876 0.143006 -0.071044 -0.025992 0.012137 0.180932 -0.295585 0.057791 0.160784 -0.017450 -0.078949 0.156751 0.304218 -0.124878 -0.043758 -0.173331 -0.231053 0.068302 -0.312676 -0.021033 0.357991 0.276374 0.078364 -0.183280 -0.106423 -0.226777 -0.061758 -0.062655 -0.108444 0.208722 0.060060 -0.040780 -0.177259 -0.081638 -0.180124 0.079397 0.021547 -0.042754 -0.250478 0.034880 0.153091 0.034365 0.030986 0.082203 -0.062264 0.092755 -0.257629 0.025867 0.026315 -0.075665 -0.155232 0.002189 -0.073155 0.054425 0.231386 0.171362 0.245798 -0.224094 -0.045653 -0.345239 -0.021588 0.139408 0.181109 
0.218215 -0.190827 0.168510 0.002275 -0.110221 -0.167175 -0.103042 -0.155994 
0.081855 -0.114638 -0.135242 -0.132501 -0.399176 -0.099692 -0.017717 0.043645 
0.319478 0.008949 -0.158282 -0.463676 0.143563 0.138394 -0.120945 -0.003038 
-0.079001 -0.236351 0.107065 0.143980 -0.139170 -0.044514 -0.026203 -0.128655 
0.184644 -0.355568 -0.262888 0.265290 0.016430 0.154594 -0.174293 -0.399327 
-0.057622 -0.229358 0.081293 0.317980 -0.068605 0.170492 -0.129039 -0.308814 
0.213707 0.151746 -0.274459 -0.472336 -0.115368 0.072984 0.198876 0.038849 
-0.091889 -0.099594 0.296732 0.478976 0.071211 0.123949 0.086690 0.245563 
-0.342382 0.163637 -0.355359 0.017203 -0.103347 -0.023430 -0.056666 -0.060476 
0.017725 0.174401 -0.430804 -0.516034 0.260365 -0.290042 -0.078032 -0.152612 
-0.072085 0.349535 -0.225615 -0.120215 -0.069872 -0.085380 0.268807 0.289640 
-0.252183 0.109295 0.282174 -0.082284 -0.109318 -0.031996 0.068470 -0.136766 
0.315423 -0.177604 -0.013224 -0.189704 0.120049 -0.035851 0.019209 -0.198877 
0.129674 0.197562 -0.378408 -0.662206 -0.374044 0.153288 0.200519 -0.002527 
0.405539 0.189277 -0.198193 -0.268393 0.277513 0.272296 0.074524 0.375749 
0.061671 0.120090 -0.049791 0.274021 0.260677 -0.215095 -0.450708 -0.392514 
-0.131312 -0.359982 0.195698 -0.087395 -0.153454 -0.028337 0.046506 0.147460 
0.368181 -0.101856 0.167364 0.095762 0.190861 0.037368 0.030995 0.331541 
0.092339 0.015165 -0.053353 -0.189739 -0.207894 0.194602 0.072116 -0.059938 
0.320822 -0.214512 -0.376794 0.520668 0.060910 -0.017515 -0.022993 0.001183 
-0.110863 0.119299 -0.150337 0.483183 0.428132 -0.118221 0.192618 0.128497 
-0.144970 -0.059205 0.055975 -0.612852 -0.130599 -0.019389 0.110086 -0.188388 
-0.173857 0.284060 0.223595 0.689412 0.300080 -0.063029 -0.418085 -0.716518 
0.004386 -0.256345 -0.036958 -0.387427 -0.359265 0.114627 -0.117154 -0.092418 
0.254230 -0.321395 -0.258148 -0.236332 -0.118805 -0.013193 0.347028 0.484175 
-0.090984 -0.179028 -0.069734 0.134919 0.527684 -0.048833 -0.023112 -0.259052 
-0.108263 0.064822 0.449668 0.420957 -0.047561 0.145164 0.054819 -0.163336 
0.220613 -0.290044 -0.148783 -0.255700 0.083454 0.091932 -0.086804 -0.235150 
0.004487 0.434258 0.444519 0.241116 0.032639 0.157455 -0.074906 -0.052871 
0.024074 -0.023564 -0.082159 0.109244 -0.384579 -0.254749 -0.077539 -0.321212 
0.191039 -0.111977 -0.461612 -0.598656 0.471224 0.002123 0.108325 0.368620 
-0.200765 0.033926 -0.196259 -0.383684 -0.349286 -0.082798 0.221459 0.285496 
0.043313 -0.389832 0.038596 0.223349 0.384015 0.027113 0.059865 0.041916 
-0.229200 -0.337438 -0.073779 0.152576 -0.295430 -0.009432 0.069610 0.323446 
0.236514 -0.187053 -0.319663 -0.322102 -0.025274 0.089871 -0.150605 -0.006211 
-0.113914 -0.003091 0.257738 0.552851 0.058533 0.815288 -0.149630 0.069277 
-0.024989 -0.172040 0.357279 -0.112303 0.276583 -0.045168 0.086781 0.157942 
0.057508 0.071940 -0.115451 0.391353 0.236827 -0.095369 -0.107374 -0.234837 
0.225999 0.243617 0.078032 -0.015545 0.065087 -0.034062 -0.289529 -0.111600 
0.177908 -0.143801 0.263988 0.381826 0.425061 0.254925 -0.038585 -0.145775 
0.273806 -0.268008 -0.295830 -0.064510 0.027280 0.209311 0.082438 -0.112153 
-0.099461 -0.219641 -0.287787 -0.592878 0.076701 0.297292 0.026589 -0.099709 
0.197897 0.211801 -0.231459 -0.395072 0.031510 0.047977 -0.161334 -0.009798 
0.076776 0.298940 0.330594 0.181966 -0.071968 0.073264 -0.057588 -0.222586 
0.043565 0.044602 -0.153691 -0.231423 -0.060749 -0.071243 -0.180449 -0.295415 
0.199835 -0.252697 0.033644 0.667215 -0.537798 0.424929 0.131220 0.292487 
-0.150112 0.160464 0.685631 0.435216 -0.118939 -0.050159 -0.261083 -0.409552 
-0.220627 -0.218788 0.267718 0.655122 -0.345579 -0.069550 -0.115023 -0.482093 
-0.362464 0.155517 0.638559 0.738934 -0.612662 0.569319 0.252352 0.076945 
0.210516 -0.210714 -0.193796 -0.008882 0.050065 -0.229473 0.081640 0.020699 
-0.181103 0.245334 0.364177 0.164143 -0.071908 0.336538 -0.161282 -0.147635 
0.000978 -0.104715 -0.225978 0.769363 -0.100709 0.163995 0.102998 0.123425 
-0.174103 -0.312243 0.412242 -0.060726 0.346869 -0.015187 0.154376 0.238702 
-0.113648 0.040603 0.365725 0.335187 -0.351737 -0.017748 -0.019251 0.084418 
0.071472 -0.178316 -0.367511 -0.169977 -0.260309 0.127311 -0.149476 -0.114880 
-0.042827 0.056508 0.079969 -0.535896 -0.024227 -0.399546 0.213213 0.080600 
0.084234 0.079613 0.101760 -0.161198 0.217741 0.300404 0.157521 0.495911 
-0.469389 -0.123690 -0.179122 -0.305731 0.106162 0.134390 -0.231687 -0.073558 
-0.350403 -0.506456 0.025189 0.015509 0.098931 0.162779 -0.027328 0.014408 
0.191408 -0.208548 -0.073095 -0.202843 -0.136239 0.058709 0.038400 0.101979 
0.036480 -0.067165 -0.041226 0.843745 -0.089724 0.092921 0.244001 0.414539 
-0.223675 -0.837872 0.466502 -0.430640 0.237273 0.148191 -0.109531 0.112413 
0.109574 -0.294376 -0.081041 -0.148315 0.056299 0.286490 -0.063041 0.018745 
-0.092736 0.160109 -0.218192 -0.195350 0.096767 0.181042 -0.117004 -0.113349 









0.000000 
0.000000 
0.000000 
0.000000 
0.000000 
0.000000 
0.000000 
0.000000 
-0.185368 
-0.075029 
-0.374288 
0.248527 
-0.109723 
0.286008 
0.060420 
0.042457 
0.400907 
0.015651 
0.280795 
0.186251 
-0.044938 
0.400513 
0.111985 
0.266506 
-0.208258 
0.001979 
-0.047529 
-0.314179 
-0.153871 
-0.439651 
0.277493 
0.081646 
0.274328 
0.353406 
0.231425 
0.067882 
-0.163563 
-0.450365 
0.060312 
0.098923 
-0.083666 
0.342861 
-0.114800 
0.142184 
0.212506 
-0.430328 
-0.248570 
-0.059106 
0.141463 
-0.452604 
-0.179629 
-0.208428 
-0.225806 
0.165049 
0.353114 
-0.185492 
-0.131862 
-0.068616 
-0.107750 
-0.020888 
-0.041733 
-0.159875 
0.293348 
-0.112947 
-0.251541 
0.019710 
0.203402 
-0.104983 
0.273568 
-0.244358 
0.314143 
-0.147709 
-0.199567 
-0.064389 
0.121501 
0.026253 
-0.155081 
-0.075023 
-0.112841 
0.070454 
-0.009637 
0.090966 
-0.169027 
0.108998 
-0.068768 
-0.426907 
-0.116890 
-0.185006 
0.082153 
-0.045685 
0.116838 
0.249926 
-0.321806 
-0.118754 
0.008636 
-0.003501 
-0.086908 
-0.175309 
-0.040341 
-0.323833 
0.050181 
-0.011278 
-0.134177 
-0.041129 
-0.035565 
-0.168243 
-0.057192 
0.156061 
-0.142781 
0.018777 
0.410031 
0.042632 
-0.016866 
0.209709 
0.131521 
0.028141 
-0.442004 
0.117378 
-0.078292 
-0.103446 
0.011075 
-0.039082 
-0.012050 
-0.187762 
-0.165625 
-0.011820 
0.109751 
0.348271 
-0.078802 
0.159263 
0.097442 
-0.150574 
0.090272 
0.274267 
-0.038782 
0.180060 
0.333756 
-0.487907 
0.372797 
-0.349964 
-0.055337 
0.050282 
0.188720 
-0.426474 
-0.013048 
0.195429 
-0.153912 
0.036933 
-0.010250 
0.436785 
0.017909 
-0.087806 
-0.132420 
-0.332347 
-0.140307 
0.073650 
-0.011896 
-0.296030 
-0.205777 
0.007146 
-0.080395 
0.152517 
0.405412 
0.281611 
0.097315 
0.273498 
0.538445 
-0.076913 
0.305140 
0.695928 
0.091024 
0.286617 
0.075465 
-0.220052 
0.189488 
-0.060436 
-0.000356 
-0.488914 
0.005507 
-0.463795 
-0.377530 
-0.110902 
-0.273044 
-0.110040 
-0.216021 
-0.164463 
0.081338 
-0.153689 
0.054281 
0.087833 
-0.023310 
0.108692 
-0.011009 
-0.187954 
-0.163408 
-0.134943 
-0.179097 
-0.280389 
0.103975 
0.179661 
-0.146458 
0.200291 
-0.202784 
0.178497 
0.455102 
-0.429945 
0.575172 
-0.421898 
-0.159022 
0.049534 
-0.094166 
-0.198566 
0.215642 
-0.217293 
0.295555 
-0.281950 
0.309102 
-0.001142 
-0.316294 
0.212047 
0.124817 
0.302384 
0.164623 
-0.000773 
-0.239153 
-0.379401 
-0.083811 
0.082896 
-0.245731 
0.297965 
-0.164302 
-0.444945 
0.198292 
-0.051346 
0.142386 
0.366597 
0.237296 
0.139029 
-0.439192 
-0.214994 
0.106456 
-0.290514 
0.113506 
-0.247431 
0.256762 
0.140887 
-0.146590 
-0.032516 
-0.176975 
0.528010 
0.205411 
1.189268 
0.897620 
0.252647 
0.059039 
0.666084 
3.649000 0.136071 0.162972 
