-0.214014 0.276405 0.395462 0.157844 -0.235668 -0.239116 -0.085343 0.249986 0.058006 0.137514 -0.196151 0.103606 -0.072596 0.109034 0.338000 0.489553 0.153580 -0.368970 -0.093155 0.126266 -0.311005 0.121509 -0.129632 0.030751 -0.120556 0.004373 0.156458 -0.014421 0.252114 -0.002034 0.152690 0.161806 -0.068998 0.038170 0.093004 0.081713 0.308796 -0.288735 -0.158133 -0.009874 0.090459 0.119169 -0.267030 0.040547 -0.046467 -0.265015 0.443413 -0.270144 0.004933 -0.120914 0.100074 0.020330 0.300687 -0.272424 0.268928 -0.293531 0.142620 0.173796 0.246869 -0.085450 -0.011914 0.013826 -0.128395 -0.007338 
0.292977 0.141379 0.088591 0.088373 0.072273 0.210289 -0.134301 0.077685 0.121750 -0.105631 -0.041206 0.250470 -0.068211 -0.083965 -0.291274 0.234406 0.115541 -0.009378 -0.027354 0.205987 0.087789 -0.165781 0.191801 -0.082167 0.389041 -0.025103 0.060161 -0.255787 -0.237938 0.306545 -0.090330 -0.276962 0.193096 0.071720 0.281214 0.072855 -0.041133 -0.052135 -0.297378 0.255565 0.179434 0.127214 0.300489 -0.227699 -0.117805 0.154937 0.386912 0.263903 0.134737 -0.210733 0.015226 -0.100802 -0.387270 0.009963 0.179296 0.314434 0.147278 -0.149964 0.051354 0.196416 -0.076359 0.054838 0.304592 -0.245887 
-0.427734 0.138811 0.060707 -0.185748 -0.279016 -0.203079 -0.093171 0.171223 0.219273 -0.241732 0.217248 0.075236 -0.173563 0.117816 -0.026485 0.090374 0.110207 -0.190260 -0.122305 0.043071 -0.001022 0.336326 0.234706 -0.236769 -0.270884 -0.402955 -0.294901 0.125065 0.088863 0.185832 0.452005 0.246627 0.088668 0.260985 -0.190275 0.070696 0.129341 0.127270 0.020422 -0.063934 0.273117 -0.221167 -0.058559 -0.107706 0.410920 0.303727 0.111724 0.124994 0.251502 0.313975 -0.183431 -0.170673 0.244703 -0.177580 -0.103850 -0.199452 -0.336967 0.003594 0.349051 0.386898 -0.144923 0.222982 0.059105 -0.206276 
0.003789 0.132290 0.004451 -0.112989 -0.029923 -0.209305 -0.025097 -0.084707 -0.024933 -0.273963 -0.290757 -0.200139 0.177537 -0.321722 0.136567 0.059858 -0.222744 -0.161677 0.318612 0.233260 -0.198978 -0.204528 -0.281092 0.141840 0.147544 0.096401 0.018613 -0.266665 0.173193 -0.244241 -0.090712 -0.022186 0.088225 -0.182708 0.181585 -0.198104 -0.315582 0.049837 0.044185 0.052582 -0.153136 0.116378 0.236406 0.019319 0.076254 0.159702 0.065888 0.067741 0.067250 0.013709 -0.006170 0.298021 -0.094331 0.183280 -0.061073 0.134743 -0.054196 -0.292804 -0.000650 0.068249 -0.125469 0.092668 -0.177937 -0.039789 
0.169385 -0.305676 0.029159 -0.086026 -0.078398 0.201172 -0.273248 0.337799 0.101355 0.139288 -0.368023 0.384604 -0.116736 0.195275 0.166210 0.234329 -0.162340 -0.241682 0.377777 0.067221 -0.348894 -0.077026 -0.044554 0.047537 0.189516 -0.058259 0.248387 -0.351721 -0.212441 -0.227452 -0.113175 0.316946 -0.064257 0.287056 0.161247 0.196765 0.053681 0.317965 -0.037561 0.225667 0.011234 0.094888 0.407474 0.111828 0.006655 0.104225 0.133083 0.162131 0.312008 -0.259790 0.156452 -0.316572 0.138834 0.373479 0.066936 -0.180611 -0.062371 -0.268248 0.166064 0.190709 0.163624 0.243270 0.061233 -0.388106 
0.074544 -0.210169 0.114487 -0.368728 0.265788 -0.167037 -0.232554 0.050196 0.242264 -0.275263 -0.227172 -0.094776 0.284296 0.068764 -0.109021 0.159787 0.185883 0.128552 0.137630 0.037081 0.186601 0.063517 0.258512 -0.056359 0.210032 -0.314096 -0.257287 -0.087972 0.231901 0.193049 0.042944 0.016138 0.333910 -0.081165 0.147443 0.214538 0.012281 0.202263 -0.059201 -0.125771 0.240709 -0.005458 0.247861 0.130589 -0.155661 0.124445 -0.004568 -0.311992 0.100951 -0.139661 0.110169 -0.044314 0.095431 0.091243 0.135279 -0.116984 -0.006797 0.290463 0.366558 -0.055920 0.157571 0.005063 0.206032 0.073252 
0.251766 0.020826 0.149244 0.144841 -0.074778 -0.301101 0.092394 -0.147644 0.014580 -0.036129 0.306213 0.179613 -0.178279 -0.177391 0.313774 0.296194 0.104895 0.059635 -0.074278 -0.267811 -0.300432 -0.252112 -0.064682 0.087599 -0.182853 0.161028 -0.192972 0.332932 0.262455 0.321514 0.027125 0.065826 -0.146202 -0.186314 -0.341816 0.164991 -0.103588 0.113755 0.215462 0.318913 -0.234266 0.234249 0.075548 0.090478 -0.314719 0.144500 0.013650 0.037015 -0.148056 0.140596 0.107711 -0.047909 -0.317144 -0.232982 -0.264382 -0.163210 0.298911 -0.171318 -0.303062 0.116097 -0.288673 0.189031 -0.044549 0.076714 
-0.183035 0.109183 -0.198413 0.164389 -0.050582 0.306567 -0.074524 0.137586 0.045666 -0.140740 -0.253065 0.057189 -0.281215 -0.115485 -0.155880 -0.054508 -0.085563 0.310122 0.180247 -0.071838 -0.142521 -0.252753 0.054794 0.252899 -0.137151 0.320475 0.198081 -0.021844 0.027088 -0.150791 0.122196 0.125863 0.128421 0.219066 -0.170610 -0.234775 0.287944 0.062533 0.056526 0.032739 0.311965 0.169055 -0.244601 -0.238158 -0.218083 -0.029780 0.019782 -0.036401 -0.070681 -0.171332 0.200963 0.182078 -0.058062 -0.072116 0.106223 0.147348 0.057551 -0.041031 0.257472 -0.350978 0.041488 0.156498 0.282228 -0.037110 
0.011797 -0.035144 0.011904 0.058189 0.202540 0.142890 0.009788 0.103656 -0.019510 0.047047 0.135085 0.071787 -0.105089 -0.063397 -0.077264 -0.036150 0.196632 0.131484 0.137014 -0.011287 -0.060105 -0.128267 -0.063073 0.103925 0.046901 -0.136788 -0.049405 -0.091906 0.119342 -0.050386 -0.032737 -0.023054 
-0.093391 -0.019094 0.066082 -0.085073 0.056115 0.023302 0.001546 0.134087 -0.125271 -0.080912 -0.044902 -0.099899 0.129156 -0.042713 -0.046427 0.077364 -0.106497 0.032536 -0.203406 0.149015 0.155451 0.058029 0.107923 0.071169 -0.023182 0.045977 0.064620 -0.086775 -0.160721 -0.080865 0.025243 -0.052588 
-0.012853 -0.096624 0.002559 -0.073393 -0.017215 -0.038404 0.043763 0.022142 -0.093644 -0.119171 -0.110922 -0.062688 -0.029030 -0.052575 -0.006253 0.115744 0.097542 0.179803 -0.001225 0.112647 -0.085286 -0.014467 -0.069781 0.001943 -0.079752 -0.012407 0.005212 -0.134195 0.063567 0.009204 0.061103 -0.128925 
-0.078560 -0.152572 0.153315 -0.184108 0.063827 -0.004156 0.149438 0.191129 -0.060616 0.071158 0.199986 0.103983 -0.104177 0.046652 0.026778 -0.188105 0.118594 -0.061477 0.071794 0.157681 -0.002496 0.007905 0.081824 0.070113 0.025858 -0.162995 0.110106 -0.121029 -0.098206 -0.036332 -0.050566 -0.003852 
0.104664 0.112518 0.055428 -0.081624 0.015584 0.039516 -0.090989 -0.138140 -0.029330 -0.083170 0.166645 0.110538 0.033421 -0.075007 0.045574 -0.057345 0.056854 0.015413 0.108984 0.021642 -0.012071 -0.147763 0.000820 -0.056193 -0.065208 -0.076776 0.071796 -0.051896 0.022344 0.126447 -0.063878 -0.014116 
0.060661 -0.047044 0.105822 0.006230 0.160271 0.096484 -0.015903 -0.009393 0.164737 0.055082 0.015659 0.074418 -0.000570 -0.150996 -0.006150 -0.158131 0.071264 -0.079893 -0.049790 -0.043969 -0.138361 -0.057008 0.096546 -0.108783 0.050967 -0.103303 0.026983 0.072465 0.083111 -0.052183 -0.040503 0.039599 
0.045355 -0.141052 0.020178 -0.056862 -0.093614 -0.037439 -0.075110 -0.034477 -0.013374 -0.149668 0.104865 0.015590 -0.010769 -0.016953 0.108751 -0.120441 -0.080526 0.049154 -0.040078 -0.031626 0.065497 -0.013758 0.079747 0.046940 0.033377 -0.039176 0.215970 -0.128903 -0.175711 -0.107482 0.037744 0.063792 
-0.028187 -0.049296 -0.151333 -0.000778 0.067002 0.010341 0.017333 -0.074071 0.077528 0.080662 0.070867 -0.082167 0.019474 -0.002529 -0.140618 -0.059534 0.043996 0.128608 0.058192 0.129566 -0.017167 -0.059566 -0.041297 0.036656 -0.178978 0.008748 -0.199835 -0.067250 0.063132 -0.038007 0.153121 -0.033538 
-0.029947 0.125886 -0.107877 0.170886 -0.098356 0.065452 -0.084283 0.060835 -0.003398 0.021973 -0.127810 0.048619 0.114683 -0.061920 0.099262 0.012128 0.108067 0.051517 -0.096338 0.059572 -0.123132 -0.024558 0.024701 -0.132956 -0.015565 0.148527 -0.104470 -0.001234 0.095136 -0.115949 0.102469 -0.055306 
-0.144238 -0.104640 -0.048379 -0.097118 0.170161 0.016237 0.038828 0.141092 -0.077276 -0.014636 0.150128 -0.008119 -0.027216 0.047183 0.002018 -0.094118 0.033131 0.140274 0.001992 0.064490 -0.072270 0.078978 0.115398 -0.081853 0.037244 -0.179511 -0.024872 -0.076176 0.007489 -0.009531 0.092705 -0.145659 
-0.003557 -0.092106 0.178560 -0.127969 -0.223380 -0.036927 -0.111783 0.103822 -0.131607 -0.025386 0.080798 -0.007600 0.100609 -0.060164 0.042143 -0.114051 -0.042942 -0.092067 0.023392 0.044947 -0.007645 0.023531 -0.005457 0.184722 0.127717 -0.032044 0.152451 0.051980 -0.005839 -0.182184 -0.311650 0.002857 
-0.147256 0.002637 -0.039168 -0.028449 0.071269 -0.025786 0.035101 0.062634 0.015314 0.130820 -0.021918 -0.144840 -0.133825 -0.046500 -0.060196 -0.002527 0.179192 0.045701 -0.007937 -0.012680 -0.034611 -0.033543 0.153316 -0.184331 -0.145097 0.077237 -0.021985 0.017419 0.047356 0.064741 -0.022835 -0.015873 
0.036350 0.066847 -0.017586 -0.076320 0.059636 0.067284 -0.093276 -0.131461 0.048233 -0.007530 -0.070670 0.133027 -0.053864 0.016733 -0.094973 -0.086892 -0.013510 0.034871 -0.062972 -0.110272 -0.041467 -0.056172 -0.132524 0.044212 0.022879 0.072250 0.093640 -0.157279 0.165039 -0.024170 0.141568 -0.025637 
0.086192 0.056361 0.026947 -0.011274 -0.062445 0.103111 -0.007875 -0.143544 -0.005979 0.085266 -0.066696 0.085096 -0.143878 -0.067056 0.013727 0.003616 0.015043 0.175060 0.100817 0.043326 -0.139443 0.021554 0.010384 0.025793 0.037563 -0.005593 0.105379 0.028456 -0.008612 0.109711 -0.025295 -0.147581 
-0.043260 -0.071113 0.084418 -0.022852 -0.008272 -0.070420 0.074413 0.079312 -0.060831 -0.030692 -0.022845 0.092720 -0.036996 0.030440 -0.073157 0.060377 -0.093046 -0.067905 -0.062412 0.045955 0.178836 0.175255 -0.161965 0.094067 -0.060221 -0.119963 0.004555 -0.065077 0.093414 0.097784 0.085424 0.023202 
-0.129375 -0.022968 -0.067465 -0.056493 0.051611 0.252288 0.136974 0.101811 0.010697 0.074658 0.068630 0.101796 0.033347 -0.059917 -0.115250 0.145699 0.005768 0.181192 -0.071279 0.017491 -0.008666 -0.021217 0.065307 -0.021430 -0.149027 0.043917 -0.175176 -0.060864 0.057308 -0.044067 0.198915 -0.112931 
0.003001 -0.155463 0.039196 0.005698 -0.113009 0.047820 0.020565 0.048928 -0.147239 0.005679 0.087273 0.036699 0.003182 -0.171380 -0.038992 0.026655 0.110245 0.089951 0.075818 -0.067064 0.064328 0.061875 -0.062086 -0.040970 -0.061980 0.024247 0.061090 -0.006795 -0.008475 -0.003185 -0.120103 0.031161 
0.048717 -0.002629 0.107291 0.055442 0.027667 -0.164190 -0.009507 0.035089 -0.031757 0.088594 -0.005050 0.085432 0.098678 -0.009993 0.130689 -0.055915 -0.027263 -0.055950 -0.040985 -0.137266 -0.014989 -0.075191 0.003779 0.051995 0.127401 -0.137298 0.062002 0.008739 -0.070388 -0.094889 -0.159739 0.018588 
-0.123578 0.225345 -0.007398 0.075074 0.135618 -0.032674 0.074767 -0.146134 -0.014239 0.170873 -0.149838 -0.082911 0.064645 0.182142 0.033881 0.161992 -0.052687 -0.105931 0.090174 0.090546 -0.031034 -0.055273 -0.133632 -0.127457 -0.058272 0.090580 -0.131006 -0.009338 0.159827 0.128948 0.143009 0.166771 
0.106092 0.075990 -0.160784 0.010721 -0.045222 0.001065 -0.022171 -0.016844 0.004797 -0.114009 0.011914 0.105676 0.028867 0.077813 -0.046875 0.030513 0.123892 0.077014 0.141368 -0.100571 -0.136426 -0.107151 -0.049787 0.001805 0.042441 0.000670 0.042904 0.051015 -0.015209 0.057273 0.072769 0.007146 
0.247478 -0.152768 -0.125010 0.030769 -0.137379 -0.137590 -0.054194 0.039440 -0.054899 -0.013767 0.055321 -0.086151 -0.080645 -0.162113 -0.011136 -0.103106 0.113968 -0.029337 0.047004 -0.092340 -0.004971 -0.163318 0.029149 0.021299 0.006170 -0.038435 0.085652 -0.030545 0.003969 0.043890 -0.001211 0.029939 
0.207288 -0.034765 -0.154877 -0.030705 -0.127317 0.057276 -0.154156 -0.069653 0.041266 0.048341 -0.004578 0.108924 -0.126453 -0.131084 -0.095365 0.137642 -0.047771 0.081449 0.049096 -0.199023 -0.122883 -0.107149 -0.005752 -0.044057 0.024448 0.095469 0.038400 -0.032904 0.016212 0.023278 -0.097379 0.016685 
0.104005 -0.008291 0.026508 0.027623 -0.096005 -0.142426 -0.015191 0.049799 0.172495 0.067419 0.061743 0.018908 -0.012061 -0.153855 0.058030 0.087163 0.144236 0.065984 0.067689 -0.149295 0.015682 -0.111092 -0.039766 -0.112423 -0.143977 0.182696 0.008313 0.171001 -0.017213 -0.000650 -0.053809 -0.063117 
-0.153891 -0.115425 0.020304 0.036144 0.004710 0.099418 0.072607 0.115331 -0.044851 -0.065455 0.061573 0.056541 0.043172 0.064913 0.040155 -0.013245 0.063195 -0.023811 -0.024041 0.078015 0.173016 0.125832 -0.134481 -0.070187 0.046613 0.003978 0.021650 -0.104453 -0.052636 0.102759 -0.015542 0.091198 
-0.041627 0.122550 -0.155430 -0.067739 0.007037 0.145646 0.054952 0.015434 -0.016672 0.102215 0.030773 0.108378 -0.178854 -0.100375 -0.121047 0.100077 0.177413 0.103867 0.116508 0.052556 -0.071043 -0.079687 -0.104482 -0.106310 -0.077676 0.098687 -0.054181 0.061056 0.172192 0.083102 -0.027057 -0.003965 
-0.175390 -0.030770 0.247938 0.048345 0.146756 0.058404 0.147305 0.200183 -0.059349 -0.096001 0.115750 0.015261 0.095746 -0.033811 0.038687 0.005407 0.056019 -0.128746 -0.004131 0.017880 0.177004 0.156831 0.065765 -0.029254 0.031564 -0.198065 0.084268 -0.108334 -0.073742 -0.075731 -0.103966 0.143257 
-0.105173 -0.125401 0.090986 0.026579 0.180121 0.050891 0.037602 -0.082461 -0.082611 -0.075133 0.136147 -0.031591 -0.114562 -0.035117 0.025702 -0.127541 0.029602 0.051102 0.025754 -0.118868 -0.107628 -0.081417 -0.040648 0.019066 -0.075290 -0.032359 0.044752 0.016617 -0.018989 0.103553 0.140013 0.006684 
0.062615 -0.075412 0.127381 0.005552 0.005443 -0.155223 -0.047188 0.164399 -0.089244 0.030604 0.157370 0.012744 -0.026890 0.038827 0.107837 0.010239 -0.125890 -0.069307 -0.172418 -0.099977 0.043498 0.085568 0.047694 0.055850 0.105711 -0.141239 0.081179 -0.053711 -0.176218 -0.117746 -0.162328 0.096866 
-0.130866 0.027307 0.058159 -0.005188 0.019026 0.035607 -0.045076 0.123181 -0.010829 -0.154107 0.031491 0.083185 0.139102 0.079925 0.057384 0.133163 -0.095478 0.018663 -0.028162 0.127156 0.021107 0.077475 -0.066594 0.142204 0.085553 0.092450 -0.057424 0.060479 -0.060373 -0.052589 0.088341 0.059237 
0.085917 -0.152804 0.158904 0.032660 0.052084 -0.065615 -0.013118 0.057182 -0.049054 0.165810 0.030855 0.036505 -0.000728 -0.153756 0.053075 0.059428 -0.055635 0.091300 0.048255 -0.027004 -0.120290 -0.023475 -0.001527 0.067001 -0.042678 0.027555 0.068203 0.080596 -0.085477 -0.097047 -0.131509 0.058421 
0.059603 -0.112431 -0.027857 0.066188 -0.136619 0.027740 -0.165055 0.007447 0.136781 0.003813 -0.034380 -0.151428 0.127572 0.000596 0.124396 0.178373 0.010189 0.055420 -0.179648 0.098344 0.021362 0.063303 0.044956 0.030407 -0.091168 0.062480 -0.084841 0.006524 0.074060 -0.068850 -0.080006 0.104147 
0.017439 0.061003 -0.058866 0.138736 0.045536 -0.101441 0.014261 -0.132492 0.098377 0.093905 -0.107829 0.040510 -0.047231 -0.012631 0.025531 -0.050288 -0.139395 0.057651 -0.116118 -0.039515 -0.006968 0.080387 0.029324 -0.030344 -0.062105 -0.002932 -0.052568 -0.008532 0.080498 0.070315 0.170070 0.068019 
-0.036115 -0.034365 -0.126665 0.080936 -0.101762 0.109254 0.001836 -0.117905 0.111829 0.154935 0.031472 0.063050 -0.054022 -0.014141 -0.139000 -0.001289 -0.100404 -0.067712 -0.112510 -0.013149 -0.115477 -0.054181 0.071621 -0.054833 -0.041667 0.077292 -0.021656 0.035584 0.017070 0.030105 0.104053 0.002020 
0.109547 -0.110018 -0.092542 0.025335 0.049896 0.061342 -0.050335 0.009708 0.229718 0.070724 -0.021283 -0.163609 0.014283 -0.016534 -0.045617 0.087209 0.101448 0.059460 -0.106601 0.116979 0.018185 -0.171989 0.013491 -0.124877 -0.037901 0.034017 -0.070538 0.053212 0.079787 -0.061401 0.065382 0.084861 
0.015353 0.166423 -0.158396 -0.007329 0.113163 0.078224 -0.108091 0.023885 0.073625 0.137711 0.075092 0.009460 -0.065450 0.062250 -0.150959 -0.093630 0.039664 -0.026501 -0.037891 -0.061055 -0.098028 -0.074730 -0.002987 -0.145653 -0.033639 -0.070698 -0.110399 -0.024809 0.078551 0.117373 0.040788 -0.188549 
0.077988 0.007734 -0.061002 0.007067 0.136420 0.006850 -0.043505 0.022872 -0.117302 -0.036528 -0.047585 0.042969 -0.164938 -0.122466 -0.006886 -0.045865 0.073978 0.105398 0.102611 0.074520 -0.140055 -0.167973 0.127376 0.032564 -0.118501 -0.057939 -0.038755 -0.022119 0.123686 0.085017 0.034091 -0.033112 
-0.043268 -0.162733 -0.024178 -0.084070 0.062580 -0.021910 0.087036 0.051324 0.040090 0.146763 -0.015054 0.041703 -0.100312 0.048503 -0.093785 0.032802 0.056021 0.152704 -0.006209 0.040489 0.097226 0.012322 0.019958 0.081201 0.005691 0.098921 -0.027096 0.061607 -0.104288 -0.114105 -0.047142 -0.011228 
-0.019490 0.132413 -0.062473 0.213582 -0.154494 -0.006108 -0.051938 -0.068025 0.128948 0.123774 -0.132285 0.018386 0.004561 0.070007 -0.012068 -0.041844 -0.018600 -0.127392 0.076298 -0.051830 -0.003081 -0.156423 -0.122208 -0.135172 -0.169458 0.150485 -0.235521 0.159787 0.202920 -0.041385 -0.037443 0.034729 
0.037611 0.052523 -0.040164 0.074388 0.015013 -0.069629 0.020330 0.103182 -0.053818 0.009700 0.025915 0.043579 0.016220 0.166881 0.116571 0.051748 0.051257 -0.101279 -0.101543 -0.024867 0.127328 -0.027439 0.079731 0.117344 -0.050328 0.059951 0.038204 -0.086421 -0.151245 0.006267 -0.053939 0.229338 
-0.115380 -0.009331 0.104248 0.133228 -0.045729 -0.056781 0.047484 0.000834 -0.053851 0.020245 0.099277 -0.030948 -0.063989 0.024099 0.005289 -0.091089 -0.018498 0.075581 0.040637 0.227296 0.060243 -0.002568 0.110649 0.038563 -0.068587 0.009919 -0.003863 0.134083 0.098998 -0.070248 0.093850 -0.068175 
0.122981 -0.000276 -0.145655 0.152966 -0.056420 0.062640 -0.140934 -0.012574 0.135687 0.030052 -0.068010 0.071272 0.079025 0.008580 -0.132728 -0.046387 -0.069608 0.109805 0.052116 0.110515 -0.057766 0.035853 0.069675 0.001447 -0.176782 0.175289 -0.099485 0.184220 -0.089147 -0.117778 0.000739 0.087366 
-0.108963 -0.056377 0.213989 -0.104705 0.040549 -0.049975 0.162720 0.192807 -0.136119 0.079082 0.177302 -0.081184 0.065360 0.160126 -0.048856 -0.009404 0.057797 -0.064604 -0.007321 0.197753 -0.092470 0.076144 0.062192 -0.088697 -0.075922 -0.105010 -0.164699 -0.080311 -0.068574 -0.035097 0.019662 0.064511 
0.040116 0.113883 -0.208946 0.157326 0.022013 0.168729 0.104240 -0.064889 0.079003 0.185414 0.003763 -0.041641 0.061118 -0.118883 0.020798 0.028465 0.036403 -0.006734 0.124649 0.013245 -0.055657 -0.152715 -0.062860 -0.204438 -0.091832 0.036175 -0.133379 0.096928 0.282233 0.186094 0.112883 -0.020430 
-0.067425 0.077842 -0.041374 -0.028669 0.088961 -0.011606 -0.057047 -0.075037 -0.094543 -0.079805 0.040024 -0.021719 -0.125205 -0.078140 -0.037234 -0.078088 0.050350 -0.097855 0.108926 -0.066315 -0.078867 -0.128742 -0.042317 0.089741 -0.008169 0.069274 0.135058 -0.134832 0.022443 0.113164 0.117465 0.071381 
0.064034 0.028559 -0.165232 0.148181 -0.070373 -0.034709 -0.149889 -0.145246 0.152973 0.073578 -0.179217 0.049538 -0.108689 0.055289 -0.066165 0.117310 0.019505 0.045392 -0.148006 -0.119770 0.096165 -0.048812 -0.071976 -0.033210 -0.080534 0.173670 0.031429 0.173018 0.041818 0.023220 0.051690 0.142316 
-0.059530 0.021305 0.020814 0.160079 0.019273 -0.033429 -0.121350 -0.049552 0.177357 0.041572 -0.119748 0.088987 0.103112 -0.026305 0.055527 0.140777 -0.014917 0.032723 -0.093021 -0.031203 -0.168017 -0.136904 0.027809 -0.121366 -0.138691 0.020032 -0.167671 0.161639 0.182737 0.106679 0.047441 0.086747 
-0.137886 -0.039826 0.051625 0.077601 0.013593 0.208091 -0.085635 0.012051 -0.064803 0.103939 -0.002431 -0.138016 -0.063871 -0.097201 -0.001924 0.087876 0.106698 0.255652 -0.010073 0.161632 -0.085374 0.009696 -0.093191 -0.063312 -0.065189 0.013464 -0.216997 0.007166 -0.041807 0.040021 0.033717 -0.192309 
-0.065722 0.006938 0.082010 0.151597 -0.138055 -0.067378 -0.072103 -0.089488 0.212912 0.154893 -0.146948 -0.113939 -0.106528 -0.064226 0.053242 -0.068773 -0.014185 -0.046850 0.123136 0.024429 0.018654 0.053933 0.104783 -0.104860 -0.097946 0.158131 -0.025286 0.059957 0.083670 -0.119143 -0.033610 0.056658 
0.024554 0.059667 -0.141720 0.052042 -0.102640 0.071914 -0.092820 -0.102405 0.181431 -0.054196 -0.058846 -0.127448 -0.067017 -0.053687 -0.125080 0.113629 0.002390 0.145894 -0.112681 -0.151463 0.094157 -0.000366 -0.120939 -0.136057 -0.010386 0.218510 -0.107111 0.031898 0.156536 0.081309 0.101340 -0.048373 
-0.036371 -0.067017 0.072265 0.063736 -0.153267 -0.115371 -0.049695 -0.034987 -0.053239 -0.181603 -0.129705 0.013456 0.024068 -0.017089 0.001526 -0.067493 -0.087732 -0.092362 -0.133840 -0.052646 0.006375 -0.013090 -0.054251 0.175295 -0.021676 0.079025 0.016897 0.134339 -0.004724 -0.131684 -0.171556 0.148816 
-0.044043 0.036943 0.103095 0.077849 0.180887 -0.035376 0.143203 -0.056835 -0.059327 -0.064621 0.134707 0.097882 0.016873 -0.037255 0.076376 0.087358 -0.000760 -0.053111 -0.100338 0.049920 -0.025353 0.052378 -0.036812 -0.046034 -0.061298 0.028363 -0.088886 0.084297 0.058356 -0.022733 0.092303 -0.067236 
-0.142037 -0.037370 -0.029796 -0.087325 -0.026508 -0.098857 -0.023718 0.148175 -0.035097 -0.115976 0.058603 0.049248 0.062240 0.180592 0.085426 0.129804 -0.002040 0.023671 -0.101827 -0.057397 0.092987 0.191770 -0.023711 0.133613 0.073773 0.051998 0.084200 0.003700 -0.086268 -0.031562 0.064688 0.060133 
0.166532 0.106444 -0.088451 -0.080747 0.127991 0.114632 -0.052184 -0.114266 -0.076921 -0.079729 -0.054689 0.107889 -0.188131 0.073215 -0.069477 0.102090 0.060268 -0.070927 -0.048247 -0.116381 0.070768 0.019538 -0.105537 0.018556 -0.007275 0.135496 -0.123102 0.039299 0.027612 0.130794 0.021448 -0.060925 
0.027411 0.290020 -0.053300 0.070085 0.083152 -0.035283 0.019776 -0.226225 0.053074 0.152494 -0.029757 0.022807 0.071428 0.033418 -0.075416 0.094914 0.009650 -0.035318 0.163752 -0.021058 -0.144488 -0.210585 -0.132636 -0.004241 -0.157705 -0.002128 -0.032982 0.049349 0.214103 -0.015972 -0.007485 0.013111 
-0.077381 -0.068292 0.032234 0.078757 -0.015736 0.137108 -0.096862 -0.012331 0.021724 -0.045671 -0.049623 0.064503 -0.064738 -0.052189 -0.192289 -0.101916 0.138258 0.015706 0.050732 0.105255 -0.122003 0.015244 0.017036 -0.096454 0.013758 -0.028916 0.005787 -0.016683 0.003390 0.143982 -0.022615 -0.140882 
0.062511 -0.118096 0.013436 -0.060879 0.021272 -0.016885 0.073837 0.040392 0.028381 0.059198 -0.100956 -0.120805 -0.027315 -0.056120 0.001636 -0.125869 -0.026384 -0.035572 -0.125077 0.037234 -0.030335 0.059816 0.120490 -0.052827 -0.065167 -0.010326 0.072365 -0.009927 -0.018026 0.026919 -0.011669 0.017813 
0.004849 -0.146823 0.211415 -0.040598 0.248997 0.046420 0.055590 0.085951 -0.219376 -0.119521 0.133769 0.045787 0.007679 -0.005582 0.040146 -0.000230 -0.003106 0.035362 0.074695 0.060809 -0.030881 0.066280 0.054977 -0.010220 -0.067103 -0.172678 0.081116 -0.107282 -0.125245 0.017257 -0.083842 -0.173197 
0.157527 0.035923 0.021529 -0.096807 -0.060581 0.110406 0.020081 -0.006454 -0.169398 -0.104341 -0.043458 0.083749 -0.050464 -0.023955 -0.075287 0.016015 -0.006929 0.006279 -0.027298 -0.089962 0.005682 0.050632 0.078003 0.066695 -0.076824 0.020048 0.059506 -0.120945 -0.148052 0.026587 -0.072419 -0.034435 
0.010707 -0.037803 -0.203405 0.104831 0.054636 0.104564 -0.116752 -0.166138 0.183773 0.070015 0.002556 -0.062216 0.116414 -0.050431 -0.149796 -0.001935 -0.053149 0.014965 -0.044301 -0.096973 -0.113346 -0.042108 0.023828 -0.135093 -0.204642 0.030938 -0.106715 0.013507 0.108564 0.106334 0.194119 -0.111431 
-0.063762 0.172798 -0.039208 0.175566 -0.064669 0.067488 -0.186603 -0.049726 -0.008583 0.090195 -0.216582 0.081634 0.080675 -0.104519 0.121579 0.027342 0.077574 0.076031 -0.002517 0.093010 -0.114902 -0.157680 -0.063437 -0.060897 -0.099914 0.199655 -0.052431 0.186360 0.171744 -0.032436 -0.132233 0.075122 
0.027431 0.119758 -0.023922 -0.121187 0.043371 0.105172 0.013209 -0.057604 -0.001223 0.071225 0.012552 0.049288 -0.198584 -0.048821 -0.025203 0.054256 -0.000695 -0.027961 0.156651 -0.096219 -0.130631 0.011792 0.007530 -0.012511 0.049882 -0.081294 0.005736 -0.010011 -0.007919 0.070640 0.006708 -0.043481 
-0.088368 0.012560 0.020600 0.144887 -0.111066 -0.024712 -0.069301 -0.009292 0.025947 0.136021 -0.182357 -0.079634 -0.003459 0.135000 -0.078676 0.095968 0.092414 0.100202 0.058654 -0.020321 0.099367 -0.024970 0.005584 -0.029516 -0.043774 -0.018521 -0.179856 0.206046 0.074529 0.030902 0.054245 0.109040 
0.163280 -0.043647 -0.031629 -0.005709 -0.027825 0.053857 -0.007240 0.031562 0.110126 0.163162 -0.093332 -0.128545 0.024122 -0.072496 0.023737 0.069357 -0.011742 0.084771 0.067830 0.098399 -0.119377 -0.082817 0.013310 -0.014243 -0.033257 0.169450 -0.035288 0.019920 -0.033859 -0.155530 0.059770 -0.010880 
-0.064317 -0.097125 0.055519 0.041528 0.014864 -0.020823 0.146151 0.130569 -0.140898 -0.155180 0.202965 0.157846 -0.007145 -0.007624 0.042612 -0.087420 -0.113662 -0.075363 0.049147 -0.130896 0.103689 -0.047061 0.050456 0.071683 0.182941 -0.159771 0.191174 -0.127548 -0.109047 0.043721 0.072280 0.051587 
0.260900 0.040016 0.132044 -0.269048 0.184095 0.016168 0.088216 0.033516 0.172410 0.295816 -0.205153 0.185821 -0.102835 0.078280 -0.094286 0.127852 
-0.204694 0.126670 0.107113 -0.059372 -0.290568 -0.221802 0.039233 0.032504 -0.022015 0.118305 -0.154236 0.256598 -0.228576 0.106760 -0.054212 -0.291042 
0.183525 -0.215415 -0.299600 0.055029 0.072884 -0.142620 -0.145656 -0.325036 0.114282 -0.194366 0.234964 -0.199836 0.167897 -0.186068 0.102201 -0.045502 
-0.235639 -0.208441 0.019888 -0.017014 -0.134809 0.064849 -0.105980 0.267107 0.188547 0.026689 0.137188 0.012029 -0.187488 0.040788 -0.181546 -0.276056 
-0.122551 0.046328 -0.162496 0.328349 0.110870 -0.247503 0.316029 -0.302260 -0.107844 0.145717 -0.072048 -0.169207 -0.055643 -0.393701 0.213487 -0.255512 
-0.100085 0.264299 0.086605 0.231968 0.052904 0.072051 0.197033 -0.097217 -0.020790 0.099623 -0.068575 0.064448 0.190463 -0.004601 0.181028 -0.133748 
-0.171097 0.157851 -0.169224 0.090983 0.173520 -0.186422 0.210796 -0.315258 0.105921 -0.158020 -0.044874 -0.236144 0.044143 -0.134963 0.082386 -0.131108 
0.085860 0.078234 -0.243408 0.143051 0.125636 0.226490 0.005000 -0.334711 -0.002784 -0.041823 0.222813 -0.218792 0.104425 -0.182015 0.021445 0.088143 
-0.269595 -0.043865 0.158510 -0.019256 -0.053445 0.155277 -0.135337 0.122508 0.185560 0.000918 -0.009847 0.277136 -0.280032 0.215927 -0.140854 -0.060696 
-0.144819 -0.021636 -0.073403 0.148655 -0.007749 0.232438 0.134142 0.172683 0.229081 0.037239 0.266247 0.318583 -0.164924 -0.035836 -0.078847 -0.069826 
0.144771 0.003559 -0.028160 0.014002 0.320208 0.025542 0.216336 -0.135940 -0.082102 -0.085447 0.059184 -0.196848 -0.073343 -0.383281 0.365380 -0.040954 
0.155233 0.065984 0.075607 -0.095791 -0.008145 -0.072584 0.215191 0.065044 -0.131354 0.194375 0.035034 -0.122689 -0.049986 -0.136231 0.164057 -0.163605 
0.004342 -0.194422 -0.094962 -0.007113 -0.260780 -0.011550 -0.159893 0.021179 -0.043692 -0.271632 0.108279 0.060169 -0.157376 0.137070 -0.290715 -0.170046 
-0.279670 -0.071325 -0.095958 -0.036954 -0.267265 -0.187821 -0.202034 -0.074053 -0.278846 -0.203930 -0.022526 -0.053111 -0.081908 0.049248 -0.025688 -0.145723 
0.131787 -0.042275 -0.221236 -0.062366 0.156193 -0.021286 -0.254438 -0.068872 0.069753 -0.013553 0.170866 -0.149510 -0.203805 0.108690 -0.074040 -0.091084 
-0.037356 -0.056108 0.096562 0.002060 -0.048024 0.102353 0.046860 0.207982 -0.249417 -0.109618 -0.109958 0.053387 0.039681 0.205808 -0.189832 -0.087901 
-0.022860 -0.005851 -0.094430 0.148395 0.245871 -0.038213 0.286038 -0.036012 0.261680 0.235940 0.100219 -0.055488 0.202154 -0.007064 0.020272 -0.103754 
-0.022653 0.165070 0.158221 -0.034507 0.067262 0.143777 0.218346 0.160520 0.144044 -0.096848 0.077786 0.089659 0.296997 0.089411 0.022195 0.065166 
0.044592 0.223989 -0.104688 0.159035 -0.035688 -0.111336 0.036891 -0.187407 0.295146 0.309932 -0.145413 0.188160 0.205275 -0.206188 0.188464 -0.111661 
-0.166318 0.053530 -0.127201 0.164424 -0.004752 0.134016 0.098963 -0.259525 0.086734 -0.269139 0.210405 0.013193 0.185506 -0.109022 -0.103981 0.004120 
-0.084085 -0.188449 -0.201984 -0.130397 -0.160277 -0.145271 -0.181352 -0.134444 -0.217779 -0.165577 0.154060 -0.153969 0.036521 0.167441 0.010904 0.142512 
-0.004811 -0.154130 0.002036 0.067790 -0.072064 -0.075760 0.080008 -0.266980 -0.245477 -0.271302 0.160490 -0.342806 0.130120 0.167935 0.058091 0.150048 
-0.021844 -0.004280 -0.210648 -0.012146 0.253011 0.196946 0.028179 -0.226455 0.040308 -0.077836 0.099156 0.053812 -0.078088 0.012480 0.165620 0.205280 
0.299114 -0.014300 0.014561 -0.179858 0.045721 -0.145919 -0.099140 -0.136777 -0.102560 -0.093759 -0.108519 -0.219761 -0.066227 0.137074 -0.132092 0.143392 
0.128408 -0.030817 -0.189727 -0.205633 -0.071259 -0.076654 -0.146051 -0.073696 -0.134562 0.115669 -0.122910 -0.072359 -0.010195 -0.151608 0.062330 0.170680 
0.031274 -0.199260 0.022535 -0.015352 -0.202377 0.217367 -0.041948 0.393990 -0.099665 0.158482 -0.081375 0.220169 0.052326 0.203789 -0.355438 -0.044299 
0.284264 -0.143070 0.003244 -0.289954 0.136736 -0.183281 -0.149233 -0.147963 0.116395 0.090712 0.048524 -0.057049 0.058711 -0.151803 -0.057267 0.227627 
-0.179238 -0.063908 -0.099940 -0.039081 -0.111263 0.183092 -0.034940 0.076777 0.214513 0.143920 0.136426 0.209403 -0.180351 0.235474 -0.270785 0.100087 
-0.333595 -0.005162 0.161863 0.253206 -0.034815 -0.079220 0.155455 0.146880 -0.057324 0.164211 -0.164004 0.313203 0.014184 0.019930 -0.013513 -0.281510 
0.020092 0.228383 0.192427 0.235731 0.104490 -0.251652 0.012653 0.079438 0.003431 0.011854 -0.176401 0.157714 0.180227 -0.025971 0.172830 -0.270458 
-0.207854 0.114930 0.235585 0.303998 -0.201019 0.018005 0.028980 -0.146002 -0.177672 -0.083914 -0.238674 -0.030059 0.071490 0.143527 0.066425 -0.279559 
0.026916 -0.308609 -0.199136 -0.180652 -0.178658 -0.068295 -0.269594 0.130609 -0.058502 -0.017890 0.052523 -0.026612 -0.250499 0.018066 -0.114219 -0.057185 
-0.383752 -0.158838 -0.677472 -0.347011 0.025912 -0.147749 0.028992 0.278220 -0.279401 -0.363643 -0.251160 -0.032779 -0.271246 -0.010936 0.063080 -0.112367 
-0.008953 -0.283857 -0.113473 0.157961 0.570193 0.115581 0.408685 0.027470 0.250735 0.036316 0.078995 -0.166733 -0.173695 0.075105 0.037604 -0.141634 
-0.060459 -0.223198 0.212816 -0.095631 0.377426 0.349175 0.262355 -0.174532 -0.194086 0.305780 0.286103 -0.180728 -0.024222 0.409259 -0.175384 -0.031282 
0.079177 -0.166359 0.502140 -0.012017 0.172880 -0.027194 0.029587 0.073929 0.535677 0.578335 0.139483 -0.383740 0.101159 -0.186457 -0.014463 -0.100698 
-0.149646 -0.397563 -0.337801 -0.180758 0.177874 0.018854 0.304518 0.257998 0.183981 -0.200564 -0.263273 -0.090084 -0.251675 -0.373014 0.105045 -0.436533 
0.237397 -0.121634 0.267588 -0.025772 -0.203487 -0.223544 -0.348581 -0.115472 -0.157388 -0.016621 -0.055555 -0.450198 0.256627 -0.117118 -0.366095 -0.173251 
0.017702 -0.475683 0.093789 0.106020 0.475734 0.187995 0.278388 0.142148 0.508774 0.148515 0.209335 -0.327351 -0.040529 -0.093845 0.103660 -0.391901 
0.347252 -0.213861 0.025158 0.205669 0.189945 0.165998 0.149575 -0.357835 -0.586843 0.030320 0.307492 -0.017582 0.200076 0.356083 -0.400510 0.373328 
0.292894 -0.521406 -0.193558 0.316106 -0.110880 -0.154346 0.125709 -0.078812 -0.193474 0.057763 -0.241760 -0.035512 0.234299 -0.248905 -0.285001 -0.204459 
0.072926 -0.472879 -0.371998 0.220326 0.450634 0.308978 0.631045 -0.094240 -0.377130 0.021426 0.104114 0.102841 -0.057125 -0.240664 -0.025406 0.138209 
0.064048 0.109204 0.093298 0.060995 -0.351668 -0.405023 -0.490200 -0.012869 0.169775 -0.112311 -0.294537 -0.100946 0.164992 -0.215351 -0.250654 -0.247582 
0.460906 -0.508973 0.070780 0.415593 0.148784 0.278755 0.310666 -0.394673 -0.407530 0.247948 0.085700 -0.225358 0.432471 0.308591 -0.263080 0.168105 
-0.155282 -0.249472 -0.226863 -0.096618 0.240847 -0.077957 0.058877 0.012853 0.196628 0.305926 0.171844 -0.147500 -0.380107 0.047676 0.100835 -0.384045 
0.198056 0.109306 0.232965 0.047913 -0.261108 0.124100 -0.212062 -0.283159 -0.283863 -0.016664 0.309448 -0.260345 0.011374 0.423314 -0.188322 0.364526 
-0.384029 -0.102338 0.007329 -0.102157 0.459803 0.049109 0.386521 0.326412 0.367878 -0.147946 -0.246055 0.284406 -0.170815 -0.209041 0.421345 -0.303389 
0.137727 0.144516 -0.480349 -0.309641 -0.156047 -0.209284 -0.251377 0.162866 -0.462098 -0.503255 -0.275413 -0.256714 -0.147073 0.001779 0.054905 -0.267211 
-0.241531 -0.363141 -0.104270 0.162488 -0.112461 -0.014694 0.122121 0.199260 0.110753 0.360928 -0.244109 -0.008560 0.019166 0.025858 0.183635 0.211231 0.173278 -0.216627 -0.273852 -0.167277 -0.163035 -0.072841 0.579098 0.055592 -0.199532 -0.423693 0.269737 -0.403338 -0.413332 0.452167 -0.110913 
-0.280450 -0.241705 -0.332723 0.107653 -0.239652 -0.364715 -0.298268 -0.158910 0.268558 -0.296403 0.668819 -0.314997 -0.025442 0.280122 0.203608 -0.310313 0.173278 -0.179819 0.130097 0.030582 0.155156 0.058204 -0.150793 0.288351 -0.132016 0.104849 -0.119492 -0.028888 0.179615 -0.122622 0.052372 
0.665164 0.254927 -0.298388 -0.718198 -0.268096 -0.583037 -0.475564 -0.231149 -0.374293 -0.095989 0.013548 -0.327388 0.794026 0.569028 0.021939 -0.391130 -0.216627 -0.179819 -0.041047 0.078174 0.361743 0.279467 0.219411 0.799955 0.020284 -0.197386 -0.068784 -0.186831 -0.146229 0.248468 0.068604 
0.217441 0.091099 -0.093915 0.364272 -0.075446 -0.231011 0.286213 0.260424 0.247528 -0.066254 -0.284170 -0.277346 -0.002421 -0.062079 -0.068989 -0.199327 -0.273852 0.130097 -0.041047 -0.279349 -0.150284 -0.030635 0.300693 -0.115606 -0.233143 -0.508713 0.412624 -0.282237 -0.368403 0.334210 0.003947 
0.145741 0.256743 -0.104695 0.398459 -0.039410 0.579885 0.011128 0.613774 -0.579645 -0.068239 -0.418091 0.099013 -0.212979 0.304580 0.242576 0.024767 -0.167277 0.030582 0.078174 -0.279349 -0.043631 0.132843 0.237280 -0.322870 0.043534 -0.136164 0.193509 -0.119004 -0.030711 0.090391 -0.034896 
0.156706 0.067804 0.422191 0.380012 -0.325845 -0.129438 0.054789 0.526734 0.040758 -0.147503 0.334643 0.313503 -0.099610 -0.127356 0.154623 -0.342918 -0.163035 0.155156 0.361743 -0.150284 -0.043631 0.120733 0.180006 -0.143910 -0.103116 -0.280012 0.402433 -0.051439 -0.204652 0.096531 0.247250 
0.083499 0.466596 0.457837 0.257953 0.185652 0.371347 -0.138892 0.469003 0.220583 -0.606352 0.037824 0.437507 -0.063725 -0.265788 -0.035294 -0.115216 -0.072841 0.058204 0.279467 -0.030635 0.132843 0.120733 0.148521 -0.198329 -0.008402 -0.193168 0.175309 -0.034136 -0.252913 0.122579 0.190147 
0.338299 0.171881 0.250145 -0.356529 -0.079736 -0.027552 -0.336673 -0.144350 -0.138385 -0.243657 -0.156767 -0.005511 0.074094 -0.297489 -0.335544 0.212439 0.579098 -0.150793 0.219411 0.300693 0.237280 0.180006 0.148521 -0.098594 0.335213 0.520060 -0.352138 0.492489 0.500751 -0.495363 0.289631 
0.493877 0.093229 -0.414397 -0.408836 -0.334640 -0.490184 -0.385122 0.258651 -0.662124 -0.161289 -0.017469 -0.499326 0.601830 0.616149 -0.125481 -0.394802 0.055592 0.288351 0.799955 -0.115606 -0.322870 -0.143910 -0.198329 -0.098594 -0.003613 0.036855 -0.184476 0.104809 0.229964 -0.091665 0.052342 
0.218968 0.391557 -0.470136 0.040853 -0.409431 0.028361 0.030133 0.161569 -0.576552 0.221933 -0.359169 -0.172949 0.196656 0.505914 0.073857 -0.312510 -0.199532 -0.132016 0.020284 -0.233143 0.043534 -0.103116 -0.008402 0.335213 -0.003613 -0.254145 0.094878 -0.290529 -0.099105 0.081233 -0.039706 
0.120990 0.137347 -0.156073 0.398577 -0.458205 0.294341 0.600267 0.164382 -0.041788 0.040235 0.125983 0.181307 0.072215 0.714140 0.471067 -0.294541 -0.423693 0.104849 -0.197386 -0.508713 -0.136164 -0.280012 -0.193168 0.520060 0.036855 -0.254145 0.231316 -0.439846 -0.408173 0.181612 -0.291542 
0.036170 0.038445 -0.055063 -0.337554 0.047087 -0.318554 -0.256305 -0.287751 0.594047 -0.763487 0.001955 0.298340 -0.312422 -0.363130 0.089519 -0.173055 0.269737 -0.119492 -0.068784 0.412624 0.193509 0.402433 0.175309 -0.352138 -0.184476 0.094878 0.231316 0.293140 0.197007 -0.226706 0.345774 
-0.034705 -0.422829 -0.228476 -0.212809 0.089827 -0.138014 -0.126090 0.228904 0.198816 0.269217 -0.145436 0.116331 -0.124727 0.293945 0.129426 -0.036204 -0.403338 -0.028888 -0.186831 -0.282237 -0.119004 -0.051439 -0.034136 0.492489 0.104809 -0.290529 -0.439846 0.293140 -0.245519 0.308237 -0.183913 
-0.321530 -0.354007 0.120212 0.427894 -0.365825 0.185327 0.711793 0.280756 -0.031346 0.303199 0.485675 0.769671 -0.401707 0.469303 0.663012 -0.124734 -0.413332 0.179615 -0.146229 -0.368403 -0.030711 -0.204652 -0.252913 0.500751 0.229964 -0.099105 -0.408173 0.197007 -0.245519 0.348032 -0.201007 
0.363427 0.605475 0.233909 -0.038718 -0.195891 -0.097277 -0.255286 -0.010096 0.099683 -0.349892 0.025049 -0.080890 0.127380 -0.172085 -0.229639 -0.341437 0.452167 -0.122622 0.248468 0.334210 0.090391 0.096531 0.122579 -0.495363 -0.091665 0.081233 0.181612 -0.226706 0.308237 0.348032 0.208763 
-0.146587 0.198837 0.251934 -0.007851 0.041129 -0.609324 0.169320 0.107549 0.643093 -0.431877 0.349731 0.029972 -0.211521 -0.004375 0.342131 -0.226102 -0.110913 0.052372 0.068604 0.003947 -0.034896 0.247250 0.190147 0.289631 0.052342 -0.039706 -0.291542 0.345774 -0.183913 -0.201007 0.208763 
-0.312877 -0.033607 -0.726684 -0.315569 0.378862 0.213347 -0.316316 -0.702170 0.020378 -0.769583 0.280667 -1.036780 0.196878 -0.399756 -0.434313 -0.086338 -0.223869 -0.002533 -0.639250 -0.387025 0.025563 0.389049 -0.101481 -0.221738 -0.448380 0.256426 -0.126631 0.411842 -0.743165 -0.789547 0.025698 -0.179245 
-0.485646 0.807906 -0.475850 0.305976 -0.448262 -0.633201 0.410860 0.580647 -0.416629 -0.031410 -0.769443 -0.215168 0.025136 0.211430 -0.275044 0.209863 -1.082774 0.066411 -0.574794 -0.321678 0.173538 0.547163 0.114411 -0.939981 -0.295347 -0.009607 0.449958 -0.303089 0.199563 -0.938767 0.323950 0.200498 
-0.126168 -0.240002 0.283909 -0.561703 0.184321 0.200674 -0.502730 0.000450 -0.656809 -0.344790 0.099965 -0.186818 0.404554 -0.212557 0.028324 -0.211544 0.088025 0.113943 -0.163815 -0.073205 -0.108650 -0.496776 -0.182943 0.268742 -0.079339 0.114284 -0.060996 -0.344679 -0.045411 -0.174956 -0.117657 -0.107303 
-0.279001 0.070920 0.156363 0.227920 0.095812 0.184218 0.040670 0.161233 -0.188860 0.066724 -0.403121 -0.318682 -0.076434 0.306532 -0.147850 0.397602 -0.766972 -0.138661 -0.731727 -0.109689 -0.528211 0.156288 -0.087684 0.325567 -0.331374 -0.425658 0.703414 0.015528 0.145546 0.129095 -0.206978 -0.034565 
-0.370224 -0.160496 0.113259 0.188951 -0.328997 -0.084235 -0.073814 0.519276 -0.445548 0.161228 -0.237429 0.443845 0.042910 0.204731 -0.135308 0.283284 -0.008912 -0.180235 0.032977 0.169986 -0.072588 -0.088294 -0.041447 0.317572 0.374718 -0.152011 0.309617 -0.490543 0.522071 -0.140380 -0.294277 0.345842 
-0.305965 0.436001 0.158901 0.479037 -0.738382 -0.336351 0.590588 0.881746 -0.280077 0.326098 -1.046972 0.787883 -0.099129 0.761002 0.216072 0.201359 -0.623749 0.029709 0.274611 -0.109891 0.277740 -0.222685 -0.427723 0.183487 0.381823 -0.017997 0.329852 -0.870206 0.774384 0.034322 0.259135 -0.107239 
0.119416 0.058391 -0.002488 -0.186176 0.054737 -0.018264 -0.366334 -0.298248 0.006469 -0.217625 0.137292 -0.518557 -0.157293 -0.068361 0.071984 0.367106 0.230755 -0.144722 -0.437977 0.156445 -0.336166 -0.216058 0.122996 0.452216 -0.517557 -0.101036 0.303857 -0.153842 -0.181497 0.077480 -0.173804 -0.169603 
-0.579176 0.022227 0.125356 -0.025706 -0.330335 0.357725 -0.070384 -0.189524 -0.524037 -0.315678 -0.390701 0.005516 0.817840 0.211281 0.565713 -0.357014 -0.401969 0.606043 -0.195943 -0.619497 0.927869 -0.343814 -0.669426 -0.517721 -0.387327 0.648919 -0.280776 -0.387062 -0.160828 -0.512131 0.349877 -0.163637 
0.547056 -0.266603 0.005590 -0.159213 0.293346 -0.059615 -0.203782 -0.008076 0.315809 0.165124 -0.020887 -0.127991 -0.733350 0.053870 -0.437052 0.268037 -0.025931 -0.502867 0.047065 0.540623 -0.335433 0.243958 0.655826 0.306047 0.144855 -0.605392 0.231868 -0.131697 -0.123575 0.251910 -0.605472 0.665361 
-0.338941 -0.329448 0.555703 -0.145778 -0.487909 -0.112825 -0.032889 -0.122366 -0.676180 -0.305760 0.149395 0.341776 0.818621 0.011482 0.960219 -0.231416 0.388602 0.438734 0.303857 -0.573302 0.573136 -0.198300 -0.637092 0.103900 0.133751 0.171285 -0.657204 0.191340 -0.077419 0.179443 0.683434 -0.398672 
0.810348 0.176552 -0.191105 -0.243531 0.624103 0.497154 -0.051713 0.117564 1.101426 0.268771 0.440391 -0.041266 -0.682286 0.225619 -0.690640 0.106026 -0.069623 0.141272 0.191518 0.587765 -0.573823 0.060264 0.492983 0.421813 0.256823 -0.270730 0.352880 0.016019 0.142226 0.685225 -0.436815 0.330310 
-0.119567 -0.587737 0.279629 -0.580427 -0.213318 0.402078 -0.441781 -0.054344 -0.263508 -0.260373 0.047976 0.056404 0.005914 -0.311124 0.272436 -0.271129 0.122364 0.258122 0.242546 -0.252137 -0.016465 -0.429834 -0.396141 0.773889 -0.083376 0.192104 -0.320406 -0.373735 -0.490197 0.119049 0.290796 0.053629 
0.278922 0.070657 -0.403672 0.480737 0.420934 -0.361498 0.293581 -0.456295 0.348958 0.074660 0.390203 -0.529615 0.440152 -0.400333 -0.363153 0.320337 -0.039759 -0.029798 -0.670199 0.332894 -0.479559 0.114607 0.369283 -0.460903 -0.140100 -0.299820 0.171092 0.643910 -0.040234 -0.288759 -0.361833 -0.330069 
-0.132909 0.083180 0.560259 0.222708 -0.332295 0.246577 0.214684 0.189578 0.217004 -0.029013 0.102176 0.280652 0.432041 -0.237238 0.536407 -0.701899 -0.051534 0.707514 0.474643 -0.344549 0.904061 -0.038359 -0.116779 -0.143153 0.261432 0.461234 -0.628763 0.055591 -0.170698 0.417921 0.510833 -0.605383 
-0.015788 -0.344994 0.259844 -0.626495 -0.148706 0.546093 -0.517652 -0.196099 0.075805 -0.159593 0.468067 -0.063216 -0.178355 -0.164941 -0.025730 -0.548355 0.427386 0.058819 0.148218 -0.168612 0.294411 -0.328719 0.008654 0.357536 0.003336 0.474907 -0.614883 0.099746 -0.581532 0.331512 0.216948 0.156009 
0.147581 -0.316487 -0.060839 0.152179 0.573575 -0.454437 0.152881 -0.194243 -0.637812 0.045200 0.181412 -0.122359 0.031600 -0.186251 -0.050225 0.573375 0.420387 -0.650100 -0.311632 0.072625 -0.587841 0.081426 0.321752 0.633337 0.150472 -0.493977 -0.145995 0.044353 -0.076507 0.090368 -0.395876 0.096336 
0.275317 0.182660 -0.090348 0.055524 0.417757 0.192333 -0.147723 0.245498 0.123012 -0.141928 -0.285222 -0.119211 0.047253 0.044482 -0.169046 0.043810 0.168596 -0.171905 -0.175319 -0.252629 0.029347 0.062275 -0.064983 0.043900 -0.021353 0.014626 -0.244083 -0.039681 -0.285859 -0.235116 0.022597 0.102292 -0.008058 -0.031954 0.181251 -0.007467 0.042179 -0.333992 0.104658 0.058170 -0.150021 0.400551 -0.289971 0.073962 0.137656 -0.136056 -0.157441 0.126818 0.184411 -0.086044 0.306256 0.104222 -0.197728 0.105553 -0.215182 0.240547 0.230117 0.106413 -0.004830 -0.126695 -0.094519 -0.225722 -0.099377 -0.120273 
0.190548 -0.114899 -0.111011 0.041476 0.043174 -0.052997 -0.089173 -0.004073 0.222697 -0.140136 -0.082431 -0.266174 0.118177 0.262842 0.265649 -0.000171 -0.088815 -0.185268 0.087284 -0.060000 -0.023466 0.248954 0.291386 0.016154 0.025597 0.199942 0.058329 -0.022430 -0.331054 0.057506 0.259303 -0.438435 0.056133 -0.139609 0.181121 -0.060822 0.314450 -0.035351 0.373070 -0.184086 -0.280737 0.083297 -0.279860 0.062200 -0.036603 -0.172608 -0.161470 0.070826 0.190860 -0.063046 0.028273 0.220523 0.113700 0.144523 -0.155365 -0.035210 0.192316 -0.045702 -0.079660 0.088202 0.100013 -0.385763 0.333291 -0.172072 
-0.297372 0.098450 0.156579 -0.155266 -0.101161 -0.137619 0.267467 -0.176816 -0.182681 0.006605 -0.048239 0.233914 -0.133117 -0.445602 -0.126286 -0.186002 0.132475 0.269171 -0.158156 0.171717 -0.188353 -0.221253 -0.102313 -0.179652 -0.293492 -0.335739 0.234822 -0.256387 0.001457 0.166651 -0.182346 0.390318 -0.213513 0.186569 0.011981 0.130741 -0.156941 0.186141 -0.374909 0.085445 -0.027800 -0.187564 0.123545 -0.101748 -0.264096 0.011107 0.175952 -0.139257 -0.259835 0.207162 -0.248545 -0.044152 0.299390 0.132572 0.237176 -0.254819 -0.025929 0.012177 -0.112485 -0.383703 0.450999 0.415188 -0.130608 -0.002732 
0.287950 0.120608 -0.236159 0.093984 0.170226 0.207807 -0.037164 -0.001800 0.061055 -0.152515 0.111870 -0.173791 0.232720 -0.125651 0.201113 -0.173223 -0.083997 -0.218039 0.099408 -0.334730 -0.022571 0.233753 0.100924 0.237986 0.082794 0.195289 0.152219 0.037706 -0.005604 -0.281407 0.134940 -0.117354 0.320572 -0.365785 -0.015243 0.032875 -0.020491 -0.085375 0.332979 -0.172389 0.004296 0.142157 -0.269186 0.085677 -0.117896 -0.246169 -0.002352 -0.193096 0.155741 -0.162292 -0.000671 0.096620 -0.162766 0.183410 -0.296181 0.123752 0.300849 0.141917 0.058942 -0.212236 0.333901 -0.048701 0.127070 0.098273 
0.623570 0.007908 -0.375042 -0.142038 0.234994 0.207057 -0.285504 0.303270 0.394684 -0.070849 -0.333266 -0.192063 0.075917 -0.084882 0.005256 -0.326763 0.180738 0.008211 -0.113029 0.060347 0.200527 0.101720 0.397980 0.321135 -0.062094 -0.101385 -0.314795 -0.120615 0.072516 -0.276089 0.263050 -0.115783 0.157062 -0.190461 -0.128967 -0.174406 0.289942 -0.491273 0.148096 -0.234007 -0.015554 0.631122 -0.158627 0.167441 0.097790 -0.180524 -0.105124 0.339852 0.117825 -0.354590 0.195643 0.405410 -0.287081 0.017052 -0.081140 0.371445 0.459044 0.152299 0.167096 0.057069 -0.276743 -0.097592 0.182397 -0.474180 
-0.071196 0.111260 0.228449 -0.166893 0.135794 -0.181736 -0.230262 -0.039274 -0.235849 0.209843 -0.113784 0.010765 -0.105078 0.048891 -0.134632 -0.074334 -0.016838 0.150513 0.206388 0.260410 0.198290 -0.225772 -0.034663 -0.139525 -0.047584 -0.126281 -0.142545 -0.134023 -0.063590 0.275518 -0.114929 0.209245 -0.125922 0.310632 0.168343 -0.104376 0.124997 -0.235051 -0.101792 0.274260 -0.032929 0.103907 0.086245 -0.122845 0.164700 0.208973 0.120283 0.072646 -0.120442 0.188108 -0.077742 0.179054 -0.012259 -0.203086 0.061224 -0.045067 -0.096188 0.034055 -0.128851 0.186208 -0.190009 0.190785 0.085886 -0.114222 
0.287812 0.055550 -0.074211 0.025078 0.135287 0.056904 0.176640 0.008899 0.078386 -0.042296 0.128782 -0.201285 0.070642 -0.162924 0.308180 0.021533 0.019491 -0.346337 -0.074315 -0.041260 -0.120290 0.191664 0.395805 0.234278 0.052021 -0.031301 0.156989 0.101911 -0.206900 -0.342115 0.226572 -0.142117 0.210125 -0.230464 0.088153 -0.074993 0.058216 -0.107881 0.340026 -0.047896 0.031700 -0.018568 -0.118750 0.099794 0.004878 -0.045257 -0.076675 -0.213557 0.125829 -0.104068 0.024042 0.134858 -0.103499 -0.004822 -0.008900 0.096519 0.075619 0.114291 -0.033852 -0.131507 0.167354 0.000514 -0.070522 0.202101 
-0.182848 0.028518 0.239385 -0.037236 0.280073 -0.022848 0.368086 -0.038539 -0.106718 0.218971 0.078096 0.044878 -0.130765 0.095722 0.338770 -0.159763 -0.184391 -0.100741 0.047306 0.092239 -0.337025 0.180348 -0.102985 -0.182346 -0.153127 0.311468 0.313402 0.025225 -0.014207 -0.019946 -0.060577 0.104299 -0.212434 0.182678 -0.137829 0.194642 -0.209333 -0.135566 0.052610 -0.051561 -0.314510 0.207362 -0.155608 0.047310 -0.034900 0.025510 -0.027569 -0.220478 -0.232279 -0.099147 -0.045808 -0.062699 0.044851 -0.234882 0.133888 -0.127586 -0.018892 -0.178710 -0.000924 -0.272462 0.360412 -0.013905 0.226900 0.179652 
0.391847 -0.012224 -0.008411 -0.095854 0.367372 0.045808 -0.090101 0.186082 0.268626 -0.134832 -0.693308 -0.022775 0.357561 0.198268 0.125231 0.001456 -0.024519 -0.067426 -0.027624 -0.194413 0.097033 0.128804 0.322472 0.172151 0.034690 -0.002397 -0.009261 0.068555 -0.250928 -0.141588 0.123107 -0.401459 0.255031 -0.166939 0.265952 -0.090372 0.295218 -0.616903 0.410275 0.122692 0.111945 0.597916 -0.111590 0.044650 0.168632 0.062589 0.229522 0.264206 0.247037 -0.098255 0.391451 0.475122 -0.093984 0.064986 -0.091044 0.484336 0.422132 -0.021545 0.067161 0.007455 -0.221578 -0.050954 0.307451 -0.157423 
-0.062000 -0.055327 -0.110307 0.079200 -0.028939 -0.203194 0.355128 0.099541 -0.049617 0.009091 0.012802 -0.079189 -0.002570 0.028888 0.043488 0.136415 -0.001785 -0.031967 -0.182051 0.059874 0.100363 -0.151225 0.092284 -0.250993 -0.194034 0.060495 0.113174 0.047390 0.135356 -0.152370 0.152480 -0.037209 0.037628 0.073295 0.115373 0.203532 -0.027067 0.045679 0.163709 -0.043934 0.285941 0.017296 0.044396 -0.022717 0.083883 -0.180517 -0.149766 -0.131080 -0.067875 -0.116184 -0.103377 -0.107559 0.052308 -0.128477 0.035683 0.079887 -0.123939 0.083654 -0.285232 -0.279412 0.317191 0.095918 0.209526 -0.036142 
0.460446 0.366513 -0.179625 0.017989 0.067496 0.252023 -0.296165 0.072073 0.343025 -0.167801 -0.083249 -0.096435 0.249091 0.013911 -0.068222 -0.105894 -0.063712 -0.318342 -0.028263 -0.085466 0.199684 0.128449 0.356566 0.112068 0.044120 0.245264 -0.337495 -0.009168 -0.077183 -0.581077 0.286534 -0.191097 0.288910 0.020926 0.054175 0.094815 0.103796 -0.159132 -0.027811 -0.078330 -0.026134 0.333010 -0.168864 -0.113098 0.138858 -0.100380 -0.115047 0.432300 0.320245 0.170243 0.548996 0.141479 -0.328722 0.022251 -0.176436 0.190269 0.206922 0.280584 0.087777 -0.216159 -0.323842 -0.273218 -0.069094 -0.290404 
0.028048 0.003875 -0.097528 -0.044496 0.044442 -0.095254 0.397295 -0.113246 -0.153380 0.156731 0.433296 0.133722 -0.028087 -0.425296 0.084819 0.220109 0.128700 0.270370 -0.440561 0.201460 -0.219074 -0.005968 -0.131030 -0.116803 -0.278710 -0.035723 0.333166 0.003473 0.442138 -0.124357 -0.066770 0.113263 0.054407 0.043464 0.012054 0.206397 -0.045120 0.234209 0.109125 0.011183 0.166793 -0.191808 -0.142362 -0.082854 -0.160491 -0.220290 0.262378 -0.285922 -0.028934 -0.288933 0.168994 -0.258493 -0.331876 -0.178077 0.365666 -0.128330 -0.079981 -0.137333 -0.056223 -0.157381 0.503699 -0.236567 -0.179137 0.134925 
0.375236 0.332912 -0.251471 -0.055366 0.206091 0.136170 0.008391 0.386543 0.338487 -0.245307 0.052358 -0.148317 0.033128 0.007826 -0.309362 -0.021811 0.150016 -0.270245 0.203650 -0.057922 0.080548 0.033890 0.122552 0.465432 -0.249670 0.012497 -0.174479 -0.213193 -0.150123 -0.363103 0.172628 0.183021 0.233769 -0.361381 0.021183 -0.127771 0.067970 -0.268406 -0.112931 -0.180149 0.254646 0.233284 -0.264265 0.023501 0.318591 -0.149205 0.043581 0.232844 0.239684 -0.078156 0.237725 0.402750 -0.432370 0.345399 -0.071019 0.207051 0.526417 0.120243 0.000415 -0.139849 -0.079927 -0.285658 -0.065610 -0.321633 
-0.255986 -0.144295 0.391890 0.074538 0.103360 -0.211195 0.416192 -0.159695 -0.258957 0.285105 0.129960 0.087252 -0.295737 -0.302541 0.192635 0.171151 -0.163541 -0.013719 0.037513 0.069327 -0.381553 -0.036498 -0.055587 -0.023646 -0.018486 -0.149011 0.316292 -0.194265 -0.010189 0.273724 0.015041 0.182726 0.053867 0.324201 -0.078012 0.317349 -0.322062 0.300668 0.127737 -0.037192 -0.006416 -0.331545 0.078383 0.019644 -0.272324 -0.132834 0.265511 -0.125084 -0.191075 -0.007373 -0.326884 -0.143907 0.481009 -0.200628 0.116709 -0.191611 -0.211280 -0.203971 -0.290216 -0.004560 0.512818 0.308462 0.082175 0.428564 
-0.296961 0.175396 0.319231 -0.126020 -0.086879 0.036858 0.392983 -0.115438 -0.170151 0.086680 0.185744 0.119606 0.003494 -0.375501 -0.195343 -0.135570 0.064306 0.123660 0.086190 0.138881 -0.112528 -0.342621 -0.212330 0.099074 -0.225471 -0.295787 0.078420 -0.077443 0.031418 -0.170783 -0.169537 0.414021 -0.135915 -0.048118 -0.293263 -0.016860 -0.098244 0.193159 -0.166705 0.102095 0.404097 -0.310279 0.115618 -0.045124 -0.205792 -0.070238 0.231701 -0.193926 -0.024422 0.146322 -0.128393 -0.267813 0.062844 -0.032268 -0.106366 -0.259861 -0.102782 -0.046413 -0.129506 -0.171582 0.391549 -0.008155 -0.303109 0.003308 
0.007304 0.009781 -0.303450 0.075790 0.169819 0.187572 0.116798 0.175378 0.377700 0.029776 0.269751 -0.111724 -0.070963 -0.013178 -0.110953 0.134559 0.224993 -0.044057 -0.222268 -0.096901 0.000892 0.029449 0.088524 0.300928 0.311087 0.065745 0.001234 0.212159 -0.042558 0.057036 0.007682 0.014087 0.197848 -0.099727 -0.019028 -0.033740 0.199467 -0.015759 -0.052390 0.078751 -0.170053 -0.076937 -0.466594 0.090580 0.266495 -0.073238 -0.300538 0.015859 -0.064091 -0.246851 0.010994 0.093022 -0.136262 -0.061099 -0.010867 -0.100124 0.138278 0.022331 0.115915 0.155274 0.112340 -0.197748 0.035304 -0.125792 
-0.233598 0.229666 0.407983 -0.264973 -0.369953 0.066548 0.142529 -0.123523 -0.264575 0.119915 0.217897 0.040166 -0.055187 -0.301513 -0.231893 0.106231 0.062473 0.166995 -0.073405 0.171855 0.131096 -0.410912 0.158667 0.050315 -0.331802 -0.440902 -0.030303 -0.083783 0.275104 -0.107503 -0.136198 0.361351 -0.321963 -0.134348 -0.045197 -0.009222 0.009045 0.251713 -0.264230 -0.039930 0.386228 -0.075131 0.460140 0.055846 -0.001016 0.228009 0.133521 -0.025503 -0.100395 0.010906 -0.028371 -0.038791 -0.107168 -0.078033 0.103597 -0.085631 -0.177521 -0.234442 -0.178582 -0.202688 -0.059665 0.280006 -0.421057 -0.112968 
-0.058075 -0.035990 0.207261 0.028215 0.165172 0.091279 -0.279587 0.041152 0.007510 0.099970 -0.421381 -0.023948 -0.037917 0.346202 -0.052570 -0.073381 -0.094747 -0.105414 0.127858 -0.009058 0.113382 0.019300 0.103419 -0.168889 -0.023811 -0.240856 -0.158326 -0.215693 -0.170178 -0.010856 0.023144 -0.134938 -0.132760 0.249110 0.094547 -0.217368 0.030855 -0.109959 -0.034183 -0.142122 0.070175 0.383613 0.068169 -0.037642 0.127104 0.156342 0.037931 0.409955 0.251646 0.154266 -0.121870 0.061124 0.222637 -0.016904 -0.090610 0.379368 0.279970 0.037418 -0.032352 0.160985 -0.013411 0.114585 0.061965 -0.163379 
-0.118954 0.146386 0.430213 -0.205405 0.028152 -0.201152 0.209752 -0.294597 -0.468761 0.145997 0.046521 0.112613 -0.059235 -0.294448 0.121272 0.005620 -0.234716 0.188869 -0.012522 0.073970 0.002418 -0.005048 -0.159543 -0.140317 -0.104380 -0.324419 0.004986 0.132269 0.150182 0.034566 0.059697 0.058037 -0.228501 0.122056 -0.038292 -0.209672 -0.006585 0.008078 -0.214663 0.211302 0.412704 -0.181834 0.438103 -0.094294 -0.289956 0.083132 0.161423 -0.033555 -0.150312 0.075026 0.083593 -0.074959 0.307566 -0.036140 -0.046885 0.026591 -0.093882 -0.040569 -0.050461 -0.053137 0.067609 0.304463 -0.290991 0.073581 
0.041726 0.110751 -0.180430 0.015766 -0.103461 -0.075001 -0.188371 0.174712 0.125366 -0.048296 -0.086013 -0.060851 -0.051460 0.074128 -0.138861 -0.087528 0.166444 -0.195321 -0.056680 0.065388 0.315669 0.003225 0.034263 0.217247 0.254884 0.024596 0.020576 0.103351 -0.112355 -0.051135 0.243865 0.007519 0.155878 -0.230464 -0.056730 0.025597 0.284961 -0.021439 -0.017263 -0.136693 -0.051853 0.005585 -0.017673 0.132047 0.114726 -0.164415 -0.131915 -0.183666 -0.102459 -0.126599 0.106054 -0.018038 -0.076214 0.100700 -0.127698 0.067184 -0.002371 0.171702 0.012953 0.042822 -0.218341 -0.004697 -0.223273 0.004142 
0.288093 0.193790 0.129340 -0.268207 0.312560 0.204851 0.096853 -0.196400 -0.062411 -0.217803 -0.189536 0.196689 -0.008045 -0.120289 -0.079128 0.142249 0.118365 0.059733 0.417855 0.118627 0.028624 0.185990 0.282505 0.025534 0.018516 0.038376 -0.479270 0.174326 -0.129463 -0.237588 0.159178 -0.084059 0.132154 0.424736 0.081614 -0.357562 0.015951 -0.005049 0.040175 0.027264 0.113529 0.138630 -0.088070 -0.158064 -0.339688 0.131541 0.076607 0.115200 0.102565 0.547634 0.393867 0.186055 0.123330 0.064421 -0.115366 0.201444 0.077775 0.264577 -0.131164 -0.194156 -0.158350 0.064014 -0.061351 0.141301 
0.351066 0.130377 -0.246777 0.116466 0.245640 -0.082034 0.191753 -0.126602 0.061223 -0.024092 0.072697 -0.114164 0.053002 0.177777 0.168795 0.247614 0.038646 -0.206089 0.075843 -0.133602 -0.026088 0.180337 0.402105 0.250398 0.148816 0.148669 0.141124 0.181369 -0.207448 -0.201287 0.218611 -0.362216 0.153581 -0.206731 0.352640 -0.111858 0.143138 0.132674 0.299498 -0.005343 -0.069984 -0.275842 -0.359050 0.178909 0.118601 0.118398 0.079096 -0.126119 0.159529 -0.178601 0.011001 -0.146387 0.013888 -0.068768 -0.008014 -0.028166 0.146861 0.252821 0.319021 0.196177 -0.250068 -0.230531 0.239639 0.007629 
0.190140 0.131445 -0.168661 0.177422 0.187275 -0.052605 -0.035878 -0.073471 0.080044 -0.139746 -0.216512 -0.018145 0.159790 0.089585 -0.072036 0.032681 -0.074828 -0.194769 -0.129422 -0.196390 0.091449 0.158477 0.186362 0.200841 0.075969 0.131924 -0.126143 0.182034 0.004663 -0.223870 0.055883 -0.223869 0.123038 -0.060192 0.145664 0.024142 0.328961 0.034868 0.237866 -0.147759 -0.012407 0.118515 -0.107554 0.070443 0.097237 -0.095171 -0.050735 0.011272 0.112745 -0.275759 0.146463 -0.000435 -0.171620 0.117626 0.096403 0.186025 0.159843 0.130818 0.134209 0.020611 -0.211488 -0.211163 0.098089 -0.029070 
-0.522049 -0.231991 0.125363 -0.094670 -0.449426 -0.366688 0.247222 -0.131097 -0.281116 0.045521 0.637021 0.068002 -0.143684 -0.211848 0.098685 0.008475 0.062398 0.321802 -0.201762 0.069111 -0.421447 -0.244944 -0.647579 -0.176636 -0.136411 0.018817 0.548035 -0.305352 0.453743 0.247975 -0.127705 0.120260 -0.157910 0.023294 -0.199278 0.235114 -0.408653 0.395880 -0.200511 0.158497 -0.006958 -0.568653 0.126743 0.163623 -0.119061 -0.076005 -0.072279 -0.493845 -0.530482 -0.057934 -0.288266 -0.450397 0.094418 -0.079352 0.464553 -0.679225 -0.728416 -0.286506 -0.279968 -0.072886 0.403751 0.364834 0.029306 0.477210 
0.191836 0.153683 0.079552 0.062566 -0.011955 0.135174 0.319501 -0.012708 -0.152424 0.045140 0.110184 -0.057917 -0.125392 -0.207726 0.274213 0.007667 -0.049829 -0.170583 -0.012951 -0.166649 -0.271811 0.137974 0.005610 0.053615 0.028430 0.061778 0.069662 0.113890 -0.191127 -0.277272 0.134031 -0.146784 0.209671 -0.080614 -0.237240 0.205435 -0.188483 0.080375 0.092252 -0.091603 -0.016779 -0.050125 0.101158 -0.187702 -0.078235 -0.008859 -0.049668 -0.108685 -0.125903 -0.076748 0.243500 -0.113421 0.256326 -0.110839 -0.014621 -0.165412 0.041587 0.007194 0.060815 -0.055638 0.166332 -0.032699 -0.347955 -0.056837 
0.078885 -0.061946 0.221482 -0.038574 0.153311 0.050943 0.090361 0.015511 0.039645 0.226911 -0.258767 0.077358 0.096276 0.270029 0.122966 0.096152 -0.104751 0.107084 0.089327 -0.062405 0.133579 0.038611 -0.050369 -0.111179 -0.233877 0.031646 -0.167317 -0.146647 -0.126743 0.004296 -0.064608 0.026769 -0.092524 0.313005 -0.122170 -0.119533 -0.081526 -0.340351 0.108624 -0.092293 0.189453 0.236186 0.244735 -0.085888 -0.066778 0.120875 0.170237 0.292223 0.017759 0.234715 0.026092 -0.083074 0.038983 0.060013 -0.017901 0.250476 0.130239 0.067189 -0.024897 0.103110 -0.145388 0.018017 0.079340 -0.217116 
-0.240494 -0.262225 -0.333804 0.160495 -0.010726 0.000952 0.000506 -0.072044 0.180825 0.009943 -0.241920 -0.119380 -0.097134 -0.005667 0.132114 -0.193071 -0.076134 0.022667 -0.259563 0.116131 0.116238 0.093067 -0.212556 -0.066288 0.016172 0.067700 0.068859 -0.094873 0.009119 0.294619 -0.228446 -0.015639 -0.163377 -0.377375 -0.133775 0.151526 0.020393 0.176681 -0.068049 -0.173306 0.020515 -0.296920 -0.147373 0.199493 0.325122 -0.047070 -0.039927 -0.012124 -0.222658 -0.175271 -0.271091 0.074534 0.038701 0.033514 0.177289 -0.098406 0.125406 -0.242383 0.118128 0.219636 0.201153 0.069311 0.061380 0.061940 
0.192402 0.173002 -0.115976 -0.166911 0.067193 0.218247 0.123042 0.056269 0.285450 -0.460961 -0.129672 -0.168435 0.193926 -0.032529 0.052146 0.130360 0.068625 -0.514104 0.005990 -0.183563 0.135326 -0.012033 0.586593 0.183257 -0.017290 0.113491 -0.211786 0.229262 -0.239035 -0.451155 0.297266 -0.149714 0.276988 -0.311505 0.067963 -0.311765 0.190978 0.000531 0.298034 -0.008842 0.125102 0.051176 -0.183465 -0.208519 -0.029384 0.038994 0.128586 -0.012439 0.344092 -0.171966 0.347377 -0.013372 -0.353521 0.067537 -0.300852 0.078932 0.214922 0.217139 0.016724 -0.137175 -0.198138 -0.089785 -0.202571 -0.285130 
-0.014750 0.105381 0.015479 0.098330 -0.186271 -0.177959 0.134379 0.099196 0.059657 0.148714 0.029010 -0.096463 -0.022739 0.016689 0.188761 -0.180223 -0.009516 -0.009356 -0.102420 0.138099 0.148332 -0.178396 -0.004219 -0.012506 -0.129644 -0.185022 0.056812 0.048646 0.044152 0.079451 -0.016929 -0.227752 -0.012646 -0.063318 -0.270891 0.168491 0.010157 -0.136611 -0.141042 -0.173543 -0.005073 0.233660 0.017513 0.044949 0.002575 -0.083252 0.009344 0.185660 0.106483 -0.266649 -0.102885 0.059976 0.082946 -0.145361 0.000945 -0.096224 0.196049 -0.120903 -0.268810 -0.196176 0.288119 0.033942 0.170778 -0.174969 
-0.144160 0.014067 0.294572 0.044624 -0.313880 0.049007 0.103778 -0.378686 -0.221405 0.209123 0.225448 -0.142088 -0.083064 -0.476858 0.185191 0.022144 -0.009294 0.216553 -0.166493 -0.034779 -0.105720 -0.096666 -0.367534 -0.158283 -0.427232 -0.121986 0.361644 -0.263247 0.163294 0.002452 -0.123806 -0.049557 0.010607 0.024791 -0.133909 0.382319 -0.214693 0.150220 0.071757 -0.052452 -0.003132 -0.288898 0.059360 -0.072513 -0.114142 0.121978 0.274360 -0.439709 -0.380109 0.046954 -0.158950 -0.091546 0.056936 -0.087824 0.296771 -0.258612 -0.515616 -0.201715 -0.168077 -0.183753 0.429673 0.473561 -0.157390 0.341631 
-0.154598 0.130723 0.447044 -0.141952 -0.344828 -0.030245 0.219608 -0.302874 -0.382093 0.189615 0.025439 0.177289 -0.077267 -0.088633 0.272303 0.193845 0.003714 -0.037822 0.233686 0.028119 -0.058609 -0.258350 0.145224 -0.077972 -0.081599 -0.134047 -0.121555 -0.058461 0.015048 0.168787 -0.234652 0.112495 -0.165192 0.412116 -0.204601 0.035982 -0.139007 0.275124 0.099378 0.099810 0.056486 -0.215200 0.296937 -0.382983 -0.261665 0.021400 0.312072 0.039826 0.006377 0.200411 -0.155884 -0.387926 0.323160 -0.184069 0.084796 -0.066118 -0.233479 -0.335960 -0.050573 -0.258394 0.284011 -0.050837 0.117641 0.171631 
-0.324804 -0.143586 -0.159317 0.305346 0.021470 -0.155035 0.001879 -0.172629 -0.033843 0.246289 -0.058242 0.141150 -0.128864 0.136627 -0.148880 0.091179 -0.167421 0.222129 -0.192734 0.261375 -0.057454 0.008675 -0.319453 -0.296113 0.107442 0.073175 0.109027 -0.073089 0.040812 0.062899 -0.251913 0.056449 0.057271 0.127867 -0.010183 0.114779 0.059337 0.163005 -0.043688 -0.021644 -0.109061 -0.182857 -0.120512 0.038565 -0.019873 -0.062156 -0.006919 -0.174423 -0.034731 -0.235293 -0.147216 0.015937 0.062702 0.005147 0.076479 -0.203158 -0.322355 -0.145348 0.067151 0.219807 0.127257 0.118271 0.035520 0.147698 
-0.356402 0.039155 0.920273 0.893062 -0.292727 0.118127 0.559664 1.188101 
0.101111 -0.341160 -0.125744 -0.539254 -0.098217 -0.160051 0.543883 0.078142 
0.262673 -1.328620 0.416181 0.812979 0.161385 0.109070 -0.533042 -0.130402 
0.217842 0.573861 0.576790 0.318938 -0.369870 0.272675 0.371154 0.244867 
0.299486 0.795600 -0.600497 -0.692384 -0.080812 -0.141873 -0.330681 0.472773 
0.365237 0.389857 -0.541584 -0.699213 0.296626 -0.267500 -0.196439 -0.234901 
0.738594 0.911794 0.120703 -1.299398 1.016855 -0.647699 -0.599790 0.883911 
-0.089180 0.164640 0.945546 0.193324 -0.078845 0.179465 -0.233161 -0.227248 
-0.627634 0.259366 1.379159 -0.825341 0.650597 -0.390077 -0.718703 0.190057 
-0.255139 -0.062253 0.827929 0.674761 -0.395932 -0.062237 0.507752 0.699468 
0.189908 -0.279967 -0.162428 -1.681230 0.629908 -0.144707 -0.282460 -0.371426 
0.538448 0.342286 0.066755 0.128660 -0.565354 0.161700 0.316574 0.626666 
-0.023148 -0.118759 0.654696 -0.026168 0.801025 -0.537697 0.513554 0.302039 
0.435447 0.141383 0.566893 0.740082 -0.126945 1.273624 -0.281710 0.211022 
-0.077375 -0.666996 -0.279920 0.537537 0.220075 0.161211 0.068412 -0.146274 
1.032853 0.829904 -0.084224 -0.254532 0.065145 0.278601 0.155874 0.925138 
0.062933 0.038941 0.824282 -0.218196 0.373543 -0.372637 0.538244 -0.385250 
-0.921956 -0.264454 1.385196 0.296993 0.034583 -0.027651 -0.088550 0.434440 
1.153703 0.754238 -1.212505 -0.072107 -0.332598 1.138801 0.042160 -0.496155 
-0.268988 0.282629 0.650417 0.487242 0.394122 0.436993 -0.061834 -0.092222 
-0.174750 -0.238078 0.262437 0.830976 -0.105439 0.121952 0.503506 -0.225030 
0.514215 0.406214 -0.686108 -0.604690 0.014076 0.124704 -0.218213 0.038332 
-0.246496 -0.514965 -0.184694 0.569235 1.033524 0.027303 0.238552 -0.074078 
1.069164 0.420493 -1.069693 -0.542620 -0.295952 0.050631 -0.229648 -0.788994 
-0.072474 0.447003 -0.918943 0.111063 -0.590104 1.115321 -0.160121 -0.038875 
-0.113058 -0.270987 -0.657132 -0.704318 0.028696 0.534435 -0.699100 -0.398101 
0.211436 0.604343 0.699581 0.598122 -0.700485 0.281079 0.663894 0.381401 
-0.426772 0.375141 0.019538 0.142780 0.321893 0.659019 0.452356 0.315351 
-0.238240 0.170840 1.368373 -0.000581 0.271013 -0.289619 0.384353 0.471043 
0.042002 0.181966 -0.335533 0.891368 -0.057088 0.272116 -0.586920 -0.868863 
0.145927 -0.510585 -0.560285 -0.471889 -0.050985 -0.294411 0.347138 0.191323 
0.794960 1.112285 0.063035 -0.344962 -0.788496 -0.060880 0.242291 0.012954 
-0.094787 -0.557722 -0.555462 -0.503846 -0.214417 -0.260703 0.321711 -0.022572 
0.945698 0.557019 0.017659 -0.561535 -0.208607 0.329576 -0.589120 1.450068 
0.347779 0.262266 0.160211 -0.342277 0.215474 -0.479147 0.120464 1.081174 
-0.765265 -0.298869 0.906651 0.447680 -0.629822 -0.577297 0.351495 0.712913 
-0.081206 -0.194340 0.273479 0.425910 -0.006559 -0.223128 0.483331 0.486720 
0.410482 -0.030765 -0.997175 -1.047067 0.627774 0.131235 0.097807 -0.440872 
0.391126 -0.518573 -0.359208 -0.304978 0.402401 -0.546309 -0.270006 0.460156 
-0.150305 0.754264 0.147347 -0.527089 0.296689 -0.022964 -0.051909 0.733208 
0.261771 0.099695 -0.005694 0.706198 0.714727 -0.117081 0.604428 -0.207952 
-0.182483 0.244655 1.240285 1.579669 -0.778701 0.109240 -0.207825 0.320677 
0.102086 -0.523803 0.386731 0.980551 0.326574 0.387437 0.289251 -0.149189 
-0.640823 0.532339 0.564311 -0.294174 0.416759 -0.128619 -0.167331 -0.265369 
-0.183687 -0.379464 0.645994 0.468154 -0.363741 -0.465361 -0.134531 -0.419268 
-0.072766 0.325582 -0.187013 1.111917 -0.611922 0.677661 0.529932 0.591420 
0.801251 0.080697 -0.004092 -0.053596 0.476807 -0.596203 -0.159389 0.645689 
-0.163532 -0.492054 1.000397 0.733761 0.357701 0.205780 -0.415294 -0.122560 
0.018964 -0.489522 0.283137 0.602087 0.590653 0.342176 -0.159078 -0.299797 
0.636434 0.324463 -1.228821 0.307744 -0.630191 1.277529 -0.078301 -0.371092 
0.123356 -0.301794 -0.018527 -0.833549 -0.436344 -0.246935 0.413348 1.242156 
-0.344940 -0.061252 0.933920 0.523506 -0.054185 -0.132408 -0.354544 0.280154 
-0.254149 -0.835815 -0.672948 0.561918 -0.353389 0.335219 -0.472014 -0.463422 
0.397374 0.893071 -0.337652 -0.001713 -0.738997 0.027104 0.842580 0.688724 
-0.923439 -0.528685 1.148946 0.319111 -0.060804 -0.180241 -0.083944 0.431364 
0.042708 -0.531921 0.145691 1.270441 0.009580 0.369143 0.092588 -0.035810 
0.546445 1.531491 -0.907485 -0.275561 -0.323643 -0.436576 -0.382588 0.521004 
0.121922 -0.716466 -0.704880 -0.010136 -0.486554 0.051436 0.192528 -0.171857 
0.129388 0.963178 -0.615943 -0.366355 -0.485336 0.100529 0.606556 0.486891 
0.388431 1.071619 0.199607 0.641331 -0.509609 1.007026 -0.080479 0.455273 
0.071467 0.606194 -0.373969 -0.801162 -0.099867 -0.358707 -0.165846 0.116779 
0.055893 -0.251031 -0.392139 1.575752 -1.434866 0.148994 0.339891 0.204731 
0.657453 0.635852 1.374709 -0.341115 0.988627 0.299115 -0.563890 0.147095 
-0.010573 0.405231 -0.438634 -0.358929 -0.440871 -0.152693 0.321103 0.628733 









0.000000 
0.000000 
0.000000 
0.000000 
0.000000 
0.000000 
0.000000 
0.000000 
-0.018323 
-0.306353 
-0.046172 
0.091493 
0.054999 
0.066947 
0.158622 
-0.207340 
-0.125648 
-0.243609 
-0.060614 
0.157016 
-0.230808 
0.143672 
0.212540 
-0.053514 
0.039181 
0.338503 
-0.244172 
0.344350 
0.141641 
0.052511 
0.258183 
0.068469 
0.074741 
0.260284 
0.371940 
0.382379 
-0.270891 
0.006189 
0.030258 
-0.015640 
-0.223364 
-0.034356 
-0.218564 
0.203274 
0.351405 
0.072307 
0.133232 
0.017464 
0.144798 
-0.341012 
-0.462277 
0.474803 
-0.048168 
-0.577823 
-0.101350 
0.123301 
0.081234 
0.218223 
0.139948 
-0.065049 
0.000625 
-0.187275 
0.294151 
-0.322018 
-0.004152 
0.336971 
-0.324833 
-0.224089 
0.363572 
0.094703 
0.231673 
0.096441 
0.145710 
-0.170253 
0.148908 
-0.082601 
0.059039 
-0.145457 
-0.065084 
-0.036820 
-0.020065 
-0.095896 
0.093689 
0.009896 
-0.097069 
-0.093796 
0.193787 
-0.035949 
-0.084028 
-0.004828 
-0.042021 
-0.203452 
0.040285 
-0.169635 
0.023303 
0.095416 
0.213009 
0.067179 
0.268906 
0.022958 
-0.201656 
0.063201 
-0.265979 
0.046744 
0.561479 
0.015873 
-0.173063 
-0.448300 
0.205133 
-0.361828 
-0.304903 
-0.130165 
0.039549 
0.234309 
-0.148891 
-0.139745 
0.121008 
-0.309612 
0.198056 
0.114320 
0.119143 
-0.009451 
-0.420957 
-0.113067 
0.233529 
-0.041656 
-0.100998 
0.015158 
-0.764478 
-0.117984 
-0.249355 
0.512644 
0.059636 
0.198541 
-0.070093 
0.010031 
-0.683918 
-0.183287 
-0.481377 
0.390337 
-0.030322 
0.425157 
0.441040 
-0.388570 
0.408968 
0.435246 
-0.185985 
0.033741 
-1.108484 
-0.330927 
0.022578 
0.242518 
-0.464225 
0.152979 
-0.275244 
-0.046855 
-0.460498 
-0.213110 
0.216718 
-0.269485 
0.048394 
0.235787 
-0.238182 
0.165518 
-0.585912 
0.531268 
-0.291272 
-0.014772 
0.111688 
-0.410957 
0.163574 
-0.005012 
-0.264690 
0.536017 
0.243541 
0.550345 
0.205115 
-0.327740 
0.353925 
0.189079 
-0.080191 
0.249456 
0.415043 
0.103561 
-0.150191 
-0.357387 
0.122164 
-0.000404 
-0.463526 
-0.425111 
0.721861 
-0.265462 
-0.397717 
0.402218 
0.547396 
-0.153919 
0.185701 
-0.207545 
0.359885 
0.122850 
0.051552 
0.220696 
-0.273070 
0.455933 
-0.157944 
-0.294642 
0.216179 
-0.548172 
-0.142667 
-0.131524 
0.375384 
0.143379 
0.545686 
0.385747 
-0.243739 
-0.294681 
-0.407138 
-0.063476 
0.214420 
0.349682 
0.147862 
0.612296 
-0.002484 
0.140038 
0.415723 
-0.818797 
0.414763 
0.104625 
-0.179176 
0.162327 
0.382344 
-0.410497 
-0.111463 
-0.287013 
-0.442567 
-0.337361 
-0.074942 
-0.106124 
0.286397 
-0.113256 
-0.670835 
-0.393813 
-0.303388 
0.030132 
0.073630 
0.168733 
0.335068 
0.101815 
-0.135857 
0.054877 
0.125293 
1.285669 
1.083572 
0.443091 
0.227605 
-0.070867 
3.771000 1.557942 0.949705 
