*************************************************************************************************************************************
|      ITER |        MB |        LE |        VM |       BVM |        IF |        IB |       MAW |       MAB |        LR |        ET | Fri Feb 16 22:18:55 2024 
-------------------------------------------------------------------------------------------------------------------------------------
|         1 |        37 |  9.72E-01 |  0.938514 |  0.938514 |     18.51 |     17.68 |  0.101728 |  0.258254 |  1.00E-02 |      0.16 | 
|         1 |        74 |  7.53E-01 |  0.937026 |  0.938514 |     25.66 |     25.97 |  0.091028 |  0.082825 |  1.00E-02 |      0.68 | 
|         1 |       111 |  6.59E-01 |  0.926927 |  0.938514 |     23.81 |     23.85 |  0.410853 |  1.221693 |  1.00E-02 |      1.12 | 
|         1 |       148 |  5.50E-01 |  0.936228 |  0.938514 |     23.89 |     23.81 |  0.179549 |  0.209817 |  9.99E-03 |      1.57 | 
|         1 |       185 |  4.96E-01 |  0.903141 |  0.938514 |     24.16 |     23.97 |  1.185965 |  1.811901 |  9.99E-03 |      2.10 | 
|         1 |       222 |  4.51E-01 |  0.944557 |  0.944557 |     26.59 |     26.34 |  0.155509 |  0.238294 |  9.98E-03 |      2.72 | 
|         1 |       259 |  4.01E-01 |  0.942031 |  0.944557 |     27.09 |     26.66 |  0.309778 |  0.439416 |  9.98E-03 |      3.32 | 
|         1 |       296 |  3.64E-01 |  0.940024 |  0.944557 |     27.47 |     26.83 |  0.318007 |  0.318633 |  9.97E-03 |      3.88 | 
|         1 |       333 |  3.32E-01 |  0.938078 |  0.944557 |     27.66 |     26.69 |  0.088831 |  0.139272 |  9.96E-03 |      4.42 | 
|         1 |       370 |  3.11E-01 |  0.946525 |  0.946525 |     27.98 |     26.79 |  0.140032 |  0.153673 |  9.95E-03 |      4.97 | 
|         1 |       407 |  2.95E-01 |  0.947299 |  0.947299 |     28.10 |     26.77 |  0.330672 |  0.307343 |  9.94E-03 |      5.53 | 
|         2 |        37 |  1.94E-01 |  0.940114 |  0.947299 |     30.59 |     27.84 |  0.185777 |  0.118176 |  9.93E-03 |      5.75 | 
|         2 |        74 |  1.35E-01 |  0.939709 |  0.947299 |     28.07 |     25.55 |  0.072530 |  0.086387 |  9.92E-03 |      6.30 | 
|         2 |       111 |  1.23E-01 |  0.941994 |  0.947299 |     27.06 |     24.46 |  0.108575 |  0.084764 |  9.91E-03 |      6.78 | 
|         2 |       148 |  1.09E-01 |  0.938849 |  0.947299 |     26.59 |     23.99 |  0.184989 |  0.146316 |  9.90E-03 |      7.28 | 
|         2 |       185 |  1.00E-01 |  0.933766 |  0.947299 |     26.52 |     23.91 |  0.160575 |  0.117951 |  9.88E-03 |      7.78 | 
|         2 |       222 |  9.26E-02 |  0.934703 |  0.947299 |     26.36 |     23.68 |  0.208235 |  0.161880 |  9.87E-03 |      8.28 | 
|         2 |       259 |  8.57E-02 |  0.935223 |  0.947299 |     26.24 |     23.58 |  0.153470 |  0.173742 |  9.85E-03 |      8.79 | 
|         2 |       296 |  8.02E-02 |  0.937990 |  0.947299 |     26.21 |     23.52 |  0.132406 |  0.147502 |  9.84E-03 |      9.30 | 
|         2 |       333 |  8.19E-02 |  0.936599 |  0.947299 |     26.23 |     23.57 |  0.154485 |  0.118799 |  9.82E-03 |      9.82 | 
|         2 |       370 |  7.80E-02 |  0.936965 |  0.947299 |     26.17 |     23.51 |  0.066839 |  0.051194 |  9.80E-03 |     10.33 | 
|         2 |       407 |  7.47E-02 |  0.929689 |  0.947299 |     26.11 |     23.42 |  0.195766 |  0.172652 |  9.78E-03 |     10.84 | 
|         3 |        37 |  4.64E-02 |  0.931783 |  0.947299 |     26.03 |     22.73 |  0.150891 |  0.134248 |  9.76E-03 |     11.04 | 
|         3 |        74 |  4.19E-02 |  0.938626 |  0.947299 |     25.78 |     22.73 |  0.222632 |  0.179687 |  9.74E-03 |     11.58 | 
|         3 |       111 |  4.12E-02 |  0.927141 |  0.947299 |     25.59 |     22.52 |  0.163713 |  0.135049 |  9.72E-03 |     12.09 | 
|         3 |       148 |  3.95E-02 |  0.931177 |  0.947299 |     25.63 |     22.63 |  0.511247 |  0.176705 |  9.69E-03 |     12.60 | 
|         3 |       185 |  3.90E-02 |  0.924194 |  0.947299 |     25.58 |     22.59 |  0.132626 |  0.142134 |  9.67E-03 |     13.11 | 
|         3 |       222 |  4.10E-02 |  0.924247 |  0.947299 |     25.55 |     22.50 |  0.438087 |  0.333939 |  9.65E-03 |     13.64 | 
|         3 |       259 |  4.47E-02 |  0.923248 |  0.947299 |     25.59 |     22.70 |  0.165073 |  0.158365 |  9.62E-03 |     14.17 | 
|         3 |       296 |  4.32E-02 |  0.922611 |  0.947299 |     25.73 |     22.73 |  0.118510 |  0.102279 |  9.59E-03 |     14.73 | 
|         3 |       333 |  4.75E-02 |  0.931126 |  0.947299 |     25.90 |     22.90 |  0.116737 |  0.101422 |  9.57E-03 |     15.30 | 
|         3 |       370 |  4.94E-02 |  0.910012 |  0.947299 |     26.08 |     23.12 |  0.191875 |  0.154342 |  9.54E-03 |     15.87 | 
|         3 |       407 |  5.01E-02 |  0.914348 |  0.947299 |     26.32 |     23.38 |  0.256908 |  0.208006 |  9.51E-03 |     16.43 | 
|         4 |        37 |  4.14E-02 |  0.924069 |  0.947299 |     29.43 |     25.51 |  0.112243 |  0.087386 |  9.48E-03 |     16.64 | 
|         4 |        74 |  3.72E-02 |  0.918550 |  0.947299 |     29.65 |     25.27 |  0.155427 |  0.112146 |  9.45E-03 |     17.28 | 
|         4 |       111 |  3.67E-02 |  0.917382 |  0.947299 |     29.90 |     25.31 |  0.219605 |  0.134859 |  9.42E-03 |     17.87 | 
|         4 |       148 |  3.75E-02 |  0.913637 |  0.947299 |     30.05 |     25.59 |  0.470961 |  0.369098 |  9.39E-03 |     18.45 | 
|         4 |       185 |  4.13E-02 |  0.911002 |  0.947299 |     30.17 |     25.71 |  0.202584 |  0.201663 |  9.35E-03 |     19.04 | 
|         4 |       222 |  4.13E-02 |  0.918889 |  0.947299 |     30.37 |     26.12 |  0.143500 |  0.139270 |  9.32E-03 |     19.63 | 
|         4 |       259 |  4.05E-02 |  0.915876 |  0.947299 |     30.59 |     26.16 |  0.110654 |  0.079550 |  9.29E-03 |     20.22 | 
|         4 |       296 |  4.03E-02 |  0.936838 |  0.947299 |     30.84 |     26.31 |  0.445872 |  0.368410 |  9.25E-03 |     20.81 | 
|         4 |       333 |  4.46E-02 |  0.920543 |  0.947299 |     31.23 |     26.78 |  0.079682 |  0.078948 |  9.21E-03 |     21.42 | 
|         4 |       370 |  4.45E-02 |  0.928537 |  0.947299 |     31.71 |     27.14 |  1.074088 |  0.352582 |  9.18E-03 |     22.07 | 
|         4 |       407 |  4.33E-02 |  0.918336 |  0.947299 |     32.10 |     27.46 |  0.267415 |  0.204999 |  9.14E-03 |     22.71 | 
|         5 |        37 |  4.10E-02 |  0.919746 |  0.947299 |     35.27 |     31.05 |  0.263960 |  0.197581 |  9.10E-03 |     22.94 | 
|         5 |        74 |  3.62E-02 |  0.917800 |  0.947299 |     35.97 |     31.04 |  0.126646 |  0.094439 |  9.06E-03 |     23.59 | 
|         5 |       111 |  3.26E-02 |  0.923482 |  0.947299 |     36.48 |     30.86 |  0.136509 |  0.102258 |  9.02E-03 |     24.25 | 
|         5 |       148 |  3.37E-02 |  0.913534 |  0.947299 |     36.84 |     31.22 |  0.161400 |  0.116989 |  8.98E-03 |     24.96 | 
|         5 |       185 |  3.33E-02 |  0.919084 |  0.947299 |     37.05 |     31.58 |  0.237845 |  0.182829 |  8.94E-03 |     25.80 | 
|         5 |       222 |  3.21E-02 |  0.912657 |  0.947299 |     37.21 |     31.58 |  0.167224 |  0.135109 |  8.90E-03 |     26.48 | 
|         5 |       259 |  3.12E-02 |  0.918070 |  0.947299 |     37.41 |     31.73 |  0.148850 |  0.120036 |  8.86E-03 |     27.24 | 
|         5 |       296 |  3.04E-02 |  0.914856 |  0.947299 |     37.68 |     31.83 |  0.103585 |  0.081343 |  8.82E-03 |     28.07 | 
|         5 |       333 |  3.06E-02 |  0.916742 |  0.947299 |     37.86 |     32.04 |  0.278919 |  0.210799 |  8.77E-03 |     28.76 | 
|         5 |       370 |  3.37E-02 |  0.914426 |  0.947299 |     38.05 |     32.42 |  0.251000 |  0.186292 |  8.73E-03 |     29.51 | 
|         5 |       407 |  3.61E-02 |  0.942756 |  0.947299 |     38.24 |     32.63 |  0.418900 |  0.430506 |  8.68E-03 |     30.36 | 
|         6 |        37 |  6.57E-02 |  0.930275 |  0.947299 |     42.03 |     38.24 |  0.187406 |  0.165455 |  8.64E-03 |     30.64 | 
|         6 |        74 |  4.34E-02 |  0.936733 |  0.947299 |     42.45 |     37.03 |  0.101125 |  0.083791 |  8.59E-03 |     31.37 | 
|         6 |       111 |  3.44E-02 |  0.930135 |  0.947299 |     42.52 |     36.18 |  0.092810 |  0.063187 |  8.54E-03 |     32.10 | 
|         6 |       148 |  2.94E-02 |  0.936046 |  0.947299 |     42.78 |     35.97 |  0.124842 |  0.119964 |  8.50E-03 |     32.84 | 
|         6 |       185 |  2.70E-02 |  0.922452 |  0.947299 |     42.98 |     35.83 |  0.206657 |  0.154085 |  8.45E-03 |     33.58 | 
|         6 |       222 |  2.84E-02 |  0.915795 |  0.947299 |     43.14 |     36.03 |  0.155892 |  0.106166 |  8.40E-03 |     34.33 | 
|         6 |       259 |  2.69E-02 |  0.933490 |  0.947299 |     43.37 |     36.25 |  0.144615 |  0.107331 |  8.35E-03 |     35.13 | 
|         6 |       296 |  2.81E-02 |  0.934691 |  0.947299 |     43.86 |     36.89 |  0.534655 |  0.442779 |  8.30E-03 |     35.93 | 
|         6 |       333 |  4.98E-02 |  0.939260 |  0.947299 |     43.59 |     37.08 |  0.313169 |  0.165470 |  8.25E-03 |     36.78 | 
|         6 |       370 |  4.93E-02 |  0.941278 |  0.947299 |     43.41 |     37.18 |  0.166570 |  0.123632 |  8.20E-03 |     37.53 | 
|         6 |       407 |  4.71E-02 |  0.929166 |  0.947299 |     43.46 |     37.36 |  0.046966 |  0.036438 |  8.15E-03 |     38.33 | 
|         7 |        37 |  1.86E-02 |  0.940267 |  0.947299 |     48.00 |     42.14 |  0.117597 |  0.081407 |  8.09E-03 |     38.63 | 
|         7 |        74 |  1.76E-02 |  0.935564 |  0.947299 |     48.62 |     42.76 |  0.081511 |  0.061238 |  8.04E-03 |     39.45 | 
|         7 |       111 |  1.64E-02 |  0.931680 |  0.947299 |     48.78 |     42.48 |  0.176730 |  0.126534 |  7.99E-03 |     40.27 | 
|         7 |       148 |  1.86E-02 |  0.925769 |  0.947299 |     48.82 |     42.76 |  0.082935 |  0.058695 |  7.93E-03 |     41.09 | 
|         7 |       185 |  1.97E-02 |  0.924916 |  0.947299 |     48.26 |     42.17 |  0.126063 |  0.093848 |  7.88E-03 |     41.89 | 
|         7 |       222 |  2.65E-02 |  0.924690 |  0.947299 |     48.09 |     42.77 |  0.148844 |  0.111491 |  7.82E-03 |     42.68 | 
|         7 |       259 |  2.50E-02 |  0.934301 |  0.947299 |     48.17 |     42.75 |  0.074737 |  0.055322 |  7.77E-03 |     43.52 | 
|         7 |       296 |  2.55E-02 |  0.929142 |  0.947299 |     48.27 |     42.86 |  0.556756 |  0.340336 |  7.71E-03 |     44.38 | 
|         7 |       333 |  2.45E-02 |  0.921900 |  0.947299 |     48.30 |     42.80 |  0.118319 |  0.097270 |  7.66E-03 |     45.20 | 
|         7 |       370 |  2.35E-02 |  0.927530 |  0.947299 |     48.38 |     42.75 |  0.112421 |  0.085324 |  7.60E-03 |     46.05 | 
|         7 |       407 |  2.35E-02 |  0.930625 |  0.947299 |     48.40 |     42.75 |  0.088996 |  0.066945 |  7.54E-03 |     46.96 | 
|         8 |        37 |  1.29E-01 |  0.912608 |  0.947299 |     46.92 |     45.57 |  0.402917 |  0.384116 |  7.49E-03 |     47.30 | 
|         8 |        74 |  8.22E-02 |  0.937656 |  0.947299 |     47.14 |     44.43 |  0.102736 |  0.077618 |  7.43E-03 |     48.09 | 
|         8 |       111 |  6.43E-02 |  0.936245 |  0.947299 |     47.97 |     45.18 |  0.130068 |  0.097665 |  7.37E-03 |     48.96 | 
|         8 |       148 |  5.67E-02 |  0.926305 |  0.947299 |     48.43 |     45.97 |  0.232672 |  0.182711 |  7.31E-03 |     49.87 | 
|         8 |       185 |  5.01E-02 |  0.931523 |  0.947299 |     48.75 |     46.38 |  0.120616 |  0.115548 |  7.25E-03 |     50.70 | 
|         8 |       222 |  4.48E-02 |  0.935241 |  0.947299 |     48.95 |     46.68 |  0.128973 |  0.157127 |  7.19E-03 |     51.53 | 
|         8 |       259 |  4.21E-02 |  0.939940 |  0.947299 |     49.10 |     46.92 |  0.139246 |  0.113391 |  7.13E-03 |     52.39 | 
|         8 |       296 |  4.29E-02 |  0.930479 |  0.947299 |     49.21 |     47.30 |  0.050540 |  0.038690 |  7.07E-03 |     53.24 | 
|         8 |       333 |  3.97E-02 |  0.928544 |  0.947299 |     49.30 |     47.58 |  0.087015 |  0.077346 |  7.01E-03 |     54.07 | 
|         8 |       370 |  3.71E-02 |  0.934481 |  0.947299 |     49.37 |     47.80 |  0.067611 |  0.050527 |  6.95E-03 |     54.92 | 
|         8 |       407 |  3.51E-02 |  0.929522 |  0.947299 |     49.43 |     47.99 |  0.105906 |  0.082812 |  6.89E-03 |     55.75 | 
|         9 |        37 |  1.37E-02 |  0.916207 |  0.947299 |     50.00 |     49.46 |  0.046605 |  0.043899 |  6.83E-03 |     56.07 | 
|         9 |        74 |  1.81E-02 |  0.927868 |  0.947299 |     50.00 |     49.72 |  0.068719 |  0.064482 |  6.77E-03 |     56.91 | 
|         9 |       111 |  1.67E-02 |  0.920042 |  0.947299 |     50.00 |     49.80 |  0.107453 |  0.087333 |  6.71E-03 |     57.76 | 
|         9 |       148 |  1.59E-02 |  0.926671 |  0.947299 |     50.00 |     49.85 |  0.076155 |  0.044598 |  6.64E-03 |     58.60 | 
|         9 |       185 |  1.49E-02 |  0.923133 |  0.947299 |     50.00 |     49.88 |  0.070828 |  0.057490 |  6.58E-03 |     59.45 | 
|         9 |       222 |  1.46E-02 |  0.928222 |  0.947299 |     50.00 |     49.89 |  0.069523 |  0.073688 |  6.52E-03 |     60.30 | 
|         9 |       259 |  1.41E-02 |  0.923123 |  0.947299 |     50.00 |     49.90 |  0.059185 |  0.050057 |  6.46E-03 |     61.14 | 
|         9 |       296 |  1.43E-02 |  0.931361 |  0.947299 |     50.00 |     49.91 |  0.050630 |  0.036413 |  6.39E-03 |     61.98 | 
|         9 |       333 |  1.40E-02 |  0.910862 |  0.947299 |     50.00 |     49.90 |  0.092495 |  0.076635 |  6.33E-03 |     62.82 | 
|         9 |       370 |  1.37E-02 |  0.914875 |  0.947299 |     50.00 |     49.91 |  0.135996 |  0.101875 |  6.27E-03 |     63.65 | 
|         9 |       407 |  1.39E-02 |  0.917630 |  0.947299 |     50.00 |     49.91 |  0.095613 |  0.095087 |  6.20E-03 |     64.49 | 
|        10 |        37 |  1.43E-02 |  0.921447 |  0.947299 |     50.00 |     49.89 |  0.221055 |  0.210087 |  6.14E-03 |     64.81 | 
|        10 |        74 |  1.59E-02 |  0.923864 |  0.947299 |     50.00 |     49.93 |  0.195551 |  0.151995 |  6.08E-03 |     65.65 | 
|        10 |       111 |  1.55E-02 |  0.916852 |  0.947299 |     50.00 |     49.95 |  0.061508 |  0.036140 |  6.01E-03 |     66.49 | 
|        10 |       148 |  1.40E-02 |  0.912189 |  0.947299 |     50.00 |     49.97 |  0.085758 |  0.038679 |  5.95E-03 |     67.33 | 
|        10 |       185 |  1.34E-02 |  0.907361 |  0.947299 |     50.00 |     49.94 |  0.080729 |  0.056956 |  5.89E-03 |     68.16 | 
|        10 |       222 |  1.29E-02 |  0.921020 |  0.947299 |     50.00 |     49.95 |  0.058118 |  0.048209 |  5.82E-03 |     69.00 | 
|        10 |       259 |  1.26E-02 |  0.914041 |  0.947299 |     50.00 |     49.96 |  0.108393 |  0.083160 |  5.76E-03 |     69.84 | 
|        10 |       296 |  1.23E-02 |  0.925354 |  0.947299 |     50.00 |     49.96 |  0.081847 |  0.043349 |  5.69E-03 |     70.68 | 
|        10 |       333 |  1.23E-02 |  0.916858 |  0.947299 |     50.00 |     49.96 |  0.045364 |  0.038905 |  5.63E-03 |     71.52 | 
|        10 |       370 |  1.23E-02 |  0.920668 |  0.947299 |     50.00 |     49.96 |  0.067450 |  0.057125 |  5.57E-03 |     72.35 | 
|        10 |       407 |  1.22E-02 |  0.923119 |  0.947299 |     50.00 |     49.97 |  0.045009 |  0.034757 |  5.50E-03 |     73.19 | 
|        11 |        37 |  1.40E-02 |  0.921735 |  0.947299 |     50.00 |     50.00 |  0.058842 |  0.046578 |  5.44E-03 |     73.51 | 
|        11 |        74 |  1.42E-02 |  0.922251 |  0.947299 |     50.00 |     50.00 |  0.046154 |  0.034625 |  5.37E-03 |     74.34 | 
|        11 |       111 |  2.59E-02 |  0.945208 |  0.947299 |     50.00 |     49.98 |  0.133260 |  0.125764 |  5.31E-03 |     75.17 | 
|        11 |       148 |  2.27E-02 |  0.926075 |  0.947299 |     50.00 |     49.99 |  0.070886 |  0.053115 |  5.24E-03 |     76.01 | 
|        11 |       185 |  2.00E-02 |  0.922392 |  0.947299 |     50.00 |     49.99 |  0.025415 |  0.017224 |  5.18E-03 |     76.84 | 
|        11 |       222 |  1.86E-02 |  0.913915 |  0.947299 |     50.00 |     49.99 |  0.067325 |  0.059604 |  5.12E-03 |     77.68 | 
|        11 |       259 |  1.75E-02 |  0.914191 |  0.947299 |     50.00 |     49.99 |  0.093759 |  0.066203 |  5.05E-03 |     78.52 | 
|        11 |       296 |  1.68E-02 |  0.914240 |  0.947299 |     50.00 |     49.99 |  0.047134 |  0.031940 |  4.99E-03 |     79.36 | 
|        11 |       333 |  1.64E-02 |  0.933960 |  0.947299 |     50.00 |     49.99 |  0.080342 |  0.066714 |  4.92E-03 |     80.20 | 
|        11 |       370 |  1.62E-02 |  0.914036 |  0.947299 |     50.00 |     49.99 |  0.057523 |  0.048713 |  4.86E-03 |     81.04 | 
|        11 |       407 |  1.57E-02 |  0.920038 |  0.947299 |     50.00 |     50.00 |  0.097312 |  0.099941 |  4.80E-03 |     81.88 | 
|        12 |        37 |  9.84E-03 |  0.917065 |  0.947299 |     50.00 |     50.00 |  0.063461 |  0.049417 |  4.73E-03 |     82.20 | 
|        12 |        74 |  9.06E-03 |  0.916945 |  0.947299 |     50.00 |     50.00 |  0.042352 |  0.029921 |  4.67E-03 |     83.04 | 
|        12 |       111 |  8.93E-03 |  0.911769 |  0.947299 |     50.00 |     50.00 |  0.109552 |  0.081516 |  4.61E-03 |     83.88 | 
|        12 |       148 |  9.23E-03 |  0.921391 |  0.947299 |     50.00 |     50.00 |  0.115681 |  0.082545 |  4.54E-03 |     84.72 | 
|        12 |       185 |  9.13E-03 |  0.908178 |  0.947299 |     50.00 |     50.00 |  0.056069 |  0.049084 |  4.48E-03 |     85.56 | 
|        12 |       222 |  9.74E-03 |  0.903830 |  0.947299 |     50.00 |     50.00 |  0.041788 |  0.032743 |  4.42E-03 |     86.41 | 
|        12 |       259 |  1.01E-02 |  0.919954 |  0.947299 |     50.00 |     50.00 |  0.059986 |  0.051039 |  4.36E-03 |     87.26 | 
|        12 |       296 |  1.01E-02 |  0.917971 |  0.947299 |     50.00 |     50.00 |  0.084266 |  0.092669 |  4.29E-03 |     88.10 | 
|        12 |       333 |  1.00E-02 |  0.920287 |  0.947299 |     50.00 |     50.00 |  0.093120 |  0.070174 |  4.23E-03 |     88.95 | 
|        12 |       370 |  9.91E-03 |  0.907095 |  0.947299 |     50.00 |     50.00 |  0.040160 |  0.039277 |  4.17E-03 |     89.80 | 
|        12 |       407 |  9.86E-03 |  0.911829 |  0.947299 |     50.00 |     50.00 |  0.051430 |  0.042225 |  4.11E-03 |     90.64 | 
|        13 |        37 |  9.08E-03 |  0.902365 |  0.947299 |     50.00 |     50.00 |  0.055497 |  0.057605 |  4.05E-03 |     90.96 | 
|        13 |        74 |  8.44E-03 |  0.905649 |  0.947299 |     50.00 |     50.00 |  0.059763 |  0.047901 |  3.99E-03 |     91.80 | 
|        13 |       111 |  8.26E-03 |  0.916353 |  0.947299 |     50.00 |     50.00 |  0.038901 |  0.032589 |  3.93E-03 |     92.65 | 
|        13 |       148 |  8.10E-03 |  0.906873 |  0.947299 |     50.00 |     50.00 |  0.078337 |  0.068020 |  3.87E-03 |     93.49 | 
|        13 |       185 |  8.52E-03 |  0.919650 |  0.947299 |     50.00 |     50.00 |  0.082206 |  0.035644 |  3.81E-03 |     94.35 | 
|        13 |       222 |  8.65E-03 |  0.904531 |  0.947299 |     50.00 |     50.00 |  0.031680 |  0.029028 |  3.75E-03 |     95.21 | 
|        13 |       259 |  8.72E-03 |  0.905588 |  0.947299 |     50.00 |     50.00 |  0.061107 |  0.050480 |  3.69E-03 |     96.06 | 
|        13 |       296 |  8.76E-03 |  0.902418 |  0.947299 |     50.00 |     50.00 |  0.029102 |  0.026643 |  3.63E-03 |     96.90 | 
|        13 |       333 |  8.70E-03 |  0.905789 |  0.947299 |     50.00 |     50.00 |  0.071954 |  0.036634 |  3.57E-03 |     97.74 | 
|        13 |       370 |  8.64E-03 |  0.902844 |  0.947299 |     50.00 |     50.00 |  0.041739 |  0.038660 |  3.52E-03 |     98.58 | 
|        13 |       407 |  8.87E-03 |  0.903367 |  0.947299 |     50.00 |     50.00 |  0.055736 |  0.047615 |  3.46E-03 |     99.42 | 
|        14 |        37 |  9.53E-03 |  0.904376 |  0.947299 |     50.00 |     50.00 |  0.058585 |  0.050088 |  3.40E-03 |     99.74 | 
|        14 |        74 |  8.84E-03 |  0.900530 |  0.947299 |     50.00 |     50.00 |  0.025572 |  0.025653 |  3.34E-03 |    100.58 | 
|        14 |       111 |  8.39E-03 |  0.898563 |  0.947299 |     50.00 |     50.00 |  0.023278 |  0.021201 |  3.29E-03 |    101.42 | 
|        14 |       148 |  8.26E-03 |  0.906183 |  0.947299 |     50.00 |     50.00 |  0.084554 |  0.069466 |  3.23E-03 |    102.26 | 
|        14 |       185 |  7.87E-03 |  0.912625 |  0.947299 |     50.00 |     50.00 |  0.054950 |  0.055265 |  3.18E-03 |    103.10 | 
|        14 |       222 |  7.92E-03 |  0.920491 |  0.947299 |     50.00 |     50.00 |  0.063689 |  0.061835 |  3.12E-03 |    103.94 | 
|        14 |       259 |  8.24E-03 |  0.908147 |  0.947299 |     50.00 |     50.00 |  0.037257 |  0.037902 |  3.07E-03 |    104.78 | 
|        14 |       296 |  8.19E-03 |  0.902784 |  0.947299 |     50.00 |     50.00 |  0.068630 |  0.053595 |  3.01E-03 |    105.62 | 
|        14 |       333 |  8.09E-03 |  0.900597 |  0.947299 |     50.00 |     50.00 |  0.037102 |  0.030012 |  2.96E-03 |    106.46 | 
|        14 |       370 |  8.11E-03 |  0.905497 |  0.947299 |     50.00 |     50.00 |  0.036612 |  0.039767 |  2.91E-03 |    107.30 | 
|        14 |       407 |  7.94E-03 |  0.902914 |  0.947299 |     50.00 |     50.00 |  0.042995 |  0.041149 |  2.86E-03 |    108.15 | 
|        15 |        37 |  8.50E-03 |  0.929056 |  0.947299 |     50.00 |     50.00 |  0.052385 |  0.039373 |  2.80E-03 |    108.47 | 
|        15 |        74 |  8.08E-03 |  0.913832 |  0.947299 |     50.00 |     50.00 |  0.029362 |  0.024401 |  2.75E-03 |    109.36 | 
|        15 |       111 |  7.73E-03 |  0.899505 |  0.947299 |     50.00 |     50.00 |  0.030795 |  0.023281 |  2.70E-03 |    110.21 | 
|        15 |       148 |  7.46E-03 |  0.891883 |  0.947299 |     50.00 |     50.00 |  0.057829 |  0.039639 |  2.65E-03 |    111.09 | 
|        15 |       185 |  7.13E-03 |  0.896500 |  0.947299 |     50.00 |     50.00 |  0.037821 |  0.033450 |  2.60E-03 |    111.96 | 
|        15 |       222 |  7.35E-03 |  0.903925 |  0.947299 |     50.00 |     50.00 |  0.144764 |  0.096716 |  2.55E-03 |    112.81 | 
|        15 |       259 |  7.57E-03 |  0.901889 |  0.947299 |     50.00 |     50.00 |  0.050781 |  0.045025 |  2.51E-03 |    113.68 | 
|        15 |       296 |  7.58E-03 |  0.900555 |  0.947299 |     50.00 |     50.00 |  0.064695 |  0.033692 |  2.46E-03 |    114.54 | 
|        15 |       333 |  7.67E-03 |  0.903361 |  0.947299 |     50.00 |     50.00 |  0.096520 |  0.104144 |  2.41E-03 |    115.39 | 
|        15 |       370 |  7.47E-03 |  0.901887 |  0.947299 |     50.00 |     50.00 |  0.041029 |  0.034191 |  2.36E-03 |    116.23 | 
|        15 |       407 |  7.48E-03 |  0.908760 |  0.947299 |     50.00 |     50.00 |  0.090269 |  0.095406 |  2.32E-03 |    117.07 | 
|        16 |        37 |  9.04E-03 |  0.900775 |  0.947299 |     50.00 |     50.00 |  0.038779 |  0.032643 |  2.27E-03 |    117.40 | 
|        16 |        74 |  7.53E-03 |  0.902528 |  0.947299 |     50.00 |     50.00 |  0.056935 |  0.047463 |  2.23E-03 |    118.24 | 
|        16 |       111 |  7.20E-03 |  0.911345 |  0.947299 |     50.00 |     50.00 |  0.068420 |  0.051439 |  2.19E-03 |    119.09 | 
|        16 |       148 |  7.36E-03 |  0.903238 |  0.947299 |     50.00 |     50.00 |  0.045154 |  0.037230 |  2.14E-03 |    119.93 | 
|        16 |       185 |  7.32E-03 |  0.896490 |  0.947299 |     50.00 |     50.00 |  0.037712 |  0.028747 |  2.10E-03 |    120.76 | 
|        16 |       222 |  7.22E-03 |  0.904780 |  0.947299 |     50.00 |     50.00 |  0.020415 |  0.016092 |  2.06E-03 |    121.60 | 
|        16 |       259 |  7.06E-03 |  0.907732 |  0.947299 |     50.00 |     50.00 |  0.030291 |  0.024617 |  2.02E-03 |    122.43 | 
|        16 |       296 |  6.93E-03 |  0.909382 |  0.947299 |     50.00 |     50.00 |  0.020518 |  0.018020 |  1.98E-03 |    123.27 | 
|        16 |       333 |  6.84E-03 |  0.917782 |  0.947299 |     50.00 |     50.00 |  0.077582 |  0.055552 |  1.94E-03 |    124.10 | 
|        16 |       370 |  6.84E-03 |  0.903778 |  0.947299 |     50.00 |     50.00 |  0.058536 |  0.064652 |  1.90E-03 |    124.94 | 
|        16 |       407 |  6.96E-03 |  0.900295 |  0.947299 |     50.00 |     50.00 |  0.051455 |  0.046238 |  1.86E-03 |    125.77 | 
|        17 |        37 |  7.38E-03 |  0.922484 |  0.947299 |     50.00 |     50.00 |  0.176109 |  0.127821 |  1.82E-03 |    126.09 | 
|        17 |        74 |  6.85E-03 |  0.908697 |  0.947299 |     50.00 |     50.00 |  0.075246 |  0.039013 |  1.79E-03 |    126.93 | 
|        17 |       111 |  6.28E-03 |  0.908951 |  0.947299 |     50.00 |     50.00 |  0.034225 |  0.028193 |  1.75E-03 |    127.77 | 
|        17 |       148 |  7.05E-03 |  0.904635 |  0.947299 |     50.00 |     50.00 |  0.051133 |  0.045753 |  1.72E-03 |    128.61 | 
|        17 |       185 |  6.85E-03 |  0.906688 |  0.947299 |     50.00 |     50.00 |  0.030949 |  0.028744 |  1.68E-03 |    129.44 | 
|        17 |       222 |  6.66E-03 |  0.909404 |  0.947299 |     50.00 |     50.00 |  0.039538 |  0.035987 |  1.65E-03 |    130.27 | 
|        17 |       259 |  7.30E-03 |  0.912996 |  0.947299 |     50.00 |     50.00 |  0.030415 |  0.029833 |  1.61E-03 |    131.10 | 
|        17 |       296 |  7.17E-03 |  0.906467 |  0.947299 |     50.00 |     50.00 |  0.053820 |  0.037834 |  1.58E-03 |    131.93 | 
|        17 |       333 |  7.21E-03 |  0.923539 |  0.947299 |     50.00 |     50.00 |  0.148532 |  0.066009 |  1.55E-03 |    132.75 | 
|        17 |       370 |  8.12E-03 |  0.920480 |  0.947299 |     50.00 |     50.00 |  0.273298 |  0.278119 |  1.52E-03 |    133.58 | 
|        17 |       407 |  6.48E-02 |  0.934983 |  0.947299 |     50.00 |     49.52 |  0.161557 |  0.124994 |  1.49E-03 |    134.40 | 
|        18 |        37 |  3.82E-01 |  0.928863 |  0.947299 |     50.00 |     22.95 |  0.156906 |  0.131066 |  1.46E-03 |    134.66 | 
|        18 |        74 |  3.59E-01 |  0.918715 |  0.947299 |     50.00 |     23.14 |  0.140783 |  0.113009 |  1.43E-03 |    135.43 | 
|        18 |       111 |  2.91E-01 |  0.923178 |  0.947299 |     50.00 |     23.23 |  0.240375 |  0.180841 |  1.41E-03 |    136.21 | 
|        18 |       148 |  2.54E-01 |  0.923022 |  0.947299 |     50.00 |     22.82 |  0.665790 |  0.323056 |  1.38E-03 |    137.00 | 
|        18 |       185 |  2.25E-01 |  0.926854 |  0.947299 |     50.00 |     22.28 |  0.159861 |  0.129852 |  1.36E-03 |    137.81 | 
|        18 |       222 |  2.13E-01 |  0.929229 |  0.947299 |     50.00 |     22.04 |  0.135152 |  0.131629 |  1.33E-03 |    138.58 | 
|        18 |       259 |  2.01E-01 |  0.934354 |  0.947299 |     50.00 |     21.47 |  0.321890 |  0.285502 |  1.31E-03 |    139.37 | 
|        18 |       296 |  1.91E-01 |  0.931850 |  0.947299 |     50.00 |     21.36 |  0.254632 |  0.170237 |  1.28E-03 |    140.19 | 
|        18 |       333 |  1.78E-01 |  0.929325 |  0.947299 |     50.00 |     21.28 |  0.087029 |  0.078575 |  1.26E-03 |    140.98 | 
|        18 |       370 |  1.73E-01 |  0.932255 |  0.947299 |     50.00 |     21.48 |  0.117812 |  0.095900 |  1.24E-03 |    141.77 | 
|        18 |       407 |  1.64E-01 |  0.928319 |  0.947299 |     50.00 |     22.08 |  0.365290 |  0.204538 |  1.22E-03 |    142.57 | 
|        19 |        37 |  2.83E-01 |  0.935388 |  0.947299 |     50.00 |     22.89 |  0.572626 |  0.372053 |  1.20E-03 |    142.84 | 
|        19 |        74 |  2.27E-01 |  0.945609 |  0.947299 |     50.00 |     20.89 |  0.260053 |  0.193167 |  1.18E-03 |    143.63 | 
|        19 |       111 |  2.17E-01 |  0.935151 |  0.947299 |     50.00 |     20.63 |  0.408852 |  0.298008 |  1.17E-03 |    144.41 | 
|        19 |       148 |  1.84E-01 |  0.932757 |  0.947299 |     50.00 |     20.18 |  0.251276 |  0.181788 |  1.15E-03 |    145.20 | 
|        19 |       185 |  1.62E-01 |  0.937336 |  0.947299 |     50.00 |     19.83 |  0.187585 |  0.136383 |  1.13E-03 |    145.99 | 
|        19 |       222 |  1.51E-01 |  0.933418 |  0.947299 |     50.00 |     19.72 |  0.219485 |  0.163447 |  1.12E-03 |    146.82 | 
|        19 |       259 |  1.41E-01 |  0.935798 |  0.947299 |     50.00 |     19.58 |  0.342916 |  0.252324 |  1.10E-03 |    147.62 | 
|        19 |       296 |  1.34E-01 |  0.934459 |  0.947299 |     50.00 |     19.54 |  0.114105 |  0.057027 |  1.09E-03 |    148.40 | 
|        19 |       333 |  1.26E-01 |  0.934793 |  0.947299 |     50.00 |     19.48 |  0.146284 |  0.109995 |  1.08E-03 |    149.21 | 
|        19 |       370 |  1.20E-01 |  0.937901 |  0.947299 |     50.00 |     19.48 |  0.150849 |  0.111106 |  1.07E-03 |    150.02 | 
|        19 |       407 |  1.14E-01 |  0.937378 |  0.947299 |     50.00 |     19.47 |  0.158655 |  0.118809 |  1.06E-03 |    150.85 | 
|        20 |        37 |  7.16E-02 |  0.935109 |  0.947299 |     50.00 |     19.84 |  0.180021 |  0.132471 |  1.05E-03 |    151.11 | 
|        20 |        74 |  7.32E-02 |  0.938551 |  0.947299 |     50.00 |     19.80 |  0.132757 |  0.088236 |  1.04E-03 |    151.92 | 
|        20 |       111 |  7.09E-02 |  0.936021 |  0.947299 |     50.00 |     19.95 |  0.171674 |  0.135025 |  1.03E-03 |    152.73 | 
|        20 |       148 |  7.11E-02 |  0.934557 |  0.947299 |     50.00 |     20.08 |  0.182643 |  0.133817 |  1.02E-03 |    153.52 | 
|        20 |       185 |  7.74E-02 |  0.924177 |  0.947299 |     50.00 |     20.22 |  0.096957 |  0.076055 |  1.02E-03 |    154.32 | 
|        20 |       222 |  8.16E-02 |  0.929627 |  0.947299 |     50.00 |     20.34 |  0.170060 |  0.133701 |  1.01E-03 |    155.15 | 
|        20 |       259 |  7.97E-02 |  0.934296 |  0.947299 |     50.00 |     20.48 |  0.119779 |  0.089525 |  1.01E-03 |    155.99 | 
|        20 |       296 |  7.72E-02 |  0.938769 |  0.947299 |     50.00 |     20.60 |  0.109028 |  0.075923 |  1.00E-03 |    156.80 | 
|        20 |       333 |  7.76E-02 |  0.936973 |  0.947299 |     50.00 |     20.73 |  0.169599 |  0.095296 |  1.00E-03 |    157.59 | 
|        20 |       370 |  7.83E-02 |  0.942134 |  0.947299 |     50.00 |     20.77 |  0.097688 |  0.070629 |  1.00E-03 |    158.39 | 
|        20 |       407 |  7.66E-02 |  0.941401 |  0.947299 |     50.00 |     20.83 |  0.129015 |  0.104775 |  1.00E-03 |    159.22 | 
-------------------------------------------------------------------------------------------------------------------------------------
