-0.210764 -0.027931 0.246057 0.142585 -0.044301 0.011566 0.024123 -0.106098 0.073631 0.287758 -0.329264 0.228921 -0.236849 0.214611 0.321752 0.164592 -0.192281 -0.248700 -0.123095 0.182420 -0.369936 0.213106 -0.099837 -0.319879 -0.164423 0.135687 -0.152275 -0.220096 -0.360721 -0.246683 -0.124646 -0.203346 -0.008374 -0.258975 0.270973 0.237739 0.200409 -0.090657 -0.132342 -0.095030 -0.050833 -0.077696 -0.225406 0.006026 -0.165293 -0.176137 -0.211443 -0.032740 -0.109660 0.064881 -0.206518 -0.049948 -0.042783 0.006491 -0.051510 0.038165 -0.222410 0.191838 0.081528 -0.173728 0.148148 0.358961 -0.064243 -0.259397 
-0.234488 -0.109416 -0.307595 0.250643 0.198855 -0.157677 -0.167349 -0.235519 0.192015 -0.020704 0.069558 0.322085 0.092999 0.312069 -0.046341 0.324552 0.086784 0.131569 -0.094918 0.282330 -0.248425 0.199037 -0.014449 -0.081817 0.017246 -0.244881 0.078510 -0.228042 -0.322929 -0.306667 -0.079357 -0.210295 -0.090055 -0.042105 -0.278439 -0.252981 0.199108 -0.070581 -0.065769 0.033375 0.217973 -0.287228 0.002029 -0.051228 -0.296793 0.315327 -0.079842 0.063430 0.107550 0.200107 0.031171 0.251951 0.044966 0.259608 -0.175909 -0.303844 -0.233849 0.196508 -0.217820 -0.203161 0.184732 0.110102 -0.035202 -0.231094 
-0.309331 0.007986 -0.116923 0.235121 0.229820 0.194065 -0.046465 0.135504 0.163659 0.303133 -0.223487 0.200688 0.274549 -0.000084 -0.054919 0.058101 -0.103302 0.290326 -0.041709 0.231994 0.305363 -0.007159 0.211591 -0.361517 -0.119628 -0.302430 -0.183594 -0.212975 0.101566 0.013304 -0.097267 0.138214 -0.259534 0.156553 0.055348 0.350712 -0.054341 0.345828 0.057035 -0.217411 0.257785 0.128693 0.334109 0.239169 -0.224948 -0.108502 -0.005374 -0.014374 -0.138311 0.207668 -0.128387 -0.237374 -0.128283 -0.247370 -0.214112 0.168099 -0.165694 -0.044460 0.382269 0.209440 -0.323649 -0.156194 0.017805 -0.202645 
-0.294390 -0.287416 -0.240269 0.041148 -0.307507 0.279252 0.151078 0.394035 -0.026153 0.152076 0.298875 0.113141 -0.318495 -0.202836 -0.230672 -0.097217 0.410848 0.003791 0.091093 -0.068736 0.197354 0.109212 -0.254831 0.196014 -0.265267 -0.224533 0.118543 -0.199866 0.087917 -0.290305 -0.078177 0.123126 -0.162142 0.069574 -0.245189 -0.107916 -0.127895 0.339266 -0.203728 0.193120 -0.028217 -0.300737 -0.040474 0.030376 -0.179974 0.086384 0.371774 -0.159630 -0.314798 -0.027241 0.115504 0.089722 -0.237980 0.247663 -0.051858 -0.134815 0.404832 -0.211625 0.166867 -0.000484 -0.107229 0.201268 -0.249628 0.079077 
0.018974 -0.140580 0.304389 0.242458 -0.225494 -0.233002 0.048497 0.068858 -0.172069 -0.314249 -0.225124 0.000677 0.096003 -0.302228 0.188243 0.107250 0.043716 -0.064476 -0.110321 0.156645 -0.206069 0.289420 -0.246981 -0.201325 0.439980 0.207461 0.193301 -0.192551 0.028809 0.353814 0.247163 -0.227755 -0.235225 0.177553 0.353664 -0.161797 0.339766 0.024089 0.349654 -0.250898 0.055232 -0.296194 0.088612 -0.238021 -0.226881 -0.000554 0.129054 0.092507 0.225034 -0.268003 -0.098910 -0.277037 0.408803 -0.014371 -0.181179 0.277200 -0.221280 0.528731 -0.288550 0.253642 0.283796 0.338423 -0.331220 -0.319676 
0.057534 0.353807 -0.116439 -0.012517 0.083251 -0.222999 0.068434 -0.273400 -0.160017 -0.137757 -0.136802 -0.093178 0.131600 -0.276116 -0.326597 -0.025440 -0.166510 -0.085329 0.011087 -0.272301 0.213668 0.271712 0.303650 0.323784 0.324396 0.365749 0.216133 0.051505 0.086784 0.295590 0.116269 -0.127834 0.198948 0.315600 0.211463 -0.114501 -0.239181 -0.093123 0.057478 -0.099761 0.090891 0.166801 0.169569 -0.169049 0.254390 0.243019 0.054860 -0.324040 -0.267281 -0.221623 -0.243921 0.336876 0.442493 -0.299151 0.255970 0.142315 0.326302 0.313719 -0.155696 0.182335 -0.007175 0.334014 -0.310942 -0.151043 
0.149743 0.210169 0.044070 0.255052 -0.250528 -0.313557 -0.244276 0.210607 0.196604 0.226919 -0.320342 0.099954 0.090128 0.176300 0.087093 0.146952 0.289370 0.170025 0.123424 0.214977 0.168724 -0.044562 -0.073261 0.119202 -0.267011 0.032613 -0.002323 0.126449 -0.028399 -0.065731 0.268089 -0.293541 -0.165921 0.008623 0.257734 -0.061214 0.029737 0.365647 -0.230076 -0.123923 0.248274 -0.147692 0.273887 -0.009711 -0.338017 0.036257 -0.119882 0.322161 -0.121304 0.316019 0.170225 -0.308446 -0.106961 -0.250941 0.247090 0.129126 0.256000 -0.324201 -0.106247 -0.228261 0.162760 -0.213353 -0.151261 0.302503 
0.284552 -0.251614 -0.089383 0.022659 -0.265757 0.078849 0.169706 -0.333862 0.281866 0.075920 0.005155 0.312310 -0.205355 0.189578 0.240086 -0.031898 0.153950 0.078142 0.070468 -0.229159 0.194804 -0.148854 0.251480 0.042364 0.048575 -0.173543 0.307315 -0.145944 0.103465 -0.275490 -0.201109 -0.017491 -0.169764 0.102667 0.277926 -0.097321 -0.182350 0.113647 -0.091811 -0.272076 -0.192439 0.305452 -0.371336 -0.062358 0.128980 0.280151 0.336758 -0.075439 -0.005149 0.030065 0.030631 -0.157192 0.199904 -0.076739 0.338542 -0.002537 0.235559 0.053320 0.187658 -0.108696 0.305991 -0.395257 0.244169 -0.269881 
0.035665 0.053470 -0.002955 0.081682 -0.001838 0.087635 -0.137915 -0.035649 0.072555 -0.112363 0.152686 -0.016537 0.094878 0.081175 0.133279 -0.043815 -0.021228 -0.046968 -0.002453 0.008339 0.140028 0.038291 0.042117 0.016487 -0.066452 0.043321 0.176914 -0.092577 0.084165 0.094223 -0.040032 -0.035739 
-0.009596 0.067539 -0.084597 0.072009 0.035537 -0.080407 -0.041657 -0.030449 -0.071128 -0.029129 0.097079 -0.108200 -0.066769 0.058076 -0.036323 0.037229 -0.090075 0.109705 0.112771 0.114683 0.016173 0.077541 0.050641 0.060748 -0.000876 0.027905 0.100827 0.098711 -0.039945 -0.094582 -0.084166 0.083162 
0.078790 -0.041726 0.030998 0.002235 0.001131 0.113343 0.112765 0.040245 -0.054634 0.110058 0.063868 0.002820 0.021058 -0.087820 -0.093468 0.049842 -0.092907 -0.098010 0.050628 0.023138 0.102711 -0.030203 -0.007006 -0.085567 0.130809 -0.055791 -0.093680 -0.080890 -0.039636 -0.066070 -0.117732 -0.067206 
-0.029782 0.047961 0.062902 -0.114527 0.046955 0.039792 0.049162 0.036395 0.011266 0.032675 -0.007425 -0.095560 0.040157 -0.001417 0.085679 0.067320 0.038277 -0.011953 -0.045466 0.012186 0.147940 0.098320 0.056637 0.038933 -0.062865 0.106498 0.124527 -0.044222 0.143177 0.128400 0.034725 0.023278 
0.006793 -0.031869 0.020716 -0.075942 -0.122759 -0.035039 -0.097978 -0.015278 0.094284 0.017962 0.029086 0.015175 -0.121024 0.008261 -0.087586 0.044870 -0.088937 0.038157 -0.075486 0.080625 -0.014618 0.067520 0.087597 -0.011738 0.067804 0.028186 0.050946 0.008538 -0.019460 -0.012511 -0.101993 -0.099100 
0.143341 0.072848 -0.026669 0.075189 -0.104330 -0.037686 -0.035986 0.185076 0.077306 -0.117259 0.015770 0.097477 0.019472 0.079580 0.019477 0.066125 0.008964 0.061011 0.109232 -0.141283 -0.037101 -0.099585 -0.020300 -0.063918 -0.172256 -0.092005 -0.002764 0.044836 -0.000253 -0.106853 0.064853 0.022887 
0.103932 0.117753 -0.007881 0.108263 -0.043485 0.075397 0.107293 -0.057452 0.100274 0.003226 0.141279 0.007188 -0.055035 0.000769 -0.020983 0.074960 -0.068926 -0.106757 0.093089 0.099162 0.008188 -0.032625 -0.100346 0.023609 0.050543 0.111049 -0.071950 0.018003 0.104465 0.103859 -0.082551 0.073704 
0.207648 0.012277 0.096245 -0.085410 -0.055726 0.039395 -0.052082 0.052943 -0.093142 -0.074813 0.097064 -0.009935 0.060527 -0.105035 -0.007692 -0.112630 -0.088431 -0.090616 0.155963 0.044713 -0.121302 -0.005179 -0.103194 -0.106575 -0.039272 -0.083873 -0.098637 0.148739 -0.143394 0.057034 0.078869 -0.082078 
-0.071686 -0.018319 -0.026402 -0.006887 -0.053046 0.037130 0.048355 -0.094886 -0.119043 0.009668 0.086889 0.072475 0.038550 0.075601 0.174982 0.064201 0.103417 0.047206 -0.044589 0.041154 0.116160 0.096092 -0.068966 0.024217 -0.114926 0.142233 0.067215 0.018289 0.102473 -0.035975 0.088979 0.104007 
0.038912 -0.103986 -0.022877 0.038749 0.102005 -0.100637 0.089089 0.049236 0.043853 0.026582 0.069318 -0.064174 0.004565 -0.008891 -0.047887 -0.015147 -0.054478 -0.025940 0.051901 -0.054047 -0.008731 -0.044271 0.022799 -0.043018 -0.088080 -0.055839 0.142984 0.077298 0.014262 0.041990 0.052091 0.128201 
0.082397 0.115409 0.052421 -0.027780 -0.116299 0.033707 -0.074932 0.085487 -0.063695 0.094346 -0.126323 0.081113 -0.047029 -0.101565 -0.096136 0.037448 0.025811 0.117444 0.069768 0.021249 -0.145472 -0.134226 -0.083369 -0.074968 -0.040295 0.079061 0.034358 0.056645 -0.062653 -0.002471 0.037473 -0.089354 
-0.010052 -0.034968 0.013034 -0.002479 0.150642 0.044726 -0.065121 -0.081915 0.013168 -0.044686 0.159374 0.096336 -0.015177 -0.092369 0.069303 -0.122145 -0.097297 -0.077992 0.050828 -0.010800 0.039708 0.130011 -0.048858 0.105185 0.049188 -0.002134 0.080352 -0.006183 0.155000 -0.005366 0.049669 -0.005401 
0.019617 -0.084251 0.101056 0.053750 0.078985 -0.070352 0.118119 -0.046209 0.013052 0.163747 -0.064545 0.122583 -0.093942 0.092338 0.072324 -0.059440 -0.094354 0.061090 -0.007367 -0.016979 0.048849 0.087550 0.057856 0.006782 0.009323 -0.056009 0.091560 -0.056493 -0.014459 0.016780 0.036689 -0.044634 
0.011441 0.049839 -0.115281 -0.006954 0.146930 0.111945 0.084383 -0.075224 0.110407 -0.070264 0.004635 -0.104337 -0.088430 -0.054036 -0.008967 -0.066925 -0.104999 0.060028 0.062462 0.100595 0.141949 0.014400 -0.097954 -0.090569 0.005024 -0.010609 0.054218 -0.072985 0.155438 -0.048160 0.043914 0.033739 
0.069701 0.032029 -0.105425 0.068738 0.069942 0.112544 -0.071979 -0.049049 -0.070463 0.037975 0.061522 -0.044320 -0.113998 0.103785 0.030026 -0.096590 0.079262 -0.046600 0.067308 0.061927 0.159484 -0.036232 0.039277 -0.005373 -0.013985 -0.021248 0.129564 -0.045721 0.060764 -0.023284 0.128506 0.001371 
0.107982 -0.118530 -0.061858 0.014513 -0.115613 0.000338 -0.093307 -0.074955 -0.080841 0.067568 0.020644 -0.074865 0.068505 -0.097738 -0.042900 0.025664 0.002869 -0.078885 -0.068327 -0.022151 -0.026401 -0.116758 0.077937 0.095847 -0.075924 0.043830 -0.054380 0.075409 -0.109372 -0.062767 -0.056052 0.122802 
0.032970 -0.007991 0.041858 -0.077572 -0.100870 0.036980 -0.016942 -0.013125 -0.008889 -0.130161 0.055152 -0.086363 -0.086358 0.037913 0.223385 0.037817 0.092823 -0.103179 -0.100146 0.068772 -0.080748 0.126535 -0.117865 -0.014472 -0.056515 -0.011158 -0.035056 0.095063 0.065803 0.045770 0.087837 0.111737 
0.167507 -0.083805 -0.076812 0.100760 0.107410 0.015544 -0.102075 -0.000549 0.025340 0.004003 0.054236 0.054870 -0.065845 -0.027718 0.055403 -0.095727 0.001549 -0.014086 -0.026862 0.080997 -0.037770 -0.022388 -0.146500 0.103646 0.034596 -0.063321 0.000665 0.067331 0.055687 -0.042858 0.030918 0.067114 
-0.019946 0.042661 0.046616 -0.086392 -0.040281 0.075125 -0.007880 0.096188 -0.037274 -0.099763 0.035232 0.022945 0.003525 -0.129058 0.071871 -0.112718 -0.014376 -0.106655 0.045165 0.083770 0.039788 0.032570 0.047881 0.017383 0.100692 -0.050840 -0.073535 0.067000 -0.004129 0.067114 -0.001391 0.087912 
-0.067040 -0.086721 -0.122706 0.036798 0.124791 0.008739 -0.003356 -0.107500 0.032142 -0.082787 0.086839 -0.077539 -0.080490 0.016631 -0.104287 0.027525 0.042328 0.074735 -0.037080 -0.077732 0.053504 -0.091563 0.093491 0.012860 0.030579 -0.076205 -0.040497 0.069670 0.104763 0.073280 0.050808 -0.055586 
0.242773 0.072078 0.137237 0.066980 -0.038232 -0.029306 -0.106534 0.225154 0.024259 -0.106358 -0.018298 0.059186 0.031086 -0.056234 0.093749 -0.042807 -0.071400 0.077655 0.077253 0.150007 0.068115 -0.070745 -0.041248 -0.032114 -0.096164 0.019060 -0.105322 0.069154 -0.044423 -0.052188 0.103990 0.010978 
0.031974 0.050394 -0.036564 -0.101702 -0.112961 0.000479 -0.118832 -0.009786 0.036640 0.003810 -0.005539 -0.068129 -0.012188 0.061360 -0.010760 0.031708 0.008274 -0.106914 -0.001727 -0.024546 0.114116 0.189627 0.203801 -0.059241 0.233225 -0.019531 0.112820 -0.070864 -0.086512 0.005763 0.050276 -0.120296 
-0.087872 -0.114809 -0.102672 -0.105300 0.022550 -0.101661 0.053014 -0.098378 -0.058602 -0.065511 -0.023294 0.051490 0.096524 0.090370 -0.000018 -0.019337 -0.103329 0.082579 0.083145 0.084251 0.060314 0.040399 -0.105786 -0.027692 0.076538 0.066223 0.019473 -0.089426 -0.066962 -0.031481 -0.090247 -0.033911 
-0.007758 -0.073381 -0.005408 0.080885 -0.041949 -0.078491 0.110562 0.046270 -0.041640 -0.045490 -0.034333 -0.073594 -0.071721 0.032903 0.072995 -0.051655 -0.005603 0.009491 -0.098158 -0.039210 -0.065315 -0.096027 0.023629 -0.087907 0.081111 -0.071673 -0.065464 -0.060669 0.000766 -0.031279 0.013038 0.080162 
-0.075449 0.131410 0.031909 0.085661 -0.093358 0.027263 -0.021132 -0.076990 0.121396 0.163572 0.037461 -0.090531 -0.044013 -0.047130 -0.075423 0.068244 0.083275 -0.024616 -0.124796 -0.140758 0.127290 0.140108 0.077644 -0.003405 0.335170 0.073649 0.105028 -0.037057 0.062901 -0.085250 -0.084371 -0.050877 
-0.135194 0.104360 -0.090995 -0.074205 -0.002716 0.012209 0.040185 -0.067427 -0.051175 0.040295 0.005025 0.019401 0.032506 0.115147 -0.057942 -0.016515 -0.013477 -0.048261 0.014458 -0.131704 -0.036881 0.160504 0.128109 0.094856 0.133033 -0.018123 0.003706 -0.128759 -0.040776 -0.001225 -0.052072 -0.015757 
-0.044858 -0.003378 0.039897 0.080612 0.136815 -0.058101 -0.061559 -0.087898 0.039309 0.139116 0.116209 -0.065041 0.070238 -0.086758 0.086044 -0.075374 0.016945 -0.064700 -0.064046 0.067032 -0.026017 0.158099 0.070335 -0.043948 -0.011108 0.135059 0.021629 -0.015219 -0.026994 0.058697 0.097620 0.054652 
-0.105599 -0.015997 0.008041 -0.112362 0.058159 0.074519 -0.053868 -0.028941 0.026970 -0.102140 0.030742 -0.027507 -0.057512 -0.031032 0.027960 0.087941 0.045518 0.094242 -0.003178 0.068526 0.035347 -0.124330 -0.101756 0.045370 0.079445 -0.023518 -0.117839 -0.079709 -0.115077 0.084045 0.087848 -0.096797 
0.026412 -0.015703 -0.059761 -0.123726 -0.080165 -0.019386 -0.034919 0.161689 0.012818 -0.094023 -0.027200 0.073504 -0.036336 0.073586 0.098180 -0.106852 0.041844 -0.078389 0.129032 -0.013105 -0.108101 0.074007 -0.114737 -0.118634 -0.073766 -0.131914 -0.122174 0.032113 0.041158 -0.088026 0.039332 -0.070755 
-0.041923 0.075907 -0.076080 0.029995 -0.093656 0.021770 -0.020337 0.033442 0.048447 0.151656 -0.012424 -0.104709 -0.030095 -0.097610 -0.146407 -0.104983 -0.061742 0.104747 -0.000058 -0.079777 0.122684 0.015989 0.104445 -0.061756 0.159642 0.043274 0.039703 -0.000574 -0.038698 -0.064237 0.030558 -0.105855 
0.083003 0.109832 0.044738 -0.108152 0.007499 -0.088472 0.052386 -0.114680 0.074047 -0.021427 -0.101617 -0.068675 -0.050782 -0.079612 -0.073912 0.009261 -0.097297 0.055331 0.111102 0.091482 -0.039897 -0.007277 -0.010527 0.058935 0.208745 0.129570 -0.050306 0.023533 -0.094855 0.094090 0.041450 -0.094921 
0.146552 -0.021234 -0.056705 -0.053308 0.008202 0.102620 -0.026145 0.035213 -0.095071 -0.009330 0.025018 -0.007624 0.043584 0.081400 0.151868 0.079123 0.015837 0.123521 0.112048 0.061679 -0.097344 -0.188892 -0.031728 -0.052252 0.010556 0.016050 0.030645 -0.064028 -0.025093 0.031437 -0.049211 -0.019730 
-0.120611 -0.017689 0.056512 0.019277 -0.041130 -0.089275 0.102361 -0.029249 0.044414 -0.002565 0.090637 -0.029063 -0.054776 0.088583 -0.077352 0.083169 0.073998 0.111260 0.028379 -0.098108 -0.101701 -0.069740 0.003710 0.116001 0.143258 -0.037346 -0.088325 0.004910 0.102068 -0.042326 0.114136 0.103889 
0.098641 0.070386 0.013214 -0.114164 0.082479 -0.028364 -0.002558 0.046561 0.104859 0.063631 0.136524 -0.081467 -0.064010 -0.107121 0.154318 -0.108734 -0.104336 0.025811 -0.050635 -0.097116 0.075809 0.014523 -0.030971 0.029546 0.148846 -0.069162 -0.107296 0.107652 -0.067318 -0.061009 0.065525 -0.052712 
0.015388 -0.061914 -0.044340 0.019240 0.075743 0.076438 -0.106923 -0.097341 -0.048409 -0.049295 0.057958 0.004914 -0.092511 0.002267 0.044229 -0.086398 -0.077732 0.031774 -0.085111 0.150705 0.107564 0.094123 0.085379 -0.076710 0.178033 0.137501 -0.002042 -0.109541 0.158773 0.074155 -0.009158 0.066944 
0.078035 0.050858 -0.044458 -0.003331 0.005442 -0.008524 0.106970 0.055450 -0.001411 0.021703 -0.057953 0.036791 -0.086700 0.116498 0.027316 -0.028405 0.068652 -0.111716 -0.036937 -0.131843 -0.020616 0.074665 -0.007700 -0.119414 0.070679 -0.042885 -0.127323 -0.019590 -0.124204 -0.019662 -0.091942 0.112859 
-0.121658 0.007959 -0.009757 0.041146 0.119489 -0.019002 -0.005718 -0.066742 -0.122129 0.115365 -0.108187 -0.078129 0.079903 0.079429 -0.021269 0.016839 0.101945 0.078694 0.054960 -0.053473 0.110912 -0.065093 0.016869 -0.020793 0.090217 0.028396 0.125351 -0.007853 0.122636 -0.095512 0.007200 -0.101348 
0.135563 -0.114960 0.105968 -0.011652 0.013558 -0.079299 -0.160317 0.067847 -0.105022 -0.131799 0.109728 0.085989 0.088070 -0.098111 0.132828 0.071427 -0.106344 -0.078503 -0.049599 0.189722 -0.034268 -0.028877 -0.074635 0.070977 -0.200607 -0.064889 -0.047577 0.189821 -0.041129 0.173761 -0.040076 0.147026 
0.063474 0.093917 0.009353 -0.029209 -0.108676 0.011956 0.076267 -0.119248 0.034767 0.044969 -0.107917 -0.003837 0.024638 0.005261 -0.083625 0.041574 0.060425 -0.025794 0.013063 -0.122911 0.167654 0.150817 0.169090 -0.123496 0.038748 -0.008118 0.153426 0.017160 -0.068195 -0.102718 0.013301 -0.073836 
0.104205 -0.091112 0.021257 0.110662 0.044543 -0.027199 -0.102364 -0.048267 0.078122 -0.092474 0.067394 -0.019082 0.033705 -0.112721 -0.096403 -0.028800 -0.007106 0.041345 -0.005662 -0.016564 0.013655 -0.038324 -0.014937 0.059794 0.039708 -0.019611 -0.048660 0.104236 -0.006154 0.096914 -0.094933 -0.029362 
-0.115281 0.050659 -0.037625 0.048958 -0.103909 -0.022653 0.118448 0.106421 0.010504 0.084443 -0.030047 -0.080625 0.075237 -0.023834 0.029302 -0.055581 -0.105362 -0.118526 0.053194 0.038264 -0.027261 -0.098197 -0.025104 -0.116603 0.011601 0.054405 0.100727 -0.095320 0.007209 -0.088232 -0.006528 0.033557 
0.061208 0.077623 -0.045522 0.071629 -0.050046 -0.050578 0.039348 0.034452 -0.103576 -0.105109 0.100379 0.100532 -0.015682 -0.018898 -0.080139 0.007842 0.002605 0.077443 -0.090902 0.091852 -0.114227 -0.006670 0.115417 0.015936 -0.060152 0.094231 0.034313 0.082681 0.119167 -0.079607 0.000426 0.071662 
0.127692 0.088718 0.027636 -0.086446 -0.095424 -0.050527 0.098547 -0.038166 -0.030603 0.119200 -0.074798 0.081223 -0.049021 -0.059205 -0.026805 0.080442 -0.091027 0.007702 0.071890 -0.096702 -0.106834 0.018377 0.083815 -0.044253 0.010079 -0.017222 -0.101280 0.028413 -0.026186 0.063948 -0.053063 0.010049 
0.021482 0.083248 0.054278 0.034732 -0.089780 0.022706 0.087687 0.014922 -0.018341 0.115385 -0.043035 0.059039 -0.069023 0.034890 0.033917 -0.035552 -0.085950 -0.050349 0.010358 -0.062314 0.109117 -0.065241 0.010489 0.001993 0.040068 0.060585 -0.121441 -0.037190 -0.022351 -0.041743 0.091218 0.109781 
-0.072531 0.007824 0.023601 -0.049593 -0.092065 -0.011176 0.072385 0.017612 -0.015314 -0.078465 -0.049191 0.038994 0.056575 0.091052 -0.118084 0.095910 -0.084231 0.001090 -0.088201 -0.099415 0.068137 0.041389 0.047134 -0.002625 0.002016 0.032681 0.067679 0.092263 0.100849 0.033419 0.076983 -0.093896 
-0.091317 -0.017285 -0.022092 -0.058399 0.110989 -0.080081 0.083461 -0.083469 -0.043354 -0.051716 0.138479 -0.115232 -0.112010 0.094329 0.142514 -0.078871 -0.020866 -0.118835 -0.069983 -0.032716 0.100521 0.134504 0.052969 -0.090784 0.030649 0.033372 0.160142 0.014927 -0.061059 0.102021 0.054037 -0.033280 
0.019043 -0.102714 0.063574 -0.116193 -0.050276 -0.013956 -0.044494 0.106167 0.036984 -0.030137 0.121988 0.022163 -0.080223 0.018413 0.190093 0.022815 0.035214 -0.094965 0.117656 0.052418 -0.106100 0.035231 0.010055 0.021181 -0.130258 0.006737 -0.088208 -0.010204 -0.071776 0.106834 0.057675 0.012885 
0.051512 -0.090389 0.015687 -0.110967 0.052643 0.094285 0.029024 -0.097362 -0.086193 -0.045506 0.107285 -0.044724 0.103871 0.043112 0.127454 0.012244 0.079652 0.056267 0.089766 0.108578 0.001141 0.009885 -0.040143 -0.041810 0.107156 0.035107 0.050707 -0.066205 -0.016895 -0.100665 0.077274 -0.095608 
-0.091239 -0.036876 -0.089721 0.071654 -0.062751 0.074604 -0.118800 -0.050121 -0.097815 0.107088 0.055934 -0.120091 0.027344 0.037718 -0.002699 -0.016852 -0.015004 -0.010160 -0.051782 0.048906 0.112617 0.061559 -0.091008 0.083601 -0.037037 0.048072 -0.096996 -0.005734 0.055502 0.093467 0.017309 0.097001 
-0.078258 0.055149 0.045810 -0.022375 0.033099 0.040163 0.069688 0.012717 0.021206 0.012382 0.062802 -0.081248 -0.065408 -0.080304 0.074472 0.036208 0.046346 0.097937 -0.044261 0.072956 0.082840 0.027377 -0.029076 0.102281 -0.107442 0.044684 0.027200 0.090735 0.037631 -0.092949 0.077897 0.060446 
0.091619 -0.024082 -0.086810 -0.061425 -0.082801 0.108286 0.098518 0.058761 0.002128 0.019006 0.126631 0.044387 0.077081 0.001628 0.018939 -0.001759 -0.009111 0.062203 -0.096550 -0.036770 -0.039920 0.045514 -0.114526 -0.025849 -0.096003 0.016306 -0.038853 0.063015 0.040139 0.132317 -0.016006 -0.038136 
-0.050674 0.007244 0.020926 -0.010146 -0.017101 0.004176 -0.086439 0.064325 -0.090677 -0.071217 0.034452 0.096258 0.017048 -0.118712 -0.052598 -0.117072 0.072991 -0.027365 -0.078464 -0.128679 -0.063973 -0.021567 0.060212 -0.063812 0.185728 0.073569 0.125019 -0.058019 0.023203 -0.054864 0.021775 0.111627 
-0.010998 -0.046843 -0.031576 -0.082693 0.061579 0.005995 -0.092212 0.006104 0.044138 0.198289 0.060666 -0.080996 0.082123 -0.109180 -0.108773 0.019439 0.014832 -0.050740 0.022952 0.018377 0.145107 0.012326 0.244861 -0.029146 0.289230 0.175118 0.127111 -0.046428 -0.089779 -0.039380 -0.057405 0.095594 
-0.009903 0.055581 -0.107174 -0.071050 -0.060605 -0.073875 -0.115368 0.028746 0.121472 0.082590 -0.124273 0.086581 0.075261 -0.074263 -0.060390 -0.033356 0.027670 -0.123908 -0.116954 -0.100958 -0.077291 0.103421 0.058805 0.075788 0.150185 -0.048170 -0.094751 0.071905 0.006768 -0.023745 0.062907 -0.107168 
-0.084341 0.094361 -0.050335 -0.059412 -0.067720 -0.058046 -0.094085 -0.120007 -0.113516 -0.084941 0.145736 0.074275 -0.025942 -0.064848 0.007015 0.114756 -0.030268 -0.073914 -0.096252 0.091096 -0.027359 0.112890 -0.049857 -0.120824 -0.136167 0.032481 0.168515 0.054104 0.175635 0.100823 0.082920 -0.086687 
0.042171 0.120917 -0.023506 0.052395 -0.054202 0.007783 0.069366 -0.028744 0.053225 0.068159 -0.057902 -0.112166 0.121849 -0.026426 -0.094892 -0.028191 0.038431 -0.068659 0.108998 0.108380 0.135041 -0.027220 0.109029 -0.109629 0.108120 0.087916 0.058804 0.104351 0.012273 -0.017730 0.112990 -0.066904 
0.087383 -0.047450 0.147810 0.016876 0.098761 0.052253 0.101802 0.109173 -0.018925 -0.114039 0.100798 -0.034655 0.000487 0.020504 0.203155 -0.082926 0.084660 0.062078 -0.074588 0.180653 -0.127194 0.073567 0.053103 0.106261 -0.071365 -0.001069 0.053459 0.027181 0.098048 0.093053 0.068733 -0.036513 
-0.219719 0.039019 0.094129 0.087825 -0.059726 0.089452 -0.020351 -0.074048 0.147866 0.050081 -0.101164 0.004334 0.035019 0.098099 -0.044267 -0.017322 0.035850 0.007897 -0.054582 -0.004085 0.174463 0.081304 0.248729 -0.048290 0.438293 0.101567 0.131096 0.039003 -0.091954 -0.066672 -0.115323 -0.088304 
0.115010 -0.115820 -0.096239 0.103778 0.104234 -0.028961 0.019126 0.142142 -0.022753 0.045142 0.005532 -0.115163 0.032806 -0.109886 0.062631 -0.052000 0.070311 0.083237 0.146308 0.008339 -0.097573 0.010588 0.052218 0.094987 -0.149729 -0.030294 0.024940 -0.047554 0.015807 0.088535 -0.018185 -0.036065 
0.090863 -0.024658 -0.037084 0.043519 0.048021 0.102361 0.014702 -0.047254 0.059256 0.208493 -0.043421 -0.030922 -0.116158 0.054326 0.031654 0.085794 0.020641 0.026546 -0.024977 0.015223 -0.056358 0.118291 0.084488 -0.060967 0.036288 -0.061570 -0.048143 -0.091996 -0.206748 0.072982 -0.029308 0.067952 
-0.163279 0.042854 -0.007905 0.051114 0.062752 -0.121771 0.083578 -0.153948 -0.110117 -0.065546 0.047734 -0.095333 0.080181 -0.103995 0.125576 -0.038079 0.053759 -0.097176 -0.135067 0.141190 0.044297 0.119008 -0.057208 0.019256 0.171262 0.102476 0.121911 0.073545 0.032315 0.134331 0.064792 -0.005891 
-0.014761 -0.069922 -0.079501 -0.087531 -0.081808 -0.115070 -0.029773 -0.110880 -0.072005 0.217592 -0.015805 0.103097 -0.105462 -0.042686 -0.064289 0.066847 0.016771 -0.066407 0.078502 0.063354 0.205903 0.002034 0.129013 0.078765 0.282131 -0.036753 0.128129 -0.113544 -0.138001 -0.013620 -0.010613 0.026696 
-0.020804 0.019538 0.061338 0.035153 0.054086 -0.095511 0.085697 0.015557 -0.108884 -0.060255 0.051897 -0.090696 0.022998 0.104733 0.129874 -0.088268 -0.040112 0.050648 0.088974 -0.025497 0.115923 -0.010476 -0.090421 -0.022859 -0.007981 0.128511 0.024764 -0.025999 -0.014102 0.099136 -0.108121 0.083990 
-0.000891 0.083884 -0.008660 -0.125289 0.111684 -0.034263 0.054468 0.129723 0.025609 -0.012853 -0.107289 -0.067643 -0.033813 -0.098532 -0.058222 0.061608 0.098102 -0.054175 -0.089715 0.013417 0.015145 -0.112508 -0.084399 -0.118386 -0.072047 -0.004726 -0.045374 -0.016242 -0.054758 -0.007615 -0.073797 0.084831 
-0.044375 0.129313 0.203176 -0.098021 -0.144748 0.165080 -0.144784 0.062787 -0.180280 -0.084906 0.164473 0.001305 0.007501 -0.107387 -0.078759 -0.075490 
-0.004958 -0.061153 -0.203560 -0.118451 0.060712 -0.114899 -0.114962 0.085925 0.105529 0.018055 -0.117800 -0.116043 -0.140175 -0.018772 0.161769 0.018669 
-0.122647 0.127346 0.082402 -0.096994 -0.004619 0.146864 0.140858 0.019767 -0.091609 0.098310 -0.140961 0.073501 0.172259 -0.075802 -0.146831 -0.025486 
0.032348 -0.137382 0.028468 -0.112765 -0.086238 0.050117 0.150502 0.164933 -0.060332 -0.115482 -0.128083 -0.036247 0.030052 -0.151507 0.114146 0.089583 
0.138041 -0.027358 0.180014 -0.021480 -0.082701 0.109212 0.166776 0.023565 0.121133 0.200941 -0.077050 0.038227 -0.087915 -0.056282 -0.156785 0.181379 
-0.019603 0.003755 -0.138818 0.068590 -0.124056 0.157486 0.064837 -0.024529 -0.131009 0.108555 0.121965 0.053131 0.124466 0.043942 -0.040471 0.091161 
-0.144871 -0.063492 -0.122144 -0.022040 -0.119620 -0.155016 0.172845 0.100252 -0.148401 -0.077977 -0.046261 -0.065205 0.037927 -0.047172 -0.110235 -0.150103 
0.154571 -0.051676 0.072419 -0.155835 -0.099252 0.066280 -0.040845 -0.085124 -0.139910 -0.128651 0.141120 -0.144249 0.151079 -0.076270 0.094025 -0.177760 
0.035757 0.146776 -0.053309 0.131014 0.191603 -0.033753 0.034018 -0.162696 0.115928 0.134480 -0.065712 -0.058228 -0.084039 0.008280 -0.045466 -0.052908 
0.084405 -0.145861 -0.163113 0.198338 0.064104 0.061987 -0.096793 0.079039 0.223326 -0.161533 0.066152 0.165151 -0.067267 0.025175 0.141501 0.246838 
-0.025783 -0.064118 0.243435 0.054006 0.064454 -0.087550 0.036673 -0.020670 0.091170 0.219360 0.155401 0.043606 -0.034109 -0.150801 0.122544 0.009443 
-0.114569 0.140308 -0.157164 0.057497 0.026904 -0.086349 -0.038318 0.017707 -0.085629 -0.117917 -0.015187 0.047172 0.094160 -0.052902 0.035587 -0.100610 
0.060733 -0.053427 0.083307 -0.016270 0.050036 -0.087764 0.129595 0.120437 -0.120688 0.043327 -0.054517 0.006499 0.057824 -0.168899 0.045293 0.131041 
0.139452 0.057260 0.000299 -0.009307 0.132618 0.145594 -0.165484 -0.117809 -0.135601 -0.011117 0.106902 0.125076 0.109909 -0.029167 -0.139583 0.003718 
0.070509 0.135620 0.360747 -0.015834 -0.180815 0.147321 -0.095171 -0.107450 0.104626 0.112906 0.163000 -0.110744 0.054968 -0.063432 0.205888 0.080463 
0.169387 -0.022455 0.162378 0.125929 -0.050674 0.170267 -0.166144 -0.016104 -0.015105 0.116250 -0.067421 -0.079151 -0.087683 -0.031884 0.094255 -0.172150 
-0.090614 0.070709 -0.048981 -0.056019 0.015765 0.041544 0.016166 0.148488 -0.081310 -0.102191 -0.169919 0.112772 0.002436 0.152506 -0.076441 0.029324 
-0.039233 -0.083152 -0.100875 0.106279 -0.084391 -0.039109 -0.109171 0.070389 -0.071816 -0.036704 0.138270 0.001334 0.121872 0.085407 -0.006218 -0.079766 
-0.000702 0.148531 -0.017598 0.139617 0.001723 0.205298 0.118143 0.070155 -0.154230 0.112316 0.002845 0.062803 0.127370 0.101946 -0.108239 -0.143090 
-0.169906 0.034325 0.268482 -0.037313 0.139390 -0.115419 0.173003 -0.102604 0.143528 0.215950 0.111706 0.029536 0.074140 -0.117777 0.082939 -0.036039 
-0.165679 -0.157191 -0.114790 0.083824 -0.105996 -0.197600 -0.038031 -0.088643 0.338863 0.127098 0.161458 0.121325 -0.019397 -0.116050 0.166181 0.208940 
0.080671 0.135992 0.228537 0.129663 0.198921 0.131464 0.142510 0.027593 0.222445 0.078000 -0.110563 0.038540 0.083736 0.072001 0.109579 0.187851 
0.104925 0.115971 -0.106492 0.222040 0.227138 0.025467 -0.084471 0.085509 0.090171 -0.159200 -0.027181 0.178825 -0.134316 -0.029721 -0.030955 0.355571 
-0.076108 -0.073071 0.061756 -0.063014 -0.114970 0.051892 0.128015 -0.170815 -0.045040 0.142296 0.016989 -0.141044 0.034441 -0.073723 0.139463 0.007501 
-0.126346 -0.092352 -0.193508 0.336028 0.313620 -0.053877 0.186299 -0.117981 0.282381 -0.120974 -0.197921 0.170066 -0.043794 -0.020255 0.043041 0.503939 
0.081316 -0.044357 -0.021676 0.131494 -0.167772 -0.178612 0.141802 -0.060487 0.177555 0.049923 -0.001010 0.003345 0.117063 -0.076444 0.177759 0.131310 
0.004014 -0.107368 0.142398 0.034066 0.076313 0.012094 0.054002 -0.141115 0.316064 0.043540 0.105277 0.017972 0.125099 -0.016982 -0.043705 0.271880 
0.118941 0.012389 0.098681 0.137389 -0.014542 0.060158 -0.115911 -0.037195 -0.146739 0.038349 0.173977 0.123571 0.147501 0.139310 0.094577 -0.021348 
-0.134138 0.035704 0.199623 0.107829 -0.142054 -0.084631 0.131566 -0.161496 0.204284 0.121697 0.023380 0.118518 -0.129011 0.092462 0.048833 0.189264 
-0.102864 -0.110568 0.190682 0.095888 0.074756 -0.151753 -0.125734 0.100004 0.129026 -0.120417 0.076774 0.034929 0.157588 -0.049152 0.184775 -0.089231 
0.165936 0.078808 0.163198 -0.075729 -0.167776 0.099010 -0.071299 0.128489 0.033432 0.096758 0.082605 0.028012 -0.006006 -0.094510 0.012172 0.127267 
-0.040831 -0.059945 0.043771 -0.123532 -0.050657 0.005436 0.149257 -0.163636 0.055890 0.048194 0.057817 0.002976 0.151105 0.010390 0.049206 0.144462 
-0.083462 -0.017115 -0.135583 -0.099252 -0.103864 -0.043874 -0.121966 0.027955 -0.161279 0.095742 -0.149483 0.024203 -0.139982 0.048709 -0.062748 -0.006093 
0.170176 0.058731 0.045367 -0.121356 -0.097197 0.018775 -0.046820 0.054627 -0.175864 0.108218 -0.118555 -0.175640 0.043033 0.138970 0.183744 0.095213 
-0.033108 -0.259440 -0.167943 0.032949 -0.061877 -0.114575 -0.114719 0.046102 -0.003624 -0.012359 -0.092226 -0.144225 0.638642 -0.059308 0.195126 0.257729 
-0.163821 -0.079589 -0.084333 -0.032893 0.087051 0.047030 -0.152797 0.167341 0.073938 0.149783 0.319860 -0.161258 -0.085722 0.090429 0.026124 0.005099 
0.095975 0.159999 -0.119437 -0.094050 0.168222 -0.056217 0.050698 0.213986 0.102479 0.293980 0.068571 0.048562 -0.294707 0.059241 -0.071903 -0.211267 
0.137606 0.110549 -0.057081 -0.043439 -0.012894 -0.034690 -0.012359 -0.229744 0.035896 -0.138167 -0.222600 -0.163851 -0.140711 0.129949 0.091026 0.122421 
0.059009 0.103695 -0.176985 0.099223 -0.123799 0.052722 0.050489 0.165246 0.006154 0.135553 0.046753 -0.048270 0.105623 -0.166435 -0.009980 -0.071210 
0.128237 0.092406 0.135355 -0.062486 -0.119811 -0.054532 -0.048985 0.155417 0.059281 -0.018565 0.169118 0.085892 -0.066378 0.044469 0.030689 0.170021 
-0.020768 0.038086 0.042762 0.187303 -0.094636 -0.083565 -0.028066 0.142180 0.324253 0.368506 0.420396 -0.035489 0.275164 -0.044456 -0.012693 0.102589 
-0.125717 -0.023343 -0.142202 0.018668 0.132422 -0.012881 -0.093972 0.112174 0.273348 -0.046477 0.004182 -0.097857 0.369870 0.138539 -0.049944 -0.022634 
0.007205 0.074124 0.134320 0.079237 -0.159636 -0.074171 -0.069452 -0.129416 -0.047156 -0.068686 0.020516 -0.144400 0.269550 -0.121492 0.213905 0.141719 
0.073254 0.196773 -0.156786 0.085565 -0.024700 -0.073020 -0.119919 -0.012893 0.048425 0.108965 0.151522 -0.056333 -0.044731 0.097869 -0.007559 0.099861 
0.044821 -0.036610 0.022701 0.032586 0.091197 0.129565 0.100007 0.145368 -0.124842 -0.101240 -0.177073 0.086043 0.141988 0.149698 0.076370 -0.095936 
0.139789 0.022462 0.084090 -0.060325 0.126969 0.141698 0.063171 -0.048432 -0.047983 -0.088684 0.073308 0.078319 -0.168343 -0.062071 0.020734 0.045197 
0.115984 -0.158719 -0.064203 0.099373 0.163482 -0.141736 0.018022 -0.099016 0.043168 0.087936 0.195216 0.107641 0.198843 -0.054152 0.192059 0.023293 
0.146685 0.104987 0.086764 0.228168 0.022141 -0.027129 -0.130704 0.250963 0.184322 0.382829 0.342525 0.069952 -0.023602 -0.099636 -0.155908 0.144156 
-0.073586 0.069612 0.035365 -0.087907 0.122037 -0.186554 -0.038327 -0.187723 0.109192 -0.121376 0.213151 -0.126878 0.055735 0.179138 0.079363 0.011719 0.014062 -0.033284 -0.074766 -0.136634 0.117116 -0.027028 -0.158886 0.000908 -0.085551 0.076526 -0.105325 -0.024376 0.154780 0.011696 -0.033974 
-0.249755 -0.154385 0.234687 0.047611 0.209247 -0.199123 -0.237824 -0.240693 0.158308 0.035000 0.157552 -0.229766 0.303402 0.161205 0.111649 -0.048071 -0.046176 -0.130518 0.075898 -0.005797 0.164043 -0.128878 0.014433 -0.015050 -0.001432 -0.055526 0.059847 0.108651 -0.108943 -0.127946 -0.109091 
-0.017483 -0.061699 -0.146700 -0.215622 -0.099223 -0.098670 -0.206337 -0.077699 -0.187470 -0.065985 -0.094735 -0.155185 -0.116231 -0.178250 0.203572 0.091663 0.003625 -0.161796 -0.036214 0.175877 -0.175362 0.012652 0.012734 -0.010191 0.154572 0.104174 -0.127525 0.091430 0.172726 -0.056936 0.173238 
0.069597 0.148579 -0.152550 0.008679 -0.239556 0.016321 0.049450 -0.090204 0.051754 0.365564 0.107643 0.135433 -0.121767 0.152891 0.103913 0.194304 -0.062590 0.085647 -0.065435 -0.066551 0.092469 0.124623 0.125255 -0.093061 0.106241 0.061504 -0.045286 0.085765 0.046054 0.079683 0.013095 
-0.204867 -0.035452 0.111309 0.049939 -0.027384 -0.139851 -0.147719 0.149576 0.162721 -0.162610 -0.014786 0.063011 -0.050989 -0.109026 -0.080135 -0.090893 0.034543 -0.144815 0.046673 0.146190 0.125202 -0.006231 0.092762 -0.147399 -0.081735 -0.033535 -0.014951 0.112076 -0.165559 -0.116750 -0.053859 
-0.189188 0.049656 -0.210944 0.107859 -0.224835 -0.103748 0.207248 0.171849 -0.188135 -0.203912 -0.089772 0.122033 -0.006554 0.048043 -0.205209 0.149662 -0.108470 -0.114693 -0.023334 -0.140045 -0.167019 0.147962 0.130124 -0.136893 -0.111824 -0.081463 0.025687 0.177210 -0.069494 0.086459 -0.054303 
-0.038812 -0.077106 -0.039423 -0.178061 -0.054833 0.103937 -0.217921 -0.130092 0.162909 -0.174725 0.027244 0.037835 0.065829 -0.171822 0.079734 -0.031617 -0.054383 0.120117 0.131479 -0.016900 0.130625 0.101913 -0.064305 0.171260 0.167617 0.031760 0.019419 0.167299 0.139794 -0.071650 -0.064532 
-0.105276 0.123457 0.117861 -0.022287 -0.231671 -0.008709 0.006900 -0.138322 -0.111216 0.300167 0.123352 0.160460 -0.022815 0.247519 0.008060 0.100331 -0.062188 -0.051300 0.035595 0.110342 -0.099427 -0.040126 -0.144298 -0.097638 -0.026467 0.096690 0.092021 -0.004010 0.027268 -0.163535 0.052506 
0.104175 0.176543 -0.055850 -0.075683 0.114251 0.188998 0.178324 0.216330 -0.191132 0.330765 0.120195 0.219948 0.283434 0.176461 -0.007175 0.006960 -0.134448 0.123681 -0.125755 0.156940 -0.155871 0.011165 0.173398 -0.074845 0.170598 0.098181 -0.168132 -0.046856 -0.089412 -0.166681 0.126249 
-0.193370 0.190223 -0.120447 -0.006427 0.007853 -0.179378 -0.075211 -0.042129 -0.145250 0.433434 -0.134152 -0.184560 0.234892 -0.191246 0.079529 -0.156269 -0.086481 0.002091 -0.043610 -0.140756 0.021200 0.143563 -0.128387 0.088925 0.069324 0.100253 0.126935 -0.055458 -0.156936 0.152518 0.138689 
-0.196141 0.199224 -0.177315 0.091487 -0.126773 -0.104004 -0.230832 0.080478 -0.029874 0.569326 -0.253408 0.034397 0.197708 -0.108876 -0.110748 0.132710 -0.004681 0.099622 -0.110030 0.055979 -0.058051 -0.145009 0.097570 -0.123526 0.125728 0.044030 -0.167217 0.254170 0.050631 0.152461 0.102524 
0.168356 0.098938 0.211642 0.012768 0.219289 -0.167280 0.029044 0.099966 0.049954 -0.019348 0.147372 -0.140324 -0.224026 -0.232590 -0.003964 0.178429 0.005577 -0.082049 -0.160385 -0.123515 0.038860 -0.127866 0.151577 0.099805 -0.168183 0.004098 0.110371 0.152105 -0.122805 0.100638 0.076485 
0.775530 0.114216 0.070997 0.010220 -0.035883 0.240297 -0.207844 -0.169386 -0.063084 0.375612 0.515102 0.037455 -0.136959 0.334219 -0.190618 -0.019902 0.000633 -0.072355 0.000231 0.144983 0.166427 0.048315 0.018444 0.200296 0.209475 0.001441 0.197125 0.032234 -0.100253 -0.052560 -0.053668 
-0.141679 0.173726 0.222330 0.115212 -0.109168 0.126047 0.154477 -0.045085 -0.167390 -0.073665 -0.080890 0.140172 0.217160 -0.102414 0.196662 -0.055553 0.094704 -0.077709 0.136271 -0.038556 -0.080316 0.007058 0.157571 -0.160709 -0.112812 -0.174948 0.046907 0.096951 -0.097701 -0.177405 -0.149321 
0.202155 0.162669 -0.232711 -0.162881 -0.182381 0.164552 0.238703 0.022233 0.212641 -0.060970 0.278982 0.092383 -0.174702 -0.161504 0.062781 0.080645 0.159651 0.140010 0.017424 -0.050280 -0.116978 -0.153841 -0.080692 -0.077674 -0.053202 -0.027466 0.176794 -0.169814 0.026571 0.128495 -0.136981 
0.341026 0.155401 -0.182641 -0.191465 0.170295 0.231506 -0.199869 -0.063979 0.172219 0.129326 -0.067533 0.028194 0.100977 0.005779 -0.140243 -0.070385 -0.043668 -0.142852 0.148042 0.093919 -0.069991 0.171627 0.166794 0.027178 -0.067731 -0.067706 -0.005574 -0.087209 0.133269 -0.085488 -0.049864 
0.016339 0.099692 0.029774 0.367848 0.132457 -0.199222 0.168088 0.241181 -0.118177 -0.151735 -0.018570 0.226757 -0.314792 0.184124 -0.214336 -0.093691 -0.173348 -0.152858 -0.210045 0.212673 -0.001452 -0.092420 0.454799 -0.227729 0.458331 -0.420718 -0.117866 0.381404 0.185473 0.445627 -0.304774 0.070350 
0.075926 -0.005407 -0.020548 0.008547 -0.230021 -0.153873 0.087201 0.003095 0.089055 -0.178160 -0.171300 0.160161 -0.127543 -0.114904 -0.179768 -0.078634 -0.013863 -0.016867 -0.118643 0.200782 0.137821 -0.155307 0.232207 -0.103563 -0.104147 0.016321 -0.290215 -0.138605 -0.221120 -0.089877 0.348355 0.104140 
0.208130 -0.066703 -0.147065 0.229100 0.103246 0.189723 -0.115215 -0.054807 -0.233383 -0.039408 -0.191552 -0.214940 0.069172 -0.124212 -0.067245 -0.222215 0.106029 0.059974 0.226271 -0.003259 0.151775 0.196804 0.156980 -0.162617 -0.114186 0.218262 -0.016035 -0.084384 -0.137829 -0.052546 -0.221444 -0.176806 
0.127859 -0.121400 -0.194814 -0.016003 -0.178786 -0.062922 0.176298 -0.165060 0.144779 0.231854 -0.132891 -0.033158 -0.139467 0.046972 -0.008264 0.213670 -0.140162 -0.029102 -0.036697 -0.235496 -0.079405 -0.126824 -0.151004 0.053516 -0.155670 0.080069 0.216240 -0.046391 -0.219585 0.241905 0.023911 0.155382 
-0.126604 0.076205 -0.107729 -0.058281 -0.233825 -0.178539 0.023767 0.158062 -0.193794 0.137984 -0.122204 -0.086153 -0.062152 0.116640 -0.119591 0.044793 -0.159570 0.090821 0.056406 0.008133 0.211104 0.152510 -0.185459 -0.191674 -0.014529 -0.216326 0.009043 0.012994 -0.221529 -0.214154 -0.078732 -0.101025 
0.103697 0.061247 0.113041 0.144208 0.124173 -0.145344 0.028536 0.252204 -0.244662 0.157211 -0.150731 -0.051253 0.036309 -0.022947 0.232195 0.109659 -0.179501 0.041493 -0.123541 -0.216763 -0.053105 -0.061955 -0.125937 0.179475 0.009996 0.075397 -0.088778 -0.019159 0.124665 0.164352 0.148902 -0.012421 
-0.072724 -0.018816 -0.133581 -0.190616 0.092754 0.146923 0.239022 0.095199 0.058114 -0.158817 -0.211615 -0.161162 0.065078 -0.226528 0.201316 0.132684 0.062073 -0.169396 0.164287 -0.238140 0.015757 -0.242892 0.188443 0.231692 0.100297 -0.113305 -0.021010 -0.017776 -0.246676 -0.127628 0.220417 -0.072292 
0.100664 -0.170112 -0.017506 -0.055015 0.233759 -0.031282 -0.205600 0.049398 0.064405 -0.171712 0.130712 -0.122490 -0.152052 0.086283 -0.232049 0.164213 0.162882 0.179346 0.165916 -0.068719 0.183563 0.109957 -0.087172 0.029974 0.234060 0.167125 -0.228132 0.244192 -0.232773 0.223680 -0.062675 0.114830 
-0.168011 0.155536 -0.185486 -0.180038 -0.114889 -0.144263 0.110198 0.195784 -0.067291 -0.005833 -0.168113 0.030777 -0.168046 -0.154201 -0.057164 0.241636 -0.220816 -0.135649 -0.074133 0.209857 0.221416 0.088839 -0.001171 0.218068 -0.014181 0.018474 0.215213 0.000294 0.010761 -0.106478 -0.134080 0.089148 
-0.203046 -0.305238 0.096800 -0.065636 0.019507 -0.218617 -0.120640 0.400080 -0.233880 -0.017884 -0.006958 -0.043641 0.318596 0.217210 -0.160232 0.130686 -0.130049 0.012743 0.053416 -0.226559 -0.145525 -0.201965 0.251055 0.054523 -0.093947 0.350115 -0.504679 -0.353800 -0.157410 -0.035094 0.454544 -0.129997 
0.071955 -0.007245 0.083149 0.014947 -0.168551 0.137675 -0.149373 0.079674 -0.070310 0.094285 -0.049699 0.265306 0.028069 0.019669 0.069195 0.061833 -0.225500 -0.132269 0.047037 -0.103576 -0.087125 0.106864 0.345578 0.231282 0.279443 -0.337546 -0.256016 0.281762 0.006447 0.399204 -0.240077 -0.106987 
0.039590 0.150822 0.067010 0.138583 0.119676 0.166906 0.236912 -0.164326 0.030911 -0.059390 -0.209871 -0.169283 0.231815 0.112559 0.168801 -0.221173 0.223139 0.035951 -0.068530 -0.113388 -0.104293 -0.077805 -0.122214 0.210391 0.006463 -0.086221 0.121246 -0.236090 -0.118830 0.215652 -0.068100 0.172365 
0.099375 0.162947 0.026547 -0.064265 0.135878 0.015991 0.033354 0.016726 0.234830 0.108221 -0.003087 0.222658 0.091667 -0.086686 0.241164 -0.068288 0.239874 -0.073421 0.097433 -0.149736 0.095882 0.149462 -0.243559 -0.161040 -0.353782 0.284465 -0.253849 -0.198822 0.145429 -0.014576 0.028385 -0.003370 
-0.035633 0.107841 0.249230 -0.049390 -0.036553 -0.046189 0.042784 0.158990 -0.150503 -0.203350 -0.074162 0.055285 -0.024568 -0.084245 0.178906 -0.095517 0.081560 -0.029379 -0.019583 -0.061259 -0.127025 0.078464 0.136981 -0.055090 0.147045 0.043984 0.028439 -0.099535 -0.090563 0.387382 0.163161 0.166231 
0.172359 0.169860 -0.205417 -0.102562 -0.051835 0.092117 0.104455 0.044769 0.139455 -0.216815 -0.175219 -0.141710 -0.049812 -0.243421 0.025898 -0.203339 -0.025692 -0.203339 -0.013876 0.094391 0.122233 -0.227574 -0.215880 -0.101596 0.161382 0.161455 0.068363 -0.166512 0.161212 -0.000343 0.239695 0.086463 
-0.077592 -0.214299 0.232345 0.117811 0.126396 0.089136 -0.084657 0.021811 0.118650 -0.013377 0.124140 -0.178583 -0.009709 -0.096076 -0.134502 0.212657 -0.052486 0.098729 0.060208 -0.178175 0.118264 0.090847 -0.031539 0.031529 0.005201 -0.208971 0.113134 -0.080702 0.035357 0.105829 -0.237519 0.204839 
0.098865 0.167196 0.053349 0.013744 0.055349 0.167510 -0.142748 -0.035667 -0.015542 0.114671 0.015767 0.152664 -0.125907 0.091553 0.128293 0.008343 -0.012954 -0.004423 0.057751 -0.104103 -0.112852 -0.140742 0.093675 0.065651 -0.113380 -0.000386 -0.168900 0.082849 -0.099632 -0.164279 0.054370 0.173362 -0.173617 -0.068013 0.012268 0.058381 -0.074722 0.039159 -0.152018 0.085255 -0.015058 0.034214 0.063502 0.025094 -0.046827 0.017151 -0.141258 0.119482 -0.161975 0.090179 -0.161434 -0.102288 0.123388 0.106903 0.135675 -0.164067 -0.068098 0.142571 0.091119 0.006143 0.152505 -0.027375 0.009097 0.157413 
0.067585 -0.188137 0.035717 -0.199404 0.040445 0.056798 0.028047 -0.144388 -0.095552 -0.018249 0.085431 0.107504 0.150689 0.049110 -0.020942 -0.163073 -0.009065 -0.011978 -0.122569 -0.058348 0.014202 -0.149508 -0.007429 0.057100 -0.196652 -0.111234 -0.114753 0.176704 0.052852 0.059780 0.111778 -0.054991 0.120871 0.005984 -0.048923 -0.048033 -0.103765 -0.132320 -0.012144 0.016208 -0.068131 -0.052222 -0.134050 0.024561 0.117485 0.013347 -0.032956 0.070126 -0.158634 0.093570 0.075275 -0.043421 0.126029 -0.103986 -0.175533 -0.078092 -0.028101 -0.097289 0.210087 -0.173940 0.113716 0.137499 0.000081 0.013581 
-0.035431 0.037744 0.170709 0.051277 0.106370 -0.011014 -0.306339 -0.031041 0.003036 -0.052978 0.143367 0.091163 0.146892 0.018418 0.162957 -0.145276 -0.098395 0.112971 -0.033680 -0.069835 -0.094976 0.016650 -0.059768 -0.000744 0.028970 -0.060839 0.014410 0.099838 -0.036297 0.094054 -0.036321 0.063862 -0.045288 -0.059217 -0.057229 -0.077271 0.140924 -0.008879 0.076851 -0.036311 -0.126484 0.119246 0.162571 0.082687 -0.060717 0.132482 0.097962 0.078048 0.048126 -0.018705 0.087319 0.056320 -0.184099 -0.117389 -0.109078 0.271104 0.018882 0.044281 0.106354 0.090509 -0.008784 -0.125069 0.049127 0.154470 
0.012243 0.039015 -0.094373 -0.123397 -0.100449 0.157544 0.043788 -0.161065 -0.017256 0.131752 0.180335 0.157533 0.073426 -0.009590 -0.145272 0.022217 -0.189196 -0.138540 -0.079231 -0.170319 0.067396 0.009375 0.233249 0.203417 -0.137861 0.075812 0.045462 0.026998 0.142627 -0.104390 -0.022668 -0.002272 0.168726 0.166632 0.127102 -0.108834 0.114912 0.087818 -0.083212 0.012319 -0.061485 -0.110667 -0.073508 -0.017954 0.016682 0.021118 -0.340579 0.215834 0.026442 -0.133925 0.067822 -0.143013 0.092060 0.072070 -0.163982 -0.069171 -0.012696 0.140819 0.083781 -0.063043 -0.164081 -0.042864 0.177799 0.129242 
-0.060802 0.037599 -0.117726 -0.089902 -0.054996 -0.026977 0.093138 0.158758 -0.001413 -0.143245 -0.038102 -0.101727 0.078543 -0.037705 0.151478 0.019496 0.076715 0.073757 0.102967 0.030937 -0.010730 0.167979 0.055220 0.153359 0.130755 -0.033741 -0.077322 0.150980 0.103789 -0.160609 0.140488 -0.132546 0.053259 -0.152119 -0.047716 0.171693 -0.003379 -0.126379 0.155719 0.170386 -0.097859 -0.055505 -0.108112 0.158715 0.080066 -0.131365 0.003523 -0.017627 0.117123 -0.068164 -0.160839 -0.068457 -0.074921 0.069142 -0.089154 -0.116786 -0.139148 0.008326 -0.140215 0.138473 0.022685 0.173295 -0.168331 -0.100285 
-0.165223 -0.059054 -0.113177 -0.003590 -0.003262 -0.115684 0.007565 0.083566 0.000475 0.078675 0.047657 -0.103246 0.096874 -0.094101 0.076124 0.064432 0.020387 0.068419 0.147447 0.091318 -0.014353 -0.114968 0.198482 -0.010016 0.096590 -0.152038 0.013774 -0.044587 -0.196196 -0.014683 -0.014971 -0.133150 0.147923 0.088584 0.066828 -0.066139 0.128470 -0.103996 -0.152278 -0.060769 0.117453 0.124793 0.023961 0.099354 0.192725 -0.119529 -0.072581 0.025649 0.140091 -0.017705 -0.103817 -0.056685 0.035002 -0.086272 0.103489 0.013510 -0.058574 -0.083604 0.119649 -0.040989 0.070091 -0.073381 -0.033798 -0.024740 
-0.161215 -0.114143 0.115062 0.150186 -0.043365 0.137973 -0.069829 -0.068645 0.058569 0.141022 -0.145076 0.053335 -0.116253 0.014381 -0.122865 -0.127238 0.170705 -0.017576 0.005064 0.060555 0.077537 -0.037343 -0.135626 -0.158321 0.060181 0.131835 -0.022721 -0.038307 -0.113030 0.153637 0.137845 -0.099162 -0.132784 0.077268 -0.124486 -0.003499 0.041750 -0.016106 0.102588 -0.073381 -0.053432 0.130791 0.153202 0.007679 -0.029491 -0.144394 0.055145 -0.031349 0.013584 -0.117943 -0.144611 -0.085665 0.021068 -0.106531 -0.069552 -0.089816 -0.148923 0.083343 0.045755 -0.087959 0.062621 0.007214 -0.010345 0.102732 
-0.105924 0.028389 -0.077131 0.164834 -0.144229 -0.139631 -0.424216 -0.011150 0.109139 -0.098228 0.070516 0.031975 -0.097687 0.118489 0.134525 0.075744 0.014586 0.208094 0.094837 -0.063461 -0.112355 -0.120767 0.016332 -0.037738 -0.340862 -0.107297 0.001481 0.000479 0.119951 0.121590 0.004381 0.161556 -0.247540 0.057025 0.117983 -0.024303 0.133501 0.136357 0.172219 -0.024404 -0.501177 0.132632 -0.117731 -0.088154 0.167581 0.121366 0.182529 -0.060687 0.076314 0.235536 -0.024132 0.089506 -0.098475 -0.168747 0.181860 0.016924 -0.051146 -0.066930 0.099631 -0.172239 -0.049370 -0.039952 0.183959 0.052788 
-0.112732 0.103525 -0.128020 -0.166634 0.096680 -0.156254 0.111744 0.122481 0.142842 0.168756 -0.138199 -0.049244 0.146702 -0.148405 0.025381 0.074148 -0.168532 -0.135855 0.019800 -0.092649 -0.099290 0.009466 -0.012144 0.004676 0.130228 -0.039128 0.008755 -0.154968 0.103618 -0.001433 0.064925 0.165618 -0.072639 0.111637 0.173716 -0.150691 0.130115 0.110728 0.146522 0.098225 0.104753 -0.166409 -0.125752 0.076723 -0.140081 0.074361 -0.023861 -0.133882 0.113238 0.170671 -0.051799 -0.160783 0.005405 0.110789 0.018624 -0.039098 -0.103071 -0.147353 -0.019334 -0.174184 0.025946 -0.129141 0.166166 0.128039 
0.146526 0.156886 0.138991 0.069324 0.092055 0.124060 0.063339 0.009615 0.153224 0.091742 -0.102351 0.123045 -0.036833 0.146291 -0.120910 -0.076780 0.099173 -0.005493 -0.072963 -0.096547 -0.104677 0.125534 0.107764 -0.007462 0.181500 -0.146998 0.022156 0.001922 -0.184008 0.007485 -0.048778 -0.118041 -0.022161 -0.033646 0.182504 -0.104220 -0.148598 0.011208 0.098741 -0.191908 -0.041884 -0.167114 -0.166453 0.100320 0.168296 -0.177869 -0.233732 0.018325 0.003339 -0.047018 0.091271 0.123930 -0.099128 -0.019459 -0.096866 -0.117511 0.020815 0.095890 0.073043 0.081905 -0.062514 -0.134042 0.035719 0.008895 
-0.015789 0.130354 0.122189 0.047855 -0.015365 0.051054 0.068961 0.098731 0.087810 0.082179 0.022810 0.033863 0.128360 0.044841 -0.114846 -0.019026 -0.170691 0.171283 -0.074458 -0.080967 -0.020507 0.033723 -0.008072 0.164109 -0.043396 -0.100790 0.071793 0.035081 -0.056352 0.034508 -0.089891 0.102590 -0.009870 -0.142433 -0.024286 0.149496 0.083352 -0.130057 0.073496 -0.003570 0.126854 -0.078426 -0.144439 0.080483 0.141148 -0.084553 -0.113275 0.145188 -0.088002 -0.013002 -0.110511 0.066223 -0.154010 0.056149 0.055599 -0.022674 0.130091 -0.047339 -0.162325 -0.100994 0.161901 -0.077484 -0.173135 -0.022701 
-0.046194 -0.043273 -0.047861 -0.147852 0.022402 -0.164686 -0.049966 -0.026896 -0.069604 0.073003 -0.096283 -0.036452 0.151509 -0.079722 -0.140824 -0.107665 0.073306 -0.049696 0.141047 0.120641 -0.136394 0.013467 -0.091905 0.149491 0.089792 -0.061227 -0.156242 0.147340 0.089316 -0.139848 -0.080864 0.182450 0.032555 0.040337 -0.153408 -0.140585 0.096789 0.068335 0.014996 -0.124163 -0.145401 0.103869 -0.057239 -0.064916 -0.179437 0.009430 -0.010991 0.126322 0.098986 -0.062064 0.065481 0.112694 0.137727 0.141967 0.087289 0.155956 -0.075030 0.127035 0.107796 0.128192 0.143624 -0.176741 0.210215 0.003989 
0.047218 0.146823 0.031878 -0.022895 0.040381 -0.133885 -0.048989 0.152390 0.110805 0.140666 -0.161717 0.063866 -0.062022 0.179684 0.092222 -0.102883 -0.108497 -0.061292 -0.173261 -0.140641 -0.149435 0.095639 0.172310 -0.021804 0.039926 0.048680 -0.001396 0.039941 -0.019794 -0.077225 -0.086029 -0.074552 -0.161476 0.068449 0.092358 0.088974 0.092364 -0.119274 0.088898 -0.006231 -0.229182 -0.179972 -0.024649 -0.038089 0.195692 -0.206953 0.067849 -0.235804 -0.056876 0.074416 -0.141420 0.016938 0.003053 -0.146288 -0.166900 -0.126047 0.102862 -0.034767 0.109302 -0.042499 0.091335 0.161958 -0.046070 0.088777 
0.070432 -0.054388 0.043707 0.010311 0.040273 -0.045748 -0.196759 0.065985 -0.068215 0.038516 -0.125328 0.005236 0.054554 0.003293 -0.097091 0.159470 -0.089348 -0.015035 -0.009491 0.119224 0.080457 0.012347 -0.184521 -0.036410 0.112172 0.139146 0.060676 0.033179 0.210188 -0.045909 -0.016027 0.035167 0.101064 -0.178939 -0.143216 -0.022213 -0.005946 -0.072103 -0.137068 0.149736 0.047494 -0.066564 -0.119384 0.008039 0.070669 0.030896 0.021643 -0.102386 -0.173648 0.158574 0.167816 0.013716 0.000661 -0.172324 0.178571 0.046635 0.151438 0.079316 -0.121439 0.107225 -0.150005 0.010110 0.068433 0.177632 
0.026216 0.007001 -0.036321 0.171327 0.107042 -0.002135 0.120568 0.065595 0.051527 -0.173095 -0.102098 -0.015635 0.006686 0.064411 0.033054 0.016718 0.055734 0.027713 -0.108261 -0.113179 0.039706 -0.110378 0.054556 0.016112 0.142599 0.088333 -0.049215 -0.157629 -0.074664 0.089760 -0.171243 0.126284 -0.077970 -0.032832 0.122880 -0.145660 0.139765 0.068715 0.094667 0.016560 0.070352 0.167301 -0.173807 -0.097694 0.056980 0.033979 0.093756 -0.062017 -0.113040 0.160227 -0.000465 0.101397 -0.124883 -0.120641 -0.057222 -0.157016 0.142424 0.068294 -0.139913 -0.106971 -0.016677 -0.136425 -0.155419 0.080084 
0.005409 0.144891 0.108757 -0.024202 0.036176 0.030720 0.161766 -0.065912 0.020829 0.165217 0.000121 -0.104174 0.022465 -0.071612 0.020428 0.083663 -0.086676 -0.157981 0.010146 -0.036797 -0.109831 0.127060 -0.020134 -0.135427 0.021367 0.015737 -0.063793 -0.169083 0.050071 -0.047995 0.084256 -0.117441 -0.086328 0.019348 0.030925 0.128177 -0.124805 0.013458 -0.114415 0.068987 0.005066 0.070505 0.148623 -0.147677 0.175189 -0.003796 0.112551 -0.097552 0.009854 -0.052080 0.048496 0.076685 -0.100580 -0.146052 0.115939 0.088338 0.043316 -0.128219 0.102700 -0.075603 -0.003229 0.009771 -0.022902 0.088629 
-0.150387 -0.161803 0.050391 -0.086295 0.029310 0.102923 0.146904 -0.139800 0.012466 0.121988 -0.127665 -0.002483 -0.066096 0.183296 0.092146 0.118962 -0.054324 -0.041611 0.019854 0.016225 -0.020050 -0.046075 -0.049836 -0.155699 -0.000116 -0.133602 -0.022276 -0.153591 0.044866 0.106981 0.089369 0.080652 0.145858 -0.038741 0.159066 -0.018882 -0.105005 0.130511 0.016603 0.059306 0.061797 0.091836 -0.121344 -0.158415 0.112068 0.131145 0.124159 -0.137283 -0.090664 0.007089 0.039892 0.069042 0.114888 0.160015 0.106304 -0.038921 -0.149484 -0.125714 -0.032126 0.077073 0.168606 -0.130160 -0.032131 0.107393 
0.004672 -0.033183 -0.080668 0.067200 -0.076204 0.111474 -0.047499 -0.172179 0.017326 0.007180 -0.155862 -0.077665 -0.033000 0.154148 -0.052452 0.055125 -0.038889 0.167118 -0.048560 -0.095917 0.152401 -0.124238 0.028893 -0.171059 -0.072780 0.156918 0.080746 -0.085002 -0.147449 -0.110993 -0.146963 0.031954 0.030556 -0.052900 -0.075578 0.129084 -0.116157 0.051655 0.131638 0.075900 -0.115897 0.150508 0.172968 0.025835 0.129924 -0.054216 -0.093772 -0.083697 -0.061830 0.032400 -0.004882 -0.084160 0.082895 -0.150721 -0.080488 -0.164617 -0.168535 -0.174474 -0.074887 -0.141253 -0.110735 -0.047118 0.065433 0.094553 
0.067642 0.165821 0.052188 0.155130 0.038928 0.009111 -0.004351 0.102944 -0.009330 0.035225 -0.082522 -0.084116 0.143344 0.047238 0.068010 -0.083353 -0.109910 -0.143447 -0.012955 0.142564 -0.134781 0.082209 0.172381 -0.138899 0.078011 -0.091398 -0.061952 0.158762 -0.003587 0.155400 0.089662 -0.067142 0.118103 -0.043394 -0.092700 0.002679 0.125901 0.107945 -0.066354 -0.081580 -0.100078 0.046586 0.057014 -0.060406 -0.047725 -0.110003 0.035817 -0.013455 -0.063983 -0.124752 -0.064229 -0.019269 0.136612 -0.061210 0.030803 0.063701 0.022693 0.113748 0.043298 -0.116968 0.113558 -0.032637 -0.060309 0.054123 
0.103266 0.062642 -0.100191 0.068792 -0.008548 0.008570 -0.158040 0.127686 -0.105411 0.074532 -0.106736 -0.012491 0.161389 0.098971 0.145172 -0.079116 0.137705 -0.073626 0.077623 0.102697 0.040219 -0.062797 -0.004960 -0.112642 -0.116119 -0.121515 -0.054954 0.157486 0.022029 0.113450 0.048350 -0.049428 0.001544 0.122603 -0.155369 0.167494 -0.043165 -0.139463 0.120448 0.026344 0.110489 -0.161456 -0.160934 0.096108 0.112329 0.158970 -0.157805 0.075322 -0.089388 0.094131 0.003938 0.125470 -0.143681 0.173351 -0.161917 -0.084812 -0.122864 -0.042075 -0.102147 0.073744 -0.103408 0.120604 -0.149751 0.072748 
0.068893 -0.130892 0.065397 -0.148839 -0.095622 0.011113 0.052214 -0.160553 0.024494 0.066011 0.110220 -0.037833 0.050250 0.127147 -0.137292 0.135594 0.046545 0.040888 0.086332 0.077878 0.039539 0.099147 0.167766 0.091407 -0.117659 -0.109313 -0.009419 -0.046335 -0.163311 0.015059 -0.148433 0.080313 0.058899 0.091696 0.106206 0.138009 -0.071923 -0.016312 0.152187 0.127303 -0.125033 0.087675 -0.085262 0.099949 0.040090 -0.047823 0.060811 -0.088096 0.167797 -0.027589 0.164514 0.032604 -0.103173 0.157548 -0.050721 -0.046101 -0.126498 0.114592 0.082296 -0.115076 -0.045081 0.108595 0.139969 -0.160913 
0.025559 0.071443 0.151827 0.128367 -0.119600 0.129282 0.080939 -0.069901 0.042226 0.170408 -0.144684 -0.092416 -0.052146 0.090859 -0.005781 -0.059081 -0.111461 -0.015999 0.148254 -0.039903 -0.033183 -0.077198 0.088728 0.015052 -0.137337 -0.003708 0.074708 -0.007687 -0.069845 0.039945 0.006132 0.130446 -0.063343 -0.016773 0.084082 -0.008212 -0.062223 -0.009711 0.096619 0.154734 -0.014035 0.126667 -0.112413 0.108551 0.042795 0.056538 -0.125262 0.106065 -0.134192 -0.151740 -0.108569 0.007357 -0.054206 0.154891 -0.152324 -0.016812 -0.023549 0.097116 0.150233 0.081339 -0.037670 -0.018367 0.037053 0.073718 
0.133707 -0.091766 -0.103199 -0.089595 0.112201 0.159913 -0.343710 -0.052571 0.028611 -0.035036 -0.071623 0.136682 -0.149938 -0.168124 -0.159240 -0.132696 -0.155083 -0.003231 0.018571 0.046799 0.093514 0.054669 -0.182210 0.222406 -0.141629 -0.166552 -0.024620 0.064098 0.150917 -0.148585 0.009436 -0.025559 -0.139288 0.048017 0.009826 -0.072554 0.104884 0.095764 0.059310 -0.007870 -0.378170 0.127776 -0.171726 -0.139548 0.155090 -0.048790 -0.078966 0.039121 0.030789 0.131642 0.116574 -0.212070 0.016816 0.129258 0.150930 0.005802 0.169067 -0.015203 0.114362 -0.022441 0.002632 0.001874 0.356120 -0.092843 
-0.073714 -0.021334 -0.021014 -0.152794 -0.117426 -0.159965 0.031898 -0.080814 0.086864 0.036470 -0.055925 0.046864 0.129217 0.029986 0.141904 0.026912 -0.016816 0.088254 0.059087 -0.167206 0.056310 0.026931 -0.147634 0.055473 -0.161252 -0.173636 -0.131276 0.053553 -0.002296 0.148810 0.093061 0.103935 -0.066603 -0.098128 0.118219 -0.004328 -0.081268 -0.026828 0.090068 0.162902 -0.164300 -0.136757 0.048515 0.139679 0.081494 0.004464 -0.005172 -0.124865 -0.087443 -0.112931 -0.112187 0.149611 0.078439 -0.086081 0.026348 0.082385 -0.085832 0.060588 -0.032184 0.096067 0.034803 -0.107811 0.012009 0.147897 
-0.044180 -0.092150 -0.055475 -0.046140 0.098328 -0.128983 -0.073736 0.119282 -0.134822 -0.074045 0.216592 0.215297 0.051747 -0.165552 -0.211505 -0.163694 -0.070990 -0.093183 0.139647 -0.150823 0.168067 -0.000347 0.218324 0.201236 -0.163536 -0.068795 -0.009579 0.038425 0.010010 -0.087302 -0.006760 0.178841 0.045722 -0.120888 0.027005 -0.018689 -0.146011 -0.070805 -0.060927 -0.001760 -0.148749 -0.137699 0.002713 -0.070139 -0.134453 0.035001 -0.233661 0.302790 -0.270384 -0.191836 0.090938 -0.037701 0.058798 0.059362 -0.095968 0.284104 -0.164245 -0.165477 0.044283 0.000227 -0.115643 -0.015963 0.116970 0.078112 
0.019936 0.181304 -0.055203 0.209119 -0.109293 0.053477 -0.034954 0.099460 0.037336 0.197511 0.079820 -0.310844 0.090257 -0.109554 0.123632 0.050405 0.024691 0.016343 -0.095975 -0.048642 -0.130509 0.033429 -0.093276 0.004527 0.054717 -0.136780 0.156974 0.077804 -0.057214 -0.061644 0.211597 -0.144385 -0.223222 0.108217 -0.161801 -0.016857 -0.018576 0.004503 -0.126471 -0.110611 -0.049839 -0.187486 -0.088068 -0.169627 -0.039303 0.237807 0.382384 -0.275072 0.168331 0.125408 -0.047482 0.136610 0.010157 0.060580 -0.035066 -0.203909 0.136964 -0.111420 -0.222808 -0.035742 -0.017530 0.090632 -0.025267 0.167019 
0.076574 -0.001016 -0.079974 -0.108437 0.149010 -0.028715 0.101938 -0.044539 0.044070 0.093203 -0.025566 -0.216803 0.102240 -0.206012 -0.181510 -0.045825 0.182352 -0.045068 -0.044827 -0.025158 -0.130341 0.039932 0.075505 0.147244 0.171564 0.081662 -0.059373 -0.066276 -0.057988 0.149434 -0.127467 -0.091224 -0.035826 -0.040864 0.009956 -0.018039 0.083894 -0.158585 0.112154 -0.012364 0.212336 -0.106820 -0.021177 0.030565 -0.105050 -0.001650 0.152796 -0.140606 0.136943 -0.116652 0.051364 -0.183030 0.100166 -0.073376 0.112687 0.026478 -0.162827 -0.084230 -0.164558 0.008839 -0.165067 -0.121226 0.083973 0.026501 
0.013202 -0.122593 -0.185798 -0.125307 -0.092400 0.115310 0.080882 -0.118144 -0.216583 -0.049388 0.204495 -0.115329 0.084171 -0.139204 -0.080441 0.086076 0.145413 -0.187990 0.082520 0.081484 0.103706 0.057330 0.101384 0.081044 0.155187 0.014688 -0.191466 -0.219892 -0.020501 0.146581 0.016719 -0.053195 -0.149375 0.078033 0.093260 -0.013324 -0.052314 0.100907 0.036066 0.104082 0.094430 -0.042604 0.146610 0.123001 -0.327867 -0.001522 -0.048823 0.347775 0.010075 -0.186514 0.067452 -0.219930 0.086831 -0.090488 -0.050274 0.157993 0.127123 0.054508 -0.202221 0.006154 -0.079340 0.058221 0.191020 0.031464 
-0.029446 0.019468 -0.159735 -0.174232 -0.115983 0.054642 0.054058 -0.126094 -0.163672 0.051078 0.161477 -0.145335 -0.123158 0.011293 -0.145154 0.106811 0.124743 0.140711 0.154487 0.122503 -0.096014 0.018717 0.099454 -0.145838 -0.104725 0.108052 0.052560 0.068286 0.000394 -0.002790 -0.083556 0.146766 -0.151723 -0.071303 0.147265 -0.100120 0.165701 0.028520 -0.051482 -0.171296 -0.099005 -0.062066 -0.144077 -0.043365 0.121441 -0.114500 -0.112207 0.066349 -0.148520 -0.136562 0.025468 -0.067603 0.055020 -0.053119 -0.034294 0.127930 -0.118948 -0.155002 0.025676 0.056190 0.016123 0.109407 0.029638 0.031656 
-0.145684 -0.077471 0.084812 -0.251099 -0.165859 -0.134904 -0.330485 -0.077904 -0.077630 -0.112194 0.190327 0.033691 -0.090890 0.042679 -0.252833 -0.025539 0.115544 0.011118 0.052525 0.029030 0.327027 -0.148142 0.086397 -0.062404 -0.206871 -0.149612 0.037630 0.008354 0.182614 -0.035397 -0.152982 -0.129186 0.100524 -0.131065 -0.134841 0.145165 -0.132727 -0.074525 -0.074767 0.050001 -0.273862 0.166657 -0.153971 0.077630 0.043250 -0.178182 -0.338317 0.332955 -0.066448 0.032729 -0.061506 -0.029150 -0.212595 0.127867 0.025377 0.060304 -0.172630 0.006023 0.094727 0.128198 0.100021 -0.085721 0.317246 0.047865 
-0.049263 0.160895 0.072799 0.125431 -0.105739 0.162113 -0.184947 0.016597 0.109255 0.065566 -0.252509 0.096223 0.080371 0.063500 0.064040 -0.035133 -0.117577 0.172446 -0.212560 -0.084696 0.052883 0.069883 -0.068658 0.084061 -0.157514 -0.029597 0.166280 -0.057162 0.080080 0.041544 0.245027 -0.168750 -0.027187 0.002233 0.100268 0.079415 0.075155 -0.141126 -0.062153 -0.043754 -0.113528 0.099538 -0.125556 -0.005813 0.281909 0.017580 0.285249 -0.276486 0.041443 0.231441 -0.042041 -0.052734 0.090231 0.137825 -0.073031 -0.111161 -0.019384 0.145496 0.030213 -0.158704 0.064094 -0.073216 -0.198830 -0.104879 
0.161117 0.136071 0.172142 0.003880 -0.117037 -0.074499 0.106224 0.162920 0.099301 -0.125953 -0.002144 0.147200 0.080893 -0.088017 -0.193946 -0.073719 -0.093265 -0.022824 0.047335 -0.159173 -0.007442 0.132831 -0.127564 0.098320 0.083246 0.007035 0.104757 -0.016671 0.149446 0.160348 0.045588 0.108241 0.146817 0.043310 -0.059550 -0.156006 0.169745 -0.056412 -0.168025 0.127927 -0.084080 0.022341 0.037715 -0.091538 0.076551 0.041475 -0.000049 -0.126548 -0.152838 -0.125466 -0.131480 -0.009983 -0.157925 -0.072556 -0.065867 0.158699 0.115191 -0.120795 -0.033663 0.056071 -0.143584 0.169646 0.024286 -0.165732 
0.030528 0.072945 -0.104670 0.019037 -0.088187 -0.102214 -0.028708 0.027357 
0.101723 0.166971 0.002895 -0.088211 0.103038 0.065742 -0.179265 -0.142584 
0.026978 0.047601 -0.086015 0.022873 0.115210 0.054117 -0.041555 0.030342 
0.085911 0.140429 -0.074277 0.017418 0.207183 0.254189 -0.139152 -0.238881 
0.014745 0.056835 -0.071763 0.106458 0.092535 -0.053523 0.026544 0.034218 
-0.022644 -0.063479 0.110383 -0.085602 0.077249 0.005466 0.066998 -0.051592 
-0.262219 -0.050526 0.238801 0.285900 0.053282 0.145498 -0.160940 -0.277439 
-0.114615 -0.143445 -0.071644 -0.063979 0.145451 0.102716 -0.000444 0.005703 
0.170272 0.164026 -0.113427 -0.053096 -0.050852 0.107151 -0.120870 -0.070634 
-0.081640 -0.069950 0.020200 0.116400 0.049379 -0.058078 -0.113052 0.021535 
-0.220188 -0.052901 0.187090 0.307483 0.012557 0.060466 0.085782 0.019481 
-0.074530 0.080099 0.053202 0.042022 0.090181 -0.165895 0.288294 0.230704 
0.034548 -0.024370 0.012100 0.095353 -0.024710 0.020896 0.037113 0.121057 
0.166437 0.121410 -0.070895 -0.120269 -0.193402 -0.097670 -0.064913 -0.127636 
0.140863 0.213195 -0.046440 -0.104491 -0.054150 0.151552 -0.282291 -0.249714 
0.063228 0.073591 0.075323 0.013125 0.106104 0.069846 -0.093344 0.043766 
-0.019324 0.024915 -0.023896 0.035338 -0.104923 0.090816 -0.121290 -0.151502 
0.163087 0.206384 -0.132166 -0.159663 -0.030743 0.123173 -0.015734 -0.013865 
0.068164 0.073199 -0.000928 0.149047 0.011701 0.080556 -0.036198 -0.013656 
-0.017414 -0.084892 0.083700 -0.030330 0.108070 0.110360 -0.109229 -0.073806 
-0.178474 -0.165597 0.207270 0.201383 0.004521 -0.165665 0.106850 0.152015 
0.033583 -0.090083 -0.005078 0.126670 -0.077941 -0.080735 0.016242 0.063442 
0.007334 -0.240442 0.110324 0.016091 0.029210 -0.157090 -0.073526 -0.293638 
-0.173497 -0.134190 0.108922 0.106711 -0.054267 0.030390 0.030773 0.168712 
-0.171206 -0.154212 0.051248 0.047790 -0.038579 0.240907 -0.251253 -0.059597 
-0.080703 -0.005538 0.081465 -0.054910 0.030962 -0.015389 -0.092198 -0.007141 
0.045246 0.132592 0.008987 -0.175802 0.087680 -0.046774 -0.037170 -0.046710 
0.081612 0.069965 -0.012434 0.008649 -0.028941 0.016085 0.065155 0.091570 
0.008468 -0.004162 0.107256 0.074163 0.058715 0.054294 0.288360 0.317328 
-0.093338 0.064335 -0.123303 0.007580 -0.039972 -0.046202 -0.162337 -0.067729 
-0.186116 -0.173818 0.118250 0.184851 0.195628 -0.007922 -0.139712 -0.067664 
0.046974 -0.016565 0.105090 0.118135 -0.099286 -0.085677 -0.099557 0.130809 
0.080221 0.071771 -0.134834 -0.074909 -0.087816 -0.219238 -0.028463 0.022766 
0.019523 -0.115411 -0.073647 -0.078848 0.073103 0.023626 -0.003111 -0.088442 
-0.040793 0.030836 -0.091067 0.005654 0.021461 -0.059255 -0.071962 -0.086031 
0.053729 -0.098673 -0.086260 0.089139 -0.044332 -0.082477 0.093685 0.122547 
0.073322 0.127248 -0.052090 -0.116942 0.198531 0.030326 0.035621 0.163844 
0.006718 -0.021337 0.042260 0.077825 0.086284 0.058811 -0.119893 0.053026 
0.128945 0.001843 -0.013533 -0.074555 0.053414 0.072368 0.065760 -0.000621 
0.067701 0.084878 -0.004764 -0.042355 -0.099420 -0.088900 0.015961 0.227036 
-0.243520 -0.153685 0.243694 0.284842 0.113891 0.098500 -0.131909 -0.194912 
-0.009351 0.019214 -0.064940 -0.062138 0.048964 -0.023842 0.211454 0.243383 
0.048308 -0.013152 -0.071006 -0.026499 -0.059660 0.104279 0.078941 -0.078520 
0.082290 -0.075628 -0.048853 0.067256 -0.059153 -0.002499 0.021013 -0.050537 
0.283570 0.211904 -0.232287 -0.209168 0.017049 -0.028628 0.015157 0.022250 
-0.131530 -0.082373 -0.007638 -0.022032 0.364215 0.008986 0.074607 -0.004004 
-0.207412 -0.292352 0.280621 0.318539 0.522428 0.425111 -0.323748 -0.169000 
-0.331099 -0.426766 0.381339 0.432824 0.175566 -0.026261 0.092824 0.202086 
-0.088969 -0.032839 0.126431 0.059845 0.240126 0.209375 -0.035868 -0.142464 
0.081190 0.243909 -0.227224 -0.206913 0.253408 0.171799 0.088510 0.141144 
0.139437 0.046063 -0.013927 0.150831 -0.050654 0.036244 0.072346 0.005356 
0.179352 0.001498 -0.131245 -0.026729 -0.055443 0.076251 -0.114595 -0.084709 
-0.019530 -0.050680 -0.076917 -0.062015 -0.070319 0.034832 -0.082599 0.034137 
-0.026406 -0.054303 0.059175 -0.030816 -0.086203 -0.027584 0.094740 -0.064656 
0.070101 -0.055112 -0.068573 -0.019558 0.164532 0.066840 0.018158 0.126788 
-0.151239 -0.225246 0.196928 0.182501 -0.113742 -0.181058 0.193315 0.125179 
-0.041425 -0.125210 0.077052 0.029147 0.091077 0.091817 -0.102961 0.087040 
-0.078131 0.079007 -0.064743 -0.039444 -0.066857 -0.102713 -0.002202 -0.075364 
-0.028803 0.063380 -0.026089 -0.086198 -0.119155 -0.054475 0.264493 0.117374 
-0.033727 -0.068939 -0.116875 0.018040 -0.062342 0.101847 -0.058226 0.027261 
0.162969 -0.036530 -0.133550 -0.084396 0.066163 -0.060778 -0.049745 -0.145078 
-0.110354 0.059670 0.004546 -0.055840 0.081567 -0.122546 -0.011726 -0.076879 
-0.164400 -0.025918 0.167166 0.429822 0.068190 0.015338 0.236729 0.410823 
-0.087348 0.044063 0.064007 0.079176 0.148899 0.093661 -0.033551 0.105492 









0.000000 
0.000000 
0.000000 
0.000000 
0.000000 
0.000000 
0.000000 
0.000000 
0.204421 
-0.170796 
-0.218096 
0.221591 
-0.010725 
0.081362 
-0.322003 
0.027902 
-0.092472 
-0.032855 
0.206546 
-0.177216 
0.018118 
-0.168061 
-0.078718 
-0.297292 
-0.273376 
0.106013 
0.198208 
0.199403 
0.138760 
0.157463 
0.162711 
-0.306379 
-0.033500 
-0.082221 
0.097204 
-0.221637 
-0.234835 
0.177080 
0.239769 
-0.320567 
-0.343488 
0.314933 
0.313511 
0.031672 
0.136351 
0.278361 
-0.292946 
-0.315578 
0.018536 
0.199944 
-0.124659 
-0.259355 
-0.242764 
0.163153 
-0.234063 
-0.118231 
-0.049813 
-0.297954 
-0.275279 
-0.177416 
0.216342 
0.325514 
-0.116536 
-0.216723 
-0.222008 
0.388378 
-0.169827 
-0.026002 
0.168719 
-0.139173 
-0.041132 
0.117180 
-0.124833 
0.025792 
-0.072229 
0.064864 
0.012545 
-0.051448 
0.061812 
-0.001914 
-0.060878 
-0.005725 
-0.131580 
0.007114 
0.073436 
-0.065884 
-0.028934 
-0.055879 
-0.017348 
0.051635 
0.010764 
-0.187809 
0.127559 
0.058558 
0.071065 
-0.120790 
0.293761 
0.063295 
-0.021341 
-0.059980 
0.047330 
-0.116308 
-0.089038 
-0.104838 
0.034692 
0.012528 
-0.021415 
0.219873 
0.206316 
0.100915 
0.181821 
-0.171911 
0.289084 
0.120927 
-0.078198 
0.123436 
-0.105732 
-0.116811 
-0.184785 
0.265988 
-0.149892 0.000465 
0.074436 0.013069 
0.122441 0.000064 
0.092205 0.004279 
-0.030774 -0.000176 
-0.123077 0.000000 
-0.172899 0.000000 
-0.013435 0.003257 
0.181956 0.005162 
0.298229 -0.007719 
0.305990 0.032629 
0.067955 -0.000009 
0.109371 0.082757 
-0.161881 0.000010 
0.041210 0.005125 
-0.183957 0.006439 
0.366466 
-0.058001 
-0.195640 
-0.084915 
-0.108875 
-0.208519 
-0.078034 
-0.225375 
-0.250914 
0.099421 
0.206699 
-0.135049 
0.141698 
-0.033251 
-0.240798 
-0.263892 
-0.145067 
0.002858 
-0.016042 
0.273138 
-0.247769 
0.185901 
-0.203373 
0.214961 
0.005180 
0.394151 
0.023074 
-0.210442 
0.410221 
-0.190259 
-0.078164 
-0.042797 
0.127899 
-0.023804 
0.095434 
-0.197838 
-0.016117 
-0.158119 
-0.278232 
0.013362 
0.226424 
-0.429110 
0.170592 
0.574209 
-0.260007 
0.198947 
0.245030 
-0.074904 
0.009615 
0.050818 
-0.105289 
-0.060331 
0.021801 
-0.033392 
0.019947 
-0.155415 
0.061987 
-0.137998 
-0.056000 
-0.075588 
-0.122879 
0.215447 
0.219461 
-0.109929 
-0.103974 
0.163795 
-0.139028 
0.002678 
0.267001 
-0.036746 
0.092836 
0.166649 
0.086402 
0.153880 
0.209065 
0.060110 
-0.094923 
0.090254 
-0.291985 
-0.015780 
-0.017000 
0.038172 
-0.109029 
-0.171750 
0.001465 
-0.014866 
-0.069435 
-0.226200 
-0.009365 
0.071852 
-0.024594 
-0.161157 
0.198148 
-0.244634 
-0.543862 
0.272318 
-0.326206 
0.053500 
-0.205193 
0.135274 
-0.228959 
-0.062495 
-0.059774 
0.308233 
-0.066756 
-0.057780 
0.018696 
-0.172505 
0.221446 
0.042456 
-0.179869 
-0.224759 
-0.208706 
-0.273105 
0.070510 
0.014960 
-0.570606 
-0.276251 
-0.085435 
-0.248976 
3.098000 0.490906 0.317591 
