*************************************************************************************************************************************
|      ITER |        MB |        LE |        VM |       BVM |        IF |        IB |       MAW |       MAB |        LR |        ET | Sat Feb 17 11:38:34 2024 
-------------------------------------------------------------------------------------------------------------------------------------
|         1 |        37 |  9.31E-01 |  0.937579 |  0.937579 |     11.70 |     12.00 |  0.093912 |  0.324437 |  1.00E-02 |      0.13 | 
|         1 |        74 |  9.93E-01 |  0.936935 |  0.937579 |     11.82 |     12.00 |  0.036653 |  0.156495 |  1.00E-02 |      0.46 | 
|         1 |       111 |  9.79E-01 |  0.937805 |  0.937805 |     11.87 |     11.99 |  0.053193 |  0.230576 |  1.00E-02 |      0.78 | 
|         1 |       148 |  9.69E-01 |  0.935635 |  0.937805 |     11.92 |     12.05 |  0.054605 |  0.265757 |  9.99E-03 |      1.11 | 
|         1 |       185 |  9.78E-01 |  0.933182 |  0.937805 |     12.18 |     12.28 |  0.335922 |  0.225646 |  9.99E-03 |      1.45 | 
|         1 |       222 |  9.22E-01 |  0.939950 |  0.939950 |     12.76 |     12.70 |  0.301173 |  0.286354 |  9.98E-03 |      1.82 | 
|         1 |       259 |  8.73E-01 |  0.943359 |  0.943359 |     13.20 |     13.07 |  0.223320 |  0.233769 |  9.98E-03 |      2.20 | 
|         1 |       296 |  8.25E-01 |  0.931885 |  0.943359 |     13.56 |     13.36 |  0.188238 |  0.225230 |  9.97E-03 |      2.58 | 
|         1 |       333 |  7.59E-01 |  0.934911 |  0.943359 |     13.80 |     13.55 |  0.223266 |  0.155917 |  9.96E-03 |      2.96 | 
|         1 |       370 |  7.03E-01 |  0.926047 |  0.943359 |     13.95 |     13.64 |  0.222601 |  0.220349 |  9.95E-03 |      3.33 | 
|         1 |       407 |  6.56E-01 |  0.921147 |  0.943359 |     14.09 |     13.70 |  0.175473 |  0.234428 |  9.94E-03 |      3.71 | 
|         2 |        37 |  1.45E-01 |  0.891334 |  0.943359 |     15.57 |     14.22 |  0.222005 |  0.147854 |  9.93E-03 |      3.85 | 
|         2 |        74 |  1.51E-01 |  0.928809 |  0.943359 |     15.62 |     14.20 |  0.425509 |  0.229904 |  9.92E-03 |      4.23 | 
|         2 |       111 |  1.53E-01 |  0.907864 |  0.943359 |     15.62 |     14.23 |  0.141505 |  0.121211 |  9.91E-03 |      4.61 | 
|         2 |       148 |  1.50E-01 |  0.869509 |  0.943359 |     15.60 |     14.20 |  0.084729 |  0.034690 |  9.90E-03 |      4.99 | 
|         2 |       185 |  1.46E-01 |  0.888914 |  0.943359 |     15.60 |     14.17 |  0.117764 |  0.129910 |  9.88E-03 |      5.37 | 
|         2 |       222 |  1.44E-01 |  0.886301 |  0.943359 |     15.59 |     14.16 |  0.141985 |  0.109724 |  9.87E-03 |      5.75 | 
|         2 |       259 |  1.43E-01 |  0.900898 |  0.943359 |     15.57 |     14.15 |  0.406898 |  0.208423 |  9.85E-03 |      6.13 | 
|         2 |       296 |  1.42E-01 |  0.903175 |  0.943359 |     15.55 |     14.15 |  0.327712 |  0.167680 |  9.84E-03 |      6.51 | 
|         2 |       333 |  1.41E-01 |  0.896209 |  0.943359 |     15.55 |     14.15 |  0.234460 |  0.152116 |  9.82E-03 |      6.90 | 
|         2 |       370 |  1.39E-01 |  0.883474 |  0.943359 |     15.54 |     14.15 |  0.092438 |  0.115087 |  9.80E-03 |      7.28 | 
|         2 |       407 |  1.38E-01 |  0.893264 |  0.943359 |     15.52 |     14.14 |  0.412273 |  0.317676 |  9.78E-03 |      7.66 | 
|         3 |        37 |  1.33E-01 |  0.874215 |  0.943359 |     15.38 |     14.27 |  0.304422 |  0.328808 |  9.76E-03 |      7.80 | 
|         3 |        74 |  1.32E-01 |  0.895011 |  0.943359 |     15.51 |     14.39 |  0.209694 |  0.185658 |  9.74E-03 |      8.19 | 
|         3 |       111 |  1.34E-01 |  0.898287 |  0.943359 |     15.55 |     14.50 |  0.184357 |  0.086719 |  9.72E-03 |      8.57 | 
|         3 |       148 |  1.42E-01 |  0.916590 |  0.943359 |     15.45 |     14.50 |  0.420303 |  0.427533 |  9.69E-03 |      8.94 | 
|         3 |       185 |  1.39E-01 |  0.910926 |  0.943359 |     15.36 |     14.49 |  0.287762 |  0.246377 |  9.67E-03 |      9.31 | 
|         3 |       222 |  1.34E-01 |  0.900302 |  0.943359 |     15.32 |     14.47 |  0.155861 |  0.097415 |  9.65E-03 |      9.68 | 
|         3 |       259 |  1.27E-01 |  0.919975 |  0.943359 |     15.29 |     14.46 |  0.165410 |  0.084282 |  9.62E-03 |     10.05 | 
|         3 |       296 |  1.33E-01 |  0.929713 |  0.943359 |     15.27 |     14.45 |  0.614960 |  0.539468 |  9.59E-03 |     10.41 | 
|         3 |       333 |  1.27E-01 |  0.929612 |  0.943359 |     15.27 |     14.44 |  1.089066 |  0.952782 |  9.57E-03 |     10.78 | 
|         3 |       370 |  1.20E-01 |  0.935128 |  0.943359 |     15.30 |     14.41 |  0.119567 |  0.130999 |  9.54E-03 |     11.15 | 
|         3 |       407 |  1.18E-01 |  0.926067 |  0.943359 |     15.31 |     14.40 |  0.276904 |  0.236038 |  9.51E-03 |     11.53 | 
|         4 |        37 |  5.89E-02 |  0.937132 |  0.943359 |     15.35 |     14.11 |  0.363293 |  0.334389 |  9.48E-03 |     11.67 | 
|         4 |        74 |  6.16E-02 |  0.944327 |  0.944327 |     15.41 |     14.12 |  0.102097 |  0.112912 |  9.45E-03 |     12.05 | 
|         4 |       111 |  5.59E-02 |  0.933512 |  0.944327 |     15.40 |     14.08 |  0.200359 |  0.157665 |  9.42E-03 |     12.42 | 
|         4 |       148 |  5.12E-02 |  0.934880 |  0.944327 |     15.39 |     14.07 |  0.141733 |  0.130720 |  9.39E-03 |     12.79 | 
|         4 |       185 |  4.87E-02 |  0.937955 |  0.944327 |     15.38 |     14.06 |  0.311845 |  0.403919 |  9.35E-03 |     13.17 | 
|         4 |       222 |  4.85E-02 |  0.928871 |  0.944327 |     15.41 |     14.06 |  0.179998 |  0.107340 |  9.32E-03 |     13.54 | 
|         4 |       259 |  4.87E-02 |  0.917072 |  0.944327 |     15.42 |     14.08 |  0.229571 |  0.139180 |  9.29E-03 |     13.92 | 
|         4 |       296 |  4.88E-02 |  0.937747 |  0.944327 |     15.43 |     14.08 |  0.185494 |  0.277969 |  9.25E-03 |     14.29 | 
|         4 |       333 |  4.94E-02 |  0.914664 |  0.944327 |     15.45 |     14.11 |  0.522559 |  0.655030 |  9.21E-03 |     14.67 | 
|         4 |       370 |  4.97E-02 |  0.936461 |  0.944327 |     15.46 |     14.12 |  0.133826 |  0.117739 |  9.18E-03 |     15.07 | 
|         4 |       407 |  5.08E-02 |  0.935892 |  0.944327 |     15.46 |     14.13 |  0.257501 |  0.316803 |  9.14E-03 |     15.44 | 
|         5 |        37 |  4.00E-02 |  0.927497 |  0.944327 |     15.65 |     14.05 |  0.360896 |  0.366579 |  9.10E-03 |     15.58 | 
|         5 |        74 |  3.89E-02 |  0.913761 |  0.944327 |     15.64 |     14.04 |  0.337886 |  0.229946 |  9.06E-03 |     15.97 | 
|         5 |       111 |  3.73E-02 |  0.913423 |  0.944327 |     15.60 |     14.01 |  0.336174 |  0.321552 |  9.02E-03 |     16.35 | 
|         5 |       148 |  4.04E-02 |  0.925463 |  0.944327 |     15.61 |     14.05 |  0.268086 |  0.304793 |  8.98E-03 |     16.73 | 
|         5 |       185 |  3.84E-02 |  0.917293 |  0.944327 |     15.59 |     14.04 |  0.107850 |  0.089817 |  8.94E-03 |     17.10 | 
|         5 |       222 |  4.05E-02 |  0.926587 |  0.944327 |     15.61 |     14.09 |  0.087160 |  0.122299 |  8.90E-03 |     17.49 | 
|         5 |       259 |  3.97E-02 |  0.919710 |  0.944327 |     15.61 |     14.10 |  0.089755 |  0.040789 |  8.86E-03 |     17.87 | 
|         5 |       296 |  3.93E-02 |  0.925996 |  0.944327 |     15.62 |     14.10 |  0.618973 |  0.185790 |  8.82E-03 |     18.25 | 
|         5 |       333 |  3.88E-02 |  0.942004 |  0.944327 |     15.61 |     14.11 |  0.400472 |  0.152086 |  8.77E-03 |     18.63 | 
|         5 |       370 |  3.84E-02 |  0.928987 |  0.944327 |     15.61 |     14.10 |  0.061030 |  0.047252 |  8.73E-03 |     19.01 | 
|         5 |       407 |  3.85E-02 |  0.932474 |  0.944327 |     15.62 |     14.11 |  0.119652 |  0.137713 |  8.68E-03 |     19.39 | 
|         6 |        37 |  3.01E-02 |  0.923310 |  0.944327 |     15.62 |     14.05 |  0.222623 |  0.167860 |  8.64E-03 |     19.54 | 
|         6 |        74 |  4.37E-02 |  0.931641 |  0.944327 |     15.72 |     14.14 |  0.122198 |  0.083965 |  8.59E-03 |     19.92 | 
|         6 |       111 |  3.97E-02 |  0.926702 |  0.944327 |     15.73 |     14.12 |  0.248117 |  0.166290 |  8.54E-03 |     20.30 | 
|         6 |       148 |  4.10E-02 |  0.929713 |  0.944327 |     15.74 |     14.17 |  0.387734 |  0.447143 |  8.50E-03 |     20.69 | 
|         6 |       185 |  3.99E-02 |  0.932782 |  0.944327 |     15.77 |     14.19 |  0.197196 |  0.125118 |  8.45E-03 |     21.07 | 
|         6 |       222 |  3.94E-02 |  0.904595 |  0.944327 |     15.77 |     14.18 |  0.065899 |  0.060277 |  8.40E-03 |     21.45 | 
|         6 |       259 |  3.85E-02 |  0.924862 |  0.944327 |     15.80 |     14.17 |  0.137151 |  0.110407 |  8.35E-03 |     21.84 | 
|         6 |       296 |  3.75E-02 |  0.917927 |  0.944327 |     15.81 |     14.15 |  0.141612 |  0.047190 |  8.30E-03 |     22.22 | 
|         6 |       333 |  3.64E-02 |  0.903605 |  0.944327 |     15.82 |     14.14 |  0.122082 |  0.170640 |  8.25E-03 |     22.61 | 
|         6 |       370 |  3.60E-02 |  0.912399 |  0.944327 |     15.82 |     14.13 |  0.282706 |  0.163147 |  8.20E-03 |     22.99 | 
|         6 |       407 |  3.58E-02 |  0.911769 |  0.944327 |     15.83 |     14.13 |  0.356938 |  0.137807 |  8.15E-03 |     23.38 | 
|         7 |        37 |  2.92E-02 |  0.905595 |  0.944327 |     15.89 |     14.05 |  0.133775 |  0.105949 |  8.09E-03 |     23.52 | 
|         7 |        74 |  2.96E-02 |  0.896419 |  0.944327 |     15.85 |     14.09 |  0.094104 |  0.098393 |  8.04E-03 |     23.91 | 
|         7 |       111 |  3.04E-02 |  0.895355 |  0.944327 |     15.88 |     14.07 |  0.078960 |  0.041725 |  7.99E-03 |     24.30 | 
|         7 |       148 |  2.99E-02 |  0.908375 |  0.944327 |     15.91 |     14.07 |  0.293603 |  0.271973 |  7.93E-03 |     24.69 | 
|         7 |       185 |  3.02E-02 |  0.895295 |  0.944327 |     15.91 |     14.08 |  0.419178 |  0.508134 |  7.88E-03 |     25.07 | 
|         7 |       222 |  3.03E-02 |  0.907559 |  0.944327 |     15.91 |     14.08 |  0.296215 |  0.273691 |  7.82E-03 |     25.46 | 
|         7 |       259 |  3.08E-02 |  0.914716 |  0.944327 |     15.90 |     14.08 |  0.123054 |  0.076079 |  7.77E-03 |     25.85 | 
|         7 |       296 |  3.08E-02 |  0.916791 |  0.944327 |     15.90 |     14.09 |  0.120772 |  0.079039 |  7.71E-03 |     26.24 | 
|         7 |       333 |  3.06E-02 |  0.889848 |  0.944327 |     15.89 |     14.10 |  0.211588 |  0.211168 |  7.66E-03 |     26.63 | 
|         7 |       370 |  3.03E-02 |  0.914613 |  0.944327 |     15.90 |     14.09 |  0.047801 |  0.052372 |  7.60E-03 |     27.01 | 
|         7 |       407 |  3.01E-02 |  0.864573 |  0.944327 |     15.90 |     14.08 |  0.197601 |  0.207464 |  7.54E-03 |     27.42 | 
|         8 |        37 |  2.61E-02 |  0.867338 |  0.944327 |     15.97 |     14.05 |  0.069328 |  0.080061 |  7.49E-03 |     27.58 | 
|         8 |        74 |  2.59E-02 |  0.868007 |  0.944327 |     15.93 |     14.01 |  0.127216 |  0.099293 |  7.43E-03 |     27.99 | 
|         8 |       111 |  2.66E-02 |  0.904375 |  0.944327 |     15.94 |     14.01 |  0.234725 |  0.187793 |  7.37E-03 |     28.38 | 
|         8 |       148 |  2.72E-02 |  0.862397 |  0.944327 |     15.95 |     14.02 |  0.141895 |  0.115092 |  7.31E-03 |     28.77 | 
|         8 |       185 |  2.70E-02 |  0.899733 |  0.944327 |     15.95 |     14.02 |  0.307129 |  0.302793 |  7.25E-03 |     29.16 | 
|         8 |       222 |  2.79E-02 |  0.884451 |  0.944327 |     15.96 |     14.02 |  0.202724 |  0.111213 |  7.19E-03 |     29.55 | 
|         8 |       259 |  2.81E-02 |  0.898904 |  0.944327 |     15.97 |     14.02 |  0.263778 |  0.162948 |  7.13E-03 |     29.94 | 
|         8 |       296 |  2.78E-02 |  0.866256 |  0.944327 |     15.96 |     14.02 |  0.093450 |  0.116879 |  7.07E-03 |     30.33 | 
|         8 |       333 |  2.76E-02 |  0.888250 |  0.944327 |     15.95 |     14.02 |  0.101392 |  0.080182 |  7.01E-03 |     30.71 | 
|         8 |       370 |  2.74E-02 |  0.896016 |  0.944327 |     15.95 |     14.01 |  0.123600 |  0.130635 |  6.95E-03 |     31.10 | 
|         8 |       407 |  2.74E-02 |  0.898970 |  0.944327 |     15.96 |     14.01 |  0.135186 |  0.098009 |  6.89E-03 |     31.48 | 
|         9 |        37 |  2.56E-02 |  0.860138 |  0.944327 |     16.00 |     14.00 |  0.152981 |  0.113081 |  6.83E-03 |     31.62 | 
|         9 |        74 |  2.66E-02 |  0.873088 |  0.944327 |     16.00 |     14.03 |  0.065581 |  0.037318 |  6.77E-03 |     32.01 | 
|         9 |       111 |  2.61E-02 |  0.873092 |  0.944327 |     16.02 |     14.02 |  0.083367 |  0.055532 |  6.71E-03 |     32.39 | 
|         9 |       148 |  2.57E-02 |  0.879035 |  0.944327 |     16.02 |     14.01 |  0.050475 |  0.030233 |  6.64E-03 |     32.78 | 
|         9 |       185 |  2.56E-02 |  0.899546 |  0.944327 |     16.02 |     14.02 |  0.078946 |  0.094657 |  6.58E-03 |     33.19 | 
|         9 |       222 |  2.63E-02 |  0.917307 |  0.944327 |     16.02 |     14.02 |  0.104764 |  0.087814 |  6.52E-03 |     33.58 | 
|         9 |       259 |  2.86E-02 |  0.922118 |  0.944327 |     16.02 |     14.04 |  0.215708 |  0.197998 |  6.46E-03 |     33.97 | 
|         9 |       296 |  2.87E-02 |  0.895875 |  0.944327 |     16.02 |     14.04 |  0.113056 |  0.058039 |  6.39E-03 |     34.35 | 
|         9 |       333 |  2.83E-02 |  0.890709 |  0.944327 |     16.03 |     14.04 |  0.111765 |  0.081499 |  6.33E-03 |     34.74 | 
|         9 |       370 |  2.83E-02 |  0.890920 |  0.944327 |     16.03 |     14.04 |  0.198724 |  0.090799 |  6.27E-03 |     35.12 | 
|         9 |       407 |  2.80E-02 |  0.887325 |  0.944327 |     16.04 |     14.03 |  0.086024 |  0.094481 |  6.20E-03 |     35.51 | 
|        10 |        37 |  2.68E-02 |  0.887220 |  0.944327 |     16.08 |     14.03 |  0.145144 |  0.052534 |  6.14E-03 |     35.65 | 
|        10 |        74 |  2.61E-02 |  0.879926 |  0.944327 |     16.09 |     14.00 |  0.115675 |  0.103003 |  6.08E-03 |     36.04 | 
|        10 |       111 |  2.64E-02 |  0.881894 |  0.944327 |     16.07 |     14.01 |  0.103982 |  0.112496 |  6.01E-03 |     36.43 | 
|        10 |       148 |  2.65E-02 |  0.904280 |  0.944327 |     16.05 |     14.01 |  0.094300 |  0.079888 |  5.95E-03 |     36.82 | 
|        10 |       185 |  2.64E-02 |  0.894356 |  0.944327 |     16.05 |     14.03 |  0.126589 |  0.080943 |  5.89E-03 |     37.21 | 
|        10 |       222 |  2.65E-02 |  0.905613 |  0.944327 |     16.05 |     14.03 |  0.070806 |  0.054355 |  5.82E-03 |     37.60 | 
|        10 |       259 |  2.63E-02 |  0.901032 |  0.944327 |     16.05 |     14.03 |  0.081674 |  0.048423 |  5.76E-03 |     37.99 | 
|        10 |       296 |  2.62E-02 |  0.895526 |  0.944327 |     16.07 |     14.03 |  0.124390 |  0.168361 |  5.69E-03 |     38.38 | 
|        10 |       333 |  2.62E-02 |  0.866686 |  0.944327 |     16.08 |     14.03 |  0.100464 |  0.090027 |  5.63E-03 |     38.77 | 
|        10 |       370 |  2.61E-02 |  0.862900 |  0.944327 |     16.06 |     14.02 |  0.124768 |  0.083034 |  5.57E-03 |     39.15 | 
|        10 |       407 |  2.61E-02 |  0.890252 |  0.944327 |     16.06 |     14.02 |  0.118532 |  0.116706 |  5.50E-03 |     39.54 | 
|        11 |        37 |  2.48E-02 |  0.853549 |  0.944327 |     16.11 |     14.00 |  0.128816 |  0.173498 |  5.44E-03 |     39.69 | 
|        11 |        74 |  2.53E-02 |  0.865000 |  0.944327 |     16.09 |     14.00 |  0.075815 |  0.048405 |  5.37E-03 |     40.08 | 
|        11 |       111 |  2.49E-02 |  0.875276 |  0.944327 |     16.10 |     13.98 |  0.128122 |  0.098591 |  5.31E-03 |     40.47 | 
|        11 |       148 |  2.50E-02 |  0.895047 |  0.944327 |     16.09 |     13.97 |  0.106218 |  0.055057 |  5.24E-03 |     40.86 | 
|        11 |       185 |  2.47E-02 |  0.860129 |  0.944327 |     16.10 |     13.97 |  0.106406 |  0.051579 |  5.18E-03 |     41.25 | 
|        11 |       222 |  2.54E-02 |  0.897733 |  0.944327 |     16.09 |     13.99 |  0.179942 |  0.111457 |  5.12E-03 |     41.64 | 
|        11 |       259 |  2.55E-02 |  0.886859 |  0.944327 |     16.09 |     14.00 |  0.119191 |  0.035708 |  5.05E-03 |     42.03 | 
|        11 |       296 |  2.54E-02 |  0.907434 |  0.944327 |     16.08 |     14.01 |  0.102496 |  0.062823 |  4.99E-03 |     42.42 | 
|        11 |       333 |  2.53E-02 |  0.880240 |  0.944327 |     16.09 |     13.99 |  0.098066 |  0.047378 |  4.92E-03 |     42.81 | 
|        11 |       370 |  2.55E-02 |  0.898793 |  0.944327 |     16.09 |     13.99 |  0.064606 |  0.044162 |  4.86E-03 |     43.20 | 
|        11 |       407 |  2.54E-02 |  0.900103 |  0.944327 |     16.09 |     13.98 |  0.205882 |  0.138065 |  4.80E-03 |     43.58 | 
|        12 |        37 |  2.41E-02 |  0.858059 |  0.944327 |     16.03 |     13.92 |  0.162207 |  0.059661 |  4.73E-03 |     43.72 | 
|        12 |        74 |  2.39E-02 |  0.849931 |  0.944327 |     16.09 |     13.92 |  0.062240 |  0.041413 |  4.67E-03 |     44.11 | 
|        12 |       111 |  2.49E-02 |  0.856324 |  0.944327 |     16.08 |     13.95 |  0.096831 |  0.074858 |  4.61E-03 |     44.50 | 
|        12 |       148 |  2.50E-02 |  0.887223 |  0.944327 |     16.07 |     13.95 |  0.131186 |  0.091589 |  4.54E-03 |     44.89 | 
|        12 |       185 |  2.48E-02 |  0.870692 |  0.944327 |     16.09 |     13.96 |  0.086613 |  0.049698 |  4.48E-03 |     45.28 | 
|        12 |       222 |  2.45E-02 |  0.863254 |  0.944327 |     16.09 |     13.96 |  0.088856 |  0.048264 |  4.42E-03 |     45.67 | 
|        12 |       259 |  2.44E-02 |  0.908569 |  0.944327 |     16.10 |     13.95 |  0.084076 |  0.055152 |  4.36E-03 |     46.08 | 
|        12 |       296 |  2.47E-02 |  0.862598 |  0.944327 |     16.10 |     13.96 |  0.117925 |  0.066401 |  4.29E-03 |     46.47 | 
|        12 |       333 |  2.48E-02 |  0.863124 |  0.944327 |     16.09 |     13.95 |  0.150131 |  0.114192 |  4.23E-03 |     46.86 | 
|        12 |       370 |  2.49E-02 |  0.893439 |  0.944327 |     16.10 |     13.96 |  0.096367 |  0.027167 |  4.17E-03 |     47.26 | 
|        12 |       407 |  2.48E-02 |  0.880575 |  0.944327 |     16.10 |     13.95 |  0.051074 |  0.041707 |  4.11E-03 |     47.65 | 
|        13 |        37 |  2.27E-02 |  0.870947 |  0.944327 |     16.14 |     13.92 |  0.067979 |  0.047366 |  4.05E-03 |     47.79 | 
|        13 |        74 |  2.40E-02 |  0.883279 |  0.944327 |     16.12 |     13.93 |  0.191432 |  0.070716 |  3.99E-03 |     48.18 | 
|        13 |       111 |  2.39E-02 |  0.897919 |  0.944327 |     16.14 |     13.95 |  0.072033 |  0.026588 |  3.93E-03 |     48.57 | 
|        13 |       148 |  2.43E-02 |  0.880259 |  0.944327 |     16.14 |     13.95 |  0.115375 |  0.092100 |  3.87E-03 |     48.96 | 
|        13 |       185 |  2.48E-02 |  0.893118 |  0.944327 |     16.13 |     13.96 |  0.130853 |  0.068087 |  3.81E-03 |     49.35 | 
|        13 |       222 |  2.46E-02 |  0.896998 |  0.944327 |     16.13 |     13.95 |  0.156113 |  0.083940 |  3.75E-03 |     49.74 | 
|        13 |       259 |  2.46E-02 |  0.862122 |  0.944327 |     16.13 |     13.95 |  0.044401 |  0.019430 |  3.69E-03 |     50.12 | 
|        13 |       296 |  2.45E-02 |  0.874332 |  0.944327 |     16.14 |     13.93 |  0.085351 |  0.031828 |  3.63E-03 |     50.51 | 
|        13 |       333 |  2.46E-02 |  0.890611 |  0.944327 |     16.14 |     13.93 |  0.084635 |  0.065623 |  3.57E-03 |     50.90 | 
|        13 |       370 |  2.46E-02 |  0.871553 |  0.944327 |     16.13 |     13.94 |  0.047572 |  0.041215 |  3.52E-03 |     51.29 | 
|        13 |       407 |  2.45E-02 |  0.883249 |  0.944327 |     16.13 |     13.93 |  0.076660 |  0.055066 |  3.46E-03 |     51.68 | 
|        14 |        37 |  2.39E-02 |  0.875034 |  0.944327 |     16.08 |     13.95 |  0.079109 |  0.041189 |  3.40E-03 |     51.82 | 
|        14 |        74 |  2.38E-02 |  0.891005 |  0.944327 |     16.09 |     13.91 |  0.078851 |  0.062138 |  3.34E-03 |     52.21 | 
|        14 |       111 |  2.38E-02 |  0.862970 |  0.944327 |     16.09 |     13.94 |  0.228461 |  0.165345 |  3.29E-03 |     52.60 | 
|        14 |       148 |  2.38E-02 |  0.833071 |  0.944327 |     16.10 |     13.94 |  0.149304 |  0.080641 |  3.23E-03 |     52.99 | 
|        14 |       185 |  2.44E-02 |  0.860750 |  0.944327 |     16.11 |     13.94 |  0.086430 |  0.069454 |  3.18E-03 |     53.37 | 
|        14 |       222 |  2.44E-02 |  0.867104 |  0.944327 |     16.11 |     13.93 |  0.130980 |  0.047990 |  3.12E-03 |     53.76 | 
|        14 |       259 |  2.43E-02 |  0.852700 |  0.944327 |     16.11 |     13.92 |  0.123012 |  0.051175 |  3.07E-03 |     54.15 | 
|        14 |       296 |  2.42E-02 |  0.867098 |  0.944327 |     16.11 |     13.92 |  0.088015 |  0.048414 |  3.01E-03 |     54.54 | 
|        14 |       333 |  2.41E-02 |  0.866226 |  0.944327 |     16.11 |     13.91 |  0.070119 |  0.062786 |  2.96E-03 |     54.93 | 
|        14 |       370 |  2.39E-02 |  0.849234 |  0.944327 |     16.12 |     13.91 |  0.051640 |  0.033089 |  2.91E-03 |     55.32 | 
|        14 |       407 |  2.41E-02 |  0.861764 |  0.944327 |     16.13 |     13.92 |  0.277699 |  0.126786 |  2.86E-03 |     55.71 | 
|        15 |        37 |  2.43E-02 |  0.891531 |  0.944327 |     16.14 |     13.97 |  0.110620 |  0.044416 |  2.80E-03 |     55.86 | 
|        15 |        74 |  2.35E-02 |  0.853040 |  0.944327 |     16.20 |     13.96 |  0.069787 |  0.053641 |  2.75E-03 |     56.25 | 
|        15 |       111 |  2.41E-02 |  0.881799 |  0.944327 |     16.16 |     13.92 |  0.116425 |  0.051699 |  2.70E-03 |     56.64 | 
|        15 |       148 |  2.40E-02 |  0.848301 |  0.944327 |     16.16 |     13.92 |  0.075483 |  0.053428 |  2.65E-03 |     57.02 | 
|        15 |       185 |  2.39E-02 |  0.843598 |  0.944327 |     16.15 |     13.90 |  0.078584 |  0.051788 |  2.60E-03 |     57.41 | 
|        15 |       222 |  2.40E-02 |  0.867522 |  0.944327 |     16.14 |     13.92 |  0.123003 |  0.060741 |  2.55E-03 |     57.80 | 
|        15 |       259 |  2.40E-02 |  0.853564 |  0.944327 |     16.15 |     13.92 |  0.089346 |  0.048107 |  2.51E-03 |     58.19 | 
|        15 |       296 |  2.39E-02 |  0.862336 |  0.944327 |     16.15 |     13.93 |  0.140478 |  0.087121 |  2.46E-03 |     58.58 | 
|        15 |       333 |  2.38E-02 |  0.878424 |  0.944327 |     16.14 |     13.92 |  0.123633 |  0.100862 |  2.41E-03 |     58.97 | 
|        15 |       370 |  2.38E-02 |  0.871603 |  0.944327 |     16.14 |     13.92 |  0.038817 |  0.035978 |  2.36E-03 |     59.36 | 
|        15 |       407 |  2.38E-02 |  0.872995 |  0.944327 |     16.14 |     13.92 |  0.099653 |  0.053310 |  2.32E-03 |     59.75 | 
|        16 |        37 |  2.45E-02 |  0.865236 |  0.944327 |     16.14 |     13.97 |  0.070518 |  0.040278 |  2.27E-03 |     59.90 | 
|        16 |        74 |  2.50E-02 |  0.865019 |  0.944327 |     16.12 |     13.93 |  0.116987 |  0.035385 |  2.23E-03 |     60.29 | 
|        16 |       111 |  2.50E-02 |  0.869111 |  0.944327 |     16.16 |     13.94 |  0.103108 |  0.044421 |  2.19E-03 |     60.68 | 
|        16 |       148 |  2.41E-02 |  0.858143 |  0.944327 |     16.17 |     13.94 |  0.105797 |  0.075059 |  2.14E-03 |     61.07 | 
|        16 |       185 |  2.36E-02 |  0.862843 |  0.944327 |     16.15 |     13.94 |  0.049389 |  0.027205 |  2.10E-03 |     61.46 | 
|        16 |       222 |  2.39E-02 |  0.867389 |  0.944327 |     16.14 |     13.92 |  0.129869 |  0.076857 |  2.06E-03 |     61.85 | 
|        16 |       259 |  2.37E-02 |  0.839518 |  0.944327 |     16.16 |     13.92 |  0.103926 |  0.079929 |  2.02E-03 |     62.24 | 
|        16 |       296 |  2.36E-02 |  0.875565 |  0.944327 |     16.16 |     13.92 |  0.110900 |  0.057547 |  1.98E-03 |     62.63 | 
|        16 |       333 |  2.35E-02 |  0.857616 |  0.944327 |     16.16 |     13.91 |  0.081339 |  0.058826 |  1.94E-03 |     63.03 | 
|        16 |       370 |  2.36E-02 |  0.862275 |  0.944327 |     16.16 |     13.91 |  0.129316 |  0.081069 |  1.90E-03 |     63.42 | 
|        16 |       407 |  2.36E-02 |  0.854472 |  0.944327 |     16.15 |     13.91 |  0.086520 |  0.065667 |  1.86E-03 |     63.82 | 
|        17 |        37 |  2.38E-02 |  0.842649 |  0.944327 |     16.11 |     13.92 |  0.069330 |  0.047248 |  1.82E-03 |     63.96 | 
|        17 |        74 |  2.38E-02 |  0.841848 |  0.944327 |     16.15 |     13.92 |  0.098519 |  0.061665 |  1.79E-03 |     64.35 | 
|        17 |       111 |  2.37E-02 |  0.855421 |  0.944327 |     16.14 |     13.90 |  0.096370 |  0.029466 |  1.75E-03 |     64.75 | 
|        17 |       148 |  2.35E-02 |  0.882515 |  0.944327 |     16.15 |     13.89 |  0.154498 |  0.072576 |  1.72E-03 |     65.14 | 
|        17 |       185 |  2.31E-02 |  0.856209 |  0.944327 |     16.15 |     13.89 |  0.158567 |  0.069303 |  1.68E-03 |     65.53 | 
|        17 |       222 |  2.34E-02 |  0.857750 |  0.944327 |     16.17 |     13.89 |  0.068118 |  0.045783 |  1.65E-03 |     65.92 | 
|        17 |       259 |  2.34E-02 |  0.865456 |  0.944327 |     16.17 |     13.89 |  0.123672 |  0.046091 |  1.61E-03 |     66.31 | 
|        17 |       296 |  2.34E-02 |  0.862814 |  0.944327 |     16.17 |     13.90 |  0.132621 |  0.072884 |  1.58E-03 |     66.70 | 
|        17 |       333 |  2.33E-02 |  0.839032 |  0.944327 |     16.16 |     13.89 |  0.061306 |  0.034582 |  1.55E-03 |     67.09 | 
|        17 |       370 |  2.34E-02 |  0.895334 |  0.944327 |     16.16 |     13.90 |  0.115337 |  0.063426 |  1.52E-03 |     67.48 | 
|        17 |       407 |  2.34E-02 |  0.860338 |  0.944327 |     16.16 |     13.91 |  0.077094 |  0.060584 |  1.49E-03 |     67.87 | 
|        18 |        37 |  2.44E-02 |  0.861279 |  0.944327 |     16.19 |     13.92 |  0.139038 |  0.095605 |  1.46E-03 |     68.01 | 
|        18 |        74 |  2.39E-02 |  0.850620 |  0.944327 |     16.15 |     13.89 |  0.075580 |  0.026513 |  1.43E-03 |     68.42 | 
|        18 |       111 |  2.34E-02 |  0.865053 |  0.944327 |     16.16 |     13.87 |  0.080033 |  0.056645 |  1.41E-03 |     68.82 | 
|        18 |       148 |  2.33E-02 |  0.862712 |  0.944327 |     16.18 |     13.88 |  0.095582 |  0.039635 |  1.38E-03 |     69.22 | 
|        18 |       185 |  2.34E-02 |  0.839912 |  0.944327 |     16.18 |     13.89 |  0.110166 |  0.033405 |  1.36E-03 |     69.63 | 
|        18 |       222 |  2.32E-02 |  0.842105 |  0.944327 |     16.17 |     13.90 |  0.160339 |  0.069080 |  1.33E-03 |     70.02 | 
|        18 |       259 |  2.30E-02 |  0.874795 |  0.944327 |     16.16 |     13.88 |  0.146674 |  0.044771 |  1.31E-03 |     70.41 | 
|        18 |       296 |  2.31E-02 |  0.862100 |  0.944327 |     16.16 |     13.89 |  0.137400 |  0.068620 |  1.28E-03 |     70.80 | 
|        18 |       333 |  2.32E-02 |  0.857059 |  0.944327 |     16.16 |     13.89 |  0.082094 |  0.043990 |  1.26E-03 |     71.20 | 
|        18 |       370 |  2.33E-02 |  0.845576 |  0.944327 |     16.18 |     13.90 |  0.142461 |  0.089061 |  1.24E-03 |     71.61 | 
|        18 |       407 |  2.32E-02 |  0.849103 |  0.944327 |     16.17 |     13.90 |  0.161781 |  0.081584 |  1.22E-03 |     72.01 | 
|        19 |        37 |  2.38E-02 |  0.838167 |  0.944327 |     16.19 |     13.78 |  0.125913 |  0.096402 |  1.20E-03 |     72.15 | 
|        19 |        74 |  2.40E-02 |  0.848428 |  0.944327 |     16.22 |     13.84 |  0.162054 |  0.103016 |  1.18E-03 |     72.54 | 
|        19 |       111 |  2.34E-02 |  0.846925 |  0.944327 |     16.20 |     13.86 |  0.070001 |  0.042155 |  1.17E-03 |     72.96 | 
|        19 |       148 |  2.30E-02 |  0.841484 |  0.944327 |     16.18 |     13.87 |  0.215353 |  0.126811 |  1.15E-03 |     73.36 | 
|        19 |       185 |  2.33E-02 |  0.843586 |  0.944327 |     16.18 |     13.88 |  0.143759 |  0.113304 |  1.13E-03 |     73.75 | 
|        19 |       222 |  2.34E-02 |  0.848239 |  0.944327 |     16.19 |     13.88 |  0.060698 |  0.015577 |  1.12E-03 |     74.15 | 
|        19 |       259 |  2.33E-02 |  0.836026 |  0.944327 |     16.17 |     13.88 |  0.100739 |  0.040679 |  1.10E-03 |     74.54 | 
|        19 |       296 |  2.32E-02 |  0.845380 |  0.944327 |     16.17 |     13.89 |  0.063921 |  0.044215 |  1.09E-03 |     74.93 | 
|        19 |       333 |  2.33E-02 |  0.855658 |  0.944327 |     16.18 |     13.87 |  0.067492 |  0.036545 |  1.08E-03 |     75.32 | 
|        19 |       370 |  2.32E-02 |  0.855533 |  0.944327 |     16.18 |     13.87 |  0.053464 |  0.022230 |  1.07E-03 |     75.71 | 
|        19 |       407 |  2.31E-02 |  0.850370 |  0.944327 |     16.18 |     13.87 |  0.093812 |  0.033328 |  1.06E-03 |     76.11 | 
|        20 |        37 |  2.29E-02 |  0.857492 |  0.944327 |     16.22 |     13.89 |  0.059970 |  0.039010 |  1.05E-03 |     76.25 | 
|        20 |        74 |  2.30E-02 |  0.858978 |  0.944327 |     16.23 |     13.91 |  0.162110 |  0.087128 |  1.04E-03 |     76.64 | 
|        20 |       111 |  2.28E-02 |  0.855006 |  0.944327 |     16.21 |     13.90 |  0.048601 |  0.041376 |  1.03E-03 |     77.03 | 
|        20 |       148 |  2.27E-02 |  0.852549 |  0.944327 |     16.19 |     13.90 |  0.076432 |  0.036278 |  1.02E-03 |     77.42 | 
|        20 |       185 |  2.28E-02 |  0.850806 |  0.944327 |     16.19 |     13.89 |  0.065088 |  0.040800 |  1.02E-03 |     77.82 | 
|        20 |       222 |  2.27E-02 |  0.839726 |  0.944327 |     16.18 |     13.89 |  0.061606 |  0.031180 |  1.01E-03 |     78.21 | 
|        20 |       259 |  2.29E-02 |  0.859124 |  0.944327 |     16.17 |     13.89 |  0.031407 |  0.039218 |  1.01E-03 |     78.60 | 
|        20 |       296 |  2.31E-02 |  0.845308 |  0.944327 |     16.18 |     13.90 |  0.053609 |  0.029646 |  1.00E-03 |     78.99 | 
|        20 |       333 |  2.31E-02 |  0.838794 |  0.944327 |     16.17 |     13.90 |  0.060082 |  0.046466 |  1.00E-03 |     79.39 | 
|        20 |       370 |  2.31E-02 |  0.849922 |  0.944327 |     16.18 |     13.89 |  0.146209 |  0.071804 |  1.00E-03 |     79.78 | 
|        20 |       407 |  2.30E-02 |  0.856041 |  0.944327 |     16.17 |     13.89 |  0.118232 |  0.066441 |  1.00E-03 |     80.17 | 
-------------------------------------------------------------------------------------------------------------------------------------
