0.011319 0.269934 0.230558 -0.360218 0.243242 -0.120133 -0.079582 0.136067 0.313224 -0.366935 -0.310503 0.394197 -0.108658 -0.152111 0.054635 -0.239428 0.247900 -0.029616 -0.349948 0.394804 -0.296767 -0.320779 0.347783 -0.029039 -0.073557 -0.231217 0.036940 0.334022 -0.223422 -0.073004 0.359494 0.222745 
-0.107127 -0.005519 0.142600 -0.245645 0.321542 -0.262569 0.298519 0.212752 -0.299295 0.287677 0.251214 -0.368566 -0.153142 -0.062550 -0.045474 -0.173429 0.226729 -0.064824 -0.278848 0.306113 -0.077587 -0.241162 -0.196639 0.158766 0.052716 0.286999 0.242629 -0.152198 -0.323313 0.076316 -0.338774 -0.280672 
-0.162045 0.175158 -0.272884 -0.282456 0.180065 -0.317520 0.284277 0.316613 0.264494 0.133314 -0.242104 -0.252507 0.171537 -0.013711 -0.163074 0.152905 0.176926 -0.050235 0.056250 -0.364541 0.136130 0.200079 0.319666 0.235198 -0.036624 0.108255 -0.345706 -0.111871 -0.128915 -0.287413 0.028519 -0.180431 
0.140645 0.279650 -0.002463 0.036567 0.261152 -0.180009 -0.069382 0.268889 0.257133 0.049691 0.343517 0.267492 0.197020 -0.172641 0.019018 0.141128 0.105490 0.239821 0.271621 -0.196667 0.042668 0.284589 0.282207 0.299604 -0.114243 -0.375766 -0.130523 0.180759 -0.300982 0.285675 -0.258569 0.347071 
0.457674 -0.054413 0.205985 0.378331 0.212670 -0.269207 0.186649 0.094395 0.089352 0.103952 -0.082599 0.126299 -0.358463 0.201714 -0.125569 0.153644 0.285324 -0.206094 0.363999 0.109038 0.352178 0.308469 -0.133784 -0.009828 0.469612 0.096098 -0.101213 -0.310376 0.018960 -0.090080 -0.331362 0.047862 
0.433549 0.086435 -0.037655 0.086999 0.248098 -0.263282 -0.126490 -0.055466 0.257920 0.090917 -0.359542 0.339288 -0.017316 -0.189285 0.183017 -0.073458 0.025297 0.233612 0.287478 0.105436 0.213985 -0.256717 0.331043 0.169373 0.310947 -0.170673 0.164672 -0.176446 0.051976 0.229805 0.156424 -0.085518 
-0.275885 -0.250048 0.225468 -0.354475 -0.229894 -0.282964 -0.080390 -0.212498 0.182040 -0.030023 -0.232048 -0.157197 0.245372 0.401441 0.242639 -0.064337 0.006076 -0.037018 0.164624 -0.260463 -0.000915 0.322079 0.249240 -0.177595 0.141044 -0.028383 0.109130 -0.001713 -0.199034 -0.137764 0.211523 0.007487 
-0.055983 0.060266 0.089495 0.219766 0.057892 -0.260903 -0.372697 -0.054810 0.082219 -0.258882 0.166864 -0.103187 -0.311080 0.138960 0.243400 0.226972 -0.399261 -0.101352 0.305683 0.077310 -0.322030 0.466742 -0.351286 -0.340230 -0.230482 0.050423 0.093340 0.113399 -0.338411 -0.209847 -0.224938 0.054230 
0.207210 0.253258 -0.011582 0.074119 0.169872 0.027271 0.337405 -0.021126 0.057057 0.165685 0.192628 0.064284 -0.123412 0.055975 -0.031136 -0.074774 
0.232099 0.010005 0.141432 -0.107593 -0.091513 0.115690 -0.028013 0.021982 0.051770 0.118686 -0.152083 0.031854 0.172137 -0.095317 -0.139757 0.175037 
0.136033 0.046213 -0.026785 0.119810 -0.097585 0.074349 -0.130814 0.040373 -0.179203 0.123927 -0.003799 0.024487 -0.043137 0.326243 0.068480 -0.059506 
-0.052509 -0.039228 -0.019888 0.003177 -0.140298 0.032687 0.206414 0.015587 -0.075047 0.177459 0.203391 -0.054200 0.165314 -0.085784 -0.086357 0.146892 
0.055957 0.242943 0.039151 0.124561 -0.107008 0.145910 0.115574 -0.077147 0.117561 -0.048141 0.058416 -0.167403 0.148510 0.145844 -0.006594 -0.097931 
-0.076174 0.072283 0.030348 -0.103733 0.038048 -0.052492 0.007580 0.140290 -0.101913 0.018068 -0.127822 -0.016618 0.078058 0.029857 -0.144416 -0.008646 
-0.174057 0.219597 -0.104651 -0.069000 -0.031762 0.100296 0.011385 -0.108535 0.256043 0.314355 -0.109640 0.017743 0.093710 -0.096007 0.174881 0.065065 
-0.087837 -0.022536 0.187853 0.140012 0.075399 0.057615 0.092888 0.181122 -0.023098 0.204783 -0.108912 0.165356 -0.049691 -0.109949 -0.034144 -0.004780 
0.209604 0.014340 0.151015 -0.020471 -0.063606 -0.127465 -0.033017 0.155498 -0.089015 -0.051950 -0.055765 0.231222 0.076042 -0.056878 0.113483 -0.102370 
-0.078671 0.241769 0.156364 -0.139346 -0.056262 0.090858 -0.105742 0.075816 0.105890 0.015130 0.084134 0.065548 -0.059495 0.127407 -0.019019 -0.133598 
-0.059237 -0.158063 -0.066360 0.037760 -0.043714 0.005301 -0.072083 0.006965 0.088906 0.085940 -0.065592 0.011733 0.137574 -0.109122 0.070493 -0.070430 
0.308868 0.064616 -0.025328 -0.050168 -0.038761 0.001350 0.192456 0.032723 -0.034616 -0.028941 0.015771 0.233641 -0.058433 0.267522 -0.120234 0.236015 
0.261711 0.089416 0.043110 -0.045623 0.164801 0.031309 0.196272 0.184373 0.266817 -0.055293 -0.163516 0.073295 -0.103282 0.051468 0.126859 -0.113508 
-0.115272 -0.003723 -0.061709 -0.011938 0.133209 -0.125694 0.199807 -0.119139 0.054338 -0.072816 -0.126398 0.212377 -0.149102 -0.050738 0.175687 -0.185723 
0.062619 -0.095300 -0.059329 0.087927 0.229336 -0.153350 -0.082682 -0.027863 -0.133612 -0.113853 -0.185012 0.063141 0.152301 0.220653 0.085791 -0.117439 
-0.125267 0.106166 0.030725 0.149103 0.151301 -0.052686 -0.092950 0.021629 0.138315 -0.011802 -0.066910 0.131933 0.030350 -0.151065 0.144919 -0.079652 
-0.125220 0.017609 0.104712 -0.123680 -0.111242 0.243555 0.138756 -0.074810 -0.087511 0.172725 0.103395 -0.130536 0.031475 -0.122854 -0.025340 0.107347 
0.168266 0.137440 0.044659 0.077962 -0.047301 0.022602 -0.120677 -0.128815 0.200676 -0.036158 0.101435 0.059320 -0.029351 0.091362 0.112888 0.048382 
0.103118 -0.006761 0.083882 0.276093 0.091049 -0.123396 -0.058994 0.123958 0.187782 0.154802 0.151815 0.115968 0.098864 0.016220 0.008686 0.034507 
-0.047487 0.247231 -0.107193 -0.025975 0.022760 0.221568 0.011012 -0.031701 0.078886 0.028436 0.261690 -0.074547 -0.148872 0.293792 0.182869 0.204535 
-0.024113 0.149719 0.131056 0.174053 0.072005 -0.160386 0.219113 0.127969 0.222422 0.238177 0.002356 -0.034779 -0.133819 0.022707 -0.081904 -0.029283 
-0.060411 0.037678 0.191191 0.301865 0.262298 -0.035571 0.003057 0.073645 0.166538 -0.024627 0.086724 0.330824 -0.140859 0.137176 0.276156 0.023394 
-0.088921 0.083524 0.045721 0.162172 0.111981 -0.093984 0.066593 0.063715 -0.094626 0.159641 -0.104199 -0.093973 0.001602 0.000457 0.015313 0.172831 
0.153840 0.147156 0.176543 0.121455 0.144780 -0.038520 0.114791 0.166908 0.212321 0.106059 0.150925 0.041720 -0.117866 0.005829 -0.043362 -0.076235 
-0.029607 0.299561 -0.121135 -0.111523 -0.093304 0.115293 0.184767 -0.104307 0.081768 0.242842 -0.001591 -0.147097 -0.075441 0.133107 -0.135327 -0.073529 
-0.168652 -0.093953 -0.133570 -0.062892 -0.020650 0.125237 -0.202225 0.150004 0.018646 0.165734 0.070364 -0.013906 -0.009844 -0.173914 0.196441 0.010594 
-0.178264 0.135196 0.145854 -0.134717 0.021109 0.146362 -0.091160 -0.139763 -0.041580 0.048409 -0.057624 0.081202 0.006972 0.062367 0.226771 0.127226 
0.094728 -0.158516 -0.123204 0.111432 0.135342 -0.109761 0.092506 -0.167865 0.138373 -0.049165 -0.080275 0.095966 0.015234 0.327177 -0.066315 0.097544 
0.226031 0.021508 0.099742 -0.057880 0.130881 -0.178579 0.074452 -0.101276 0.229410 0.154000 0.115431 -0.054930 -0.121014 0.018711 -0.111705 0.037032 
0.207941 0.011535 -0.049636 0.063857 -0.002314 0.240869 0.105268 -0.018686 0.023892 -0.132256 0.151400 -0.141045 -0.164934 -0.077999 0.055494 0.176542 
0.084914 -0.054016 -0.107327 -0.114542 0.020261 0.029387 -0.050560 -0.079913 -0.000352 -0.156189 -0.009689 0.107628 0.117481 0.113238 -0.148002 0.126295 
0.337224 -0.047884 0.012793 -0.009035 0.033177 -0.182853 0.104874 0.164333 -0.153532 -0.057753 0.067575 0.054908 0.015963 0.169653 0.153884 0.248785 
0.345194 -0.224404 -0.227837 -0.120467 0.141571 -0.178183 0.196424 -0.186942 -0.224812 -0.232393 0.293701 -0.129052 0.382850 0.202138 0.274134 0.063682 
-0.060982 -0.063892 0.328170 0.069778 -0.017773 0.030624 -0.017053 0.079440 0.372929 -0.061371 0.152836 0.016529 0.267033 0.277310 0.011189 0.155629 
0.277523 0.030468 0.247738 0.090516 0.182882 -0.033533 0.200438 -0.053252 0.044732 0.016107 0.123354 -0.164626 -0.038852 0.016633 0.107032 0.084309 
0.214092 0.128133 -0.130981 -0.080124 -0.205601 0.180505 0.292784 0.290314 -0.155033 0.100907 -0.018122 -0.240080 -0.032802 0.236560 0.054195 -0.043573 
0.063652 0.096846 -0.233422 -0.059314 -0.219958 0.233603 0.267097 0.027155 0.051970 -0.157786 0.152416 0.163186 0.082485 -0.001908 -0.076923 0.031576 
-0.203740 0.094536 0.351571 -0.168636 -0.044325 0.230624 -0.177964 0.014295 0.205548 0.082208 0.082427 -0.238406 0.128554 -0.062077 -0.029089 -0.151353 
0.276077 -0.073272 0.112504 0.202702 -0.076788 -0.152799 -0.045252 0.157640 -0.026317 -0.175819 0.072730 -0.203639 0.279465 0.444423 0.097800 0.217232 
0.100764 0.027108 0.168588 -0.239623 -0.068244 -0.224666 0.125970 0.246024 0.122962 -0.160292 0.229090 -0.039119 -0.042201 -0.149796 0.020114 -0.090723 
0.211186 -0.178781 -0.045750 -0.214224 -0.069195 0.104469 0.210346 0.202254 0.434354 -0.042875 0.289073 -0.007983 -0.017214 0.096711 -0.193521 0.327308 
0.238758 -0.199879 0.310362 -0.075485 -0.186718 0.096382 -0.180705 0.242355 0.257967 -0.172881 -0.211542 -0.148527 -0.057930 0.299981 -0.010066 -0.093006 
-0.220837 0.135349 -0.025460 -0.072594 -0.036659 -0.173853 -0.220432 -0.123695 0.021716 0.224604 0.081449 0.187232 0.123537 0.277880 0.205948 -0.006574 
0.325640 0.229568 0.106064 -0.213970 -0.048234 -0.177094 0.484679 -0.143550 -0.082500 -0.125107 -0.030416 0.095535 -0.197577 0.174349 0.118572 -0.151137 
0.050728 -0.226032 0.026506 -0.231481 -0.180531 0.098496 -0.093048 0.070599 0.083073 -0.234551 0.004169 -0.190971 0.207150 -0.075830 0.022800 0.179075 
-0.211719 -0.027165 0.282251 0.016784 -0.061426 0.251790 0.192331 -0.029984 -0.311046 -0.214990 -0.224026 -0.113582 0.351864 -0.247026 0.070966 -0.091174 
-0.211002 0.317105 0.003878 -0.153531 0.099746 0.244233 0.321750 -0.047058 0.252678 -0.075619 -0.056171 0.172099 -0.000761 -0.312485 0.059142 0.155635 
-0.057473 0.066309 0.086009 0.094397 -0.007353 -0.140067 -0.088684 0.009600 -0.211941 0.000456 0.234787 -0.155292 0.209033 -0.110019 0.216307 -0.028761 
0.086583 -0.150602 0.158400 -0.230738 -0.326735 0.204969 0.131100 -0.284380 -0.251649 0.139649 0.272273 0.082905 0.414588 0.226200 0.227753 -0.280032 
-0.139148 -0.216236 -0.205681 0.081305 -0.128190 -0.075155 -0.102953 0.001859 0.239931 -0.147102 0.236964 0.020223 -0.003750 -0.134387 -0.250685 0.234450 
-0.047166 0.367105 0.379016 0.136665 0.206429 -0.121282 0.137100 0.216410 -0.044901 0.198653 0.009427 -0.100939 -0.193681 0.170103 0.031765 0.138977 
0.213250 0.121731 -0.201330 -0.169901 -0.155792 -0.051951 0.068115 -0.169294 0.055157 -0.104731 0.093710 -0.161962 0.071899 0.184482 -0.202704 -0.093100 
0.163253 -0.222586 -0.195165 -0.028152 -0.025182 0.231843 -0.216272 0.134171 0.093912 -0.056930 -0.219371 0.229974 -0.100203 0.096693 -0.050422 -0.127289 
0.014916 0.075153 0.044150 0.049720 0.249002 -0.281341 0.031538 0.094548 -0.089370 -0.038561 0.220079 0.237174 -0.165164 0.020613 -0.252403 -0.107450 
0.453667 0.099344 0.032869 -0.118557 -0.281939 0.071392 -0.114288 -0.194787 -0.229421 -0.366629 0.542173 -0.084939 0.303031 -0.101242 0.133151 -0.241182 
0.182213 -0.295400 0.240330 0.145494 -0.163363 0.082163 -0.109597 -0.071158 -0.194232 0.343227 -0.133505 -0.031178 0.082200 0.093290 0.025815 0.011907 
0.304487 -0.319118 0.391824 -0.087946 0.259330 0.336259 -0.129772 0.308591 -0.229233 -0.027934 -0.031780 0.145149 0.121363 0.430498 -0.336176 0.059820 
0.207038 0.189283 -0.022671 0.228086 0.001509 0.126888 -0.089169 0.050744 0.120981 0.071649 -0.228478 -0.000444 -0.127197 0.077100 -0.207757 -0.129078 
0.194823 0.207203 0.041583 0.113867 0.112970 0.285552 0.264248 0.197365 -0.056499 -0.255755 0.106894 -0.237547 0.323870 0.381975 0.300385 0.196497 
0.050690 -0.164851 0.178437 -0.209784 0.226011 -0.174206 0.081080 0.099112 0.153456 0.108404 -0.118823 -0.221611 -0.083458 -0.118009 -0.126263 -0.136501 
-0.255237 0.394842 -0.321662 -0.220837 0.169395 0.038629 0.299519 -0.168776 0.183727 0.135453 -0.119523 0.106870 -0.066417 0.180007 0.253466 0.251224 
-0.261008 -0.122946 0.232020 -0.228642 0.095109 0.179992 0.218838 -0.092284 -0.066403 0.350590 0.012740 0.082948 -0.077866 0.343469 0.357586 -0.166730 
0.057327 0.324367 -0.151230 -0.043094 0.027404 -0.099805 0.114172 -0.059974 0.237862 0.114914 -0.134341 -0.144960 0.153566 0.067617 -0.055362 0.093717 
-0.110785 -0.291390 0.107010 0.189547 0.027723 0.042891 -0.037220 0.201613 -0.055101 0.169790 0.055282 0.016719 0.104154 0.169068 0.306297 -0.152950 
0.141157 -0.064986 0.074813 -0.075685 0.153801 -0.158817 0.115915 0.153290 0.136848 0.091927 0.257109 0.193250 0.193021 -0.234127 -0.174708 0.216269 -0.190477 0.147430 0.142794 0.082945 -0.013904 -0.346752 0.075501 0.099188 0.197611 -0.161323 -0.148723 -0.060426 0.205098 -0.223196 0.092929 -0.224119 
0.228722 -0.116524 -0.079785 -0.137991 0.036457 0.221022 -0.237526 -0.065746 0.298630 -0.161763 0.056599 -0.025703 -0.127285 -0.211677 -0.206806 -0.373123 0.300894 0.078582 0.086982 -0.251776 0.418552 0.085196 0.215401 0.090145 -0.091473 -0.142985 -0.214166 -0.218915 -0.132724 0.313728 -0.092340 -0.288838 
-0.226312 0.175731 0.048356 0.312931 0.104899 -0.003730 -0.127662 -0.030213 -0.150103 -0.154139 0.154797 -0.113955 -0.313544 0.196411 0.039194 -0.095444 0.027012 -0.110458 -0.024112 0.005658 -0.095964 -0.210622 -0.176296 0.127820 0.157107 -0.154457 0.180989 -0.191426 -0.159803 -0.277005 -0.233157 -0.062634 
0.181925 -0.029841 -0.178248 0.016317 0.220600 -0.044795 0.207040 -0.016122 0.040329 0.045825 -0.240134 0.153742 -0.078838 0.050051 0.234481 0.183532 0.157284 -0.054888 -0.134674 -0.144181 0.134828 -0.112255 0.232892 -0.073395 -0.022578 0.159911 -0.069654 0.007480 0.241465 -0.054225 0.164672 0.178145 
0.180748 0.214994 -0.040447 0.223327 -0.040508 -0.128731 -0.164142 0.206913 0.169292 -0.120597 0.079061 -0.223778 0.105829 0.163074 -0.191993 0.132162 -0.234421 -0.075301 0.194232 0.174420 0.161622 0.270111 -0.142098 -0.217031 0.129085 0.057054 0.145221 0.146334 -0.326096 -0.062388 0.017352 0.155914 
-0.119298 0.244992 0.071301 0.162874 -0.120363 0.145009 0.203883 -0.220114 -0.287524 0.111309 0.066297 0.059685 -0.413561 0.037169 0.078597 0.119089 0.189278 0.094230 -0.065987 0.003193 -0.178227 -0.090836 0.115013 -0.196140 -0.089714 -0.205128 0.227611 -0.141144 0.103441 -0.051043 -0.239012 0.258321 
-0.097135 0.072951 0.070686 -0.052672 -0.080505 -0.091672 0.014178 0.010522 0.269966 0.288030 -0.075293 -0.259971 -0.141353 -0.099178 0.026615 -0.107986 0.155120 0.149539 0.132866 -0.186092 0.044363 0.042779 -0.088201 0.049469 -0.025317 -0.203529 0.117526 0.208796 -0.128322 0.215121 0.119451 0.118958 
-0.012874 -0.090894 -0.161851 0.332752 0.200229 0.106060 -0.044429 0.072128 0.055320 -0.215458 0.112340 -0.155002 -0.091676 -0.047375 0.021990 -0.221511 -0.175003 -0.075836 -0.105272 0.035985 0.139138 0.124224 -0.183373 0.223233 0.127194 -0.239008 0.239409 -0.189312 0.098613 -0.051243 0.126215 -0.160601 
0.256255 0.189518 -0.166944 0.070817 0.074561 0.084351 -0.082542 -0.081073 0.164414 -0.178907 0.017198 -0.218623 0.009771 -0.179962 -0.173799 0.092630 -0.021061 -0.038266 -0.066926 -0.251082 -0.158458 0.105033 0.238503 0.119443 0.046804 0.145744 0.144492 -0.025818 -0.094044 0.050765 0.094558 -0.149302 
-0.032246 0.326094 0.317893 -0.131982 -0.114523 -0.093265 -0.113572 -0.114351 -0.040528 -0.177165 -0.179872 0.225713 -0.154053 0.032634 0.098112 0.049852 0.235743 -0.331016 0.121302 0.304403 0.041672 0.092299 0.123793 -0.115021 0.095401 0.027492 0.104846 0.278114 -0.180272 -0.023791 -0.203722 0.172058 
0.145174 -0.302918 0.039947 0.153022 -0.132872 -0.138959 -0.080195 0.303763 -0.080876 -0.124621 0.207948 0.405000 0.498726 0.037766 -0.167303 0.239140 0.157891 0.096257 0.171270 -0.059355 0.090059 -0.211065 0.121197 -0.243333 -0.262386 -0.143975 0.086879 -0.275623 0.210894 0.168195 0.125510 0.153296 
0.238261 0.027117 0.072067 -0.064675 0.134917 0.088774 -0.141126 -0.219046 -0.222061 -0.226363 0.033351 0.204088 0.035217 0.117165 0.095960 -0.173021 0.043500 -0.024594 -0.055046 -0.186306 0.211305 0.194836 -0.181649 0.219372 -0.194077 0.228652 -0.191504 0.109463 0.186849 0.209939 0.034027 0.173914 
0.115178 -0.178154 -0.193479 -0.122423 0.158494 -0.040317 0.056335 0.233657 -0.041281 0.219206 0.283368 -0.054102 0.081248 0.035439 -0.148202 -0.013023 0.339880 0.035189 -0.053405 0.242433 -0.086454 -0.223348 0.301271 0.044042 -0.045471 0.226878 -0.080070 -0.193297 0.354811 0.208405 -0.204507 -0.059393 
-0.344370 -0.018356 0.104920 0.271191 0.096781 0.142575 0.193635 -0.161766 0.054906 0.197698 -0.096964 -0.392978 -0.535769 0.088926 -0.003724 -0.020306 -0.198398 0.173151 -0.170933 0.051199 -0.159688 0.229149 -0.076770 0.050577 0.350709 -0.021904 0.221530 0.236364 -0.086214 0.252486 -0.172929 0.028268 
-0.169180 0.175721 -0.082752 -0.280794 -0.006490 -0.153794 -0.034231 -0.117373 0.268045 0.190267 0.081121 -0.348046 -0.455099 -0.135446 -0.044328 -0.133992 0.241314 0.040269 0.149223 -0.189200 -0.151951 0.194417 0.215226 -0.029883 -0.002475 0.067305 -0.083969 0.114087 0.076177 0.084273 -0.205780 0.319849 
-0.103364 -0.036796 -0.219116 0.119105 0.078543 -0.115588 -0.263480 0.001396 0.280532 0.193620 0.038001 -0.220085 0.217857 -0.163689 -0.124018 0.177389 0.106630 -0.278408 -0.205013 -0.180821 0.343552 0.334448 0.049661 -0.101475 0.021511 0.194794 0.265835 -0.160632 -0.161959 -0.201424 -0.236879 -0.059185 
0.309137 0.104128 -0.255152 -0.278750 0.073690 -0.284040 0.450737 0.362319 
-0.125372 -0.049033 -0.046636 0.020234 0.578305 0.131489 0.297120 0.228083 
0.090917 0.109738 0.012868 0.064245 0.210018 -0.143893 0.132498 -0.060722 
-0.228448 0.450349 0.172554 -0.101485 0.119825 0.046471 -0.059340 -0.174567 
-0.037492 0.147774 0.073317 0.127309 -0.155009 -0.117729 -0.141559 -0.117856 
0.078491 0.008520 -0.099065 -0.066207 -0.115677 -0.133892 0.033222 0.108020 
-0.208373 -0.090399 0.032495 0.112251 -0.120494 -0.144560 -0.116072 -0.112867 
-0.125003 0.016489 0.059813 -0.125313 0.214738 -0.086676 0.233951 0.287466 
0.316276 0.011944 -0.463185 -0.040652 0.057656 0.073908 -0.032508 -0.204638 
-0.093308 -0.210218 0.097819 0.327338 0.148015 0.264176 -0.106784 -0.341385 
-0.226688 -0.086294 0.370710 0.388834 -0.045781 -0.241121 0.046118 -0.019206 
0.102894 0.020588 0.013185 -0.200434 0.245755 -0.013221 0.514841 0.724273 
0.123911 0.392054 -0.213252 -0.172304 0.005574 0.223749 0.454163 0.859123 
0.081665 0.176751 0.145963 0.090240 0.164092 0.021717 0.100063 -0.162167 
0.093864 0.073021 -0.060579 -0.122517 0.103180 0.141946 0.054351 -0.040185 
-0.270474 -0.078854 0.202583 0.059920 -0.158893 -0.078903 0.100515 0.142061 
0.080147 -0.370623 0.082490 0.277177 0.009726 0.078467 0.040573 0.133595 
-0.090481 -0.158931 0.155396 0.173773 -0.250573 -0.145643 -0.039864 -0.196531 
-0.086571 0.083840 -0.120174 0.172259 0.073102 0.167060 -0.047558 0.114667 
-0.285807 0.002250 0.143021 -0.048474 0.128304 -0.050968 0.167102 0.089252 
0.583988 0.382739 -0.279877 0.052178 -0.125655 -0.140741 -0.038458 0.049646 
0.415623 0.234785 -0.440354 -0.232539 0.107509 0.259655 -0.272062 -0.096255 
-0.075183 -0.245002 -0.055887 0.325672 0.042014 0.028121 0.096310 0.147796 
0.147757 0.058513 0.113177 0.108055 -0.106912 0.045812 -0.063145 -0.114276 
-0.055345 0.191224 0.020925 -0.047954 0.321513 0.165032 -0.033847 0.198270 
0.009796 -0.100471 0.057696 0.123046 0.041587 0.126323 -0.065180 0.083939 
-0.176411 0.237138 0.215880 -0.008728 0.155410 0.323840 -0.359318 -0.201657 
0.082710 0.063331 -0.183519 0.015820 0.346169 -0.029700 0.255828 0.292240 
-0.184871 -0.202900 0.043211 0.405585 -0.060252 -0.154033 0.263265 0.315014 
0.186845 -0.312707 -0.067924 0.148845 0.137784 0.150987 -0.158302 -0.127788 
-0.029598 0.057554 0.134220 0.122523 0.023466 0.152771 -0.101966 -0.124605 
-0.095702 -0.267862 0.332703 -0.067116 0.162565 0.235164 -0.274722 0.054920 









0.000000 
0.000000 
0.000000 
0.000000 
0.000000 
0.000000 
0.000000 
0.000000 
-0.116159 
0.119407 
0.159215 
-0.211775 
-0.197810 
-0.143448 
0.310332 
-0.362217 
0.000438 
-0.229854 
-0.028261 
0.109791 
0.535837 
0.149388 
0.127532 
-0.166468 
-0.130035 
0.140452 
-0.260749 
0.220451 
0.151639 
-0.119240 
-0.350575 
-0.056366 
0.162744 
0.200241 
0.044359 
0.072885 
0.316883 
0.225539 
-0.004069 
0.361355 
0.223096 
0.295147 
-0.061625 
0.059177 
0.181509 
0.165171 
0.247157 
-0.025839 
0.246444 
-0.073361 
0.012725 
0.298508 
0.033019 
-0.073884 
-0.088480 
0.141332 
0.319377 
-0.137521 
0.278081 
-0.053534 
0.018762 
0.187725 
0.333531 
-0.131073 
0.379002 
-0.051867 
0.239278 
0.059711 
-0.015026 
0.079632 
0.012970 
0.067467 
0.000704 
0.357653 
0.011518 
-0.063144 
0.122565 
0.067378 
0.112082 
0.296502 
0.177963 
-0.244496 
0.253473 
-0.078421 
0.009701 
0.153306 
-0.089138 
0.357818 
0.675376 
-0.432842 
-0.235516 
0.073232 
0.114766 
-0.186756 
0.217595 
0.165215 
0.174452 
-0.195855 
-0.170574 
0.709855 
0.508061 
0.110262 
0.056325 
0.149400 
-0.069488 
0.082644 
-0.225363 
0.192310 
0.510570 
0.407104 
-0.114192 
-0.111577 
-0.212405 
-0.190362 
-0.011065 
-0.307876 
-0.024786 
-0.232325 
-0.229317 
0.078825 
-0.032927 
-0.025078 
-0.181790 
-0.699589 
-0.515522 
-0.429836 
0.230908 
-0.027411 
3.279000 0.224228 0.143224 
