-0.224702 0.049685 -0.381773 -0.566699 -0.154769 1.576752 0.510252 0.173477 0.584411 -0.086415 0.080751 0.459088 0.494388 0.759211 -1.183842 -0.200203 0.608501 -1.057857 -2.737794 -0.559271 0.158834 -0.422706 -0.030250 -0.727123 -0.583059 1.094130 -0.052208 0.434145 0.051558 0.638377 -0.645484 1.383111 
0.015579 -0.077094 -0.051234 0.127362 0.082690 -0.632897 -0.829753 -0.002616 0.060216 0.680910 -0.098920 -0.168886 -0.004540 -0.176858 0.064169 0.500254 -0.133177 0.266589 0.157785 -0.243826 -0.264079 -0.156925 0.214475 0.066572 -0.346076 -9.434884 -0.001009 -0.068249 0.014178 -8.834057 -0.311926 0.085982 
-0.502741 1.898151 -0.188469 0.301178 0.795406 0.957395 -1.134778 0.021861 0.336576 0.124232 -0.105872 -0.759560 -0.571846 -0.000054 0.150237 0.129727 0.157162 -0.510653 0.030096 -0.693239 0.218093 -0.256314 -2.307920 0.615049 -1.099428 -4.862244 0.902800 -0.384510 -0.401876 -4.489061 0.341427 -0.896682 
-0.547436 -0.343634 0.209636 0.083021 6.071783 1.744878 -1.007271 -4.279765 -0.749583 0.054064 -1.788322 -0.288466 -2.726393 0.083289 -0.052119 -0.223191 0.148117 -0.067899 -0.730792 -0.109117 -0.884468 -0.016143 -0.008839 0.053506 0.565493 0.549132 0.572243 0.121908 -0.147134 -0.060533 0.111415 -0.025901 
-0.078087 0.042934 0.062666 -0.004419 -0.085441 -0.084054 -0.012680 0.034419 0.028166 -0.034350 0.059208 0.040321 -0.051377 0.037175 0.008318 0.050717 0.038356 -0.068982 -0.063317 0.047684 -0.017031 0.058593 0.045759 -0.048438 -0.036188 -0.064571 -0.076966 0.036778 0.020173 0.068799 0.073855 0.028570 
-0.078991 0.097630 0.200909 -0.062409 12.899047 -0.296388 -0.435738 -0.280909 -0.124523 -0.243632 -0.099290 1.550539 0.092747 0.062871 1.528547 0.114810 0.791494 -4.606807 -0.011031 -0.790740 0.561453 -0.104142 -0.169418 -0.390144 0.376891 2.119633 -0.076210 0.301171 -0.056176 -0.084515 -0.939228 0.119456 
-0.077091 0.187043 0.373780 0.530666 -0.135792 -0.117431 0.307012 0.306107 0.061779 -0.737314 -0.231808 -0.310381 0.142419 -0.464449 0.746349 0.500198 -0.164521 0.316589 -0.263369 -0.170618 0.209782 -0.188653 0.267687 -0.374453 0.080669 0.615069 0.206456 -0.260321 -0.018713 -0.083530 -0.276405 0.334191 
-0.482867 -1.588737 1.284560 0.661164 2.926767 2.088627 6.449852 3.031996 0.561307 -0.003412 -0.512291 -4.937858 0.896756 0.028632 -0.499966 2.628686 -0.830479 -1.046870 0.653046 1.034247 -1.546891 -0.929466 -0.744583 -0.779759 -0.321583 -0.990510 -0.731281 0.208478 -0.857850 -0.670755 0.346585 -1.354572 
-0.319639 -0.084742 -0.496538 0.287235 0.316831 -0.484856 -0.590653 -0.114015 -0.190577 0.726380 -0.367911 -0.354266 0.466772 0.669558 0.079425 0.258379 -0.221884 -0.444826 -0.446117 -0.343683 0.403275 0.310524 -0.498260 0.206625 0.341881 0.000301 0.233407 -0.264410 -0.221740 0.106747 0.402679 0.090860 
-0.383117 0.294049 0.377848 -0.249045 0.186546 0.319889 0.308124 -0.076850 1.481738 -0.324753 -0.030218 0.490863 0.519430 0.221476 0.251343 -0.302927 -0.108192 0.271925 0.198151 -12.366796 -0.237221 0.543016 -7.046773 -0.559704 0.561534 0.125671 0.009575 -0.921184 -0.139065 1.843636 0.360481 0.089218 
-0.179942 1.177693 0.427085 -1.198767 2.152920 0.248425 1.929326 -1.304828 -1.281682 1.466768 -0.320006 -0.034504 -0.413734 0.278031 -0.806433 0.403598 -0.535321 1.293323 0.567559 -1.471635 -1.507501 2.859798 -0.300400 -1.393715 1.114086 2.781751 -0.775215 -1.498331 -0.658722 0.425056 0.236659 2.123419 
-0.088015 1.206277 1.300622 -0.813940 0.245631 0.760866 0.895674 0.978464 0.212025 0.195379 -0.921840 0.468948 0.163694 2.271278 -1.623267 -0.754607 -0.828133 1.317446 1.154776 0.522943 -0.042319 1.373667 -0.010741 -1.725544 1.875740 2.282909 -0.799970 -1.480147 -0.906106 0.476042 0.224174 0.557611 
-0.290655 0.264254 0.424445 -0.342527 0.101498 0.217314 0.352353 -0.245521 1.469421 -0.354563 -0.031633 0.563834 0.521636 0.174971 0.386636 -0.319916 -0.194686 0.383065 0.218378 -12.142684 -0.356908 0.471045 -6.927202 -0.556041 0.528445 0.145470 -0.071712 -0.933376 -0.109111 1.863209 0.413578 0.221488 
-0.106130 0.796304 -0.334997 -1.138835 0.198051 0.726318 0.227600 1.422214 2.086176 0.378190 -0.158429 0.119885 3.324990 0.138876 -0.199273 0.559552 0.845771 -0.407542 -16.310324 2.320755 1.137516 -0.844877 -0.741385 -0.478479 -0.869734 1.331746 -6.645686 2.425738 1.966755 0.603487 1.172070 5.858580 
-0.240415 -0.026163 0.381751 0.156264 0.188899 0.680920 -0.025764 -0.274159 0.101224 -0.000789 -0.214391 0.233737 0.086522 0.247058 -0.204217 0.074290 -0.259036 -0.185536 0.189147 0.235425 0.163213 -0.229769 0.133538 0.135710 -0.171110 -0.495249 -0.110814 -0.761438 -1.396006 -0.188009 0.287698 -0.351665 
-0.274729 -0.122231 -0.859042 -1.880141 -0.237883 -0.395355 -0.054020 0.592647 -0.282782 0.490155 -0.792326 -0.148430 2.686986 0.600658 -1.107625 0.278974 -1.372709 0.210228 -7.774323 0.031666 -0.019014 0.856517 -0.953128 0.801144 0.355660 0.216673 -6.027059 -0.866074 1.607394 0.218749 0.948136 3.331899 
0.041350 -0.040049 -0.021230 0.028930 0.086208 0.081584 -0.038044 0.081752 0.013459 0.017301 0.085315 0.028493 -0.053440 -0.002982 -0.067613 0.043829 0.071868 0.084623 0.005906 -0.018428 0.009593 -0.039397 -0.071836 0.084216 0.033450 -0.072320 -0.065979 -0.038023 0.064965 -0.072010 0.015431 0.019831 
-0.025575 0.080685 -0.037724 -0.025851 0.075785 0.010716 -0.030583 0.002759 -0.058467 -0.031753 -0.055233 -0.025422 0.051750 -0.036361 -0.068077 0.037133 -0.038222 0.024314 -0.067779 0.057855 0.071401 -0.053131 0.055586 0.018367 -0.038966 0.076091 0.066828 -0.060485 -0.082403 -0.004226 0.045830 -0.021493 
-0.115393 -0.010755 0.857700 0.284756 -0.764799 -0.255292 0.499847 -1.507653 0.178871 -0.275677 -0.202095 -0.475856 0.252935 -0.949645 0.902627 0.538146 -0.334183 0.277284 -0.215599 -0.257178 0.152543 -0.424730 0.516589 -0.323252 0.769850 -0.194859 0.737315 -0.302068 0.452838 -0.270591 -0.540980 0.592177 
1.290523 -0.157768 0.280137 -0.333483 -0.424105 0.417178 0.024323 0.000238 0.419953 0.217955 0.351761 0.682898 -0.225213 -0.015938 -0.011975 -0.520795 0.384960 -0.690977 0.210330 0.437186 -0.065721 -0.777838 0.299675 0.202689 -0.309192 -0.313509 -0.539008 -0.141644 -0.030593 0.149572 -0.671024 0.267032 
0.854509 0.161901 0.216120 0.063698 -0.290923 0.446170 0.352135 0.142643 0.133221 -0.119402 0.285147 0.263089 -0.215365 -0.147034 0.002438 -0.236538 0.099746 -0.275840 0.168090 0.563191 -0.503929 -0.378721 0.344503 0.239477 0.054541 -0.455189 -0.515910 0.293279 0.085534 0.213573 -0.537497 0.008738 
0.148412 -0.115068 1.435276 0.542224 1.044944 -0.043372 -1.047224 -2.754495 -1.274125 0.333143 -0.158817 -0.670137 -1.413114 0.112734 -0.177899 -0.557575 1.411289 0.086227 0.092520 -0.578259 0.542228 -0.512170 0.010230 0.816447 0.342640 -0.273032 1.004672 -0.942086 -0.509316 0.274595 0.649590 0.153552 
0.374779 0.090425 0.643477 1.254290 0.810834 -0.182626 -1.519163 -2.480407 -1.206450 -0.035479 -0.400195 -0.536920 -0.422784 -0.113080 -0.188046 0.034439 1.328978 -0.240466 0.317788 -0.263495 0.755582 -1.099957 0.421323 0.305251 0.333555 -0.491017 1.102395 -0.779172 -0.683048 -0.319703 1.217746 -0.158985 
-0.039025 0.108133 -0.820352 -0.167599 0.101954 0.587403 1.444795 0.758453 -0.196712 0.148497 -0.712909 -0.108360 -0.192588 -0.593737 0.820926 0.197624 -0.244782 -0.122080 -0.918733 -0.646256 -0.346149 0.640537 -0.035584 -1.108562 -0.000298 0.220805 -0.971201 1.154007 0.048042 -0.235325 -0.701448 0.547150 
0.211296 0.392326 -0.615237 -0.049058 0.001891 0.385142 1.658712 0.792507 -0.099193 -0.073106 -0.788753 -0.334920 -0.100155 -0.596549 0.600666 0.100601 -0.480757 -0.285914 -1.014148 -0.914988 -0.566164 0.387856 0.404574 -0.931901 -0.108372 0.409716 -0.968020 1.015797 0.445785 -0.054022 -0.644139 0.502666 
0.350658 0.615453 0.452657 0.714617 0.367170 0.273019 0.068457 0.509455 -0.310224 -0.472850 -0.759742 -0.594883 -0.315894 0.586505 0.181911 0.724166 -0.598666 -0.877031 -0.364477 -0.063470 -0.403137 -0.215272 -0.051622 0.091648 0.094822 -0.784013 -0.806735 0.504065 -0.336732 -0.134429 0.089334 -0.135289 
-0.265521 -0.682692 -0.395007 -0.144021 -0.112468 0.010794 -0.099808 -0.569389 0.387496 -0.083806 0.546870 0.439905 0.333233 0.142617 -0.184137 -0.776537 0.162673 1.921906 -0.085875 0.466668 0.256970 0.144082 0.017799 0.188058 0.098720 -0.222992 0.194379 -0.027220 0.701080 -0.516087 0.024485 0.055680 
1.015959 -0.053313 -0.319294 -0.203787 0.446092 -0.802596 0.097883 0.545967 0.657304 0.285733 -0.590228 -0.132410 -0.328534 0.193881 0.208535 0.109052 0.066992 -0.270505 0.402509 0.138786 0.097427 -0.231244 0.025314 0.452547 -0.393558 0.207090 -0.241771 -0.367203 1.060052 -0.515266 0.524776 -0.231487 
-0.384879 0.419167 0.159321 -0.962734 -0.435403 0.036088 -0.044612 -0.789657 0.345567 0.478081 0.732898 0.600349 -0.316615 0.042858 -0.401268 -0.328667 -0.560040 0.363270 -0.126525 0.430007 0.668352 -0.307757 -0.421586 0.370655 -0.100950 0.034947 -0.145077 0.061526 0.033433 0.724530 0.120409 -0.059355 
0.401983 0.493652 -0.248368 0.052860 -0.491163 0.069726 -0.089263 -0.131815 -0.310960 0.538704 0.057300 -0.011649 0.061256 0.262806 1.135306 -0.055053 0.169487 0.191100 0.089013 0.286547 -0.188996 0.400392 0.168956 0.126571 0.355707 -0.284034 0.092893 0.303445 -0.032526 0.479078 0.404695 -0.296013 
0.952174 0.686565 -0.585554 0.507441 -0.125196 -0.200470 -0.185228 0.477056 -0.761094 0.612735 -0.611224 -0.100720 -0.153113 0.163042 1.300472 -0.189968 0.019066 -0.094888 -0.213529 0.476519 -0.352368 0.614864 -0.177818 0.408057 0.875889 0.020907 -0.087664 -0.078722 -0.180854 0.488047 0.664770 -0.528438 
-0.581674 -0.393049 0.156266 -0.240979 -0.479522 0.058342 -0.024621 -0.351589 0.291155 -0.057089 0.552183 -0.427365 0.289919 -0.020763 -0.348924 0.083498 0.087443 -0.604279 -0.213705 -0.881682 0.193762 -0.148135 -0.009341 -0.489157 -0.055518 0.465262 0.303189 0.139366 -0.169958 0.027348 -0.133283 -0.116970 
0.220372 -0.388187 0.104436 0.055472 0.201229 0.143145 -0.199455 0.002621 -0.038273 -0.648228 0.738986 0.205052 -0.130611 0.708129 0.107721 -0.003144 -0.105118 -0.131691 0.066395 -0.211570 0.349197 0.127455 -0.025943 0.221470 0.056822 -0.473115 0.257367 -0.476768 -0.060406 -0.101640 0.191045 -0.136774 
-0.496557 -0.618876 -0.771026 -0.163320 1.592773 0.106507 -0.437628 1.372825 -0.399109 -0.579642 -0.016827 -0.052875 0.773659 0.810556 2.196438 -0.099433 -0.092620 -0.632972 1.006633 -0.154436 -0.483443 -0.113106 -0.406218 1.154178 0.438432 1.365105 0.117255 -2.732128 -0.118054 -1.133845 0.473065 1.084420 
-0.622369 -0.265507 -0.513358 -0.029461 1.621329 -0.489524 -0.343738 -0.999856 0.712858 0.941627 0.800144 0.622454 -0.974238 0.967105 -0.597761 -0.785007 -0.441169 0.150449 -1.599120 0.421168 0.690641 -0.632467 -0.653821 0.384871 -1.005095 0.191103 -1.164410 -0.566887 -0.192978 -0.258114 0.060770 0.649195 
-0.240890 0.016107 -0.076720 0.127577 1.443722 -0.089537 0.711792 -0.136388 0.708977 0.154594 -1.081585 0.069836 -1.324141 0.731597 -2.229602 -1.105269 0.836018 -1.230052 -3.399120 0.256534 0.799042 -1.668630 -0.015058 0.486058 -2.521955 1.303609 -1.539108 -0.751821 -0.407523 -0.089163 0.584958 1.619643 
0.515027 0.290201 -0.235606 0.145686 0.027234 -0.251230 -0.068510 0.183045 -0.094219 0.001373 -0.960500 0.229645 -0.046854 -0.379721 0.146504 0.070703 -0.040187 -0.284780 -0.111587 -0.750606 -0.742496 0.128736 -0.033016 -0.774820 0.374549 0.130775 -0.561837 0.630892 -0.402742 0.040679 0.007321 -0.147456 
0.160629 -0.006280 -0.425498 0.176211 0.123553 0.162535 0.588544 0.951477 -0.056791 -0.094188 -0.777168 0.209220 -0.063183 -0.791205 0.874731 -0.123998 -0.239393 0.573804 -0.841213 -1.022707 -1.225801 -0.010710 0.295577 -1.111423 0.377097 0.348450 -0.816126 0.989444 -0.157748 0.154897 -0.855137 -0.179629 
0.224708 0.599379 0.237672 0.022395 -1.650642 -0.098946 -0.428567 0.518629 -0.559547 -0.161594 0.146485 0.078254 -0.150905 0.297539 -0.056734 0.276790 -0.036940 0.430716 1.094760 -0.098399 0.592349 0.285721 -0.118523 -0.754103 0.842014 -0.543029 0.823889 1.094389 -0.132060 0.468194 0.062205 0.169991 
-0.606786 -0.972920 -0.619512 -0.625130 0.379422 1.157085 -0.433341 1.013236 -0.233869 0.046532 0.115809 0.262556 0.295503 -0.366487 -0.508669 -0.236770 -1.330857 -0.521109 1.244145 -0.146406 0.276379 1.413068 0.183258 0.307752 0.007589 -0.138774 0.386965 -0.938838 -0.607092 0.357249 -0.730966 -0.760690 
-0.310882 -0.358717 -0.414253 0.545965 0.813319 -0.249506 -0.317024 0.261248 -0.268770 0.432343 -1.102267 -0.662421 0.156883 0.510400 0.596990 0.866702 0.153281 0.310466 -0.411833 -0.909929 0.542539 0.463006 -0.765893 -0.490706 0.212860 0.336064 -0.088779 -0.124717 -0.295301 -0.144896 -0.294847 0.152353 
0.400700 0.751712 0.678469 -0.341933 -0.970733 0.009150 0.623722 -0.462355 0.313846 -0.444693 1.187752 0.668453 -0.290463 -0.522107 -0.474290 -0.694698 0.458741 -0.149900 0.027580 1.054582 -0.568759 -0.918863 0.638219 0.272139 -0.251773 -0.310797 0.024226 0.446178 0.611019 0.060349 0.471005 0.269367 
-0.567852 -0.125002 -0.715660 1.196329 -0.527956 0.513786 0.152372 0.332983 0.081861 -0.154604 0.650611 -1.393930 0.152634 -0.223927 -3.551543 -0.500937 0.409313 0.202804 0.377548 -0.720108 -1.081559 0.042437 1.546755 -0.689300 0.552886 -0.335128 -0.398376 0.040925 -0.450347 0.405897 -4.566844 0.516710 
1.638161 0.550138 -0.408559 0.685608 0.700882 -1.052934 -1.694703 2.567872 0.385980 0.504953 1.543706 0.241882 0.755654 -0.290237 6.335219 -0.725885 -0.795923 1.214007 -1.490363 -0.215052 -0.544410 -0.399658 -2.257651 0.866467 -0.332652 -1.939066 0.554690 -0.254218 0.558948 -1.605517 -0.310909 0.259576 
-0.071911 0.003947 0.010829 0.008321 0.010489 0.024519 -0.042938 0.070830 0.020384 -0.076843 0.012381 0.079297 0.033753 -0.028192 0.047178 0.047140 0.015088 0.057078 0.067871 0.082719 -0.042491 -0.003691 0.007703 0.080013 0.045915 0.085577 -0.032280 0.057544 -0.030742 -0.017264 0.034560 -0.016169 
-1.129452 -0.075803 -0.197306 -1.040432 0.231861 -1.382948 -0.040402 0.679154 0.977644 0.216500 -0.488481 0.328486 1.421592 0.365281 1.068340 0.530803 -0.329233 1.134109 1.271829 -0.487548 -0.059518 -0.582603 0.602376 1.242989 -1.074801 -0.000983 0.276198 -0.315846 0.444218 -1.209545 -0.628491 0.463670 
0.027883 -0.070933 -0.013774 0.011306 -0.035235 0.054229 -0.071371 0.010105 0.048128 0.011734 0.002713 -0.072649 0.055533 -0.044022 0.081115 0.069925 0.063598 0.058146 -0.044658 0.081043 -0.043605 0.007257 0.057918 0.026706 -0.059593 0.005853 -0.020210 -0.057222 0.074833 0.003190 -0.068168 0.016232 
0.018742 0.004543 -0.058946 0.069992 -0.027713 -0.043833 -0.006388 -0.066069 0.054386 0.082810 -0.052234 0.023434 -0.047697 -0.057603 0.006874 -0.070583 -0.085941 0.048701 -0.076025 -0.043062 -0.030527 0.068378 0.070129 -0.003636 -0.012253 -0.036565 0.025627 -0.023905 0.053109 0.043943 0.078811 -0.014634 
-0.037998 -0.066619 -0.031127 0.020773 -0.023967 0.048970 0.041189 -0.056066 0.045295 0.075440 0.053852 0.084083 -0.068647 -0.025758 -0.072984 -0.068104 -0.063542 -0.062525 -0.024681 -0.007585 -0.080631 -0.041037 0.075264 -0.006400 0.008882 0.014406 0.056180 -0.024493 -0.028135 0.048507 0.047358 0.020351 
0.068372 -0.070253 -0.045360 -0.042079 0.065201 0.082313 -0.011661 0.024012 0.071269 -0.044294 0.021611 -0.083863 0.016432 0.035111 -0.065482 0.039375 0.059070 -0.003679 -0.054695 0.064923 0.041769 -0.065915 -0.027961 -0.035834 0.034975 -0.058265 0.026158 -0.079645 0.076726 -0.012969 0.027191 0.058614 
0.003262 0.068316 -0.069950 -0.018021 0.064145 0.004873 -0.080493 0.048929 0.047064 0.027602 0.051551 -0.022988 -0.023772 0.072553 -0.070098 -0.051186 -0.017610 -0.038309 -0.072747 -0.062326 -0.017740 -0.014223 -0.011675 -0.069250 0.013996 -0.072002 -0.062410 0.004238 0.001514 0.051266 -0.023632 -0.081708 
0.033097 -0.007098 -0.013245 0.010757 0.084260 -0.007254 -0.026798 0.044839 -0.066136 -0.061731 -0.064634 -0.003423 -0.075663 -0.048247 0.031875 -0.006789 -0.000072 0.045613 0.017370 0.068673 -0.055094 -0.080790 0.085908 0.045387 -0.066307 -0.062987 -0.036860 0.021690 0.074764 0.025992 0.026466 0.021376 
-0.092427 -0.101104 0.227213 -0.140171 1.776362 0.352874 -0.224615 -0.135395 0.106349 0.176997 0.309911 0.165280 0.271020 -1.208584 -0.071482 -0.257533 0.799068 0.193343 0.214781 0.295637 -0.202573 -0.276602 0.410153 -0.245452 -0.663129 0.333112 0.281307 -0.188401 0.244852 0.129764 -0.225300 -0.338622 
0.868541 0.898713 0.250371 -0.241276 -0.444122 -0.339901 0.378336 -0.247357 0.197992 -0.333279 0.066343 0.302079 -1.115028 -0.370456 -0.094154 -0.769438 0.287653 -0.868742 0.372281 1.362163 -0.401571 -1.041459 0.363468 0.790707 -0.210069 -0.503471 -0.538382 0.414968 0.113561 -0.443451 0.928530 -0.450554 
0.045698 0.054363 -0.064866 0.046489 -0.028209 0.019675 -0.009116 0.059064 -0.045862 0.062675 0.008481 0.029854 -0.004381 0.079422 0.032983 0.066539 0.081109 -0.005086 -0.064808 0.012965 0.047520 -0.032307 0.071455 0.067455 -0.073722 0.071891 -0.005771 -0.076100 -0.050835 0.019705 -0.026222 0.081346 
-0.173282 -0.416581 -0.386639 -0.092591 0.459493 1.023961 -0.288673 0.627972 -0.476793 -0.270359 1.353789 0.252257 0.333126 0.392371 -0.261522 0.884584 -0.860800 -0.336870 0.409402 0.625702 0.738504 0.285814 0.703160 -0.066517 -0.265419 -1.108707 0.511845 1.447389 -0.862168 -0.755339 -0.289351 -0.196455 
-0.187996 -0.467458 -0.391750 -0.337081 0.189706 0.088899 -0.439368 0.747721 -1.203737 -0.421271 0.318156 0.010587 0.163721 -0.533147 0.629207 -0.219310 -1.987267 -0.176258 -0.812065 -1.430046 -0.040421 4.049078 0.054159 0.083841 1.125965 0.504192 -0.252833 -3.041108 -0.218582 1.419709 -0.295057 -1.069535 
0.005781 -0.015485 0.064097 -0.065266 -0.067185 -0.072319 0.045080 0.081005 -0.036702 0.072987 0.076084 -0.055523 -0.001493 0.085646 -0.047383 0.016286 0.036172 -0.051248 0.007532 0.085599 -0.086145 -0.014993 0.046368 -0.071363 -0.040904 -0.045874 -0.073678 -0.009939 -0.023296 -0.019025 -0.013186 0.068969 
0.051975 -0.035574 -0.082782 0.071274 -0.021408 0.048783 0.065795 0.028374 0.035286 0.055395 0.059336 -0.052692 0.054557 -0.074532 0.050079 0.004244 -0.039295 -0.028874 0.003359 -0.038956 0.042618 -0.036757 -0.023834 -0.084770 0.003853 -0.011028 -0.008225 0.067041 0.056432 0.065074 0.049526 0.021922 
1.232149 -0.152219 -0.533010 -0.423016 1.241388 0.519893 -0.840290 -0.648503 0.544939 -0.203411 0.999289 0.791554 -0.969938 1.088630 1.009326 -1.232572 0.823385 0.154210 -0.139970 -0.661398 -0.049167 -0.072404 1.081028 -1.973108 -0.337625 -0.512060 -0.581007 -0.519875 0.586061 -0.588966 -1.104372 0.716989 
-0.268898 -0.051693 0.807832 0.254125 -0.626177 -0.317746 0.394196 -0.243869 0.352171 -0.381079 -1.147059 -0.605356 0.270595 -0.830647 0.332943 1.407171 -0.423240 0.585280 -0.517186 -0.564997 0.255703 -0.423198 0.105808 -0.472708 0.286517 0.434381 0.640401 -0.249813 0.667253 -0.383995 -0.595242 0.315830 
-0.221887 -0.179686 0.885501 1.262252 0.764010 -0.326603 -0.552213 0.054593 0.279649 -0.885294 -0.320951 0.036001 0.413198 0.728668 -0.295811 0.189871 -0.488202 0.043070 0.673062 -0.307276 0.449590 -0.934482 -0.307382 0.218417 -0.375990 -1.029171 -0.414418 -0.082095 -0.791855 0.009044 -0.171320 -0.371414 
-0.076539 -0.000480 0.060193 0.062319 0.028963 0.068415 -0.027363 0.017402 -0.066175 0.021624 0.013035 -0.070390 -0.068198 -0.051294 0.072864 -0.007870 0.059326 0.084468 0.035311 0.062617 -0.051388 -0.030498 -0.072473 -0.024022 0.018747 -0.052468 -0.078614 -0.003409 -0.073299 0.025304 -0.017257 -0.063353 
-0.061660 -0.043549 0.085450 0.053788 -0.061619 -0.028397 -0.015295 -0.041309 0.079711 0.084225 -0.025215 -0.074971 -0.053554 -0.038835 0.003644 -0.080713 -0.040852 -0.047530 0.068389 -0.005756 0.008456 0.082401 0.056707 -0.059281 -0.056551 0.064577 0.023794 -0.043366 0.003397 -0.079948 -0.020235 0.028222 
-0.250792 0.051338 -0.450110 0.188444 -0.292884 0.199086 -0.305950 0.052448 -0.657814 0.401754 -0.066387 -0.429880 0.083289 -0.122638 1.127771 0.333394 -0.195496 0.261886 -0.671493 0.414856 0.014814 1.052578 -0.236398 -0.519500 1.146303 0.364095 0.498544 -0.438568 -0.144273 0.457972 0.898545 -0.538538 
-0.060442 -0.015686 0.014501 0.062860 -0.035455 -0.038955 0.006421 -0.057485 -0.031142 -0.038505 -0.046584 0.024320 0.006696 -0.029911 -0.047553 -0.082117 -0.031334 -0.038698 -0.075989 -0.036840 -0.059621 -0.042660 -0.012413 0.070518 -0.072020 0.055132 -0.055398 0.078124 0.015959 -0.066609 -0.068197 0.042001 
-0.924343 -0.030349 -0.212499 0.095388 0.076674 -0.129067 0.067306 -0.118833 0.118475 0.045900 0.046767 0.077894 -0.147152 -0.038928 0.013690 0.012214 -0.147866 -0.060634 -0.105267 -0.356641 -0.066989 0.092562 -0.699097 0.107916 -0.687259 0.031353 -0.348599 0.137241 0.504331 0.254019 0.203738 -0.122080 
-0.064112 -0.027878 -0.064457 -0.070280 -0.003080 -0.066723 -0.021104 0.069697 -0.029089 -0.034093 0.062686 0.065118 -0.008150 0.060043 0.041507 0.065578 0.067895 0.067541 -0.006798 -0.053398 -0.005323 0.077828 0.012742 0.063429 0.020572 0.070523 0.061657 -0.016809 -0.026378 0.015401 0.036485 -0.004006 
0.074007 0.058512 0.012199 -0.015557 0.078273 0.077579 -0.032344 -0.037300 -0.042998 -0.056142 -0.058666 0.035337 -0.082584 0.069326 0.014431 0.071795 0.050382 -0.078852 -0.068087 -0.041426 0.085461 0.031139 -0.064481 0.019549 0.015178 0.083660 -0.083744 0.075284 0.012577 0.039225 -0.015206 0.000099 
0.011252 0.083478 0.071027 0.003041 0.074573 -0.047802 0.052225 -0.054909 -0.017460 0.080044 0.066911 -0.013560 0.062885 -0.005142 -0.028249 0.026783 0.002490 -0.009853 0.071841 0.001467 -0.065197 -0.079124 -0.065469 0.036465 -0.081948 -0.062728 0.025265 0.017113 0.062981 -0.076426 -0.069272 -0.012251 
-0.079432 -0.084729 0.077275 0.081625 -0.046047 0.043016 -0.059769 0.022976 0.036575 -0.079342 -0.077068 0.012976 0.002000 -0.018833 -0.046725 -0.081994 0.057799 -0.061368 0.005957 0.079086 -0.054007 0.026972 0.029066 -0.049471 0.050729 -0.032154 0.054127 0.027225 -0.022095 0.071340 -0.071509 -0.015043 
0.073095 -0.080719 -0.019903 -0.059437 0.048781 0.006812 0.050024 -0.001128 0.013954 0.059440 -0.074636 -0.070530 -0.045877 -0.034877 -0.066041 -0.074562 -0.009761 0.026400 -0.081961 0.022716 -0.033112 0.033589 0.059730 -0.068867 -0.085049 0.027372 0.044843 -0.020660 0.012228 0.059818 0.050781 -0.001162 
0.065583 -0.055606 0.025885 0.027880 0.037690 -0.010575 -0.059732 -0.034840 -0.037619 -0.047884 -0.018886 0.002988 0.003724 0.001557 0.014910 0.080447 -0.058527 0.019433 0.016679 -0.005154 -0.033462 -0.010075 0.012463 -0.032027 -0.069187 -0.029178 0.033797 0.029525 -0.055845 -0.001907 -0.058121 -0.076747 
0.028971 0.054249 0.037618 -0.019823 -0.042811 0.064370 0.031821 0.006054 -0.069998 -0.073550 -0.077442 0.020210 0.014492 0.023952 0.014172 0.042450 -0.043099 -0.055633 -0.049188 0.009923 0.020776 0.049760 0.064380 0.038073 -0.065903 0.011692 -0.018886 -0.035264 -0.076699 0.009477 -0.025526 0.038756 
-0.022759 -0.074393 -0.067551 0.020914 0.076461 0.050754 -0.059516 -0.080022 0.063689 -0.050473 0.026673 -0.008303 0.059963 -0.045639 -0.052338 -0.069621 -0.014788 -0.015041 0.026786 -0.080496 -0.051766 0.004681 0.044061 -0.031185 -0.070111 -0.061309 0.020036 -0.060326 0.034652 0.080994 0.064915 -0.074592 
-0.079883 0.083848 0.032807 0.083062 0.048117 0.059776 -0.083444 0.025322 -0.077182 0.029713 -0.069466 0.069265 0.070558 -0.035319 0.086129 -0.030714 0.036124 0.026431 -0.024726 0.070842 -0.055372 -0.067149 -0.046827 -0.038999 -0.041974 0.059693 -0.012841 0.079163 0.054203 -0.034410 -0.081913 0.060804 
-0.037047 0.037378 0.057382 -0.075414 0.010669 0.060423 0.036393 0.019971 0.003652 0.053411 0.002752 -0.012274 -0.068392 0.002397 0.043496 0.054216 -0.057657 -0.067713 0.038574 -0.026545 -0.048378 0.078232 0.020940 -0.003867 0.051441 -0.078385 -0.011188 0.019159 -0.026311 -0.006618 -0.006521 0.023127 
-0.055724 -0.035623 0.034198 0.041429 -0.061684 -0.015894 -0.025083 0.028452 -0.048967 0.064153 -0.070307 -0.030875 -0.019934 0.059674 -0.063143 0.008893 0.078445 0.061915 0.068832 -0.056417 0.053662 0.003288 0.026201 0.018619 0.011388 -0.071472 -0.048706 0.071562 0.008395 0.031257 0.008204 0.039155 
0.082119 -0.044082 -0.005900 -0.066050 0.026508 0.055501 0.048886 0.064025 0.033170 0.065064 -0.053334 -0.073249 0.038253 -0.029993 0.022128 0.030214 -0.054563 0.004476 0.060281 0.085584 -0.078720 -0.000002 0.017718 0.019152 0.015010 0.055496 0.004230 -0.063080 0.000269 -0.074050 0.062559 -0.004096 
-0.031648 -0.029825 0.016338 0.081344 -0.060808 -0.021261 0.058885 0.058846 -0.042681 -0.080934 0.072081 0.082056 -0.024443 0.007725 0.025786 0.007479 -0.074284 -0.000417 0.006578 -0.066519 0.086065 -0.062188 0.039117 0.014590 0.079793 -0.043137 0.037995 -0.006422 -0.030703 0.014070 0.075966 0.024132 
0.070730 0.005819 0.018992 -0.076563 0.071043 -0.008608 0.068767 -0.058122 -0.003057 0.054363 -0.062551 0.058984 -0.024397 0.049720 -0.020022 -0.012196 -0.037182 0.073041 0.007769 -0.037602 -0.075632 -0.039598 0.063473 -0.082323 0.003749 0.014984 -0.002261 0.059530 -0.057430 -0.012780 -0.002822 -0.073185 
0.699300 -0.199580 0.712141 0.641802 -0.416121 -0.264017 0.287064 -0.176661 0.439164 -0.291841 0.206535 2.390796 0.399240 0.042657 -1.877557 -0.378189 -0.371705 3.893377 0.570813 -0.751549 -0.518067 -0.708779 -1.812682 -0.626071 -0.242413 -0.400623 0.476439 0.356357 0.290619 -0.257890 0.424517 1.259892 
-1.190552 -0.820724 0.469002 -0.346481 -1.113094 1.352705 1.174686 -0.771431 -0.128430 -0.809699 1.760644 0.663363 0.736157 -0.804755 -0.385396 -0.383833 -1.002175 -0.666855 -1.360476 -1.069734 0.043683 0.625352 1.091089 -0.897100 0.068640 -0.604838 0.893863 1.784364 0.856784 0.993043 -1.039296 1.342064 
-0.076554 0.053535 -0.064396 -0.008672 0.060130 -0.070741 0.032591 -0.076349 0.072887 -0.063644 -0.046730 -0.085955 -0.050121 0.025321 -0.041806 -0.005555 0.015719 0.043218 -0.056028 0.074420 0.000311 0.061662 -0.043043 -0.086304 -0.025375 0.038320 0.030045 -0.060510 -0.014128 -0.003539 -0.027572 -0.004197 
-0.036488 -0.005484 0.073615 -0.062842 0.010259 0.019722 -0.052707 -0.003338 0.042562 -0.012952 -0.002809 0.078925 -0.074115 0.041869 -0.013115 0.028088 -0.001396 0.017341 0.016024 0.085399 -0.007481 0.059465 0.085579 0.053628 0.011301 0.029139 0.079603 0.083658 -0.060884 -0.034454 -0.007024 -0.010888 
-0.215388 -0.243840 -0.347548 -0.158201 0.744167 -1.968643 -0.227348 0.669742 -0.448110 -0.112713 -0.618022 -0.077828 0.197651 0.100755 0.636630 0.374563 0.179693 0.530103 0.220280 -0.212407 0.099236 -3.597339 0.559439 0.304363 -0.106804 0.061574 0.824031 -0.382766 0.339025 -0.709149 -0.426066 1.005371 
0.044598 -0.027221 -0.025747 0.044427 -0.067175 -0.058764 0.000334 -0.033596 -0.008104 -0.051319 0.012351 -0.002060 -0.029602 -0.000098 -0.083896 -0.077028 -0.083007 0.006151 -0.045451 -0.019967 -0.077676 -0.046729 -0.032110 -0.045878 -0.054889 -0.047080 0.011519 -0.011019 0.017411 -0.028456 -0.007088 -0.024476 
0.637739 1.262525 0.481838 -0.378296 -0.451626 -0.396550 -0.519406 -0.362265 0.363141 0.832944 0.341362 -1.093608 0.492845 -0.215282 -0.232598 0.100908 0.696099 0.560598 0.233137 0.268196 -0.679623 -0.406760 0.570717 -0.062734 -0.209093 1.530873 -0.762663 0.249830 0.434803 0.557911 0.744317 -0.153924 
0.010263 -0.054019 -0.066108 0.005149 0.052751 -0.049587 0.078415 0.021717 0.065769 0.063137 0.047565 -0.078425 0.050447 0.082870 -0.046174 -0.042577 -0.013761 0.052596 0.046176 -0.070636 0.032770 0.002567 0.077053 0.052350 0.056961 -0.045731 0.002855 -0.003585 0.083851 0.015370 0.053159 0.007629 
0.047835 0.073536 -0.073706 0.014102 -0.062536 -0.081775 -0.050666 -0.083251 0.067846 0.083383 -0.075193 0.031808 0.079768 -0.034882 0.075715 -0.020477 -0.068770 0.035407 -0.004628 0.050484 -0.048510 -0.014060 0.016349 -0.078033 0.026693 -0.067279 0.004866 0.024060 0.034575 -0.028459 -0.054795 -0.004074 
0.355051 -2.130996 6.634563 2.113855 2.389835 0.034354 0.390222 0.029914 1.719218 0.108639 0.093301 -0.133291 -3.938217 -0.132613 -0.059363 -0.249733 -0.413600 0.004093 -1.699759 -0.227995 -0.606267 -0.112255 -0.148269 0.173421 0.168834 0.101237 0.250615 0.111256 0.148681 0.127369 0.260246 0.057383 
0.239661 -0.043227 -0.795843 -0.050581 -0.025213 -0.685222 -0.509903 -0.293598 0.053186 1.209171 -0.346258 -0.055387 -0.183299 0.730698 -0.400295 -0.231005 0.679548 0.095623 0.761804 -0.387833 0.335991 0.949599 -0.804325 0.458408 -0.538570 0.243767 -0.942040 -0.035463 0.090112 -0.229300 -0.696530 -0.524583 
-0.010085 -0.007591 -0.076739 -0.030744 -0.057349 0.040263 -0.008658 -0.023558 -0.039842 0.049457 -0.027581 0.018114 0.036639 -0.051707 -0.009914 0.034745 0.041034 -0.085951 -0.056770 0.007538 -0.028578 0.048240 0.039978 0.080589 -0.058587 0.086445 -0.046364 0.000375 0.056380 -0.018423 -0.076344 -0.040190 
0.167351 -0.725963 -0.267289 -0.180726 0.145654 -0.151420 -0.061953 -0.179784 0.124784 -0.212935 0.120191 -0.220376 0.060857 0.184765 -1.620159 0.101209 -0.124813 0.109053 0.180653 -0.135115 0.652375 -0.154412 0.342530 0.198122 -0.083228 0.711394 0.908839 4.598783 -0.174930 0.154442 -0.685759 0.063182 
-0.081953 0.020526 0.079856 0.064680 0.027419 -0.027064 0.084986 -0.002716 -0.075081 0.036921 -0.082696 0.084648 0.065428 -0.041447 0.025957 -0.078501 0.029517 0.061288 0.008445 0.062235 0.050113 -0.083473 -0.050118 0.038899 0.037698 -0.075611 -0.002420 0.053962 0.082003 0.002555 0.044213 -0.086434 
-0.063403 0.037585 0.064731 0.050500 -0.075964 0.063232 -0.038701 -0.064561 0.013668 -0.034912 -0.066398 -0.007388 0.010125 0.046043 0.000595 -0.046843 0.020847 -0.077444 -0.071092 -0.015523 -0.074433 -0.034725 -0.063109 0.049750 -0.023852 0.020955 0.017228 -0.028333 -0.062974 -0.025044 -0.028282 -0.039893 
-0.073944 -0.050036 -0.075877 -0.063423 -0.073289 -0.028094 -0.041500 0.026864 0.023478 -0.021413 -0.067009 -0.052881 -0.061854 0.020070 -0.013239 0.045478 0.029110 0.002153 -0.056530 0.041162 0.053913 -0.033154 0.004427 -0.056424 0.074285 -0.064830 0.001728 -0.075173 -0.003389 0.059930 -0.028581 0.009151 
-0.908652 -0.643605 -0.104165 -1.074994 1.744954 1.567767 2.661063 0.961847 0.780254 -1.012117 -1.431809 0.266634 -0.291408 0.827264 -2.385553 1.214493 1.984769 -1.411936 -1.692285 -0.711280 0.744000 -1.394235 -1.230624 0.331334 -1.597199 2.005227 -0.707333 -0.840778 -0.199705 -0.377968 1.551097 2.201895 
-0.207702 -0.491324 0.608939 -0.047646 -0.202427 0.183769 0.100857 -0.478537 0.082927 -0.116989 0.039456 -0.112753 0.065720 -0.107113 -0.571189 -0.122194 0.267736 -0.251487 0.086848 -0.226622 0.189872 0.177285 -0.123869 0.129829 -0.151691 1.373570 -0.453260 -0.044345 0.155535 0.062309 -0.181518 -1.929617 
-0.599129 -0.089338 -0.296722 -0.113527 -0.477713 0.346601 -0.046799 0.097011 -0.098258 -0.207918 0.182794 0.099104 0.469919 -2.187886 -0.050402 1.664084 -0.163709 -0.103083 0.205026 0.210503 0.096402 0.738557 0.407996 -0.620805 -0.083974 -3.112820 0.210131 0.115181 -0.126027 0.355769 -0.183478 -0.155882 
0.737335 -0.744300 0.684307 0.162721 0.793550 -0.619044 -0.194400 -0.325486 -2.016316 -0.465223 -0.348976 -0.236403 -0.792400 -2.095900 -0.388791 1.050000 -0.372831 0.819225 0.230988 -0.631093 -0.377682 0.807794 0.580169 0.305844 0.741140 0.790206 3.644139 0.105897 -0.272254 0.774556 0.120605 0.740887 
-0.529526 -0.721463 -0.513969 -0.700217 -0.493064 1.298013 -0.220741 0.646327 0.093769 0.556723 -0.687427 0.233089 0.072463 -0.870439 -1.004393 -0.635610 -0.136181 -0.582319 0.310002 0.720961 -0.272042 -0.226265 0.481994 0.228978 -0.411607 0.632069 0.720301 -0.760052 0.472734 0.222643 -0.743275 -0.201449 
-0.022956 -0.066135 -0.067649 -0.048950 -0.018248 -0.046462 0.018286 -0.068551 0.043364 0.077778 0.018400 -0.028392 -0.030844 0.019551 0.009617 -0.058723 0.022942 -0.023598 0.070852 0.008165 -0.070350 0.038312 0.028829 -0.034651 -0.000612 -0.028250 0.027304 -0.031510 -0.046252 0.085677 0.020855 0.017277 
-0.066942 0.039691 0.054811 0.001294 0.079713 -0.013388 0.019228 0.036593 -0.022094 -0.048857 -0.078284 0.033546 0.057178 0.017818 0.061307 -0.006364 0.080704 0.045675 -0.084684 -0.076130 -0.002498 0.030630 -0.024297 0.083374 -0.084105 -0.083477 -0.034620 -0.043873 -0.084285 0.072720 0.059888 -0.064743 
0.025926 0.028215 0.023036 0.019155 -0.071658 -0.044220 -0.030736 -0.007268 -0.006593 -0.022536 -0.060207 -0.035898 0.081766 -0.085385 0.044222 0.075986 0.046774 0.046022 0.086340 -0.042207 -0.009833 -0.024441 -0.045317 -0.007453 -0.021434 0.006547 0.035159 -0.019235 -0.007218 0.008563 0.002507 -0.067776 
-0.049707 -0.060941 0.037863 -0.034881 -0.018677 -0.079358 0.044336 0.061215 -0.015410 0.070613 -0.061168 -0.020128 0.071713 0.069538 -0.030626 0.032003 0.029076 -0.030770 0.076280 -0.067241 0.031273 -0.055522 0.011790 -0.076646 0.037509 -0.039536 -0.009396 -0.056193 0.055511 0.079595 -0.037485 -0.080680 
-0.804961 -2.105531 9.646706 -0.619400 0.121010 -0.838731 -0.173813 -0.475302 0.194629 -0.227605 -0.030674 -0.139543 -0.123379 0.310388 0.100214 0.581226 -0.519816 -0.186178 -0.081432 -0.119881 0.303011 1.214571 -0.098530 0.243315 0.655433 0.102410 0.427796 1.686550 -0.025245 0.017611 0.137297 0.728353 
0.843774 -0.291384 -0.359061 -0.106552 -0.364591 0.207110 0.185546 0.793707 -0.223104 -0.390969 -0.994173 0.246219 -0.555885 -0.444519 0.554720 0.404508 -0.578552 -0.342943 -0.931332 -1.229150 -0.248693 -0.146620 0.593873 -1.117514 0.211805 0.168985 -0.825692 1.081928 0.823766 -0.145082 0.422878 0.551583 
-0.993205 1.515980 -1.403188 -0.608039 -0.491024 -0.065362 2.623054 0.976910 0.751974 0.804200 -0.464839 -0.718599 -0.824109 -1.378447 0.870362 -1.443942 0.891344 1.380831 0.147783 1.398005 -0.646793 1.342375 -1.106300 -0.308696 0.713472 0.738946 -1.272410 -0.137012 0.787408 -0.615906 -0.581919 0.650741 
-0.039767 0.030255 0.043092 -0.021306 0.065982 0.047560 0.012397 -0.031624 -0.085788 -0.042068 -0.061771 -0.080879 0.000422 0.059081 -0.017782 -0.001707 0.013321 0.054397 0.081216 0.012082 0.037574 0.079872 -0.002350 0.036929 -0.033062 0.078388 0.033669 0.066834 0.035377 0.009380 0.069511 0.082094 
-0.872851 -0.177937 -1.114016 1.119683 0.891228 2.303336 2.948146 0.364243 -0.832122 0.818921 1.494765 -0.829563 2.043001 -0.765656 1.093616 1.026379 0.110384 -1.311297 -0.801181 -0.903859 -0.689736 0.918929 1.218686 -0.685769 -1.386883 -0.279231 0.132784 0.526395 -1.101511 0.217297 -4.527196 0.227545 
1.419844 -0.600048 1.003593 -0.108900 0.277384 0.463278 -0.194453 -0.702342 0.062684 -0.564773 1.062313 -1.075594 -0.227399 -1.699761 -0.537141 -0.960278 2.546634 0.883966 -0.725457 -0.068867 -2.043821 -0.659050 1.197425 0.322065 -0.859452 -0.752153 0.124447 -0.101883 -0.368988 -0.696753 0.322185 0.784915 
-0.730236 1.532442 0.849046 1.010957 0.770055 0.765266 -1.648854 -0.319049 -1.066777 1.470933 -0.146278 -0.550915 -0.677431 1.422759 -0.552440 -0.888241 0.495242 -0.753771 1.128954 -0.027230 -0.245443 0.696073 -0.880838 0.955408 1.639989 -1.522871 -0.331627 0.273886 -0.488052 0.482723 1.281962 -0.574053 
0.503279 0.618017 -0.003550 0.157307 -0.646233 0.409399 -0.385213 -4.368097 -0.555542 0.200784 -0.293320 -0.274002 -2.133781 0.575949 0.435460 -0.624386 -0.138478 -1.038716 -1.492402 0.156509 0.189907 -0.486239 0.154955 0.045418 0.267219 -0.407600 -1.148689 -1.018096 -0.866742 -0.248612 0.248315 0.854354 
0.568737 -0.420877 0.110932 1.146984 0.150754 1.446670 -0.144588 -0.053569 -0.114960 -0.450637 -0.038099 -0.265782 -0.836994 -0.315972 0.002485 -0.517379 0.435414 -0.259830 2.785055 -0.272569 1.047425 -0.412243 -0.323617 0.014407 0.546258 -0.373451 -0.793999 -0.571166 -0.163007 -0.261990 0.243024 -0.528005 
-0.531250 -0.480777 -0.139830 -0.295826 -0.053207 -1.224474 -0.821465 0.054715 0.842912 -0.446210 0.442388 0.793245 0.979347 0.861379 -0.700674 0.509726 -0.814982 0.458438 0.620484 0.948608 1.110910 -0.453516 -0.565021 0.641421 -0.268955 0.468473 0.742181 -0.892163 -0.078540 0.274349 0.115393 -0.753627 
0.736102 0.027588 0.108525 0.079234 0.079702 0.532694 0.398126 -0.084474 -13.745395 -0.326050 -0.084513 -0.061602 0.078282 -0.067796 0.225499 0.141367 -0.557616 2.132963 3.154205 -3.365309 -0.199406 0.043409 1.124580 0.113395 -0.034362 0.096755 16.840483 0.081160 -0.125946 0.140067 0.065128 0.064656 
0.453459 -0.203398 0.993743 0.799172 1.126147 -2.163962 1.370025 -0.809437 -1.038903 0.918338 -0.944170 0.631942 -0.726593 -1.004742 1.292385 -3.333357 
0.129159 0.110153 1.519746 0.998793 0.202482 1.947438 -0.661597 0.265157 -0.230674 0.904605 0.976624 0.580346 1.355595 0.751872 -0.623965 -0.169450 
-1.067979 0.010114 0.833197 1.906339 -0.234249 0.185694 -0.693717 -0.731438 -0.407776 -0.635955 0.342994 1.110121 0.119954 -0.644903 2.724345 0.501850 
0.387302 0.480101 0.887923 -0.034350 -0.692693 -0.407834 0.921941 0.057375 -1.456232 -1.759496 -0.158806 0.809484 -0.994817 -1.145208 0.905037 1.097565 
-0.203899 0.194909 -0.063385 0.301190 -2.010515 0.564548 -0.982494 -0.995703 0.974415 0.443361 0.697466 0.330745 2.655643 -0.806920 -0.718058 1.576620 
-0.571218 -1.016976 2.306543 0.407994 -0.389470 2.007777 -1.547597 -0.576731 0.478931 -1.125982 -1.938016 0.966242 0.728426 -0.332611 -0.856185 0.183010 
-1.618610 0.683099 1.112322 0.975660 -0.906567 1.596750 -1.344163 -0.572963 1.551082 0.807002 -0.685622 -0.562786 -1.192483 0.199541 -1.202320 -0.350124 
-0.251760 1.234172 -0.003958 -0.798735 -0.736737 1.482516 1.718281 -0.286389 0.274378 -0.192074 -1.271232 -0.056879 -0.869051 -0.066181 -2.349828 -0.536883 
-0.904019 0.301779 -1.497865 1.958046 -1.974900 0.155207 0.613742 -0.271139 -0.604082 1.249585 1.061744 -0.929908 -0.030161 -1.230508 1.554347 -0.756072 
0.924644 0.249120 1.089518 0.361343 -0.311027 1.040314 0.083013 0.149134 -0.986707 0.210098 0.585561 0.572580 0.179349 2.215607 0.243750 -0.384734 
-0.089275 -1.249523 0.317264 0.221797 0.199369 -0.805367 -0.055899 0.534615 -0.434672 -0.487167 -1.516211 0.796115 -0.317894 -0.295440 -1.314996 -0.995570 
-1.083862 -0.048783 -0.296960 0.045577 -1.721021 0.558492 -2.187055 1.911562 0.260739 1.005068 -0.462689 -0.993392 0.767646 0.062191 -1.101638 0.186484 
-1.737477 0.873800 -0.790213 1.360427 -1.044126 0.117377 0.175907 0.887109 0.040807 -0.517207 0.088835 0.338057 0.381257 0.376034 -0.815634 1.390842 
-1.153043 0.026643 0.524862 0.056881 -1.714841 0.511139 -2.215203 -1.079706 0.533168 0.143840 -0.102863 -0.462646 2.760292 -1.057274 0.959237 1.125869 
0.278315 0.797044 0.516661 0.078312 1.623179 -0.817838 -1.223875 2.201908 0.529852 0.800355 1.033128 1.649437 1.390271 -1.184873 -1.625172 -0.467771 
0.150089 1.097641 -1.447078 -0.789978 1.129486 -0.673686 1.932391 -0.558484 0.702403 0.553557 -1.413266 -0.241931 -0.788244 -1.087625 1.069800 -0.124729 
0.687755 -0.031372 0.499523 -0.944491 -0.121751 0.492093 -0.121670 0.368463 -0.580951 0.343095 -1.921791 -1.460125 -1.313821 1.123962 -0.941658 -0.719132 
0.431735 0.616856 -0.630878 2.176725 -0.321491 0.255825 -0.216403 0.277648 1.341616 0.865218 1.797774 1.527077 -0.040444 1.241636 0.065531 -0.588095 
-1.037536 0.261267 0.129977 0.941615 -2.314674 2.111780 -0.594749 -0.070522 0.166739 -0.353521 1.373420 -0.925966 1.865509 -0.447519 0.311606 0.287075 
-0.517451 0.215777 0.476389 -1.680027 2.685018 0.761910 -0.658410 -0.616802 -0.327596 0.090589 -0.460591 -1.278391 -0.013197 1.092992 2.348728 -0.262738 
-0.777440 -0.393563 -0.990578 -1.489209 0.762853 -0.729173 0.605184 -0.942254 0.137756 0.297027 -2.309586 -1.305712 0.477636 0.779417 -0.297222 1.002489 
1.708422 0.438121 0.537060 0.843263 -0.379250 0.367251 -2.766257 -0.352670 1.498275 -0.728239 2.279288 1.092418 0.156631 2.040967 -2.261751 0.385269 
-0.762945 -1.233518 0.286679 1.299223 1.315655 -0.805728 -0.053168 0.853031 0.813007 -0.697855 -0.743146 -0.214926 -0.665111 -0.313521 -2.313743 -0.204088 
0.664620 -1.271854 -0.457071 -1.471382 1.920175 -1.279574 1.823601 -0.504802 -1.109019 -0.319839 1.329805 -0.468752 0.455612 0.242313 0.430778 0.900572 
0.331414 0.303034 1.033546 0.209959 0.550695 0.162596 -2.445656 0.076210 1.429148 0.518056 0.677418 1.665141 0.091230 -0.229782 -0.941312 -0.216468 
0.568916 0.090106 -1.545207 0.041084 0.460459 -0.024982 0.369560 -1.054270 0.634124 0.951908 0.521486 -0.388165 -0.667867 1.299337 -1.131301 0.482585 
-0.479362 -0.434996 -1.360873 -0.184627 -0.123540 -0.543911 0.761296 1.165825 -0.098034 -1.301069 0.575994 -0.519087 0.600261 -0.602106 -0.104196 0.689229 
0.486025 -0.222352 0.616964 -0.228363 -0.351088 -1.092394 0.883866 -0.750380 0.047462 -0.465101 -1.010202 -0.361578 -1.382802 1.022041 0.736985 -0.587047 
-0.147038 -0.164104 -0.569462 -0.510622 1.337539 -0.816050 0.581581 1.822212 -0.697770 0.691979 -0.115810 -2.251137 -1.212940 0.142421 0.642841 -1.469008 
-0.277221 -0.567543 0.316596 1.119356 -0.367830 0.399125 -1.237916 -0.151466 1.111058 -0.119253 0.745738 -0.021770 0.312373 1.118641 -1.229046 1.470986 
0.100790 -0.858022 -0.118091 0.114530 0.032881 0.650358 0.014801 -1.535832 -0.059813 0.030767 0.183384 0.741599 -0.757213 -1.161659 0.840636 -0.290463 
-0.130864 -0.142108 1.391851 2.913536 -2.236267 0.594399 -1.564029 1.253377 1.689982 0.747042 -0.634423 0.206694 -0.076892 -1.075892 -2.690949 0.671893 
-1.264509 -1.339721 -0.318781 -0.855714 -0.087322 0.444438 3.154340 0.775096 0.225868 2.810448 0.515600 0.799805 -0.606746 -0.158135 -0.129617 -0.983607 
-0.265046 -0.314435 2.102446 -0.967979 -0.153282 -0.098074 -0.915704 1.544770 0.757861 -0.080685 0.667046 -0.060995 -0.476417 -0.563254 -1.264465 -0.294160 
-2.512448 -0.607625 -0.044191 1.093421 0.071542 -1.057175 0.225366 -0.763361 -0.309293 1.483543 -0.087523 -0.034929 0.219510 1.300726 -1.416297 0.643889 
-0.641419 1.118796 -0.311682 0.511385 -0.242442 -0.155371 -0.862639 -1.350044 -1.539569 -0.110937 0.024427 -0.399262 0.119297 0.127357 -0.997318 0.398548 
0.674450 -2.010656 -0.418894 -1.596381 0.173834 0.035830 1.011665 1.085352 -0.478150 0.272815 -1.418062 -0.018655 -1.120330 0.707509 -0.011301 1.469409 
-0.341811 0.418733 1.470359 1.324031 1.119129 -0.737591 -0.645011 1.159202 -0.211453 1.561330 -0.364388 0.698850 -0.174307 1.143262 -1.887422 -1.273816 
-0.021515 0.050213 0.142477 -0.363673 -0.537590 -0.346125 -1.278715 0.437642 -0.794066 -0.467264 0.312500 -0.614025 -0.923405 -0.357245 0.941335 -0.853118 
-1.090123 0.746817 0.420824 0.724534 -1.282583 -0.310731 -1.384702 0.311279 -0.312740 0.168701 -0.187762 0.331211 0.868128 0.474357 -0.833840 0.267861 
0.909480 0.943111 1.366914 -0.375254 0.621052 0.053431 -0.333995 0.045859 -0.475359 -0.589559 -0.697609 -0.154497 1.710922 -0.378490 -1.446285 -0.708870 
-0.687896 -0.748037 0.950771 1.138548 -0.109577 0.726107 0.688750 0.531672 1.071136 -0.814504 2.247133 -1.858442 0.500013 0.237818 -1.098340 -0.321765 
0.795876 0.300236 0.076073 0.754025 -0.368524 0.034543 0.336116 -0.529106 0.372904 -0.038103 2.968690 0.387662 -1.341660 0.932463 -1.034642 -2.335504 
-1.844531 0.346217 0.588367 -0.725090 1.158409 2.306103 -1.826465 -0.104660 -0.685901 1.512015 1.365035 0.292260 -0.468802 -0.437944 -1.866097 -0.465285 
-0.585584 0.465339 -0.271984 1.661519 1.226808 1.330853 -1.145894 -1.032613 2.196131 -0.906605 -0.490865 1.038666 -0.122898 0.476404 1.351191 -0.408109 
0.940915 -0.149048 -0.219376 0.101796 -0.396159 -1.076414 0.432806 0.469636 0.298322 -0.701232 -2.342820 1.076839 0.446109 0.994980 -1.258508 -1.204914 
0.564819 0.049288 -0.166884 -0.756481 0.250805 0.377630 0.472857 -0.956499 -0.694129 -0.394650 1.841078 -1.243848 -2.402830 1.305470 -0.121615 -0.182338 
1.646366 1.498115 0.638878 0.161570 1.414870 0.937534 -0.572222 0.326715 -0.146855 -1.152631 -0.619790 0.093591 0.238721 0.167331 -0.182908 -1.720532 
-0.901382 0.959009 -0.132886 -0.474588 -0.635452 0.719231 0.698236 -0.606666 0.527726 0.182288 0.282005 -1.809469 0.450388 1.072383 0.842896 -2.741365 0.024927 0.743852 -0.161729 0.635495 -0.045920 0.150112 0.146714 -0.257207 -0.030414 -0.599589 0.051136 -0.462341 0.002667 0.416177 0.307273 
0.209025 -1.418755 1.097757 0.078852 0.158687 0.446520 1.121172 -0.673613 -0.684665 0.190386 1.006640 0.501032 -1.795475 0.994122 -0.458691 0.256216 0.525001 -0.079802 -0.053153 -0.660335 0.205233 -0.599908 0.119207 0.461826 -0.175722 0.350312 0.345351 0.115998 -0.504178 -0.156915 -0.599336 
0.543678 -1.689659 -0.296480 1.167392 -0.653623 0.640753 -1.096383 -0.438400 0.130622 0.898419 1.505243 -0.523183 -0.048671 -0.722991 0.300472 0.390247 0.254185 -0.105600 -0.029263 -0.337321 -0.318045 -0.227196 0.498992 0.278413 0.026243 0.893844 0.128604 0.271803 -0.334007 -0.331991 -0.508788 
-0.227861 0.664114 -0.288480 0.363528 0.952760 -0.027773 1.359779 -0.533211 -0.550495 -0.302977 1.018913 0.020837 -0.721285 -0.466995 -0.935709 1.769782 -0.482769 0.411995 -0.065257 -0.536113 0.089340 0.066713 -0.253664 0.423972 0.220710 0.065040 0.150187 -0.119768 -0.509613 -0.644158 0.177203 
-2.083377 -1.028054 -0.313091 0.140399 -1.726797 -1.148528 -0.441854 0.138189 1.119433 -0.383701 1.100303 -0.073041 -0.728714 -0.367390 0.750884 0.831577 0.023245 0.384221 0.177254 -0.101418 0.210917 -0.428877 -0.106249 0.338473 -0.171149 0.033665 -0.005451 0.097706 -0.047549 -0.093358 -0.593115 
-0.383618 -1.310769 -0.098359 0.529025 -1.461642 -0.568225 -0.583853 0.096073 0.855123 0.888129 -0.318427 1.050855 0.566603 0.811585 0.273283 -0.527885 -0.457168 0.334379 0.189141 -0.008654 -0.239215 -0.313041 0.005132 0.676718 0.016287 0.257968 0.185744 -0.055417 -0.080086 -0.097590 0.181648 
-0.802467 -0.298489 0.317296 0.017431 0.026161 -0.287345 0.101033 -1.104164 0.819547 -0.757669 -2.096096 -0.904805 0.460158 -0.635347 0.716166 0.169637 0.162437 0.264733 0.037820 0.034307 -0.291334 -0.407461 -0.004186 -0.215247 -0.003353 0.609112 0.221643 -0.159200 -0.085569 0.157462 0.582996 
0.028475 0.749222 -0.454696 0.585600 -0.433605 0.700830 -0.577874 -0.403239 0.365107 1.298081 0.396591 -0.284814 1.670739 0.745648 0.127131 -0.658008 0.061824 -0.086750 0.484053 -0.010448 -0.011312 -0.216212 0.184722 -0.039839 0.072462 -0.390637 -0.257938 -0.229171 -0.494989 -0.314496 0.443096 
-0.622000 2.280847 -0.073843 1.626335 -0.530398 0.552011 0.007546 0.877988 1.110566 1.294894 -0.259601 -0.539412 0.313603 -1.956038 -0.236889 0.899496 -0.238197 0.140323 -0.114321 0.488437 0.365624 -0.200143 0.217883 0.120943 0.475748 0.251517 0.361970 -0.065170 0.294384 0.687845 0.095211 
0.656516 -0.697598 0.676968 -0.522455 0.369139 -1.084866 0.030604 -0.276885 -1.001687 0.256150 -1.075487 0.442398 1.477930 -0.207264 2.653043 1.095393 -0.236783 -0.130427 0.143687 -0.047658 0.065155 -0.231122 0.352636 0.293984 -0.161001 -0.871339 0.356003 0.408305 -0.114829 -0.748404 0.757847 
0.119462 -0.400844 -1.372323 2.353222 -1.439583 0.590915 -0.597504 0.402748 0.080574 -0.487610 -1.354424 -0.110304 0.137949 -1.819897 -0.471624 -0.646976 0.157665 0.657555 -0.042575 -0.558893 0.197184 0.008341 0.294544 -0.403265 0.629718 0.253890 0.360188 -0.521702 0.241517 0.637796 -0.106262 
-0.700243 0.644071 0.322595 0.216041 0.993294 -0.649153 0.287324 -0.081835 -0.748115 1.396695 -0.502333 -0.603995 0.652174 0.591663 0.675666 -0.448325 0.139876 -0.284393 0.197612 0.479457 0.422337 0.033186 -0.135642 -0.136514 0.276904 0.108150 -0.991363 -0.057383 0.211591 0.144294 0.174877 
1.176428 0.660477 1.742489 0.180531 1.067618 0.889887 0.546126 0.250996 0.211676 0.210465 1.128993 0.498992 -0.201353 0.315894 0.826995 -0.519672 0.029742 0.138260 -0.238687 0.419689 0.362506 -0.246304 -0.075891 0.016205 0.187128 0.127470 -1.494478 -0.062694 -0.369192 0.161785 0.486497 
-0.695738 -0.161925 -0.797465 0.299449 0.984320 -1.162125 -0.978710 -1.103333 -0.201228 -0.646536 1.192186 -1.478839 0.089426 -0.463968 -0.617225 1.309959 -0.351805 -0.320554 -0.087697 -0.383161 -0.427744 -0.010222 0.413836 0.164265 0.215554 0.349663 0.254087 0.612737 0.097551 -0.737516 -0.393797 
-0.183733 1.998356 -0.708268 -1.319595 0.067278 -0.543462 1.754121 0.729913 0.676809 -1.311221 -0.051795 -0.632522 -0.349308 -0.594652 0.404817 -0.706268 -0.398048 -0.039211 -0.346797 -0.057028 -0.211947 0.662569 0.258569 -0.198006 0.184958 -0.779902 0.229560 -0.071130 -0.433899 0.327093 0.318387 
1.146419 -0.269518 0.992834 -0.001950 -0.239536 -0.719191 -1.336745 1.254310 1.817640 -1.199380 0.477352 0.789488 -0.800395 -0.095064 -0.263432 -1.352872 -0.902385 -0.302170 0.119287 -0.360626 -0.141180 -0.071368 -0.050808 -0.305713 -0.637370 0.437340 -0.198699 -0.668758 -0.095479 0.570809 -0.379264 
-0.493872 0.470957 0.628965 1.087674 0.350290 0.071312 -0.756072 -0.440553 -0.237029 0.987893 0.251948 -0.617851 0.108176 -0.556699 0.747270 0.805072 0.418026 1.168615 0.945386 -0.516593 -0.911414 -0.166571 0.326189 -0.653408 0.159721 -0.306712 -0.005520 1.174935 -1.288225 -0.893482 0.874902 -0.674996 
0.701422 -1.255770 -0.153422 0.599166 1.566625 -0.108876 -0.507080 -1.122767 -0.290252 -0.201706 -0.014296 1.099216 -0.393535 -0.835734 1.775188 1.269358 0.052223 0.762588 0.425426 0.828257 -0.891937 0.670474 -0.933875 -1.280048 0.689783 0.679075 0.098284 -0.156428 0.253584 0.338744 -0.049363 0.984750 
0.970469 0.950597 -0.424884 -0.035078 -0.449360 -0.028764 -0.023471 -0.762791 0.374579 0.362987 -0.724392 -0.653427 -0.777349 -1.175297 0.620163 -0.494530 0.455159 -0.683878 0.131617 -0.539202 -0.122861 -0.468998 0.535982 -0.489744 0.211101 -1.231124 0.651152 1.327619 -0.589131 -0.577197 -0.232756 0.150935 
0.106762 0.544193 0.065592 0.514782 1.221314 -1.259453 0.855277 0.322378 -0.417174 -0.490537 0.686640 -0.475219 0.169392 0.271556 -0.981120 0.166032 -0.485854 0.189016 -0.340742 -1.282950 -0.708065 0.301666 -0.559468 0.719638 -0.516926 0.893891 0.586733 -0.161108 -0.161932 0.185878 0.734435 1.046716 
0.731871 0.090656 -0.689091 0.141875 -0.646424 -0.023862 -0.575206 -1.251220 0.425729 -1.473644 -1.064244 -0.235078 -0.566818 -0.277734 1.224466 -0.456332 0.519970 -0.029344 0.419837 0.530725 -0.691251 1.172446 1.191226 -0.549679 -0.120778 -0.716640 -0.833217 -0.347654 -0.428742 -0.243862 -0.967462 -0.727049 
-1.233978 1.058903 1.059343 -0.513129 0.064451 -1.149758 -0.564208 -0.406881 -0.420515 0.466368 -0.382676 0.179770 -1.708335 -0.929820 0.789916 0.309969 -0.293252 -0.250517 0.154685 0.750873 0.189205 -1.042857 1.373612 0.642886 0.495979 -0.257379 0.328711 -0.388390 0.005315 0.748721 -0.022021 0.804095 
0.563365 0.362981 0.245617 0.723640 -0.280345 0.980904 0.194211 0.469006 0.181214 -0.220805 -0.440707 0.835612 -0.781445 -0.272173 2.041968 1.012412 -0.585334 0.023075 -0.402418 0.109603 0.383319 -0.054323 0.096801 0.753532 0.641744 -0.045455 -0.659070 1.822898 0.189933 0.538842 1.014377 0.961676 
0.117026 -0.112418 1.013487 0.547008 -0.390373 0.729431 -0.266798 -0.021587 0.681583 0.855430 0.586175 -0.082018 0.507573 -0.284295 -0.643357 -0.637683 -1.025303 0.903239 0.575064 0.714836 -0.784580 -0.530159 0.509830 -0.131752 0.263904 0.598952 0.394072 -0.535769 -0.443373 -0.600901 -0.375630 0.488869 
0.554969 -0.094074 -1.729808 -0.449356 0.522458 -0.640841 0.262355 0.538924 0.248814 0.594042 -0.048868 -0.011134 -0.045937 -0.821114 0.156002 -0.963722 -0.773443 0.575509 -0.291948 0.194444 -0.297101 -0.351390 -0.214440 -0.370562 0.004537 0.528212 0.617115 0.435615 0.984830 -0.442995 -0.386044 0.484128 
-0.760608 -0.225445 0.356811 1.148104 0.790431 0.377682 -0.222364 -0.975700 0.369097 -0.203475 -0.948840 -0.396997 -0.217099 0.064561 0.950439 0.497459 -0.043254 1.029581 -1.198252 -0.145843 -0.287368 -0.395082 -0.233699 0.200537 0.336756 -0.628929 1.445526 -0.710044 -0.035652 1.289979 -1.085172 0.218146 
0.489940 1.129857 0.100194 0.714771 -0.799399 -0.320072 -1.238388 0.284800 -0.456274 -1.198923 -0.954258 -0.545701 0.745390 -0.134305 -1.228101 -0.897518 -0.774954 0.698620 -0.782736 0.825080 -0.715310 0.392297 -0.442327 0.078303 -0.350030 -0.189088 -0.796868 0.331843 0.766614 0.582701 -0.179831 -1.166335 
0.061346 0.897368 0.739025 0.031906 0.076104 1.126252 1.045480 0.873308 -0.513279 0.480741 0.031854 -0.509958 -0.220801 -0.802127 -1.209109 0.141063 0.783083 -0.362645 0.147713 1.470675 -0.145727 -0.191816 0.142935 0.661760 -1.275074 0.298353 0.231952 -0.551784 -0.409656 0.023695 -0.222363 -0.237387 
-0.945202 -1.198162 0.648707 -0.344440 1.490956 0.800921 -0.259135 -0.744497 -0.757531 0.665436 0.539853 0.253988 -0.602943 0.609224 0.229738 -0.079094 0.654688 -0.889376 -0.815192 0.446576 -1.118868 0.866978 -0.803909 0.048918 0.872220 0.028351 0.134795 -0.637990 0.803426 0.403663 -0.681458 -0.271623 
-0.542538 0.136297 -0.904789 1.505017 -0.297283 0.233539 -0.682151 0.595345 1.022459 -0.176814 0.985114 -1.211725 -1.081959 -0.182460 -0.028958 -0.817321 -1.271990 -1.940980 -0.776479 -0.381058 0.581250 0.670549 0.327509 -0.211836 0.557225 -0.273804 -0.823784 0.459971 -1.634914 -0.162966 0.268962 -0.998830 
0.484998 -0.864799 0.340396 -1.175321 0.029520 0.058006 0.375980 -0.469728 -0.167907 0.192447 -0.591626 -0.004457 0.745409 0.825707 0.732494 0.320320 0.056557 -0.217005 -0.201380 -0.463659 1.010752 0.546666 -0.963527 1.338993 2.030284 -0.591383 1.422472 0.471753 1.183313 0.172585 -1.132932 0.310899 
0.570175 1.944743 0.229770 -0.091125 0.056374 0.485848 -0.286581 -0.619455 -1.013134 0.879926 1.011088 0.454897 -0.639619 -0.292574 -0.493510 -1.702149 -0.140327 0.122935 -0.065057 -0.069509 -0.388807 1.449517 -0.955194 1.577377 -0.381519 -1.440248 -0.643502 0.367111 -0.416144 0.636463 0.013720 0.453993 
-0.165806 -0.252207 0.034896 0.019209 0.003264 -0.070690 0.424567 -0.197875 0.079987 -0.586333 -0.932015 -0.859088 -0.591355 0.118451 0.055100 -0.548518 -0.010235 -0.003087 0.513584 0.410063 0.289702 0.820430 0.699080 -0.261452 -0.299340 0.071754 -0.131709 0.256144 -0.380997 0.062404 -0.022425 0.271158 0.266138 0.596613 0.399711 0.440348 -0.078725 -0.198500 -0.405982 0.142559 -0.086933 0.044615 -0.627930 -1.152996 0.021968 -0.348635 0.003931 -0.008518 0.002501 -0.016260 -0.019343 -0.011973 -0.434351 -0.136334 0.029067 1.233221 -0.386404 0.010371 -0.003947 0.608549 0.500920 -0.079266 0.000675 0.026720 0.023829 0.010278 -0.022351 0.016174 0.009939 -0.014960 -0.010263 -0.005654 -0.014048 -0.016857 0.004563 -0.012928 0.010995 -0.003950 0.025435 0.000813 0.026077 -1.407734 0.295714 -0.001884 -0.006691 -0.136968 0.001731 0.790414 0.007770 -0.017046 -0.014569 -0.159716 -0.027830 0.003335 0.022416 0.012622 0.001430 0.360967 -0.005831 -0.133085 -0.926143 -0.731671 0.004162 0.004732 -0.018177 -0.033061 -0.050980 -0.092276 -0.205094 0.002305 -0.612099 -0.487275 0.411994 1.380480 0.939934 -0.034748 0.038356 
1.449926 0.241868 0.168410 -0.226370 -0.004922 0.061197 -0.276965 0.260601 0.152533 0.510683 1.495291 1.561033 0.580977 0.352375 -0.004384 0.893528 0.005838 -0.007397 -0.299882 -0.980871 -0.740221 -0.443324 -0.385680 -0.000463 0.066925 -0.085998 0.065525 0.096161 0.344413 -0.076232 -0.303054 0.767817 -0.343976 -0.289538 -0.276621 0.072304 -0.138729 0.003032 0.619867 -0.657913 0.160461 0.065021 0.962156 0.916547 -0.005388 -0.124912 0.003901 -0.007023 0.015056 -0.002852 -0.020706 0.009900 -0.512973 0.252250 -0.003323 -0.404358 -0.283342 0.029031 0.008986 0.382018 -0.339439 0.173404 0.009466 -0.004898 0.144775 0.001068 -0.028049 0.010277 0.001319 0.006729 0.012754 -0.006973 0.001745 -0.006004 0.002135 -0.007660 0.009824 -0.012861 0.003158 0.004835 -0.008582 -0.912461 -0.036318 0.017792 -0.016363 -0.337095 0.006421 0.131682 0.004233 0.013111 -0.063044 -0.449141 0.004668 0.062162 -0.006283 0.002706 -0.016517 0.377425 -0.072755 -0.401991 -0.438048 -0.341092 0.002363 -0.007796 -0.018578 -0.011138 -0.074950 -0.245555 -0.059153 -0.007710 1.178217 -0.094909 -0.065711 -0.567049 -0.325294 0.167190 -0.058998 
0.000067 -0.243512 -0.100788 0.006506 0.002183 0.023203 0.026752 -0.052284 0.062607 0.130827 0.237682 0.133649 0.137130 0.024798 -0.068427 0.072376 -0.000817 0.002534 0.009979 -0.155331 -0.209768 0.029458 0.092842 0.049142 0.049298 -0.326662 0.307994 0.674052 -1.387761 -0.141424 -0.012807 -0.098788 0.385935 0.490887 -0.537545 -0.070475 0.071663 0.090398 0.259506 -0.194516 0.136461 -0.074571 0.099533 -0.889701 0.008117 -0.018694 -0.002601 0.000972 -0.002859 -0.003321 -0.008191 -0.005515 -0.057498 -0.154605 0.008751 0.006004 -0.148202 0.004665 -0.002515 0.257753 0.010409 0.029548 0.004370 0.004538 0.088038 -0.000423 0.006898 0.000147 0.006365 -0.004587 0.000931 0.001611 -0.004104 -0.006872 0.005814 -0.007053 0.007370 -0.000762 0.009222 0.001481 0.005200 0.204975 0.033974 -0.001111 -0.003499 0.228494 0.005864 0.243604 0.003234 -0.003917 0.019869 -0.087113 -0.003679 -0.025613 0.005061 -0.005613 0.002696 0.185681 0.009727 -0.119192 -0.601297 -0.204697 0.001305 -0.001966 -0.005659 -0.003652 -0.037696 0.000986 0.117321 -0.002320 0.069210 0.291866 0.225269 -0.342252 -0.158541 -0.123348 0.023077 
-0.570169 0.285185 -0.075791 0.240188 0.006754 -0.163743 0.086885 -0.576640 0.062389 -0.704011 -0.389210 -0.833266 -0.703189 -0.536335 -0.073655 -0.559771 0.001711 0.006694 0.053218 -0.529065 -0.484301 0.298649 0.271002 -0.281073 -0.326097 -0.139699 0.240790 -0.899479 0.246361 -0.091553 -0.303037 0.278866 -0.313393 0.555960 -0.361252 -0.565293 -0.076956 -0.230591 0.442922 0.278910 0.060484 -0.157268 -1.227246 1.107131 0.015695 2.132525 -0.002816 0.016501 -0.015276 -0.016374 -0.009283 -0.019136 -0.150932 -0.084658 0.017387 0.534519 -0.956157 -0.011800 0.001547 -0.048073 0.010445 -0.246324 0.008784 0.014095 0.235104 0.019616 -0.029595 -0.021050 0.017061 -0.004610 -0.008098 0.003693 -0.007850 -0.013951 0.016965 -0.022007 0.018126 0.020793 0.024770 -0.002695 0.028672 -0.005477 -0.103400 -0.014401 -0.005516 1.982187 0.024640 -0.196492 0.000438 -0.007924 0.082719 -0.118970 -0.010188 -0.061531 0.021679 -0.009645 0.023938 -1.429652 -0.081188 -0.422520 -0.073871 0.483947 -0.013396 0.000340 -0.007481 0.021444 -0.012817 0.130523 -0.356214 0.002478 -1.412310 0.605013 0.041435 0.100668 0.035886 0.032606 0.132731 
-0.016878 -0.033895 -0.059502 -0.025866 0.015795 -0.081250 0.477708 -0.173772 0.051612 -0.569668 -0.317530 -0.762827 -0.581571 0.375695 -0.028756 -0.277906 0.024901 0.017209 0.626782 -0.039546 0.155658 0.113620 0.119855 -0.228564 -0.286070 0.166167 -0.073327 -0.831535 0.158536 0.031661 -0.264073 0.203641 -0.155937 -0.007995 0.052443 0.457043 -0.110871 -0.177180 -0.245353 0.300916 -0.058798 -0.069142 -0.769545 -0.014370 -0.028732 0.081723 -0.049804 0.012589 0.012187 0.027125 0.008606 -0.016946 -0.244197 0.159298 -0.031607 -1.238371 1.915010 -0.000883 -0.009125 0.725175 0.523237 0.458571 0.009977 -0.030525 0.058158 0.000552 -0.076203 -0.029484 0.017782 -0.019351 0.004980 0.009768 0.000299 0.014559 -0.005538 0.043296 0.001623 0.011424 -0.007748 -0.002658 -0.021960 -0.956548 -0.334748 0.012807 0.024137 -0.061538 -0.011125 0.082535 -0.020822 0.017903 0.090690 -0.544796 0.022524 -0.150340 -0.014867 -0.029303 -0.003495 0.068479 0.001559 0.046361 -2.154239 0.573331 0.015067 -0.000861 0.015783 0.023555 0.044981 -0.065098 -0.108056 -0.029662 -0.883126 -0.610825 0.342773 0.296639 0.158174 0.278438 -0.274905 
0.228406 0.424041 0.019994 -0.030552 0.002436 0.081264 -0.442316 0.314304 -0.312960 -0.073933 -0.950396 -0.184588 -0.077169 -0.222785 0.009557 -0.039755 -0.010385 0.000859 -0.395775 0.137867 0.128321 1.263251 1.248635 0.001207 0.014772 0.208048 0.042547 -0.160556 0.141326 -0.094717 -0.030624 0.099524 0.253951 -0.123116 0.097468 -0.465788 0.120027 0.185951 -0.386179 0.653943 -0.231123 0.012565 0.393086 1.786841 0.000184 0.434431 0.001770 -0.008907 0.016824 0.003976 -0.007577 0.001567 -0.245093 -0.222867 0.001580 -0.186904 1.626098 0.008148 -0.008861 -0.321928 -0.371061 -0.295944 0.001912 0.001723 -0.020482 0.000943 -0.029573 0.012584 -0.009124 -0.003507 -0.000733 0.002369 0.002203 0.000673 -0.018425 0.007044 -0.001275 -0.005938 -0.004366 -0.001948 -0.004589 0.544797 -0.109859 0.016333 0.012162 0.128081 -0.013521 0.316246 -0.008109 -0.008358 -0.068205 0.022414 -0.005047 -0.056608 -0.000821 0.014967 -0.001456 0.026247 -0.000801 0.252872 -0.039256 0.219803 0.006496 0.005366 -0.007693 -0.024053 0.045238 0.216244 -1.247810 -0.004886 0.460378 0.464562 0.704233 0.703112 0.567982 -0.519722 -0.139564 
-0.520419 0.063336 -0.080252 0.132587 0.001157 -0.109743 -0.468068 -0.378256 0.084370 -0.302063 -0.254560 -0.714547 -0.319788 -0.398837 -0.062461 -0.458422 0.007589 0.001693 -0.545678 -0.158160 -0.177832 0.320750 0.321683 -0.008241 -0.007077 -0.398841 0.258670 0.602008 -0.143732 0.058252 0.056185 -0.040791 -0.156877 -0.114157 -0.157067 -0.125955 0.325715 0.212636 0.386041 -0.145916 0.531125 -0.500363 -0.302474 0.143472 -0.007869 -0.391089 -0.008090 0.010289 -0.008226 0.002263 0.016503 -0.005662 0.408396 -0.306417 -0.008624 -0.422107 -0.892906 -0.019336 0.003922 0.516675 -0.585094 0.459944 -0.007273 -0.002106 0.156107 0.007484 -0.009477 -0.016697 0.005269 -0.000895 -0.006425 -0.000589 0.000220 0.006468 0.003970 0.008968 -0.005375 0.013442 -0.002907 -0.003533 0.005364 -0.684534 0.111021 -0.013114 0.005265 -0.436961 0.000982 -0.455741 -0.003909 0.005139 0.065094 0.471773 0.003996 0.017717 0.001562 -0.005776 0.006737 -1.117744 0.009709 -0.068845 1.078336 0.683813 -0.004696 0.002426 0.014146 0.022507 0.023376 0.413676 -1.434453 0.004815 -0.209678 0.234528 0.494305 -0.136543 -0.231563 -0.149810 0.139356 
0.457492 -0.194271 -0.062990 0.010017 0.006210 0.169380 0.162865 0.264271 -0.270263 -0.065392 -0.367772 -0.183757 -0.063455 0.131559 0.070877 -0.066094 -0.002175 0.005005 0.225241 -0.448759 -0.407199 -0.130931 -0.179457 0.013037 -0.020810 1.006068 -0.893659 0.129946 0.288804 -0.423525 -0.444404 0.374122 0.050857 0.203848 0.680220 0.164548 -0.116320 -0.129290 -0.122706 0.161688 0.011529 -0.068128 -0.351225 -0.729720 0.005863 -0.517867 -0.010821 0.003143 0.006777 -0.002635 -0.010446 -0.013341 -0.474450 -0.213221 0.008688 -0.245912 -0.108401 0.001181 -0.005444 0.547275 0.285410 0.220111 0.003244 0.008059 -0.034062 0.011538 -0.058749 -0.002735 0.010134 -0.012104 -0.004375 0.002334 -0.005681 -0.007658 -0.001028 0.000389 0.009845 0.004695 0.012812 -0.002045 0.012727 0.781764 -0.279659 0.002388 0.005367 -0.355056 0.002339 -0.147704 -0.004580 -0.007126 -0.015149 -0.348112 -0.008105 0.047192 0.010726 -0.000571 0.007670 1.154440 -0.115346 -0.274341 1.054286 0.585761 0.003716 0.002579 -0.008022 -0.008842 -0.060704 -0.166639 1.182096 -0.004360 -0.546623 0.800831 -0.338134 -0.444284 -0.201473 -0.068281 -0.033810 
-0.212208 0.135206 -0.201246 -0.196059 0.001824 -0.037256 -0.034012 -0.015458 0.171555 -0.226156 0.185139 -0.016799 -0.206197 -0.182620 -0.117793 0.040092 0.022951 0.006117 0.013940 0.443129 0.522792 -0.383559 -0.313902 -0.123143 -0.114685 0.225422 -0.193945 -0.341822 -0.556803 0.251859 0.327327 0.229222 0.742679 -0.369002 -1.594554 -0.908089 -0.160517 -0.295786 0.192738 0.168876 -0.026773 -0.045653 -0.968392 0.173123 -0.024911 -0.484031 -0.013653 0.025905 -0.006720 0.008490 0.006527 0.009190 0.106777 0.007175 -0.032247 0.512015 0.879600 -0.003540 0.010484 -0.681578 0.004289 0.774000 0.021294 -0.031761 -0.038102 0.005969 -0.046772 -0.043052 0.004689 0.020797 0.023708 0.002049 0.016020 0.004996 0.004570 -0.003874 0.008263 0.015553 -0.012746 -0.000302 -0.024394 0.140111 0.176079 0.012753 -0.000129 -0.395620 0.019173 -0.514998 -0.013027 0.036654 0.029810 0.113696 0.039021 -0.110559 -0.022683 -0.031099 0.006706 -0.559641 -0.021628 0.183442 -0.275261 -0.729917 -0.016592 -0.016862 0.003147 0.064801 -0.010530 -0.189390 1.166593 -0.007571 -0.987854 -0.392248 -0.161262 0.022691 -0.099214 0.222536 -0.204699 
-0.062098 0.046971 0.041942 0.065062 -0.006081 -0.031144 0.215563 -0.414309 -0.040149 0.142193 0.659555 0.308766 0.148872 -0.110359 -0.082502 0.165509 -0.002828 -0.008008 0.167916 0.180445 0.191613 0.016719 0.035370 -0.138016 -0.141528 1.460546 -1.554394 -0.481876 -0.282840 0.171996 0.274368 0.078384 0.238127 0.275298 -0.529237 -0.066804 -0.142248 -0.162807 0.262166 0.016307 -0.222324 0.226338 0.102639 -0.105235 0.006327 0.349027 0.010803 -0.013879 -0.002680 -0.004059 0.000644 0.004195 -0.309018 0.025418 0.008906 0.088803 0.212964 0.006653 0.003925 0.061358 0.140292 0.168899 -0.011559 0.008304 -0.077723 -0.010489 0.005068 0.021375 -0.002981 -0.002664 -0.006270 -0.005477 -0.006270 0.001177 0.006939 0.000154 -0.007380 -0.012313 0.002015 0.003288 0.003765 -0.029945 0.021117 -0.009684 -0.012456 0.808183 -0.005146 0.255118 0.013889 -0.006754 0.002126 -0.067359 -0.011598 0.064984 0.003668 0.009675 -0.013791 -0.922102 -0.274307 -0.054407 -0.090289 -0.168233 0.006382 0.002817 0.002285 -0.021804 0.006145 -0.194438 0.061401 0.004696 0.130821 -0.075063 0.146138 0.159095 0.053933 0.075736 0.126157 
0.141769 0.240320 0.115196 -0.037733 0.001845 -0.128255 0.357559 -0.281106 0.039589 -0.201291 -0.047171 -0.215716 -0.195499 0.139968 0.000369 -0.135670 0.008478 0.003616 0.451270 -0.213900 -0.118401 0.220779 0.253547 -0.154823 -0.123925 -0.069776 0.090550 1.021095 -0.115626 0.229104 0.157628 -0.121815 -0.272515 -0.446379 1.032880 0.828813 -0.093255 -0.047491 -0.297271 0.109477 -0.144753 0.110065 0.049078 1.216791 -0.005123 -0.507470 -0.007013 0.009331 0.001073 -0.000303 -0.005699 -0.004459 -0.112689 0.455108 -0.006502 0.793642 -0.746319 0.000889 0.004104 -0.558641 0.369973 -0.089265 0.008263 -0.007413 0.137190 0.007458 -0.010034 -0.014065 0.007573 0.002840 0.003783 0.003182 0.001512 -0.001988 0.006408 -0.004025 0.009622 0.007979 0.003928 0.000305 0.000779 0.706862 -0.542509 0.001449 -0.003379 -0.626121 0.012832 -0.425974 -0.003713 0.007166 0.013149 -0.025300 0.007513 0.014225 -0.000543 -0.009977 0.005230 -0.379849 -0.025732 -0.205648 -0.316285 -0.142727 -0.005094 -0.003212 -0.002897 0.018029 -0.015662 -0.053861 -0.471066 -0.006512 0.099744 0.087726 0.675083 -0.659981 -0.389972 0.046546 -0.058598 
-0.222757 0.191249 0.261949 0.125952 0.005438 0.097330 -0.306801 0.109917 0.030717 0.450655 1.587393 0.986624 0.502361 0.247524 -0.078887 0.579906 0.002575 -0.007776 -0.363151 0.386149 0.461953 0.298827 0.153328 -0.516403 -0.568637 -0.848655 0.573859 -0.422359 -0.355048 -0.110474 -0.111653 -0.487313 -0.434817 0.541946 -0.410410 -0.228645 -0.474763 -0.371359 -0.591301 0.680462 0.133432 -0.382000 -0.509472 0.735910 -0.006824 0.357724 -0.016795 -0.014029 0.014650 0.000442 0.010528 -0.013891 0.261306 0.170137 0.004312 0.063066 0.794055 -0.003076 -0.000942 0.894461 -0.340667 -0.093351 -0.020847 0.019049 -0.168918 0.015493 -0.096858 0.014529 0.009560 -0.028882 -0.024745 -0.015599 -0.015387 0.006968 -0.010081 0.037291 -0.013936 0.000377 0.007955 -0.006039 0.018234 0.408478 -0.542848 -0.004449 0.012860 0.110834 -0.031440 -0.417778 -0.003163 -0.005787 0.059493 -0.213150 -0.026828 0.047265 0.015888 0.024293 -0.016367 0.213022 -0.046671 -0.154436 1.213835 0.520507 0.017664 0.016226 0.007399 -0.036428 -0.040289 -0.521582 0.325746 0.000451 -0.518312 0.735724 -0.570128 0.937710 0.538510 0.221152 0.279106 
0.074436 -0.006494 0.188914 0.029386 -0.001573 0.057825 -0.111865 0.263538 0.123053 0.339973 0.511895 0.438435 0.342340 -0.066944 0.057638 0.256397 -0.001114 -0.001242 -0.152616 0.263913 0.281499 0.576271 0.691759 -0.247288 -0.226536 0.092754 -0.168054 0.069069 0.355996 0.219226 0.227453 -0.099607 0.084064 0.158458 -0.290046 -0.044498 -0.038785 -0.032890 0.031303 -0.716269 0.092875 0.160281 0.014447 -0.163278 -0.002465 0.531719 0.003239 0.000602 -0.003589 0.001273 0.009450 0.003066 0.195506 0.084128 -0.003314 -0.715731 -0.037481 -0.008513 0.000881 -0.335500 -0.141335 0.240934 -0.004874 -0.000915 0.400334 -0.001442 0.023049 -0.001212 -0.004677 0.002922 -0.002393 -0.000601 0.002223 0.004562 -0.002250 0.003017 -0.006721 0.001798 -0.006064 -0.001252 -0.001353 -0.292314 0.317996 -0.004286 0.002989 0.558380 -0.003675 0.030064 -0.000625 0.000187 0.006066 -1.140358 0.001314 0.001299 -0.002087 0.002408 0.001019 0.629502 0.000289 -0.153805 0.444295 -0.353910 -0.002139 0.001606 0.007052 0.004924 0.028936 -0.006074 -1.035618 0.004923 0.092080 -0.258288 1.354190 -0.378458 -0.352298 -0.009762 0.055239 
0.067916 -0.155545 -0.065719 -0.022837 0.003926 0.145296 0.388001 0.282671 -0.065922 0.257365 0.103731 0.410671 0.263501 -0.109549 -0.083097 0.291151 0.003986 0.008481 0.507898 -0.288726 -0.166865 0.567076 0.565787 -0.400166 -0.414587 0.109684 0.079127 -0.251753 0.278201 0.306910 0.327597 0.145510 -0.138354 -0.493118 -0.635333 -0.590936 -0.419680 -0.497798 0.232778 -0.376947 -0.065436 0.196910 -0.723624 -0.430899 -0.010993 0.400556 -0.017506 0.003202 0.012565 0.016042 -0.001603 -0.003316 -0.005383 -0.104576 -0.013445 0.147441 -0.740225 0.005051 -0.007346 0.325628 0.522685 -0.452801 0.002819 -0.014013 0.232145 -0.003439 -0.009592 -0.005990 0.001730 -0.004502 0.007979 0.008208 0.004765 0.005383 -0.009114 0.016088 0.001601 -0.000988 -0.009074 -0.001258 -0.015135 -0.506969 0.197965 0.011575 0.012459 -0.489693 -0.005414 0.595660 -0.010356 0.004522 -0.008045 -0.095903 0.014759 0.011280 -0.010070 -0.010084 -0.000306 -0.430867 0.136117 0.098822 1.475085 -0.269686 0.009445 -0.001848 0.002369 0.000996 -0.013332 -0.428312 0.819805 -0.011645 -0.983625 0.338894 0.500435 0.183836 0.116825 0.045963 -0.062901 
0.470785 -0.106743 -0.247121 0.198357 0.013515 0.052749 -0.455006 -0.318944 -0.186462 -0.643348 -1.466134 -1.369241 -0.677396 -0.255638 -0.051809 -0.770382 -0.006094 0.018842 -0.453099 0.186741 0.204219 -0.373630 -0.164131 -0.032681 -0.059887 0.550027 -0.227000 0.153081 -0.066954 0.135633 0.000178 0.423508 0.120221 -0.379684 0.364994 -0.094134 -0.273175 -0.113505 0.119616 -0.334300 -0.258196 0.393192 0.717555 0.052431 0.018649 -0.198529 -0.018406 0.015299 0.000734 -0.003969 -0.020066 -0.031218 -0.412264 0.361150 0.018739 -0.254687 -0.134791 -0.007233 -0.014983 -0.012767 -0.422882 -0.017366 0.012157 0.010392 0.138140 0.015994 -0.021806 -0.016800 0.019233 -0.017682 -0.007309 0.017990 -0.008229 -0.015527 0.005489 -0.011286 0.024912 0.017907 0.024508 -0.003384 0.024763 -0.601656 0.288535 -0.004609 0.011262 -0.240933 0.018527 -0.290649 -0.009154 -0.022121 0.043398 -0.127467 -0.009342 -0.067429 0.021549 -0.013694 0.031165 -0.497082 -0.010125 0.000666 0.699327 -0.173061 -0.000227 0.004288 -0.010574 0.001888 -0.015494 -0.300751 0.753051 -0.010879 0.229913 -0.299996 0.892328 -1.804285 -1.130806 0.287353 -0.026242 
-1.287644 0.122033 -0.094658 -0.334035 -0.026106 -0.287544 0.347709 0.057496 -0.084454 -0.510618 -1.547963 -0.826584 -0.541771 -0.314268 0.132477 -0.534670 -0.011686 -0.023804 0.435542 -0.211068 -0.288637 -0.165748 -0.065237 0.144830 0.162486 -0.491623 0.160603 -0.006647 0.178273 0.039755 0.058980 -0.180000 -0.062756 0.079539 0.192093 0.136347 0.137565 -0.089848 -0.111212 0.142026 0.162502 -0.208945 -0.763710 0.360194 0.005388 -0.265076 0.050659 -0.022454 0.002696 -0.010670 -0.012707 0.041810 -0.055167 -0.102641 0.003216 -0.123374 0.271227 0.029503 0.018460 0.502165 0.457830 -0.181993 -0.004482 -0.000409 0.204302 -0.023815 0.078661 0.040588 -0.027825 0.036187 0.019434 -0.011899 0.011794 -0.004196 0.004193 -0.034315 -0.006331 -0.034566 -0.015245 0.011595 -0.018487 0.001902 0.014932 0.007514 -0.037897 -0.139656 0.008131 0.003050 0.025192 0.007968 -0.175372 -0.301362 0.005241 0.119362 -0.017348 0.020286 -0.026615 -0.035329 -0.043448 0.139955 0.605398 0.154957 -0.006956 -0.011783 -0.016221 -0.022951 -0.005739 0.178237 0.803032 0.016761 -0.890290 0.239478 0.712451 -1.536115 -0.896803 -0.109635 -0.055485 
0.000911 -0.037909 -0.128804 0.014514 0.007078 -0.114480 -0.294357 -0.293096 -0.108487 -0.692018 -0.307299 -0.852414 -0.694421 -0.163839 -0.034781 -0.536492 0.010468 0.004539 -0.318120 0.512803 0.509995 -0.288833 -0.202997 0.470582 0.469930 0.249046 -0.272072 -0.459882 0.538238 0.311530 0.220327 -0.029155 -0.469938 0.342822 -0.365315 -0.324212 0.252790 0.333920 -0.069232 -0.396290 0.061980 0.074695 0.286221 -0.040857 -0.003018 0.205142 -0.011771 0.015864 -0.007514 -0.007149 0.002361 -0.012158 -0.170402 -0.051309 -0.002255 0.853344 -1.137531 -0.013534 0.004656 0.125128 -0.319038 -0.193739 0.007826 -0.000116 0.002657 0.019066 -0.062575 -0.025413 0.013792 -0.003546 -0.005489 -0.000524 -0.003236 -0.003074 0.008934 -0.002826 0.008701 0.019697 0.012088 -0.003335 0.014210 0.367547 -0.422199 -0.006306 0.001298 0.501828 0.012925 0.705801 -0.006553 0.006435 0.041682 0.264171 -0.000579 -0.069300 0.008657 -0.010102 0.013240 0.101399 -0.037313 -0.259745 -0.543253 -0.721225 -0.010505 -0.000030 0.001103 0.029116 -0.019726 0.285750 0.780279 -0.001871 0.146088 0.638924 0.367048 -1.170171 -0.830244 -0.480769 -0.030632 
0.397236 -0.035995 0.024187 -0.120055 0.004654 0.002032 -0.241206 0.102456 0.042284 0.282271 0.725978 0.722193 0.290431 0.228935 -0.036771 0.489296 0.009874 0.006996 -0.200331 0.300147 0.353818 0.040792 0.060758 0.157510 0.155544 0.495652 -0.048438 -0.583286 0.360187 0.095376 -0.155916 0.134810 0.164149 -0.333166 0.126081 0.136167 -0.032708 -0.028475 -0.028683 -0.008847 -0.058495 0.050214 -0.022454 0.089157 -0.019453 -0.029084 -0.020820 -0.009611 0.015989 0.023411 0.005057 0.000958 -0.296835 0.007395 -0.022558 0.870062 -1.968089 0.011163 -0.007846 -0.411477 -0.218466 0.321306 0.000294 -0.025963 0.004097 -0.019075 -0.014081 0.006642 -0.003125 -0.010163 0.003845 0.008525 0.001735 0.017238 -0.009070 0.034548 -0.009489 -0.010992 -0.016263 0.001982 -0.028244 1.645990 -0.009208 0.012719 0.011249 -0.260465 -0.018575 -0.922311 -0.006869 0.004939 -0.026222 0.307863 0.012904 -0.018741 -0.018678 -0.008346 -0.018077 0.073444 0.059930 0.030535 -2.435961 0.307896 0.019299 0.001975 0.012846 -0.009761 -0.001134 -0.028245 0.660577 -0.022522 -0.004769 0.291410 0.475275 -0.539189 -0.304939 -0.240763 -0.271420 
-0.162865 0.296851 0.031163 0.039383 -0.005126 -0.009479 -0.193268 -0.129349 -0.061695 0.068766 -0.370464 -0.138532 0.051501 0.031237 0.050950 -0.012765 -0.006203 -0.001584 -0.184602 -0.254609 -0.317249 0.319446 0.138113 0.217111 0.210056 -0.527373 0.429097 0.163615 0.024074 -0.044950 -0.105269 0.089080 0.314110 -0.407460 1.034672 0.147234 -0.164766 -0.047810 -0.625626 -0.666898 0.163889 0.073421 -0.135728 1.146797 -0.002256 0.750144 0.011577 -0.002776 -0.000762 0.004541 0.008108 0.009240 0.419580 -0.144858 -0.005331 -0.494602 0.250798 -0.005432 -0.000772 -0.580555 -0.132977 0.590500 -0.005255 -0.004278 0.186415 -0.008282 0.085710 0.004911 -0.013449 0.010307 0.001356 0.003193 0.007236 0.006678 -0.007056 -0.000114 -0.008648 -0.002446 -0.014094 -0.000332 -0.008911 -0.868639 0.536762 -0.000906 0.003502 -0.110263 -0.004707 0.455096 -0.000677 -0.002753 -0.011511 -0.522227 0.005434 0.019239 -0.007163 0.006474 0.000812 -0.620922 0.174402 0.232172 0.109737 -0.712574 -0.002642 0.001764 0.006567 0.000808 0.032659 -0.080853 1.549303 0.005087 -0.351681 0.455213 -0.763573 0.730289 0.563334 -0.337742 0.009792 
-0.469230 0.210676 0.025751 -0.021173 -0.007758 -0.101724 -0.077285 -0.034279 -0.249179 -0.265498 0.081219 -0.395529 -0.296321 -0.407675 0.005037 -0.276114 0.009489 -0.005802 -0.108754 -0.404474 -0.351219 -0.132674 -0.064321 -0.350685 -0.327257 0.328751 -0.536014 0.136256 -0.279740 0.080203 0.256148 -0.048950 0.230201 0.064895 -0.448114 -0.441260 -0.230418 -0.237563 0.440737 0.244091 -0.385703 0.316964 -0.447136 0.927394 -0.024876 -1.094988 0.011279 0.011118 -0.017415 0.006267 0.044220 0.017785 0.581757 0.141392 -0.031515 0.417255 -0.931119 -0.037961 0.013966 0.269513 -0.084050 -0.091941 -0.013317 -0.019582 -0.050403 -0.001759 0.030824 -0.021662 -0.017882 0.023466 -0.004490 -0.003187 0.014797 0.024774 -0.002818 0.012150 -0.026633 0.015727 -0.030590 -0.004418 -0.013572 -1.208685 0.065602 -0.016922 0.006258 -0.407915 -0.004983 0.658683 -0.005980 0.017771 0.014585 -0.069023 0.019012 -0.021963 -0.017445 0.001191 0.003026 0.078839 -0.029894 0.008760 -0.372295 0.466178 -0.018688 0.002429 0.033559 0.051032 0.074320 -0.189205 -0.375988 0.015818 -0.253484 0.282529 0.117563 -0.448943 -0.393682 0.255404 -0.030219 
-0.067270 -0.007728 0.095713 0.008419 0.000398 -0.076757 0.152489 -0.235022 -0.006235 0.046621 0.605058 0.310350 0.049894 0.147859 -0.018210 0.164701 -0.001905 0.001420 0.122147 -0.409484 -0.447308 0.199715 0.174177 -0.320910 -0.321969 -0.392599 0.326186 -1.057299 0.245888 0.081111 -0.042659 0.002392 0.137407 -0.341622 0.350021 0.221551 -0.224424 -0.293349 0.186176 0.025626 -0.203287 0.200629 0.099087 -0.147875 0.011129 -0.461420 0.007832 -0.001313 -0.011303 -0.006631 -0.005130 -0.000118 -0.090111 0.108631 0.009726 0.315787 -0.024059 0.002436 -0.000711 -0.204250 0.063862 0.458379 0.006457 0.001360 0.148428 -0.008374 0.045577 0.002630 -0.000113 0.001812 -0.000018 0.003446 -0.003102 -0.004465 0.010234 -0.014108 0.004271 -0.001892 0.007000 0.003337 0.002464 0.616748 -0.006345 -0.005399 -0.009133 -0.100443 0.009164 0.326666 0.007920 -0.006358 0.020512 -0.431621 -0.004383 -0.070655 0.002976 -0.005264 0.002429 -0.396349 0.034301 0.013205 -2.099751 -0.265838 -0.003755 -0.001964 -0.002239 0.002038 -0.008812 -0.215288 -0.755639 -0.001426 0.306280 0.453728 0.508856 -0.556872 -0.334588 0.125909 -0.058535 
-0.424034 -0.282713 -0.273600 -0.152706 -0.012490 -0.141555 -0.032308 -0.250641 0.092575 -0.337549 -0.602678 -0.594509 -0.357297 -0.216519 0.006162 -0.400143 0.004148 -0.007878 -0.071822 -0.395378 -0.422783 0.714579 0.650809 0.178519 0.229886 -0.213229 0.099719 -0.535268 0.368813 -0.135904 -0.178544 -0.188207 -0.083466 -0.413265 -0.458167 -0.199411 -0.152858 -0.116927 0.172623 -0.057849 0.171961 -0.162471 1.052808 -1.382054 -0.001850 -0.261977 0.023064 0.004961 -0.017363 -0.004782 0.002471 0.026764 0.209934 0.021389 -0.008232 -0.743687 -0.775796 0.006172 0.013761 0.471308 -0.064009 0.649561 0.008253 -0.012943 -0.096638 -0.014982 0.060626 -0.004825 -0.011285 0.030908 0.022903 -0.004682 0.012922 -0.002068 0.011677 -0.028384 -0.000507 -0.008731 -0.012002 0.006716 -0.019608 0.529784 -0.183961 0.001299 -0.022777 -0.158040 0.018544 -0.510741 0.011967 0.021103 -0.048584 -0.022893 0.022372 0.049037 -0.019063 -0.013118 -0.005318 -0.554380 -0.008806 0.138133 -0.277040 1.047722 -0.016034 -0.017738 -0.002990 0.030315 -0.018379 -0.356123 1.386987 0.011416 0.906340 -0.367350 0.922744 0.837305 0.540208 -0.624870 -0.081506 
-0.048842 -0.031918 -0.209519 -0.034935 0.004078 -0.043964 0.426655 -0.005773 -0.403725 -0.131202 -0.380092 -0.144641 -0.118354 -0.130305 -0.130709 -0.101476 0.004702 0.002327 0.545124 0.290424 0.418573 -0.183029 -0.128564 0.066050 0.081630 -0.443461 0.619366 -0.531560 -0.076388 0.128728 0.193712 -0.452252 -0.413893 -0.101460 -0.777990 -0.271582 0.143322 0.220435 0.128315 0.791132 -0.190322 -0.091332 0.720637 -0.294384 -0.009336 0.300487 -0.022560 -0.010428 0.024989 0.013709 -0.010524 -0.008013 -0.211257 0.296030 -0.005582 1.068748 -1.155634 0.020114 -0.006613 0.794303 0.469590 0.303561 -0.004099 -0.003038 -0.084563 -0.000564 -0.065093 0.012919 0.008756 -0.018843 0.001058 -0.000298 -0.005434 0.002498 -0.009011 0.026936 0.001296 -0.011390 0.000701 0.000316 -0.007121 -0.358533 -0.763335 0.014185 0.007549 -0.801096 -0.016025 0.136995 -0.004878 0.000996 -0.021986 -0.525627 -0.001047 0.072694 -0.002183 0.001672 -0.016284 -1.016530 0.046252 0.079400 1.398597 0.849810 0.022531 0.002756 -0.004547 -0.031568 -0.022661 0.143557 -1.001973 -0.015486 0.716516 -0.871266 0.085400 0.312007 0.184426 0.173939 0.005959 
-0.043198 0.388843 0.169876 0.022201 -0.003425 -0.106373 0.005635 0.017004 0.025959 -0.318403 -0.353456 -0.314032 -0.321450 -0.098628 0.060286 -0.216989 0.005614 -0.003434 0.041441 0.347553 0.386774 -0.088549 -0.123315 0.255914 0.254328 0.356846 -0.370427 -0.932874 -0.918484 0.075074 0.251085 -0.032460 -0.099810 0.266573 0.577977 0.376827 0.118093 0.260068 -0.499450 -0.173526 0.026106 0.037739 -0.003137 1.599291 -0.012963 0.056783 0.000138 0.003739 0.002995 0.003237 0.010222 0.004385 0.172554 0.251490 -0.013526 0.073251 -0.534114 -0.007717 0.007207 -0.437210 0.046432 -0.259247 -0.006014 -0.005815 0.051435 0.006404 -0.040399 -0.007002 -0.002857 0.006884 -0.000850 -0.003164 0.005137 0.007660 -0.002995 0.007741 -0.006184 0.005637 -0.009435 -0.002315 -0.002941 -0.280367 -0.227282 -0.001742 0.001742 -0.243082 -0.001724 -0.291415 -0.004514 0.009345 -0.003433 -0.023479 0.007168 0.035768 -0.004760 0.003740 -0.001461 0.123288 -0.038669 -0.056862 1.374376 -0.012659 -0.004180 0.001313 0.007170 0.013150 0.066903 0.176027 0.534147 0.003629 -0.119823 -0.368387 -0.325312 0.330051 0.144276 -0.115736 0.037870 
0.356970 -0.201536 -0.281621 -0.061560 0.005877 -0.107441 0.003443 -0.219007 0.251964 -1.000085 -0.999380 -1.505738 -1.012760 -0.020149 -0.061791 -0.874010 0.010105 -0.007065 0.024883 -1.214923 -0.918966 0.365298 0.231431 0.198894 0.185889 -0.219429 0.026037 0.675239 -0.071450 -0.194167 -0.207768 0.654750 -0.134517 0.203929 -0.497473 -0.321070 0.143024 0.315901 0.807028 -0.694854 0.108495 0.128812 0.633218 -0.956440 -0.019667 -0.169024 -0.021609 -0.009581 0.016713 0.005356 0.017471 -0.007983 -0.062347 0.090298 -0.011601 -0.214289 -1.244551 -0.006787 0.002254 -0.902745 0.014166 0.112261 -0.016460 0.004864 -0.009914 0.015924 -0.097414 0.004915 0.007540 -0.022908 -0.019336 -0.015510 -0.009855 0.012981 -0.012364 0.043439 -0.016964 0.002621 -0.000519 -0.005501 0.007369 0.472577 0.060627 0.001096 0.015024 -0.173429 -0.031313 0.149120 -0.008756 0.006641 -0.009024 0.083258 -0.015692 0.018016 0.004890 0.018154 -0.018631 0.295849 -0.043157 0.007285 0.071374 -0.085744 0.014237 0.013306 0.012152 -0.019116 -0.012242 0.102310 -0.273473 -0.002956 0.749486 -0.289562 -0.105505 1.307642 0.726093 -0.320515 -0.027180 
-0.219674 0.111550 -0.414773 -0.198889 -0.006759 -0.291458 -0.070717 -0.253331 0.200924 -0.971888 -1.909318 -1.445057 -0.995758 -0.341970 0.008514 -0.889646 0.005520 -0.005253 -0.079131 0.233767 0.206393 -0.097069 -0.189603 -0.181348 -0.117242 -0.121363 0.225663 -0.495717 -0.077551 0.196478 0.196744 -0.154934 -0.320578 -0.024640 -0.259651 -0.152025 -0.174681 -0.025305 0.167770 -0.460188 0.102972 0.053446 1.175090 0.091394 -0.005020 0.600690 0.012841 0.004940 -0.002360 -0.004345 -0.009400 0.018858 -0.101092 -0.006286 -0.008644 0.261219 -0.890452 0.014594 0.010562 0.022759 -0.133006 -0.016663 0.014899 -0.011552 -0.009515 -0.002268 -0.004483 -0.006594 -0.005235 0.023117 0.021597 -0.004449 0.010709 -0.005510 0.004385 -0.022157 0.007682 -0.005420 -0.005238 0.004789 -0.015496 0.690939 -0.468613 0.013970 -0.016128 0.266136 0.016197 0.447572 0.003049 0.020856 -0.070930 0.267708 0.018164 -0.020828 -0.014324 -0.008333 -0.004372 -0.613344 0.032554 -0.013410 -0.802686 -0.407784 -0.012363 -0.014667 -0.013217 0.021139 0.028768 -0.252276 -0.921190 0.001848 1.417549 0.067686 -1.154429 1.038976 0.767189 0.193626 -0.184009 
-0.282031 0.168423 -0.200028 0.029423 -0.001639 -0.050536 0.188507 0.046267 -0.000703 -0.467989 -0.890992 -0.703459 -0.488871 -0.367972 -0.075781 -0.441638 -0.007470 -0.000462 0.248416 -0.313459 -0.255946 0.533041 0.542724 0.059177 0.069394 -0.002138 0.402958 -0.284779 0.067024 -0.158158 -0.098583 -0.100156 0.026384 -0.082600 -0.412737 -1.047428 -0.245814 -0.089287 0.018054 0.161369 0.325939 -0.388026 0.915848 0.723275 0.001585 0.314699 0.011365 0.001522 -0.002659 -0.002152 0.005654 0.005059 0.336977 0.268775 -0.000328 1.160972 0.268832 -0.009937 -0.001065 0.424987 0.307095 0.081966 -0.000295 0.000737 -0.210524 0.001401 0.038420 -0.001341 -0.010413 0.008588 -0.001879 0.002289 0.005405 0.002190 -0.006860 -0.006052 -0.004069 0.004327 -0.006553 -0.002165 0.000215 -1.667013 -0.273460 -0.000477 0.005198 0.043220 -0.000565 -0.870480 -0.003688 -0.004437 -0.022694 0.344353 0.000045 -0.090780 -0.000648 0.007742 0.008350 -0.552152 0.111420 0.355891 -0.012017 -1.076072 -0.008011 0.002686 0.002067 0.005770 0.015114 -0.316188 0.887584 0.006362 0.749795 1.071367 0.138572 -0.049243 0.026730 -0.489888 -0.027743 
-0.193387 -0.221346 -0.048361 -0.020520 -0.001431 -0.201085 -0.119722 -0.139944 0.001375 -0.043032 -0.168206 -0.469020 -0.084049 0.290707 0.009826 -0.202973 0.023777 0.007442 -0.129823 -0.183278 -0.077783 0.296655 0.326811 -0.068958 -0.046201 -0.179689 0.184875 -0.055337 0.011636 -0.057940 0.018707 -0.443630 -0.315409 0.235168 0.790120 1.350803 -0.065826 0.075755 -0.509337 0.000684 0.278814 -0.310848 0.853810 -0.843794 -0.034639 1.241084 -0.028604 0.004375 0.006475 0.034156 0.020029 0.007017 0.359736 -0.130065 -0.042624 -0.083904 0.108679 0.002553 0.000976 0.541255 -0.231107 -0.147047 -0.004986 -0.040737 -0.027043 -0.023466 0.027394 -0.013458 0.001079 0.002168 0.016584 0.008048 0.010554 0.023806 -0.000696 0.038291 -0.013038 -0.006206 -0.030334 0.003005 -0.042129 0.614992 -0.337325 0.004522 0.007651 0.459879 -0.010345 -0.276160 -0.006459 0.026027 0.048648 -0.067963 0.038708 0.026828 -0.033298 -0.029031 -0.018625 -0.137678 0.034408 0.644010 0.848266 -0.025690 0.015049 -0.007825 0.026235 0.024883 0.110198 -0.141040 -0.541472 -0.017222 0.735884 0.588474 0.604270 -0.629550 -0.482448 -0.144951 -0.064931 
0.315291 -0.068547 0.011640 0.040936 -0.003232 -0.069203 -0.464658 -0.143082 -0.313304 0.217205 0.375786 0.630363 0.240364 0.142337 0.020730 0.312722 0.004198 0.007632 -0.557496 -0.510796 -0.407351 0.130077 0.138895 -0.133446 -0.135555 0.236458 -0.112905 -0.057061 -0.615231 0.085231 0.150077 0.159703 -0.004103 0.205200 0.713424 0.991078 0.029890 -0.119901 -0.143446 0.815524 -0.220225 -0.066598 -0.245429 -0.770588 0.014911 1.123630 -0.004088 0.004154 0.004040 -0.000623 -0.042023 -0.005696 -0.646230 0.318733 0.012294 0.779773 -0.075134 0.037511 0.000248 -0.672178 -0.641625 0.099941 0.018079 -0.004175 -0.092498 -0.010282 0.024827 0.002902 0.016871 0.003652 0.024197 0.011683 -0.001512 -0.021208 0.022780 -0.030946 0.032788 -0.012959 0.017545 0.009811 -0.004121 -2.366556 -0.377869 0.007580 -0.026517 0.662238 0.034800 0.195464 0.012879 0.000983 0.017222 0.307469 0.013551 0.061765 -0.000244 -0.027584 0.000582 -0.611993 -0.077001 -0.276313 1.221434 0.576513 0.005370 -0.017150 -0.026753 -0.005222 -0.023073 -0.008084 -0.333372 -0.015061 -0.338207 1.276652 -0.117747 -0.755573 -0.320637 -0.061502 0.093815 
0.163964 0.459966 0.155421 -0.114844 -0.008595 -0.077464 0.324250 0.070613 0.367917 0.180793 0.059708 0.191031 0.177078 0.039653 0.068336 0.164886 0.002765 -0.008710 0.423326 0.377879 0.301335 -0.022818 0.040417 0.000191 0.067040 0.126042 -0.215087 0.798181 0.291228 -0.063957 -0.043844 -0.233715 0.087080 -0.140759 0.529596 0.365210 -0.193025 0.056063 -0.741830 0.108272 0.300376 -0.348049 0.824787 1.670612 -0.022668 0.425411 0.008689 -0.008754 0.008752 0.012232 0.021719 0.019229 0.243470 -0.537452 -0.025254 0.771282 -0.482889 -0.005857 0.006949 -0.785225 0.414792 0.738355 -0.013260 -0.015904 -0.085685 -0.009036 0.038996 0.008229 -0.019535 0.012962 0.000039 -0.004438 0.010899 0.020570 -0.014043 0.021402 -0.022716 -0.006301 -0.028516 -0.000846 -0.021315 -0.727021 -0.163276 0.003460 0.005299 -0.038037 -0.018893 0.840012 -0.003930 0.010987 -0.055418 -0.425575 0.011236 0.069385 -0.018809 0.014275 -0.015930 0.118088 0.014990 0.096285 -0.340129 -0.307302 0.001135 0.004114 0.016935 0.002044 0.059205 -0.197108 -0.024449 0.003733 0.941923 -0.534799 0.106151 0.025927 0.010041 0.097886 -0.062576 
0.039322 0.035296 0.247651 0.045703 -0.002596 0.040485 0.029116 0.273190 0.211229 0.340018 0.772679 0.663214 0.348567 -0.079178 0.017543 0.339427 0.000790 -0.001784 0.006639 0.215577 0.225105 0.658958 0.705403 -0.235335 -0.228043 0.129202 -0.107154 -0.369081 0.022755 -0.335361 -0.190910 0.301554 0.001399 0.000732 -0.255907 -0.067620 -0.035915 -0.126175 -0.048871 -0.948214 0.097645 0.236631 -0.121851 -0.020811 -0.004430 0.390038 0.003152 -0.000310 -0.003805 0.002845 0.010431 0.004706 0.213553 0.128506 -0.005620 -0.602277 -0.386988 -0.006781 0.002118 -0.480164 0.007007 0.080829 -0.005877 -0.003302 -0.630605 -0.004087 0.008692 -0.000371 -0.005081 0.003880 -0.001129 -0.000794 0.002661 0.006331 -0.000986 0.004604 -0.008034 0.000190 -0.008003 -0.000711 -0.004366 -0.424101 0.338905 -0.004668 0.001107 0.550019 -0.003848 0.147425 0.000618 0.002227 0.011261 0.783111 0.003620 -0.012006 -0.004274 0.001127 -0.001880 0.344489 0.016156 -0.210035 0.704006 -0.600982 -0.001137 0.000750 0.008542 0.005752 0.056076 -0.068823 -0.620496 0.004246 -0.094725 -0.261657 1.302539 -0.084022 -0.214927 -0.070937 0.072111 
-0.182741 0.048608 0.129487 -0.091362 -0.000030 0.144019 -0.384535 0.296253 -0.187836 0.227404 0.358155 0.516415 0.250557 -0.113960 0.001746 0.277978 -0.007471 -0.004211 -0.409852 -0.876290 -0.842469 -0.098613 -0.035588 0.345991 0.358366 0.077263 -0.135723 0.123304 0.642763 0.001048 0.167685 -0.110508 -0.136066 0.171369 -0.634733 -0.664835 0.464496 0.262429 0.825617 -0.045380 -0.324165 0.360777 -0.982943 0.369303 0.009224 -0.147704 0.016919 0.005889 -0.010411 -0.016525 0.000429 0.004947 -0.029446 -0.203178 0.010435 0.507365 -0.174985 -0.010234 0.003975 0.343399 -0.349598 -0.452836 0.006467 0.011277 0.178999 0.013102 -0.013212 -0.007042 -0.005468 0.009887 -0.002436 -0.005791 0.002056 -0.007634 -0.001161 -0.021528 0.002502 0.008863 0.006622 -0.002788 0.012894 2.377605 -0.361908 -0.000373 -0.002276 0.132644 0.007999 1.056926 -0.000857 -0.000831 -0.041795 -0.212191 -0.007582 -0.008112 0.007917 0.008928 0.012682 0.435076 0.011449 -0.086208 0.121808 -0.455512 -0.017018 -0.000757 -0.008101 0.012669 -0.046530 0.657230 -0.158497 0.013212 -0.945748 -1.825191 0.555276 0.671388 0.343596 -0.062525 -0.052908 






















































































































0.000000 
0.000000 
0.000000 
0.000000 
0.000000 
0.000000 
0.000000 
0.000000 
0.000000 
0.000000 
0.000000 
0.000000 
0.000000 
0.000000 
0.000000 
0.000000 
0.000000 
0.000000 
0.000000 
0.000000 
0.000000 
0.000000 
0.000000 
0.000000 
0.000000 
0.000000 
0.000000 
0.000000 
0.000000 
0.000000 
0.000000 
0.000000 
0.000000 
0.000000 
0.000000 
0.000000 
0.000000 
0.000000 
0.000000 
0.000000 
0.000000 
0.000000 
0.000000 
0.000000 
0.000000 
0.000000 
0.000000 
0.000000 
0.000000 
0.000000 
0.000000 
0.000000 
0.000000 
0.000000 
0.000000 
0.000000 
0.000000 
0.000000 
0.000000 
0.000000 
0.000000 
0.000000 
0.000000 
0.000000 
0.000000 
0.000000 
0.000000 
0.000000 
0.000000 
0.000000 
0.000000 
0.000000 
0.000000 
0.000000 
0.000000 
0.000000 
0.000000 
0.000000 
0.000000 
0.000000 
0.000000 
0.000000 
0.000000 
0.000000 
0.000000 
0.000000 
0.000000 
0.000000 
0.000000 
0.000000 
0.000000 
0.000000 
0.000000 
0.000000 
0.000000 
0.000000 
0.000000 
0.000000 
0.000000 
0.000000 
0.000000 
0.000000 
0.000000 
0.000000 
0.000000 
0.000000 
0.000000 
0.000000 
0.000000 
0.000000 
0.000000 
0.000000 
0.000000 
0.000000 
0.000000 
0.000000 
0.000000 
0.131126 
-1.056095 
-0.382002 
-0.374333 
0.992140 
-1.412883 
-0.808091 
-0.427301 
0.233119 
-0.466379 
-1.259911 
-0.960054 
-0.870548 
0.212088 
-1.073813 
0.794162 
-0.700142 
0.700629 
-0.763870 
-0.523841 
0.891656 
0.449764 
-1.636314 
1.129816 
-0.085696 
1.143695 
-1.128773 
-0.013473 
0.077677 
-0.277124 
0.509678 
-2.130844 
0.483559 
0.005719 
-2.550503 
-0.906639 
0.645665 
-2.201725 
-1.411301 
-1.147845 
0.371743 
0.660055 
2.431635 
-0.540025 
1.439592 
-2.445355 
1.995309 
1.052325 
0.526048 0.464348 
0.711702 0.106856 
-0.767110 0.378151 
-0.516558 -0.340314 
-0.288872 0.279701 
1.058018 -0.235188 
0.875841 -0.315657 
0.090237 -0.275823 
2.019182 0.695397 
-1.978181 0.357378 
4.710588 0.415343 
-0.262413 -0.457412 
-0.499107 -0.035208 
-0.315449 0.175164 
2.350740 0.010870 
-3.268952 0.441639 
0.595219 
0.495392 
-0.404089 
0.168403 
-0.734438 
1.725671 
-0.552900 
-0.115287 
-0.303803 
0.987280 
-1.157499 
-1.460654 
1.325349 
-1.443340 
1.206624 
-0.647957 
0.281949 
-0.350739 
-0.267080 
-2.039992 
-0.342706 
1.245370 
-1.033644 
-0.943109 
-1.651540 
1.193381 
-1.118878 
0.938121 
0.605981 
-1.392677 
0.393478 
0.092089 
-1.540459 
1.327127 
0.854985 
-0.880767 
0.446546 
-0.300948 
0.337977 
0.268153 
1.519617 
-2.515285 
1.143073 
0.339696 
0.524473 
0.235361 
0.340689 
-0.317085 
1.472949 
-0.018625 
0.237926 
0.043246 
0.003719 
0.147393 
0.397419 
0.067621 
-0.487220 
0.586252 
1.657218 
1.218832 
0.636789 
0.057002 
0.128452 
0.577342 
0.029022 
0.018482 
0.339154 
0.530379 
0.215543 
0.904054 
0.720441 
0.249854 
0.376718 
-0.409712 
0.160165 
-0.134436 
0.727348 
-0.674696 
-0.766720 
0.658815 
0.191851 
-0.230439 
0.392015 
0.571487 
0.157981 
0.187424 
-1.033390 
0.218841 
-0.042051 
-0.040751 
0.527193 
-0.141711 
-0.000824 
-0.354855 
0.003667 
0.086251 
-0.063456 
-0.024933 
-0.000800 
0.003784 
0.396378 
-0.773533 
-0.017342 
0.041503 
-0.595126 
-0.038188 
0.025387 
1.174887 
0.290657 
-0.281732 
0.057878 
-0.026260 
-0.300291 
0.037500 
-0.006029 
-0.120521 
0.022397 
0.060436 
0.045439 
0.009951 
0.028982 
-0.026663 
0.041364 
-0.088703 
0.047960 
0.063298 
0.012469 
-0.002964 
0.003365 
0.414564 
0.699821 
-0.007834 
-0.020568 
0.077679 
0.097076 
0.470924 
-0.013966 
0.054552 
0.140605 
-0.077233 
0.064869 
-0.060448 
-0.009305 
-0.078013 
0.071619 
0.736987 
-0.034091 
-0.257539 
1.060662 
0.634484 
-0.075983 
-0.043051 
-0.013602 
0.179137 
-0.052030 
0.051504 
0.592036 
0.017403 
0.667609 
0.888621 
-0.109746 
1.360778 
0.767922 
-0.996603 
0.001600 
0.966000 0.219057 0.374746 
