*************************************************************************************************************************************
|      ITER |        MB |        LE |        VM |       BVM |        IF |        IB |       MAW |       MAB |        LR |        ET | Wed Mar 13 17:58:20 2024 
-------------------------------------------------------------------------------------------------------------------------------------
|         1 |       143 |  5.35E-01 |  0.925743 |  0.925743 |     12.64 |     12.48 |  0.425735 |  0.596695 |  9.99E-03 |      0.77 | 
|         1 |       286 |  4.82E-01 |  0.928813 |  0.928813 |     13.42 |     13.04 |  0.393644 |  0.671715 |  9.97E-03 |      4.86 | 
|         1 |       429 |  4.74E-01 |  0.933705 |  0.933705 |     13.92 |     13.40 |  0.682207 |  1.262936 |  9.93E-03 |      9.19 | 
|         1 |       572 |  4.54E-01 |  0.933756 |  0.933756 |     14.15 |     13.55 |  5.298475 |  2.884887 |  9.88E-03 |     13.57 | 
|         1 |       715 |  4.55E-01 |  0.934203 |  0.934203 |     14.19 |     13.61 |  1.344480 |  0.794708 |  9.82E-03 |     17.83 | 
|         1 |       858 |  4.36E-01 |  0.932379 |  0.934203 |     14.22 |     13.61 |  1.335397 |  0.748880 |  9.74E-03 |     22.02 | 
|         1 |      1001 |  4.22E-01 |  0.939083 |  0.939083 |     14.25 |     13.66 |  0.787848 |  0.510816 |  9.65E-03 |     26.25 | 
|         1 |      1144 |  4.10E-01 |  0.949121 |  0.949121 |     14.25 |     13.68 |  0.475755 |  0.407628 |  9.54E-03 |     30.46 | 
|         1 |      1287 |  3.89E-01 |  0.945922 |  0.949121 |     14.23 |     13.70 |  1.763172 |  0.513462 |  9.42E-03 |     34.87 | 
|         1 |      1430 |  3.74E-01 |  0.945540 |  0.949121 |     14.25 |     13.75 |  0.794578 |  0.562290 |  9.29E-03 |     39.29 | 
|         1 |      1573 |  3.81E-01 |  0.931698 |  0.949121 |     14.27 |     13.83 |  1.693537 |  2.756445 |  9.15E-03 |     43.71 | 
|         1 |      1579 |  3.80E-01 |  0.937134 |  0.949121 |     14.27 |     13.84 |  4.788192 |  1.894592 |  9.14E-03 |     47.51 | 
|         2 |       143 |  2.78E-01 |  0.943005 |  0.949121 |     14.71 |     14.96 |  1.250167 |  1.480928 |  8.98E-03 |     48.32 | 
|         2 |       286 |  2.80E-01 |  0.944466 |  0.949121 |     14.42 |     14.46 | 32.578800 |  2.076429 |  8.82E-03 |     52.92 | 
|         2 |       429 |  2.80E-01 |  0.949372 |  0.949372 |     14.30 |     14.38 |  0.496294 |  1.028815 |  8.64E-03 |     57.39 | 
|         2 |       572 |  2.97E-01 |  0.940298 |  0.949372 |     14.19 |     14.36 |  2.329446 |  0.834195 |  8.45E-03 |     61.88 | 
|         2 |       715 |  2.82E-01 |  0.942497 |  0.949372 |     14.11 |     14.23 |  1.811078 |  1.246482 |  8.25E-03 |     66.69 | 
|         2 |       858 |  3.09E-01 |  0.945175 |  0.949372 |     14.05 |     14.14 |  0.646054 |  0.515217 |  8.05E-03 |     71.44 | 
|         2 |      1001 |  3.00E-01 |  0.938652 |  0.949372 |     14.01 |     14.07 |  0.866290 |  1.022396 |  7.83E-03 |     75.83 | 
|         2 |      1144 |  2.91E-01 |  0.941739 |  0.949372 |     14.03 |     14.07 |  1.033487 |  1.261897 |  7.61E-03 |     80.31 | 
|         2 |      1287 |  2.83E-01 |  0.937912 |  0.949372 |     14.03 |     14.04 |  3.525716 |  1.417856 |  7.38E-03 |     84.75 | 
|         2 |      1430 |  2.87E-01 |  0.945776 |  0.949372 |     14.05 |     14.01 |  1.135146 |  0.424652 |  7.14E-03 |     89.19 | 
|         2 |      1573 |  2.85E-01 |  0.944988 |  0.949372 |     14.05 |     13.98 |  0.991396 |  0.721884 |  6.90E-03 |     93.56 | 
|         2 |      1579 |  2.85E-01 |  0.944756 |  0.949372 |     14.05 |     13.98 |  0.347008 |  0.268038 |  6.89E-03 |     97.57 | 
|         3 |       143 |  3.68E-01 |  0.945572 |  0.949372 |     14.54 |     14.57 |  0.782021 |  1.580618 |  6.65E-03 |     98.37 | 
|         3 |       286 |  2.90E-01 |  0.939772 |  0.949372 |     14.21 |     14.14 |  0.593965 |  0.431957 |  6.40E-03 |    102.92 | 
|         3 |       429 |  3.22E-01 |  0.951936 |  0.951936 |     14.03 |     13.97 |  1.084649 |  0.797165 |  6.14E-03 |    107.61 | 
|         3 |       572 |  3.21E-01 |  0.946792 |  0.951936 |     13.99 |     13.88 |  2.422188 |  1.695809 |  5.89E-03 |    112.02 | 
|         3 |       715 |  3.03E-01 |  0.939375 |  0.951936 |     13.94 |     13.76 |  2.432797 |  0.922549 |  5.63E-03 |    116.63 | 
|         3 |       858 |  2.84E-01 |  0.938979 |  0.951936 |     13.90 |     13.67 |  0.493498 |  0.442066 |  5.38E-03 |    121.21 | 
|         3 |      1001 |  2.70E-01 |  0.941277 |  0.951936 |     13.94 |     13.66 |  2.244057 |  0.898755 |  5.12E-03 |    125.68 | 
|         3 |      1144 |  2.63E-01 |  0.943788 |  0.951936 |     14.00 |     13.67 |  0.624076 |  0.350295 |  4.87E-03 |    130.24 | 
|         3 |      1287 |  2.58E-01 |  0.941037 |  0.951936 |     14.08 |     13.71 |  0.677505 |  1.171600 |  4.62E-03 |    134.57 | 
|         3 |      1430 |  2.58E-01 |  0.943006 |  0.951936 |     14.19 |     13.78 |  0.959772 |  0.660316 |  4.37E-03 |    138.95 | 
|         3 |      1573 |  2.56E-01 |  0.948864 |  0.951936 |     14.24 |     13.80 |  0.499311 |  0.440866 |  4.12E-03 |    143.53 | 
|         3 |      1579 |  2.55E-01 |  0.947725 |  0.951936 |     14.25 |     13.80 |  0.333166 |  0.330433 |  4.11E-03 |    147.41 | 
|         4 |       143 |  2.27E-01 |  0.948280 |  0.951936 |     14.99 |     14.26 |  1.446512 |  1.097032 |  3.87E-03 |    148.21 | 
|         4 |       286 |  1.79E-01 |  0.947987 |  0.951936 |     14.99 |     14.20 |  0.337387 |  0.231745 |  3.63E-03 |    152.68 | 
|         4 |       429 |  1.90E-01 |  0.947062 |  0.951936 |     14.82 |     14.02 |  1.528797 |  1.063842 |  3.40E-03 |    157.23 | 
|         4 |       572 |  1.98E-01 |  0.947368 |  0.951936 |     14.69 |     13.89 |  1.783746 |  0.908388 |  3.18E-03 |    161.76 | 
|         4 |       715 |  1.93E-01 |  0.944448 |  0.951936 |     14.63 |     13.87 |  0.393244 |  0.229767 |  2.97E-03 |    166.19 | 
|         4 |       858 |  2.41E-01 |  0.939344 |  0.951936 |     14.56 |     13.79 |  0.414895 |  0.352141 |  2.76E-03 |    170.81 | 
|         4 |      1001 |  2.38E-01 |  0.942613 |  0.951936 |     14.54 |     13.76 |  0.530951 |  0.496004 |  2.56E-03 |    175.38 | 
|         4 |      1144 |  2.30E-01 |  0.942363 |  0.951936 |     14.50 |     13.71 |  0.528390 |  0.439988 |  2.37E-03 |    179.79 | 
|         4 |      1287 |  2.36E-01 |  0.942224 |  0.951936 |     14.46 |     13.68 | 19.808176 |  6.287868 |  2.19E-03 |    184.17 | 
|         4 |      1430 |  2.34E-01 |  0.943118 |  0.951936 |     14.47 |     13.67 |  0.859600 |  0.604311 |  2.02E-03 |    188.63 | 
|         4 |      1573 |  2.35E-01 |  0.943323 |  0.951936 |     14.53 |     13.70 |  1.698962 |  1.194453 |  1.87E-03 |    193.15 | 
|         4 |      1579 |  2.35E-01 |  0.943869 |  0.951936 |     14.54 |     13.70 |  1.779159 |  1.837731 |  1.86E-03 |    196.96 | 
|         5 |       143 |  1.69E-01 |  0.942752 |  0.951936 |     14.95 |     13.63 |  0.481708 |  0.272940 |  1.72E-03 |    197.77 | 
|         5 |       286 |  2.01E-01 |  0.943703 |  0.951936 |     14.64 |     13.54 |  0.836337 |  1.063233 |  1.58E-03 |    202.30 | 
|         5 |       429 |  2.00E-01 |  0.945411 |  0.951936 |     14.52 |     13.49 |  0.294848 |  0.202884 |  1.46E-03 |    206.65 | 
|         5 |       572 |  2.32E-01 |  0.943771 |  0.951936 |     14.47 |     13.43 |  0.324068 |  0.360023 |  1.36E-03 |    211.04 | 
|         5 |       715 |  2.26E-01 |  0.944008 |  0.951936 |     14.48 |     13.47 |  2.396078 |  1.098576 |  1.26E-03 |    215.45 | 
|         5 |       858 |  2.22E-01 |  0.941900 |  0.951936 |     14.53 |     13.47 |  0.670126 |  0.272076 |  1.18E-03 |    219.82 | 
|         5 |      1001 |  2.38E-01 |  0.945364 |  0.951936 |     14.54 |     13.46 |  0.615796 |  0.556369 |  1.12E-03 |    224.26 | 
|         5 |      1144 |  2.28E-01 |  0.945189 |  0.951936 |     14.60 |     13.58 |  0.438646 |  0.350849 |  1.07E-03 |    228.73 | 
|         5 |      1287 |  2.21E-01 |  0.942686 |  0.951936 |     14.63 |     13.61 |  0.530403 |  0.315466 |  1.03E-03 |    233.21 | 
|         5 |      1430 |  2.33E-01 |  0.946029 |  0.951936 |     14.64 |     13.61 |  5.784865 |  0.823674 |  1.01E-03 |    237.62 | 
|         5 |      1573 |  2.26E-01 |  0.944213 |  0.951936 |     14.67 |     13.63 |  1.590808 |  2.045431 |  1.00E-03 |    242.11 | 
|         5 |      1579 |  2.25E-01 |  0.944148 |  0.951936 |     14.67 |     13.63 |  0.639601 |  0.439948 |  1.00E-03 |    245.88 | 
-------------------------------------------------------------------------------------------------------------------------------------
