*************************************************************************************************************************************
|      ITER |        MB |        LE |        VM |       BVM |        IF |        IB |       MAW |       MAB |        LR |        ET | Thu Mar  7 17:24:07 2024 
-------------------------------------------------------------------------------------------------------------------------------------
|         1 |        74 |  8.44E-01 |  0.890896 |  0.890896 |      6.00 |      5.00 |  1.234292 |  0.458903 |  1.00E-02 |      0.09 | 
|         1 |       148 |  5.57E-01 |  0.907112 |  0.907112 |      6.00 |      5.00 |  0.433390 |  0.357430 |  1.00E-02 |      0.27 | 
|         1 |       222 |  4.34E-01 |  0.873932 |  0.907112 |      6.00 |      5.00 |  0.568313 |  0.200130 |  1.00E-02 |      0.45 | 
|         1 |       296 |  3.60E-01 |  0.834290 |  0.907112 |      6.00 |      5.00 |  0.624632 |  0.243180 |  9.99E-03 |      0.62 | 
|         1 |       370 |  2.99E-01 |  0.892066 |  0.907112 |      6.00 |      5.00 |  0.597270 |  0.241185 |  9.99E-03 |      0.80 | 
|         1 |       444 |  2.73E-01 |  0.899482 |  0.907112 |      6.00 |      5.00 |  1.042995 |  0.332754 |  9.98E-03 |      0.98 | 
|         1 |       518 |  2.44E-01 |  0.883671 |  0.907112 |      6.00 |      5.00 |  0.242715 |  0.113238 |  9.98E-03 |      1.16 | 
|         1 |       592 |  2.18E-01 |  0.881551 |  0.907112 |      6.00 |      5.00 |  0.138463 |  0.108810 |  9.97E-03 |      1.34 | 
|         1 |       666 |  2.00E-01 |  0.895671 |  0.907112 |      6.00 |      5.00 |  0.297265 |  0.198015 |  9.96E-03 |      1.52 | 
|         1 |       740 |  1.84E-01 |  0.862093 |  0.907112 |      6.00 |      5.00 |  0.569077 |  0.152217 |  9.96E-03 |      1.70 | 
|         1 |       814 |  1.71E-01 |  0.889911 |  0.907112 |      6.00 |      5.00 |  0.417970 |  0.108353 |  9.95E-03 |      1.88 | 
|         1 |       823 |  1.70E-01 |  0.881744 |  0.907112 |      6.00 |      5.00 |  0.371842 |  0.332177 |  9.94E-03 |      2.00 | 
|         2 |        74 |  3.83E-02 |  0.880833 |  0.907112 |      6.00 |      5.00 |  0.153048 |  0.091762 |  9.93E-03 |      2.08 | 
|         2 |       148 |  3.64E-02 |  0.886339 |  0.907112 |      6.00 |      5.00 |  0.091115 |  0.066741 |  9.92E-03 |      2.27 | 
|         2 |       222 |  3.78E-02 |  0.896401 |  0.907112 |      6.00 |      5.00 |  0.223550 |  0.121642 |  9.91E-03 |      2.45 | 
|         2 |       296 |  3.95E-02 |  0.881751 |  0.907112 |      6.00 |      5.00 |  0.356960 |  0.186506 |  9.90E-03 |      2.63 | 
|         2 |       370 |  3.90E-02 |  0.854725 |  0.907112 |      6.00 |      5.00 |  0.100127 |  0.054307 |  9.88E-03 |      2.81 | 
|         2 |       444 |  5.08E-02 |  0.900769 |  0.907112 |      6.00 |      5.00 |  0.523905 |  0.320447 |  9.87E-03 |      2.99 | 
|         2 |       518 |  6.33E-02 |  0.909804 |  0.909804 |      6.00 |      5.00 |  0.576836 |  0.296292 |  9.85E-03 |      3.16 | 
|         2 |       592 |  6.24E-02 |  0.920285 |  0.920285 |      6.00 |      5.00 |  0.260910 |  0.150475 |  9.84E-03 |      3.34 | 
|         2 |       666 |  6.56E-02 |  0.885714 |  0.920285 |      6.00 |      5.00 |  1.019457 |  0.502583 |  9.82E-03 |      3.52 | 
|         2 |       740 |  7.19E-02 |  0.850859 |  0.920285 |      6.00 |      5.00 |  0.257228 |  0.114103 |  9.80E-03 |      3.69 | 
|         2 |       814 |  7.33E-02 |  0.914410 |  0.920285 |      6.00 |      5.00 |  0.608777 |  0.315865 |  9.78E-03 |      3.87 | 
|         2 |       823 |  7.34E-02 |  0.886720 |  0.920285 |      6.00 |      5.00 |  0.594164 |  0.238404 |  9.78E-03 |      3.99 | 
|         3 |        74 |  7.79E-02 |  0.886981 |  0.920285 |      6.00 |      5.00 |  0.505593 |  0.264876 |  9.76E-03 |      4.07 | 
|         3 |       148 |  6.22E-02 |  0.899197 |  0.920285 |      6.00 |      5.00 |  1.163054 |  0.707102 |  9.74E-03 |      4.25 | 
|         3 |       222 |  6.14E-02 |  0.908372 |  0.920285 |      6.00 |      5.00 |  0.213892 |  0.137771 |  9.72E-03 |      4.42 | 
|         3 |       296 |  6.59E-02 |  0.913580 |  0.920285 |      6.00 |      5.00 |  0.266035 |  0.183555 |  9.69E-03 |      4.60 | 
|         3 |       370 |  6.61E-02 |  0.919482 |  0.920285 |      6.00 |      5.00 |  0.219535 |  0.154632 |  9.67E-03 |      4.77 | 
|         3 |       444 |  6.38E-02 |  0.899413 |  0.920285 |      6.00 |      5.00 |  1.149221 |  0.398482 |  9.65E-03 |      4.95 | 
|         3 |       518 |  6.06E-02 |  0.906134 |  0.920285 |      6.00 |      5.00 |  0.174550 |  0.057518 |  9.62E-03 |      5.13 | 
|         3 |       592 |  7.95E-02 |  0.861029 |  0.920285 |      6.00 |      5.00 |  0.205685 |  0.180632 |  9.60E-03 |      5.31 | 
|         3 |       666 |  8.82E-02 |  0.895095 |  0.920285 |      6.00 |      5.00 |  0.374694 |  0.218287 |  9.57E-03 |      5.49 | 
|         3 |       740 |  1.11E-01 |  0.894118 |  0.920285 |      6.00 |      5.00 |  1.437768 |  0.497093 |  9.54E-03 |      5.66 | 
|         3 |       814 |  1.54E-01 |  0.899181 |  0.920285 |      6.00 |      5.00 |  0.823214 |  0.246099 |  9.51E-03 |      5.85 | 
|         3 |       823 |  1.55E-01 |  0.904090 |  0.920285 |      6.00 |      5.00 |  0.434494 |  0.429440 |  9.51E-03 |      5.96 | 
|         4 |        74 |  2.86E-01 |  0.896401 |  0.920285 |      6.00 |      5.00 |  0.531417 |  0.305109 |  9.48E-03 |      6.04 | 
|         4 |       148 |  3.21E-01 |  0.885402 |  0.920285 |      6.00 |      5.00 |  1.917503 |  0.343067 |  9.45E-03 |      6.22 | 
|         4 |       222 |  3.84E-01 |  0.878049 |  0.920285 |      6.00 |      5.00 |  0.767528 |  0.259279 |  9.42E-03 |      6.40 | 
|         4 |       296 |  3.56E-01 |  0.893390 |  0.920285 |      6.00 |      5.00 |  0.322399 |  0.236165 |  9.39E-03 |      6.57 | 
|         4 |       370 |  3.18E-01 |  0.861581 |  0.920285 |      6.00 |      5.00 |  0.204025 |  0.135320 |  9.36E-03 |      6.75 | 
|         4 |       444 |  3.01E-01 |  0.907837 |  0.920285 |      6.00 |      5.00 |  0.938496 |  1.056635 |  9.32E-03 |      6.93 | 
|         4 |       518 |  3.25E-01 |  0.863029 |  0.920285 |      6.00 |      5.00 |  4.069839 |  0.936848 |  9.29E-03 |      7.11 | 
|         4 |       592 |  3.19E-01 |  0.903730 |  0.920285 |      6.00 |      5.00 |  0.557104 |  0.155789 |  9.25E-03 |      7.29 | 
|         4 |       666 |  3.05E-01 |  0.887455 |  0.920285 |      6.00 |      5.00 |  0.360401 |  0.218797 |  9.22E-03 |      7.46 | 
|         4 |       740 |  2.91E-01 |  0.895382 |  0.920285 |      6.00 |      5.00 |  0.585330 |  0.201701 |  9.18E-03 |      7.64 | 
|         4 |       814 |  3.42E-01 |  0.903413 |  0.920285 |      6.00 |      5.00 |  1.289861 |  0.527974 |  9.15E-03 |      7.82 | 
|         4 |       823 |  3.43E-01 |  0.904935 |  0.920285 |      6.00 |      5.00 |  0.466345 |  0.396674 |  9.14E-03 |      7.93 | 
|         5 |        74 |  5.84E-01 |  0.911383 |  0.920285 |      6.00 |      5.00 |  0.266584 |  0.345645 |  9.10E-03 |      8.01 | 
|         5 |       148 |  5.73E-01 |  0.910934 |  0.920285 |      6.00 |      5.00 |  0.545433 |  0.167770 |  9.06E-03 |      8.19 | 
|         5 |       222 |  5.39E-01 |  0.877677 |  0.920285 |      6.00 |      5.00 |  5.190520 |  0.904190 |  9.03E-03 |      8.37 | 
|         5 |       296 |  5.08E-01 |  0.906239 |  0.920285 |      6.00 |      5.00 |  0.333421 |  0.140529 |  8.99E-03 |      8.54 | 
|         5 |       370 |  4.71E-01 |  0.903203 |  0.920285 |      6.00 |      5.00 |  3.599373 |  0.942805 |  8.94E-03 |      8.72 | 
|         5 |       444 |  4.35E-01 |  0.907296 |  0.920285 |      6.00 |      5.00 |  0.999028 |  0.337227 |  8.90E-03 |      8.90 | 
|         5 |       518 |  4.06E-01 |  0.876397 |  0.920285 |      6.00 |      5.00 |  0.662940 |  0.485402 |  8.86E-03 |      9.08 | 
|         5 |       592 |  3.82E-01 |  0.885806 |  0.920285 |      6.00 |      5.00 |  0.756562 |  0.732649 |  8.82E-03 |      9.26 | 
|         5 |       666 |  3.61E-01 |  0.873752 |  0.920285 |      6.00 |      5.00 |  0.673002 |  0.383386 |  8.78E-03 |      9.44 | 
|         5 |       740 |  3.46E-01 |  0.852448 |  0.920285 |      6.00 |      5.00 |  0.329108 |  0.228227 |  8.73E-03 |      9.62 | 
|         5 |       814 |  3.30E-01 |  0.825250 |  0.920285 |      6.00 |      5.00 |  0.284409 |  0.197826 |  8.69E-03 |      9.80 | 
|         5 |       823 |  3.28E-01 |  0.796657 |  0.920285 |      6.00 |      5.00 |  0.686873 |  0.194534 |  8.68E-03 |      9.92 | 
|         6 |        74 |  1.46E-01 |  0.831105 |  0.920285 |      6.00 |      5.00 |  0.474483 |  0.372540 |  8.64E-03 |     10.00 | 
|         6 |       148 |  1.48E-01 |  0.883737 |  0.920285 |      6.00 |      5.00 |  0.428285 |  0.238770 |  8.59E-03 |     10.18 | 
|         6 |       222 |  1.53E-01 |  0.831564 |  0.920285 |      6.00 |      5.00 |  0.469839 |  0.206467 |  8.54E-03 |     10.36 | 
|         6 |       296 |  1.51E-01 |  0.858139 |  0.920285 |      6.00 |      5.00 |  0.685320 |  0.266225 |  8.50E-03 |     10.55 | 
|         6 |       370 |  1.52E-01 |  0.885094 |  0.920285 |      6.00 |      5.00 |  1.801634 |  0.966721 |  8.45E-03 |     10.73 | 
|         6 |       444 |  1.55E-01 |  0.842999 |  0.920285 |      6.00 |      5.00 |  1.857968 |  0.862342 |  8.40E-03 |     10.91 | 
|         6 |       518 |  1.54E-01 |  0.864502 |  0.920285 |      6.00 |      5.00 |  0.549701 |  0.305996 |  8.35E-03 |     11.09 | 
|         6 |       592 |  1.52E-01 |  0.880439 |  0.920285 |      6.00 |      5.00 |  0.657300 |  0.159119 |  8.30E-03 |     11.27 | 
|         6 |       666 |  1.58E-01 |  0.906725 |  0.920285 |      6.00 |      5.00 |  0.353812 |  0.164376 |  8.25E-03 |     11.45 | 
|         6 |       740 |  1.66E-01 |  0.904062 |  0.920285 |      6.00 |      5.00 | 12.014172 |  1.391264 |  8.20E-03 |     11.62 | 
|         6 |       814 |  1.71E-01 |  0.890669 |  0.920285 |      6.00 |      5.00 |  1.837217 |  0.601789 |  8.15E-03 |     11.80 | 
|         6 |       823 |  1.71E-01 |  0.890391 |  0.920285 |      6.00 |      5.00 |  1.621357 |  0.559465 |  8.15E-03 |     11.91 | 
|         7 |        74 |  1.62E-01 |  0.865617 |  0.920285 |      6.00 |      5.00 |  0.286647 |  0.198173 |  8.09E-03 |     12.00 | 
|         7 |       148 |  2.13E-01 |  0.903593 |  0.920285 |      6.00 |      5.00 |  1.144787 |  0.646803 |  8.04E-03 |     12.18 | 
|         7 |       222 |  2.10E-01 |  0.881974 |  0.920285 |      6.00 |      5.00 |  1.131150 |  0.478359 |  7.99E-03 |     12.36 | 
|         7 |       296 |  1.96E-01 |  0.895294 |  0.920285 |      6.00 |      5.00 |  0.416038 |  0.233500 |  7.94E-03 |     12.54 | 
|         7 |       370 |  1.86E-01 |  0.892520 |  0.920285 |      6.00 |      5.00 |  1.798506 |  0.710754 |  7.88E-03 |     12.72 | 
|         7 |       444 |  1.82E-01 |  0.886510 |  0.920285 |      6.00 |      5.00 |  0.435059 |  0.113530 |  7.83E-03 |     12.90 | 
|         7 |       518 |  1.76E-01 |  0.834225 |  0.920285 |      6.00 |      5.00 |  0.584358 |  0.403076 |  7.77E-03 |     13.07 | 
|         7 |       592 |  1.76E-01 |  0.887273 |  0.920285 |      6.00 |      5.00 |  2.351582 |  1.010146 |  7.72E-03 |     13.25 | 
|         7 |       666 |  1.69E-01 |  0.873514 |  0.920285 |      6.00 |      5.00 |  1.020650 |  0.326350 |  7.66E-03 |     13.43 | 
|         7 |       740 |  1.61E-01 |  0.914901 |  0.920285 |      6.00 |      5.00 |  0.754543 |  0.216451 |  7.61E-03 |     13.61 | 
|         7 |       814 |  1.59E-01 |  0.902430 |  0.920285 |      6.00 |      5.00 |  0.995998 |  0.324728 |  7.55E-03 |     13.79 | 
|         7 |       823 |  1.59E-01 |  0.909156 |  0.920285 |      6.00 |      5.00 |  0.373050 |  0.317507 |  7.54E-03 |     13.90 | 
|         8 |        74 |  1.78E-01 |  0.907261 |  0.920285 |      6.00 |      5.00 |  0.316997 |  0.095142 |  7.49E-03 |     13.98 | 
|         8 |       148 |  1.59E-01 |  0.902032 |  0.920285 |      6.00 |      5.00 |  0.380649 |  0.180589 |  7.43E-03 |     14.16 | 
|         8 |       222 |  1.47E-01 |  0.892265 |  0.920285 |      6.00 |      5.00 |  3.383305 |  0.981368 |  7.37E-03 |     14.34 | 
|         8 |       296 |  1.26E-01 |  0.896747 |  0.920285 |      6.00 |      5.00 |  0.443947 |  0.183544 |  7.31E-03 |     14.52 | 
|         8 |       370 |  1.20E-01 |  0.901633 |  0.920285 |      6.00 |      5.00 |  1.519909 |  0.296576 |  7.26E-03 |     14.69 | 
|         8 |       444 |  1.28E-01 |  0.899785 |  0.920285 |      6.00 |      5.00 |  7.695143 |  1.920372 |  7.20E-03 |     14.87 | 
|         8 |       518 |  1.24E-01 |  0.899494 |  0.920285 |      6.00 |      5.00 |  0.464906 |  0.155031 |  7.14E-03 |     15.05 | 
|         8 |       592 |  1.23E-01 |  0.890922 |  0.920285 |      6.00 |      5.00 |  1.422089 |  0.714452 |  7.08E-03 |     15.23 | 
|         8 |       666 |  1.21E-01 |  0.901847 |  0.920285 |      6.00 |      5.00 |  9.200203 |  2.211500 |  7.02E-03 |     15.41 | 
|         8 |       740 |  1.17E-01 |  0.898551 |  0.920285 |      6.00 |      5.00 |  0.796376 |  0.272460 |  6.96E-03 |     15.59 | 
|         8 |       814 |  1.12E-01 |  0.893362 |  0.920285 |      6.00 |      5.00 |  2.941397 |  0.758382 |  6.90E-03 |     15.76 | 
|         8 |       823 |  1.11E-01 |  0.902597 |  0.920285 |      6.00 |      5.00 |  0.360459 |  0.117677 |  6.89E-03 |     15.88 | 
|         9 |        74 |  5.77E-02 |  0.905225 |  0.920285 |      6.00 |      5.00 |  1.363384 |  0.471559 |  6.83E-03 |     15.96 | 
|         9 |       148 |  9.89E-02 |  0.904348 |  0.920285 |      6.00 |      5.00 |  0.299910 |  0.076178 |  6.77E-03 |     16.14 | 
|         9 |       222 |  9.12E-02 |  0.900585 |  0.920285 |      6.00 |      5.00 |  2.414440 |  0.278595 |  6.71E-03 |     16.31 | 
|         9 |       296 |  9.39E-02 |  0.918045 |  0.920285 |      6.00 |      5.00 |  0.267549 |  0.081899 |  6.65E-03 |     16.49 | 
|         9 |       370 |  1.04E-01 |  0.904948 |  0.920285 |      6.00 |      5.00 |  4.392225 |  0.880567 |  6.59E-03 |     16.67 | 
|         9 |       444 |  1.11E-01 |  0.908892 |  0.920285 |      6.00 |      5.00 |  1.537703 |  0.335095 |  6.52E-03 |     16.85 | 
|         9 |       518 |  1.06E-01 |  0.896479 |  0.920285 |      6.00 |      5.00 |  0.656983 |  0.098769 |  6.46E-03 |     17.02 | 
|         9 |       592 |  9.95E-02 |  0.890086 |  0.920285 |      6.00 |      5.00 |  0.410863 |  0.097004 |  6.40E-03 |     17.20 | 
|         9 |       666 |  1.01E-01 |  0.888731 |  0.920285 |      6.00 |      5.00 |  7.771017 |  2.620862 |  6.34E-03 |     17.38 | 
|         9 |       740 |  1.20E-01 |  0.872196 |  0.920285 |      6.00 |      5.00 |  0.871778 |  0.317739 |  6.27E-03 |     17.56 | 
|         9 |       814 |  1.34E-01 |  0.887850 |  0.920285 |      6.00 |      5.00 |  0.415296 |  0.132396 |  6.21E-03 |     17.73 | 
|         9 |       823 |  1.35E-01 |  0.895176 |  0.920285 |      6.00 |      5.00 |  1.864293 |  0.270717 |  6.20E-03 |     17.85 | 
|        10 |        74 |  1.80E-01 |  0.887062 |  0.920285 |      6.00 |      5.00 |  3.510292 |  0.528277 |  6.14E-03 |     17.93 | 
|        10 |       148 |  1.45E-01 |  0.883621 |  0.920285 |      6.00 |      5.00 |  0.906087 |  0.133738 |  6.08E-03 |     18.11 | 
|        10 |       222 |  1.33E-01 |  0.873808 |  0.920285 |      6.00 |      5.00 |  1.375452 |  0.500604 |  6.02E-03 |     18.29 | 
|        10 |       296 |  1.44E-01 |  0.881961 |  0.920285 |      6.00 |      5.00 |  1.091853 |  0.283513 |  5.95E-03 |     18.46 | 
|        10 |       370 |  1.41E-01 |  0.878223 |  0.920285 |      6.00 |      5.00 |  3.554352 |  0.489705 |  5.89E-03 |     18.64 | 
|        10 |       444 |  1.52E-01 |  0.906273 |  0.920285 |      6.00 |      5.00 |  1.070142 |  0.186264 |  5.83E-03 |     18.82 | 
|        10 |       518 |  1.55E-01 |  0.898236 |  0.920285 |      6.00 |      5.00 |  1.051422 |  0.292399 |  5.76E-03 |     19.00 | 
|        10 |       592 |  1.46E-01 |  0.894143 |  0.920285 |      6.00 |      5.00 |  1.342486 |  0.145511 |  5.70E-03 |     19.17 | 
|        10 |       666 |  1.37E-01 |  0.869816 |  0.920285 |      6.00 |      5.00 |  0.466547 |  0.155363 |  5.64E-03 |     19.35 | 
|        10 |       740 |  1.28E-01 |  0.883906 |  0.920285 |      6.00 |      5.00 |  0.692356 |  0.129118 |  5.57E-03 |     19.53 | 
|        10 |       814 |  1.21E-01 |  0.876087 |  0.920285 |      6.00 |      5.00 |  0.596651 |  0.160057 |  5.51E-03 |     19.71 | 
|        10 |       823 |  1.20E-01 |  0.884017 |  0.920285 |      6.00 |      5.00 |  0.607909 |  0.143701 |  5.50E-03 |     19.82 | 
|        11 |        74 |  4.25E-02 |  0.888488 |  0.920285 |      6.00 |      5.00 |  0.596292 |  0.116871 |  5.44E-03 |     19.91 | 
|        11 |       148 |  4.81E-02 |  0.891012 |  0.920285 |      6.00 |      5.00 |  0.553886 |  0.137186 |  5.37E-03 |     20.09 | 
|        11 |       222 |  4.67E-02 |  0.884892 |  0.920285 |      6.00 |      5.00 |  0.754458 |  0.192030 |  5.31E-03 |     20.26 | 
|        11 |       296 |  4.74E-02 |  0.866884 |  0.920285 |      6.00 |      5.00 |  1.072920 |  0.095535 |  5.25E-03 |     20.44 | 
|        11 |       370 |  4.51E-02 |  0.862536 |  0.920285 |      6.00 |      5.00 |  0.410066 |  0.063314 |  5.18E-03 |     20.62 | 
|        11 |       444 |  4.41E-02 |  0.864242 |  0.920285 |      6.00 |      5.00 |  0.190827 |  0.065032 |  5.12E-03 |     20.80 | 
|        11 |       518 |  4.36E-02 |  0.913659 |  0.920285 |      6.00 |      5.00 |  0.913500 |  0.156036 |  5.06E-03 |     20.98 | 
|        11 |       592 |  4.33E-02 |  0.892508 |  0.920285 |      6.00 |      5.00 |  0.789063 |  0.176919 |  4.99E-03 |     21.16 | 
|        11 |       666 |  5.04E-02 |  0.912419 |  0.920285 |      6.00 |      5.00 |  0.643932 |  0.155846 |  4.93E-03 |     21.34 | 
|        11 |       740 |  5.53E-02 |  0.906609 |  0.920285 |      6.00 |      5.00 |  0.782441 |  0.182603 |  4.87E-03 |     21.51 | 
|        11 |       814 |  6.25E-02 |  0.893587 |  0.920285 |      6.00 |      5.00 |  0.724653 |  0.242739 |  4.80E-03 |     21.69 | 
|        11 |       823 |  6.25E-02 |  0.893770 |  0.920285 |      6.00 |      5.00 |  0.610761 |  0.182518 |  4.80E-03 |     21.80 | 
|        12 |        74 |  4.75E-02 |  0.900901 |  0.920285 |      6.00 |      5.00 |  0.487402 |  0.106848 |  4.73E-03 |     21.89 | 
|        12 |       148 |  5.12E-02 |  0.892296 |  0.920285 |      6.00 |      5.00 |  0.395783 |  0.083442 |  4.67E-03 |     22.07 | 
|        12 |       222 |  4.99E-02 |  0.892973 |  0.920285 |      6.00 |      5.00 |  0.432878 |  0.110626 |  4.61E-03 |     22.24 | 
|        12 |       296 |  4.74E-02 |  0.902564 |  0.920285 |      6.00 |      5.00 |  1.049250 |  0.192796 |  4.55E-03 |     22.42 | 
|        12 |       370 |  5.08E-02 |  0.886471 |  0.920285 |      6.00 |      5.00 |  0.152768 |  0.060257 |  4.48E-03 |     22.60 | 
|        12 |       444 |  4.95E-02 |  0.890585 |  0.920285 |      6.00 |      5.00 |  0.641693 |  0.126631 |  4.42E-03 |     22.78 | 
|        12 |       518 |  4.83E-02 |  0.883030 |  0.920285 |      6.00 |      5.00 |  0.211180 |  0.051336 |  4.36E-03 |     22.96 | 
|        12 |       592 |  4.86E-02 |  0.876285 |  0.920285 |      6.00 |      5.00 |  0.772432 |  0.116472 |  4.30E-03 |     23.14 | 
|        12 |       666 |  4.92E-02 |  0.880028 |  0.920285 |      6.00 |      5.00 |  0.443327 |  0.158577 |  4.24E-03 |     23.32 | 
|        12 |       740 |  5.11E-02 |  0.872860 |  0.920285 |      6.00 |      5.00 |  0.781149 |  0.174712 |  4.18E-03 |     23.50 | 
|        12 |       814 |  5.08E-02 |  0.880379 |  0.920285 |      6.00 |      5.00 |  0.798253 |  0.188523 |  4.12E-03 |     23.68 | 
|        12 |       823 |  5.07E-02 |  0.883475 |  0.920285 |      6.00 |      5.00 |  1.031463 |  0.149213 |  4.11E-03 |     23.80 | 
|        13 |        74 |  3.80E-02 |  0.880084 |  0.920285 |      6.00 |      5.00 |  0.501010 |  0.191627 |  4.05E-03 |     23.88 | 
|        13 |       148 |  4.18E-02 |  0.885007 |  0.920285 |      6.00 |      5.00 |  0.720425 |  0.168044 |  3.99E-03 |     24.07 | 
|        13 |       222 |  4.00E-02 |  0.898323 |  0.920285 |      6.00 |      5.00 |  0.790310 |  0.080018 |  3.93E-03 |     24.25 | 
|        13 |       296 |  3.94E-02 |  0.885518 |  0.920285 |      6.00 |      5.00 |  0.597793 |  0.115737 |  3.87E-03 |     24.42 | 
|        13 |       370 |  4.38E-02 |  0.884715 |  0.920285 |      6.00 |      5.00 |  0.146245 |  0.056491 |  3.81E-03 |     24.60 | 
|        13 |       444 |  4.16E-02 |  0.885281 |  0.920285 |      6.00 |      5.00 |  0.362737 |  0.114499 |  3.75E-03 |     24.78 | 
|        13 |       518 |  4.16E-02 |  0.878083 |  0.920285 |      6.00 |      5.00 |  0.419624 |  0.116855 |  3.69E-03 |     24.96 | 
|        13 |       592 |  4.11E-02 |  0.890106 |  0.920285 |      6.00 |      5.00 |  0.661682 |  0.106302 |  3.64E-03 |     25.15 | 
|        13 |       666 |  4.04E-02 |  0.883771 |  0.920285 |      6.00 |      5.00 |  0.334214 |  0.076912 |  3.58E-03 |     25.33 | 
|        13 |       740 |  4.01E-02 |  0.905523 |  0.920285 |      6.00 |      5.00 |  0.631157 |  0.163848 |  3.52E-03 |     25.50 | 
|        13 |       814 |  4.01E-02 |  0.867358 |  0.920285 |      6.00 |      5.00 |  0.587856 |  0.146589 |  3.46E-03 |     25.68 | 
|        13 |       823 |  4.01E-02 |  0.881947 |  0.920285 |      6.00 |      5.00 |  0.720344 |  0.132397 |  3.46E-03 |     25.80 | 
|        14 |        74 |  3.42E-02 |  0.878295 |  0.920285 |      6.00 |      5.00 |  0.261748 |  0.127406 |  3.40E-03 |     25.88 | 
|        14 |       148 |  3.24E-02 |  0.870851 |  0.920285 |      6.00 |      5.00 |  0.312933 |  0.166680 |  3.35E-03 |     26.06 | 
|        14 |       222 |  3.20E-02 |  0.874954 |  0.920285 |      6.00 |      5.00 |  0.300139 |  0.058632 |  3.29E-03 |     26.24 | 
|        14 |       296 |  3.26E-02 |  0.877396 |  0.920285 |      6.00 |      5.00 |  0.326173 |  0.075799 |  3.23E-03 |     26.42 | 
|        14 |       370 |  3.22E-02 |  0.877529 |  0.920285 |      6.00 |      5.00 |  0.259754 |  0.104951 |  3.18E-03 |     26.60 | 
|        14 |       444 |  3.18E-02 |  0.895954 |  0.920285 |      6.00 |      5.00 |  1.235076 |  0.105561 |  3.13E-03 |     26.78 | 
|        14 |       518 |  3.27E-02 |  0.869349 |  0.920285 |      6.00 |      5.00 |  0.300892 |  0.069579 |  3.07E-03 |     26.95 | 
|        14 |       592 |  3.25E-02 |  0.863023 |  0.920285 |      6.00 |      5.00 |  0.288377 |  0.143679 |  3.02E-03 |     27.13 | 
|        14 |       666 |  3.24E-02 |  0.874819 |  0.920285 |      6.00 |      5.00 |  0.626276 |  0.120005 |  2.97E-03 |     27.31 | 
|        14 |       740 |  3.29E-02 |  0.817189 |  0.920285 |      6.00 |      5.00 |  0.222442 |  0.064697 |  2.91E-03 |     27.49 | 
|        14 |       814 |  3.31E-02 |  0.873289 |  0.920285 |      6.00 |      5.00 |  1.860400 |  0.122256 |  2.86E-03 |     27.67 | 
|        14 |       823 |  3.31E-02 |  0.860186 |  0.920285 |      6.00 |      5.00 |  0.336505 |  0.121947 |  2.86E-03 |     27.79 | 
|        15 |        74 |  3.39E-02 |  0.879433 |  0.920285 |      6.00 |      5.00 |  0.186771 |  0.057062 |  2.80E-03 |     27.87 | 
|        15 |       148 |  3.18E-02 |  0.859175 |  0.920285 |      6.00 |      5.00 |  1.406661 |  0.091572 |  2.75E-03 |     28.05 | 
|        15 |       222 |  3.19E-02 |  0.883005 |  0.920285 |      6.00 |      5.00 |  0.282308 |  0.148940 |  2.70E-03 |     28.23 | 
|        15 |       296 |  3.12E-02 |  0.864078 |  0.920285 |      6.00 |      5.00 |  0.641705 |  0.242967 |  2.65E-03 |     28.41 | 
|        15 |       370 |  3.08E-02 |  0.872676 |  0.920285 |      6.00 |      5.00 |  0.414519 |  0.088362 |  2.61E-03 |     28.59 | 
|        15 |       444 |  3.07E-02 |  0.875761 |  0.920285 |      6.00 |      5.00 |  0.419732 |  0.116410 |  2.56E-03 |     28.77 | 
|        15 |       518 |  3.04E-02 |  0.885328 |  0.920285 |      6.00 |      5.00 |  0.187767 |  0.029606 |  2.51E-03 |     28.95 | 
|        15 |       592 |  3.05E-02 |  0.863808 |  0.920285 |      6.00 |      5.00 |  0.241525 |  0.071431 |  2.46E-03 |     29.13 | 
|        15 |       666 |  3.03E-02 |  0.863009 |  0.920285 |      6.00 |      5.00 |  0.441520 |  0.122266 |  2.42E-03 |     29.31 | 
|        15 |       740 |  3.02E-02 |  0.867830 |  0.920285 |      6.00 |      5.00 |  0.293019 |  0.131753 |  2.37E-03 |     29.49 | 
|        15 |       814 |  3.07E-02 |  0.856848 |  0.920285 |      6.00 |      5.00 |  0.369990 |  0.081494 |  2.32E-03 |     29.67 | 
|        15 |       823 |  3.06E-02 |  0.850333 |  0.920285 |      6.00 |      5.00 |  0.468115 |  0.211352 |  2.32E-03 |     29.78 | 
|        16 |        74 |  3.10E-02 |  0.883653 |  0.920285 |      6.00 |      5.00 |  0.587107 |  0.082315 |  2.27E-03 |     29.87 | 
|        16 |       148 |  3.04E-02 |  0.870272 |  0.920285 |      6.00 |      5.00 |  0.313539 |  0.098389 |  2.23E-03 |     30.04 | 
|        16 |       222 |  3.11E-02 |  0.839199 |  0.920285 |      6.00 |      5.00 |  0.506001 |  0.109131 |  2.19E-03 |     30.22 | 
|        16 |       296 |  3.02E-02 |  0.874732 |  0.920285 |      6.00 |      5.00 |  0.187837 |  0.116749 |  2.14E-03 |     30.40 | 
|        16 |       370 |  3.04E-02 |  0.833220 |  0.920285 |      6.00 |      5.00 |  0.627546 |  0.141621 |  2.10E-03 |     30.58 | 
|        16 |       444 |  3.00E-02 |  0.863541 |  0.920285 |      6.00 |      5.00 |  0.178938 |  0.069549 |  2.06E-03 |     30.76 | 
|        16 |       518 |  2.95E-02 |  0.859310 |  0.920285 |      6.00 |      5.00 |  0.255891 |  0.087595 |  2.02E-03 |     30.94 | 
|        16 |       592 |  2.95E-02 |  0.870284 |  0.920285 |      6.00 |      5.00 |  0.381310 |  0.170650 |  1.98E-03 |     31.12 | 
|        16 |       666 |  2.96E-02 |  0.852257 |  0.920285 |      6.00 |      5.00 |  0.887092 |  0.125306 |  1.94E-03 |     31.30 | 
|        16 |       740 |  2.94E-02 |  0.856845 |  0.920285 |      6.00 |      5.00 |  0.219876 |  0.100971 |  1.90E-03 |     31.48 | 
|        16 |       814 |  2.94E-02 |  0.868136 |  0.920285 |      6.00 |      5.00 |  0.291016 |  0.069128 |  1.86E-03 |     31.66 | 
|        16 |       823 |  2.93E-02 |  0.874163 |  0.920285 |      6.00 |      5.00 |  0.247567 |  0.083786 |  1.86E-03 |     31.78 | 
|        17 |        74 |  2.90E-02 |  0.856256 |  0.920285 |      6.00 |      5.00 |  0.131835 |  0.056526 |  1.82E-03 |     31.86 | 
|        17 |       148 |  2.92E-02 |  0.870255 |  0.920285 |      6.00 |      5.00 |  0.149719 |  0.054518 |  1.79E-03 |     32.04 | 
|        17 |       222 |  3.04E-02 |  0.864629 |  0.920285 |      6.00 |      5.00 |  0.234792 |  0.069012 |  1.75E-03 |     32.22 | 
|        17 |       296 |  2.95E-02 |  0.870331 |  0.920285 |      6.00 |      5.00 |  0.428344 |  0.166394 |  1.72E-03 |     32.41 | 
|        17 |       370 |  2.92E-02 |  0.833867 |  0.920285 |      6.00 |      5.00 |  1.520278 |  0.154746 |  1.68E-03 |     32.59 | 
|        17 |       444 |  2.87E-02 |  0.843931 |  0.920285 |      6.00 |      5.00 |  0.297215 |  0.086657 |  1.65E-03 |     32.77 | 
|        17 |       518 |  2.84E-02 |  0.849582 |  0.920285 |      6.00 |      5.00 |  0.172253 |  0.047690 |  1.62E-03 |     32.95 | 
|        17 |       592 |  2.86E-02 |  0.858035 |  0.920285 |      6.00 |      5.00 |  0.512643 |  0.106889 |  1.58E-03 |     33.13 | 
|        17 |       666 |  2.87E-02 |  0.870739 |  0.920285 |      6.00 |      5.00 |  0.580171 |  0.071990 |  1.55E-03 |     33.31 | 
|        17 |       740 |  2.83E-02 |  0.860668 |  0.920285 |      6.00 |      5.00 |  0.230772 |  0.059858 |  1.52E-03 |     33.50 | 
|        17 |       814 |  2.84E-02 |  0.849190 |  0.920285 |      6.00 |      5.00 |  0.966254 |  0.143283 |  1.49E-03 |     33.67 | 
|        17 |       823 |  2.84E-02 |  0.860569 |  0.920285 |      6.00 |      5.00 |  0.420298 |  0.096310 |  1.49E-03 |     33.79 | 
|        18 |        74 |  2.75E-02 |  0.869349 |  0.920285 |      6.00 |      5.00 |  0.346300 |  0.084661 |  1.46E-03 |     33.88 | 
|        18 |       148 |  2.79E-02 |  0.861433 |  0.920285 |      6.00 |      5.00 |  0.309179 |  0.101733 |  1.43E-03 |     34.06 | 
|        18 |       222 |  2.74E-02 |  0.870605 |  0.920285 |      6.00 |      5.00 |  0.274737 |  0.056223 |  1.41E-03 |     34.24 | 
|        18 |       296 |  2.79E-02 |  0.857831 |  0.920285 |      6.00 |      5.00 |  0.611917 |  0.160890 |  1.38E-03 |     34.43 | 
|        18 |       370 |  2.75E-02 |  0.846816 |  0.920285 |      6.00 |      5.00 |  0.835125 |  0.087912 |  1.36E-03 |     34.62 | 
|        18 |       444 |  2.74E-02 |  0.854564 |  0.920285 |      6.00 |      5.00 |  0.554273 |  0.081299 |  1.33E-03 |     34.80 | 
|        18 |       518 |  2.74E-02 |  0.853490 |  0.920285 |      6.00 |      5.00 |  0.228022 |  0.071836 |  1.31E-03 |     34.98 | 
|        18 |       592 |  2.75E-02 |  0.855976 |  0.920285 |      6.00 |      5.00 |  0.462075 |  0.064792 |  1.29E-03 |     35.16 | 
|        18 |       666 |  2.75E-02 |  0.837762 |  0.920285 |      6.00 |      5.00 |  0.188204 |  0.043895 |  1.26E-03 |     35.34 | 
|        18 |       740 |  2.75E-02 |  0.840319 |  0.920285 |      6.00 |      5.00 |  0.295383 |  0.082284 |  1.24E-03 |     35.52 | 
|        18 |       814 |  2.77E-02 |  0.856469 |  0.920285 |      6.00 |      5.00 |  0.317600 |  0.097363 |  1.22E-03 |     35.71 | 
|        18 |       823 |  2.77E-02 |  0.866436 |  0.920285 |      6.00 |      5.00 |  0.149641 |  0.071503 |  1.22E-03 |     35.82 | 
|        19 |        74 |  2.74E-02 |  0.859195 |  0.920285 |      6.00 |      5.00 |  0.190090 |  0.041898 |  1.20E-03 |     35.90 | 
|        19 |       148 |  2.73E-02 |  0.846914 |  0.920285 |      6.00 |      5.00 |  0.253732 |  0.050631 |  1.18E-03 |     36.09 | 
|        19 |       222 |  2.67E-02 |  0.855092 |  0.920285 |      6.00 |      5.00 |  0.652389 |  0.141177 |  1.17E-03 |     36.27 | 
|        19 |       296 |  2.70E-02 |  0.846583 |  0.920285 |      6.00 |      5.00 |  0.683802 |  0.077832 |  1.15E-03 |     36.45 | 
|        19 |       370 |  2.72E-02 |  0.848359 |  0.920285 |      6.00 |      5.00 |  0.173874 |  0.054884 |  1.13E-03 |     36.63 | 
|        19 |       444 |  2.75E-02 |  0.856128 |  0.920285 |      6.00 |      5.00 |  0.277165 |  0.065168 |  1.12E-03 |     36.81 | 
|        19 |       518 |  2.74E-02 |  0.850174 |  0.920285 |      6.00 |      5.00 |  0.207093 |  0.073521 |  1.10E-03 |     37.00 | 
|        19 |       592 |  2.74E-02 |  0.850631 |  0.920285 |      6.00 |      5.00 |  0.336294 |  0.113453 |  1.09E-03 |     37.18 | 
|        19 |       666 |  2.73E-02 |  0.853870 |  0.920285 |      6.00 |      5.00 |  0.293377 |  0.079954 |  1.08E-03 |     37.36 | 
|        19 |       740 |  2.72E-02 |  0.852729 |  0.920285 |      6.00 |      5.00 |  0.363655 |  0.087426 |  1.07E-03 |     37.54 | 
|        19 |       814 |  2.73E-02 |  0.852820 |  0.920285 |      6.00 |      5.00 |  0.289859 |  0.055062 |  1.06E-03 |     37.72 | 
|        19 |       823 |  2.73E-02 |  0.846476 |  0.920285 |      6.00 |      5.00 |  0.218238 |  0.076443 |  1.06E-03 |     37.83 | 
|        20 |        74 |  2.73E-02 |  0.849807 |  0.920285 |      6.00 |      5.00 |  0.276403 |  0.053420 |  1.05E-03 |     37.92 | 
|        20 |       148 |  2.71E-02 |  0.851698 |  0.920285 |      6.00 |      5.00 |  0.251178 |  0.066905 |  1.04E-03 |     38.10 | 
|        20 |       222 |  2.71E-02 |  0.861082 |  0.920285 |      6.00 |      5.00 |  0.195022 |  0.061495 |  1.03E-03 |     38.28 | 
|        20 |       296 |  2.74E-02 |  0.824974 |  0.920285 |      6.00 |      5.00 |  0.712062 |  0.123806 |  1.02E-03 |     38.46 | 
|        20 |       370 |  2.75E-02 |  0.850615 |  0.920285 |      6.00 |      5.00 |  0.111479 |  0.048086 |  1.02E-03 |     38.64 | 
|        20 |       444 |  2.77E-02 |  0.829809 |  0.920285 |      6.00 |      5.00 |  0.252295 |  0.105388 |  1.01E-03 |     38.82 | 
|        20 |       518 |  2.75E-02 |  0.856552 |  0.920285 |      6.00 |      5.00 |  0.420508 |  0.057292 |  1.01E-03 |     39.00 | 
|        20 |       592 |  2.75E-02 |  0.848149 |  0.920285 |      6.00 |      5.00 |  0.422263 |  0.140897 |  1.00E-03 |     39.18 | 
|        20 |       666 |  2.75E-02 |  0.863062 |  0.920285 |      6.00 |      5.00 |  0.139652 |  0.039810 |  1.00E-03 |     39.36 | 
|        20 |       740 |  2.73E-02 |  0.841480 |  0.920285 |      6.00 |      5.00 |  0.302492 |  0.077896 |  1.00E-03 |     39.54 | 
|        20 |       814 |  2.70E-02 |  0.854065 |  0.920285 |      6.00 |      5.00 |  0.221000 |  0.042223 |  1.00E-03 |     39.72 | 
|        20 |       823 |  2.70E-02 |  0.855871 |  0.920285 |      6.00 |      5.00 |  0.193122 |  0.079298 |  1.00E-03 |     39.84 | 
-------------------------------------------------------------------------------------------------------------------------------------
