0.351093 0.020675 -0.122636 0.206981 0.029385 -0.159063 -0.131110 0.270726 0.081772 -0.104558 -0.222366 -0.249741 0.103236 -0.301650 -0.033362 0.040284 0.130805 0.323782 0.221738 0.053664 -0.066401 0.182443 0.176277 0.265323 0.219525 -0.288123 -0.109190 -0.235428 0.341926 -0.290866 0.248392 0.339522 0.089467 -0.207165 0.185029 -0.225996 -0.031351 -0.306576 -0.313976 -0.289676 -0.019015 -0.191172 -0.180930 -0.275689 -0.119895 0.159084 0.115531 0.355025 0.115378 -0.041614 0.040343 -0.307048 -0.204838 -0.112591 0.328568 -0.330039 -0.032933 -0.152504 -0.220922 -0.048973 -0.065588 -0.338017 -0.068937 -0.337035 
-0.136141 -0.228922 -0.224247 0.176449 -0.169072 -0.135951 0.202791 0.214994 0.026005 -0.343952 0.260429 0.246705 0.223071 0.016645 0.247846 -0.034738 0.372927 -0.027502 0.003563 -0.204103 0.189171 -0.026904 -0.212848 -0.214168 0.194886 -0.059914 0.097918 -0.243570 -0.013285 -0.356072 -0.237266 0.198532 -0.203378 -0.080238 -0.031948 -0.016174 0.112327 -0.166674 -0.173577 -0.239223 -0.052268 -0.263285 -0.302426 -0.211733 0.127021 0.328603 0.100761 0.153732 -0.131890 -0.288056 0.274841 -0.309154 0.046605 -0.269823 -0.143016 -0.120952 0.058371 0.279967 -0.031283 -0.317079 0.319085 0.056066 0.209964 -0.239107 
-0.323807 -0.139206 0.146497 0.160760 0.122794 0.298466 0.319462 -0.298732 -0.273608 0.341330 -0.151016 0.192117 0.265025 0.295679 -0.027839 -0.220264 -0.341006 -0.101159 -0.166491 0.078181 -0.020367 0.020888 0.338369 -0.325813 -0.035260 -0.046536 -0.309449 -0.081987 -0.305223 0.273703 0.049035 -0.272452 -0.228322 -0.190266 0.252470 0.238430 -0.226906 0.216429 0.298289 -0.161987 0.159743 -0.199107 -0.325483 0.075812 -0.282242 -0.020782 0.208812 -0.263045 0.241806 -0.282462 0.179175 -0.133630 0.078808 0.143344 -0.116586 -0.318104 -0.277145 -0.053830 -0.037190 -0.221691 -0.162563 0.374873 -0.141816 -0.030228 
-0.213587 -0.260633 -0.109489 -0.082478 0.306011 -0.244923 0.149748 0.069056 -0.084928 0.169997 -0.196527 -0.015745 -0.237484 -0.329858 0.084427 -0.342195 -0.299051 -0.102586 -0.115639 0.143252 -0.310589 0.122781 0.224936 -0.228018 -0.291973 -0.199905 -0.109023 -0.095778 -0.218923 0.147822 0.243861 -0.075862 0.198984 -0.278218 0.239594 0.140771 -0.144012 0.014389 -0.137321 0.139924 -0.286997 0.022622 -0.257076 -0.158859 0.006847 0.158481 -0.146891 0.059959 -0.260716 0.140801 -0.137985 -0.217939 -0.114527 -0.298643 -0.105945 -0.060993 -0.177061 0.162493 0.219553 -0.028923 -0.103371 0.141461 0.248327 -0.249625 
0.155581 0.082368 0.226514 0.353691 -0.332539 -0.298720 0.089587 -0.242038 0.058674 0.192981 -0.067790 -0.303380 0.073978 0.141596 0.124460 0.136715 -0.097611 0.376526 0.265520 0.114084 -0.322909 -0.181903 -0.282889 -0.157009 0.356218 0.266268 0.172977 -0.126959 -0.010309 0.056641 -0.033824 -0.218576 -0.208654 -0.172526 -0.235840 -0.192126 -0.119607 0.204023 -0.091323 0.258557 0.073546 0.207122 0.351957 -0.233736 -0.031916 0.122006 0.247666 0.239009 0.081338 0.164529 -0.018240 0.105391 0.326765 0.056772 0.334289 0.311293 -0.019091 0.135646 -0.180859 0.336409 -0.154604 0.133152 -0.267103 0.001353 
0.335644 -0.150230 0.175524 -0.145431 -0.277054 -0.291237 -0.250191 0.194061 0.264317 -0.269004 0.280081 -0.143032 0.220965 0.171012 -0.279919 -0.083846 0.002280 0.102103 -0.333610 -0.045165 -0.246091 0.345162 -0.072131 0.048540 0.170787 0.096447 0.024853 0.332495 -0.115597 0.107654 -0.033330 -0.138997 0.311645 -0.224879 0.052529 -0.323191 -0.164341 0.148632 0.202736 -0.284648 0.257314 0.145224 -0.034881 0.099953 -0.067440 0.026305 -0.343409 0.301570 -0.296231 -0.314666 -0.110900 -0.201704 -0.332945 0.177280 0.248482 0.167415 -0.068014 -0.105979 0.138169 0.182233 -0.345322 -0.263970 -0.345352 0.332998 
-0.135712 0.069737 -0.356139 0.057321 -0.120121 0.209382 0.166601 -0.250812 -0.047769 -0.279615 0.232875 0.262158 0.057197 0.258814 0.181086 0.144147 0.276623 -0.318666 0.307249 0.355776 0.232028 0.164658 0.130634 -0.188659 -0.329493 -0.083853 0.310114 -0.288189 0.026598 0.318521 -0.315994 0.250433 0.025780 -0.309048 -0.045283 0.266434 0.253489 -0.248763 -0.313058 -0.126336 -0.186407 0.258656 -0.246060 0.224291 0.192478 0.304924 0.020934 0.102328 -0.322955 -0.055568 0.100691 0.284411 -0.234524 -0.133913 -0.301539 -0.185293 0.124783 -0.329157 -0.114657 -0.213275 0.333806 -0.050097 -0.300467 -0.000625 
-0.032765 0.018806 -0.101322 -0.126908 0.095384 -0.043608 0.128020 0.225547 -0.134379 0.221760 0.127811 -0.293298 0.181397 -0.205173 0.181177 0.234138 0.075515 -0.105348 0.149873 0.228861 0.136869 0.197501 -0.341376 -0.062567 0.189632 -0.100652 0.094899 0.199935 0.186322 0.143834 -0.146015 -0.192564 -0.201576 0.112193 0.020207 0.253675 -0.285754 -0.226098 0.147038 -0.058143 0.355384 -0.090233 -0.013563 0.167470 0.084026 -0.166182 0.053345 -0.206336 0.096462 -0.192356 0.363176 -0.097403 -0.340778 -0.344767 0.158299 0.223687 -0.099516 -0.092445 0.073040 -0.275956 -0.308059 0.305157 -0.115387 -0.159765 
0.063485 0.069624 -0.098818 0.055433 -0.115293 0.084063 -0.103687 -0.111303 -0.043058 0.021763 0.064723 0.048277 0.078918 -0.062599 -0.110096 0.001802 0.014481 -0.112148 0.052558 0.015452 -0.057998 -0.001771 -0.028815 0.040889 0.180421 0.124761 0.067345 0.118508 0.091451 0.165469 -0.058179 -0.011684 
0.067768 -0.027542 -0.096913 0.077695 -0.068905 -0.076779 0.085864 -0.009237 0.068238 0.028782 -0.052699 0.023380 0.110284 -0.039418 -0.108941 0.000326 -0.027503 0.092647 -0.108154 -0.010902 -0.022869 -0.011429 0.100043 -0.046049 -0.016549 -0.008924 -0.050377 -0.043352 -0.033119 0.014576 0.073800 -0.089968 
0.137206 0.102717 0.102603 -0.086199 -0.095376 0.065136 0.041100 0.091572 -0.016450 0.100280 -0.014099 -0.023265 -0.065311 -0.003643 0.099432 0.031545 -0.030944 0.139168 -0.101978 0.070052 0.010524 0.133733 -0.099121 0.132936 0.040932 -0.037587 -0.057073 0.081699 0.111249 0.131254 0.118152 0.099577 
0.103397 0.088862 -0.114121 0.097973 0.049092 0.050524 0.055787 -0.089835 0.046389 -0.078478 -0.015404 0.061856 0.039180 -0.059778 0.003766 -0.102168 -0.073191 0.025591 0.074691 0.016503 0.051214 0.101165 -0.031364 -0.082402 0.000015 0.002506 0.137373 -0.049012 -0.028376 0.137955 -0.073719 -0.077392 
0.063192 0.015077 -0.108153 -0.016636 0.135313 0.068023 0.084426 0.009440 0.121180 -0.118260 -0.019448 0.116592 -0.032781 0.135726 0.091674 0.007755 0.011453 0.121125 -0.058916 -0.086280 -0.002150 0.062099 -0.065221 0.091062 0.105485 -0.095506 -0.105900 -0.036766 -0.124736 -0.035013 0.101132 0.069858 
0.022316 0.064664 -0.052020 0.012104 -0.016899 0.098579 -0.073428 -0.023074 0.128529 0.006887 -0.114993 -0.019829 -0.001261 0.065542 0.108828 -0.116580 -0.051216 -0.084528 -0.067010 0.071325 0.004359 0.001646 0.034889 0.002692 0.000609 0.063786 0.094948 0.009083 -0.102328 0.002158 -0.000060 0.043892 
-0.096305 0.064113 -0.066017 0.004109 0.008133 -0.030060 0.143968 0.004412 0.135279 0.120129 0.075734 0.006651 0.060506 0.053065 0.004507 -0.121989 0.053740 0.084383 0.096522 -0.066673 -0.111334 0.015610 0.070604 0.029635 -0.081708 0.034720 -0.080010 -0.054480 -0.099969 0.021330 0.176295 -0.073591 
-0.058798 -0.087305 0.061395 0.046134 0.021998 0.059693 -0.082365 0.012872 0.082015 0.116347 0.104057 -0.071709 0.029389 -0.031429 -0.003187 -0.030212 -0.121029 -0.043169 0.006053 -0.108874 0.080460 -0.058186 0.047842 0.135736 0.157139 0.075226 -0.027140 -0.117387 -0.061755 -0.016391 -0.028424 -0.031623 
0.014030 -0.138111 0.119742 -0.111653 0.052910 -0.096687 0.009368 -0.019431 -0.097691 -0.005734 0.080675 0.017617 0.084124 -0.062176 -0.123665 0.099299 0.023373 0.015518 0.093061 -0.044781 0.131067 0.011240 -0.062092 0.124557 0.027184 -0.007860 0.128347 0.037727 0.035514 -0.049639 -0.122666 -0.105658 
-0.092767 -0.035340 -0.104775 0.055386 -0.060370 0.020579 0.002894 -0.090702 -0.095822 -0.110247 0.085877 0.222924 -0.023578 0.114563 0.127251 0.098428 -0.020457 0.193176 -0.006289 -0.049253 -0.036344 0.088317 -0.089915 0.075118 -0.123627 -0.130842 -0.038971 0.039207 -0.092747 -0.017207 0.143583 -0.061087 
-0.007262 0.082519 -0.099590 0.019174 -0.011758 -0.026754 0.065627 0.032939 0.017290 0.022061 0.002543 0.059397 -0.023853 -0.048237 0.078781 0.094323 -0.105598 -0.095081 -0.091200 -0.023415 0.060902 -0.061356 -0.083237 0.071324 -0.041808 -0.001278 0.004803 -0.025170 0.093835 -0.047017 0.063864 -0.047734 
-0.114996 0.086018 0.087763 0.000883 -0.088023 0.019351 -0.085893 0.020611 -0.075168 0.029799 -0.018170 0.035517 0.117341 -0.054595 -0.011593 -0.115011 -0.023795 0.038558 -0.005726 -0.097636 0.080975 0.030721 0.087576 -0.097879 -0.111097 -0.060767 0.000855 0.109494 -0.015044 -0.072963 -0.044100 -0.008066 
0.120903 -0.107478 0.119857 -0.103770 0.040876 -0.096964 0.040926 0.096505 0.073615 -0.099642 -0.024250 0.029900 -0.041578 0.073955 0.051431 0.073838 -0.030173 -0.090274 0.089152 -0.075623 0.070894 0.045319 -0.044377 0.088668 0.133579 0.071800 0.082035 -0.023492 0.108417 0.146323 0.102292 0.096769 
-0.089977 0.095987 0.104156 0.064613 0.115347 0.022333 0.029206 0.051801 0.060906 -0.120335 -0.034447 -0.108881 0.086476 -0.108386 0.082100 -0.063567 -0.060737 0.056561 -0.016456 0.122089 -0.011999 0.058431 0.071993 -0.014295 0.024558 -0.002352 0.081813 -0.011590 -0.002218 0.052297 -0.042803 0.017248 
-0.000555 -0.054065 -0.039332 -0.005054 0.086718 0.121171 -0.076171 0.031674 0.145084 0.006996 0.027787 0.068544 0.026424 -0.024287 -0.108579 0.096461 -0.104041 0.006838 0.091856 -0.011821 -0.063745 0.038194 0.084182 0.061650 -0.091938 0.006509 -0.060075 0.037486 -0.089485 0.027545 -0.033412 0.035188 
0.082084 0.018139 -0.101372 0.056048 -0.001174 -0.053795 -0.043145 0.014625 0.091251 0.099973 -0.040334 -0.058181 -0.048875 -0.017934 -0.067394 -0.021569 0.110445 -0.094711 0.085382 -0.078381 0.056351 0.038537 0.121939 0.088482 -0.093654 -0.086640 0.022901 -0.051539 0.045085 0.087091 0.152836 -0.001275 
-0.009335 -0.129950 -0.080570 0.102195 -0.066930 0.005949 -0.014587 -0.100828 0.010734 0.062374 -0.030620 -0.033227 -0.096562 0.038459 -0.114015 -0.096102 0.055198 0.106394 -0.066716 -0.013113 0.008339 -0.080205 -0.025762 0.042342 -0.021436 0.093810 0.159713 -0.121267 0.025933 0.159169 0.068946 0.110595 
0.159797 0.021682 0.062376 -0.069718 -0.088652 -0.091731 -0.076168 0.005850 0.107963 0.024577 -0.098781 0.072859 -0.076555 -0.104195 -0.115581 0.123902 -0.115903 -0.049663 -0.051284 0.008543 0.054209 0.037200 -0.076277 0.147245 0.113138 -0.090873 0.143367 -0.078569 -0.125676 0.028215 -0.097384 0.104204 
-0.118717 0.104728 -0.104247 -0.077851 -0.117935 -0.044986 0.050167 0.112233 0.118112 0.069968 0.085004 -0.130104 0.105938 0.091174 -0.119562 0.121201 -0.091147 -0.012444 0.000418 0.023390 -0.092517 0.055636 -0.014691 0.043212 0.075374 -0.074049 0.114613 0.088922 0.004199 -0.094913 0.118435 0.008292 
0.103103 0.139034 0.045793 0.118889 -0.091647 -0.037649 0.144712 0.135107 -0.074565 0.052523 -0.107566 -0.088368 0.025716 -0.088251 0.137589 0.055516 0.006197 0.061667 -0.021224 0.039584 -0.083848 0.097890 -0.018618 -0.125206 0.078999 -0.059253 0.089028 -0.020749 -0.052835 0.051321 0.209386 -0.068936 
0.004345 0.041927 -0.068960 0.046148 0.100185 -0.080174 0.053346 -0.094735 0.129189 0.051863 -0.112048 -0.058041 0.077730 -0.110831 -0.073824 -0.036338 0.000837 0.024978 0.123025 0.042474 -0.070174 -0.023255 0.061653 -0.100925 0.017008 0.010597 0.040665 0.102290 -0.082285 0.045549 -0.011549 0.038316 
-0.080825 -0.019960 -0.053553 -0.089037 -0.007829 0.107484 -0.060592 -0.033046 0.046675 -0.066752 0.066464 -0.023865 -0.058527 0.114305 0.066945 0.068649 -0.009803 0.084813 -0.010539 0.045320 -0.094325 -0.081820 0.089761 0.061496 0.034891 -0.031099 0.042238 0.078119 0.100996 0.083967 0.042891 -0.105651 
-0.097796 0.135521 -0.074253 0.009214 0.070112 -0.040397 0.164922 -0.066341 0.024625 0.047842 0.048507 0.178463 0.046593 0.015911 0.078881 -0.103316 -0.079621 0.007376 0.111386 -0.055283 -0.073073 0.092825 0.124398 0.101641 -0.128449 0.024877 0.026447 0.098385 -0.026121 -0.088202 -0.059696 0.005978 
0.126052 -0.087588 -0.089367 0.029718 0.020688 -0.099478 0.094086 -0.076386 0.089118 0.019730 -0.107501 -0.028683 -0.123974 0.049976 0.031696 -0.077374 0.075276 -0.013608 -0.019427 0.124272 -0.093733 -0.018018 0.086273 -0.086029 -0.072524 0.004845 -0.101807 -0.006912 0.037347 -0.091930 -0.115211 0.017821 
-0.006457 -0.114546 -0.095413 0.091285 -0.062653 -0.117984 -0.126626 -0.094377 0.055891 -0.101274 0.004356 -0.021921 0.063236 -0.107673 0.069200 0.043943 0.026058 -0.075370 -0.000329 0.042477 0.111514 -0.037489 0.068778 0.143138 0.207007 0.074131 0.017123 0.027612 0.069658 0.033453 -0.090758 -0.115336 
0.010990 -0.049230 0.076714 0.053721 -0.033773 0.083028 0.066428 0.120149 0.115130 -0.045981 0.009092 0.047557 -0.007002 -0.056428 -0.045110 -0.094820 0.016549 0.105338 0.058890 -0.058106 -0.005285 0.004660 -0.109645 -0.012421 -0.003665 -0.046641 0.129342 -0.092915 0.028793 -0.077360 -0.095245 -0.106222 
-0.012128 0.124572 0.069050 0.079522 0.077340 0.025556 0.072144 0.082024 0.129083 -0.055409 -0.008693 -0.064628 0.021467 0.070041 -0.004694 -0.075587 0.046103 -0.052721 -0.020381 -0.119212 0.077714 0.003728 -0.034705 -0.098468 0.083947 -0.070426 -0.042103 -0.012772 -0.058241 0.009355 0.058906 0.044016 
-0.021286 -0.035973 -0.015673 -0.069928 0.097914 -0.085776 0.133591 0.059296 -0.015911 -0.007710 -0.094522 -0.099957 -0.059937 0.026478 -0.068912 0.107368 0.086135 0.057040 0.121125 0.032242 -0.079887 -0.044983 0.059386 0.133529 0.011440 0.107248 -0.020134 0.060477 -0.036515 0.105816 -0.012337 0.060922 
-0.053277 0.083065 0.118096 -0.094548 -0.117174 0.128095 0.092827 0.003783 0.012266 0.120071 0.000978 0.012712 0.010300 0.050000 0.038129 -0.023127 -0.045326 0.036854 -0.126462 -0.018147 0.100609 0.063001 -0.025537 -0.037185 0.065596 0.065947 -0.070493 -0.105038 0.037748 0.048050 0.119979 0.093980 
-0.020529 0.139954 0.111497 -0.031004 0.088706 0.065224 0.164556 -0.072672 0.073084 -0.016158 0.104389 0.021250 -0.085948 0.035709 0.070793 -0.024244 -0.076568 0.139403 0.130997 -0.103068 -0.018228 -0.006959 -0.003326 -0.075929 0.115179 0.017653 -0.070294 0.033304 -0.093615 -0.095766 0.079129 0.009739 
0.092695 0.016619 -0.124892 0.023794 -0.049357 0.106133 0.110379 0.112171 -0.030998 0.067502 -0.065790 0.038446 -0.036457 0.106860 0.139629 0.000817 0.012017 0.144631 0.044838 0.117283 -0.081565 -0.078754 -0.095008 -0.072082 0.053532 -0.042994 0.071950 0.068705 -0.023805 -0.047215 -0.017104 -0.058839 
0.097542 -0.050949 0.096796 -0.107191 -0.057797 0.072905 0.137900 0.043916 0.031034 -0.057973 -0.079801 0.036742 -0.099130 -0.069808 -0.012141 0.040377 -0.111246 -0.092202 0.023270 -0.078238 -0.086921 0.057751 -0.039944 0.073063 -0.084308 -0.096465 0.055701 -0.001776 -0.026359 0.153289 0.112131 -0.082546 
-0.053591 0.044526 -0.076290 0.011695 -0.020670 -0.078805 -0.067163 0.103712 -0.021887 -0.028455 0.073521 0.009471 0.015976 -0.071681 -0.079605 0.027227 -0.061658 0.085350 0.077356 -0.028213 0.015498 -0.087973 -0.076585 0.044108 -0.059608 0.069775 -0.091974 0.026544 0.055937 0.099137 0.078606 -0.124497 
0.016502 0.122214 0.010849 0.114697 -0.084391 0.065862 0.096156 0.020166 -0.082539 0.038227 -0.101734 0.037295 0.090962 -0.053504 -0.034940 -0.096016 -0.114606 -0.073986 -0.000206 0.017128 -0.057514 0.049979 -0.077031 -0.002273 0.000192 -0.051518 -0.096992 -0.071733 -0.078433 0.104219 -0.053993 0.053446 
0.089621 0.102991 0.041429 -0.127007 0.021828 0.002387 0.058671 0.037536 -0.077923 0.050175 -0.029593 -0.066948 0.118166 0.067700 -0.061295 -0.132827 0.085258 0.101102 0.036383 -0.100941 -0.030437 0.097037 0.017562 0.100041 -0.110066 0.035979 -0.108262 -0.064774 0.008966 -0.047902 0.153125 -0.025397 
-0.116487 0.118038 -0.016112 0.017611 -0.077460 -0.107936 0.013629 -0.024281 0.107843 0.025736 -0.026972 0.118494 -0.031550 0.037578 0.094705 -0.077057 -0.062522 0.062597 -0.016394 0.030359 -0.109812 0.161742 0.015344 -0.090655 -0.025982 0.016151 -0.029697 -0.116022 0.092291 -0.001272 0.123609 0.105964 
-0.116148 0.094221 0.009767 -0.078634 0.110785 0.079288 0.010741 0.051034 -0.005875 0.115682 -0.017976 0.068526 0.006494 -0.084990 -0.120914 0.068860 -0.010047 -0.046950 -0.026897 0.005890 -0.081339 0.092725 0.039430 0.047010 -0.008162 -0.113803 0.070154 -0.045323 -0.024189 -0.063636 -0.057182 -0.022266 
-0.078389 0.097949 0.012088 -0.126003 0.045843 -0.099710 0.085246 -0.105674 -0.096707 -0.083025 0.097268 0.066604 -0.045258 0.104383 -0.004372 0.060176 -0.071828 0.134061 -0.037719 -0.029263 0.077834 0.143969 -0.104601 -0.046034 -0.082733 0.070325 0.012938 -0.022885 -0.116934 0.073436 0.097576 -0.090685 
0.008008 0.031465 -0.087159 -0.118459 0.031756 0.093845 -0.043467 0.025356 -0.094418 -0.117944 -0.066072 0.058543 0.115848 0.043726 -0.032095 -0.095343 -0.026512 0.108127 0.039253 -0.111900 0.030685 0.077215 -0.083150 0.055614 0.011113 0.002662 0.120445 -0.004228 -0.055878 0.078565 0.071459 0.064815 
-0.081372 0.125555 0.090753 0.040638 0.080531 -0.118999 -0.000567 0.082572 -0.100231 0.018357 -0.050831 -0.050024 -0.073032 0.021444 -0.039909 0.015123 -0.106983 0.143255 0.058693 0.022510 -0.012011 0.118849 -0.094716 0.110762 -0.025212 -0.111150 -0.030228 0.042484 0.083171 -0.107963 0.030073 -0.121218 
0.104927 -0.048192 0.058021 0.035394 -0.033244 -0.096166 -0.004261 0.002504 0.059754 0.070678 0.007010 0.093388 -0.052412 0.058347 0.000787 -0.025452 0.015158 -0.085898 0.110029 0.121810 0.138836 -0.107254 0.100659 -0.008131 -0.067276 -0.052813 -0.084645 0.121358 -0.040728 0.030615 0.126257 -0.069091 
0.094870 0.076152 0.085155 -0.062593 0.091082 -0.041930 0.068316 0.015672 -0.094478 -0.060785 -0.009403 -0.009379 -0.115513 0.119416 0.077456 0.023812 -0.090493 0.083713 0.025564 -0.094772 0.090532 0.006435 0.005473 0.126321 0.068210 0.024537 0.118142 -0.097093 -0.088746 0.121974 -0.023579 -0.119271 
0.064152 -0.085848 -0.058436 0.021761 0.001575 -0.123360 -0.093534 0.033320 -0.050952 0.020365 -0.119992 -0.051294 0.013968 0.068712 0.104613 0.054313 0.014065 0.003101 0.071283 -0.028034 0.142432 -0.041049 -0.032471 0.080980 0.133050 -0.039916 0.109048 -0.103337 -0.052112 -0.055361 -0.098703 -0.123483 
-0.032360 -0.011543 0.018209 0.094037 -0.031268 0.052855 0.014912 0.050460 -0.034116 0.001798 0.119336 0.098137 -0.043289 0.097644 0.015801 0.097141 -0.022929 -0.011646 -0.049177 -0.027418 0.051936 0.048589 -0.080630 0.036453 0.108142 -0.122804 0.058443 -0.059045 -0.073752 0.094205 -0.019955 0.018642 
-0.071972 0.086156 -0.010760 0.027313 0.008142 0.115888 -0.051452 0.088773 0.001563 -0.057872 0.044420 0.065211 -0.084205 -0.068506 0.040684 0.020591 0.025847 0.110359 0.116289 -0.047075 0.020158 -0.097674 0.119426 0.012149 -0.099640 0.044703 0.085309 -0.045939 0.001547 -0.094475 0.112993 0.055704 
0.121497 -0.041367 -0.046064 -0.003871 -0.051649 0.025554 -0.043695 0.070103 0.100634 0.126953 0.011789 -0.133500 -0.071102 -0.070443 0.020493 0.087167 -0.082022 0.009459 -0.090223 0.063187 0.042402 -0.103580 -0.044792 0.071132 0.081481 -0.089802 -0.088584 -0.055128 -0.070873 0.139188 0.130619 -0.083647 
-0.038383 -0.048203 0.033950 0.032349 0.096374 0.118151 -0.022752 0.071719 0.126984 0.112729 0.067259 -0.096796 -0.082991 -0.036420 -0.123465 -0.034368 0.101184 -0.086241 -0.100446 0.013762 -0.062286 -0.021887 -0.040527 -0.121013 0.011430 -0.024718 -0.039138 0.064491 -0.033830 -0.034660 0.122390 0.045786 
0.082858 -0.009603 -0.054612 0.018380 0.004267 0.050093 -0.054458 -0.000666 0.064905 -0.108611 0.028674 0.036335 -0.029834 0.017394 -0.079911 -0.033296 0.071441 -0.056643 0.067822 -0.119784 0.097481 -0.095295 -0.115047 -0.012489 0.105076 -0.039608 0.179052 0.108164 0.022453 0.173349 0.033925 -0.070378 
-0.011767 0.106889 0.056849 0.116040 0.032164 0.123865 -0.018059 -0.056088 -0.114259 -0.107633 -0.101487 -0.015318 0.052816 -0.059878 0.062771 0.000088 0.007518 0.028460 0.005100 -0.073212 0.074200 0.014128 -0.020092 -0.032861 0.097227 -0.027684 -0.048076 0.000069 -0.055550 0.107862 0.053776 0.056296 
0.086826 0.012639 0.046614 -0.007878 -0.004920 -0.094597 0.088959 -0.008278 -0.080194 0.085239 0.107314 0.123888 -0.096039 0.059337 -0.005402 0.034363 -0.051591 0.155705 0.097161 -0.103379 -0.000907 -0.032637 -0.012190 -0.030260 0.037216 0.062802 0.084693 0.103624 0.044866 0.024206 0.076306 0.009029 
-0.113197 -0.035091 -0.118866 0.002064 -0.019593 0.084547 0.130870 0.060403 0.074185 0.101043 0.013655 0.034469 0.016224 0.111337 -0.029058 0.099504 0.097188 -0.058268 0.115464 -0.032391 0.007506 -0.020237 0.077716 -0.078989 -0.092418 0.027521 -0.070649 0.083288 -0.077930 0.105154 0.018837 -0.068166 
-0.089077 -0.015000 0.049054 0.030638 -0.080122 0.039100 -0.046198 0.081948 0.016055 0.086814 0.020154 -0.087497 0.081038 0.121414 0.122711 0.052519 -0.064576 0.117706 -0.100292 0.067129 -0.043348 0.087664 0.115504 -0.005179 -0.023908 -0.103364 -0.048544 0.028158 0.094653 0.048079 0.097096 -0.118964 
-0.085729 0.004766 0.030787 -0.063397 -0.075065 0.106979 -0.098270 0.063603 0.084884 0.043546 0.085996 0.033873 0.035636 0.075893 -0.034456 0.102211 0.063694 -0.006571 0.041453 -0.104576 -0.042725 0.031537 0.015715 0.069909 0.080753 0.090459 -0.031325 0.023652 0.014371 -0.070905 0.025733 0.035403 
0.053841 -0.055163 0.097030 0.084375 -0.066448 -0.128739 0.020461 -0.117472 0.048591 -0.021579 0.035711 -0.032539 -0.063658 0.115094 -0.057723 -0.123248 -0.023357 0.123605 -0.104595 0.036688 0.043840 0.038289 -0.045162 -0.016198 0.038551 0.012429 0.113187 -0.104295 0.053606 0.012033 0.050701 -0.032098 
0.108683 0.018371 -0.079013 0.134583 0.037782 0.068767 -0.122477 -0.032845 -0.054818 0.037273 0.039958 -0.032154 0.029490 0.086968 -0.004338 -0.103311 0.087431 0.019104 0.027145 -0.025135 -0.016977 -0.128736 0.043942 0.117534 0.103555 0.010607 0.131419 -0.040353 -0.121352 0.070525 0.050203 0.075115 
-0.059841 0.096527 0.066438 0.090602 0.050129 0.073612 -0.081661 0.110243 -0.004837 0.086886 -0.033153 -0.111085 0.066369 0.074313 -0.091515 0.037767 -0.024071 0.081627 -0.126893 0.028152 0.111301 0.051384 -0.036447 0.011834 -0.030639 -0.079473 0.095723 -0.051651 0.055884 0.024464 -0.104726 0.106753 
-0.004869 0.092287 0.066416 -0.086669 0.039502 0.119971 -0.105323 -0.090009 0.094789 -0.022820 -0.074581 -0.013722 -0.064905 -0.029962 -0.059705 0.039552 -0.085008 -0.038898 -0.064074 0.123510 0.122886 0.030098 -0.009144 -0.066177 0.081496 -0.067264 0.021372 0.002474 0.054258 0.051765 0.025503 -0.094455 
0.010755 -0.075215 -0.069852 -0.092232 -0.081157 -0.059340 -0.056670 0.122316 0.052253 -0.007745 0.012268 0.099182 0.070976 0.064322 0.018627 0.117540 -0.116448 0.084123 0.111641 -0.124839 -0.000328 -0.026049 -0.069550 -0.047127 0.061859 0.057589 0.079030 -0.036456 -0.046706 -0.057863 -0.006071 0.072381 
-0.029352 0.094096 0.106832 -0.000695 0.141197 -0.081612 0.035715 0.032857 0.041319 -0.105635 0.016606 0.041652 0.091239 -0.080229 0.003514 0.087958 0.107193 0.030813 0.118286 -0.037070 0.074146 -0.064538 0.015260 -0.008292 0.084096 -0.058175 0.064743 -0.088073 -0.012066 -0.058697 0.143630 0.083418 
0.146637 0.092792 -0.035551 0.123563 -0.101867 0.097900 0.040868 0.063087 0.128349 -0.076875 -0.076714 0.088036 -0.046792 0.020319 0.067355 -0.061634 -0.122471 0.055611 0.016684 0.073466 0.108419 -0.078576 -0.070089 0.074969 0.041146 0.116288 0.096483 0.099424 -0.064263 0.082091 0.060474 -0.064974 
0.029260 -0.096644 -0.069988 0.041072 -0.119259 0.095240 -0.022878 -0.118833 -0.095858 0.025777 0.090794 -0.045906 -0.073034 0.029343 0.039174 -0.070249 -0.065548 -0.056271 -0.121491 0.120790 -0.018837 -0.066495 0.020945 0.090431 -0.063816 -0.043778 0.081977 -0.004637 -0.120213 0.020151 0.069563 0.024593 
0.035629 0.170876 -0.065830 0.024047 0.087520 0.032948 0.098119 0.097188 -0.035604 0.006347 -0.058721 0.053899 -0.084973 0.116176 0.071911 -0.040673 -0.080680 0.135782 -0.001118 0.024871 0.103054 0.164594 0.004434 -0.077334 -0.067242 -0.063773 0.035370 -0.058435 0.065530 -0.010178 0.175397 -0.027795 
-0.053187 -0.086092 -0.108939 -0.106095 0.072952 0.062026 0.118463 -0.123539 -0.049699 -0.067049 -0.014520 -0.009388 -0.088248 -0.098543 0.087922 -0.044320 0.065058 -0.063468 0.108335 0.040450 -0.084077 -0.022702 0.073016 -0.016493 0.039044 -0.024046 0.053460 -0.023718 0.058867 0.024915 0.080359 -0.122177 
0.067723 0.097748 -0.106902 0.000650 0.033756 -0.117005 0.007864 0.104158 -0.055318 0.112445 -0.034188 -0.009855 -0.113271 -0.077090 0.065960 0.076798 -0.020411 0.060682 -0.006115 0.018772 -0.086396 -0.053507 -0.124575 0.081821 0.065469 0.040969 -0.081523 -0.024469 -0.051964 0.114149 -0.023048 -0.118925 
0.116888 0.022665 0.017837 0.069730 0.018958 -0.180562 -0.064422 0.138825 -0.174083 0.017995 -0.107675 -0.155830 0.246923 0.128996 0.108071 -0.068195 
0.003485 -0.034257 0.100819 0.074001 0.040045 0.218282 -0.019462 -0.074306 0.032713 0.070000 0.157606 0.082570 -0.070023 -0.148904 0.274788 -0.098721 
0.038104 -0.017916 0.047264 -0.115738 -0.002215 0.161138 0.173749 0.000320 0.050315 -0.093858 0.020776 0.010717 -0.096487 -0.024087 0.120434 0.130764 
0.109684 0.079984 0.021832 -0.038104 0.038175 0.199898 0.057970 -0.093220 0.006278 0.000100 -0.139957 0.150468 -0.004502 -0.196187 -0.095259 -0.150369 
-0.025322 0.116947 -0.088295 0.155820 0.101167 -0.081398 -0.016334 -0.025063 -0.007921 -0.172985 0.181563 0.060916 -0.028335 0.105338 0.047124 -0.101507 
0.019901 -0.124311 0.035665 -0.142454 -0.126809 -0.086360 -0.069955 0.060439 0.050794 0.014015 0.024477 -0.143098 -0.023374 0.110774 -0.106266 0.126660 
0.020120 -0.016301 0.099264 -0.048505 0.065919 -0.032949 0.135336 -0.118635 -0.085918 0.165175 0.198546 0.033613 -0.015069 -0.023827 0.228955 -0.129914 
0.024912 0.006359 -0.085179 0.078281 0.101440 0.036176 -0.041974 -0.022568 -0.171811 0.193388 0.020245 -0.031763 0.106866 0.084401 -0.061030 -0.017633 
-0.058479 -0.137330 0.142838 0.110657 -0.044978 0.073415 -0.197507 0.070459 0.016816 0.287537 -0.125127 -0.127769 -0.014294 -0.120254 -0.098357 0.134792 
0.108262 0.016295 0.043300 -0.042917 -0.122154 -0.168946 0.135122 -0.114099 -0.171597 0.101978 0.004634 0.109316 -0.099653 0.146527 -0.089753 -0.035521 
-0.171820 -0.119207 -0.073350 -0.027824 0.135510 -0.059593 -0.163775 -0.022439 -0.095159 -0.054252 0.045652 0.011678 0.031130 0.132604 0.003760 -0.069435 
-0.039177 -0.121831 0.103935 0.098253 -0.132545 0.085241 0.093565 -0.122411 -0.082960 -0.056990 0.171217 -0.024392 -0.019508 -0.109122 0.180608 -0.070998 
-0.038858 -0.100860 0.075178 -0.078888 0.015719 0.084766 0.072435 0.097578 -0.144530 -0.071173 -0.057841 0.057543 -0.109279 0.110345 0.164753 0.048293 
0.100502 0.118897 -0.124224 -0.160449 0.021146 -0.093708 -0.085488 0.115807 -0.040328 -0.073412 0.048236 0.003549 -0.103267 -0.096546 0.303391 0.096067 
-0.043990 0.070726 -0.168605 -0.178329 -0.023450 0.147044 0.119816 0.008960 -0.157162 -0.118637 -0.035339 -0.123274 0.100717 -0.121930 0.222624 0.124499 
0.156767 -0.134285 0.141839 0.000072 -0.130338 -0.144950 -0.060735 0.007381 -0.092095 0.061180 -0.109400 0.042000 0.141021 -0.118476 -0.032641 -0.050325 
0.126908 -0.015003 -0.048924 -0.073095 -0.100833 -0.126999 0.112004 -0.081451 -0.085794 -0.174829 0.004047 -0.110423 -0.120215 -0.038691 -0.162007 -0.140174 
-0.069979 0.195542 0.003601 0.101864 -0.165090 0.229220 -0.092373 -0.076574 0.030907 -0.060831 0.270209 -0.062663 -0.035231 -0.077145 0.301846 -0.046029 
0.078557 -0.096300 0.055910 0.201610 -0.054694 -0.016262 -0.088016 0.041360 -0.005319 0.089424 0.115891 0.035202 -0.084528 0.100215 0.095907 0.054964 
0.096695 -0.051573 -0.071219 0.108246 -0.074712 -0.015674 -0.149036 0.132738 0.105608 0.168342 -0.048810 -0.067243 -0.077029 -0.104153 0.063373 -0.161048 
-0.014796 -0.043293 -0.160717 0.148708 0.113832 -0.093749 -0.050541 -0.047170 -0.168100 -0.144327 0.149805 -0.115952 0.237319 0.042087 0.103016 0.088469 
-0.199844 -0.115227 -0.007775 -0.051778 0.029439 0.115844 -0.085582 -0.040573 0.039565 0.060622 0.142093 0.094593 0.045567 -0.046088 0.269362 -0.109647 
0.076904 0.159682 0.159315 0.002183 -0.097229 -0.065465 0.119728 -0.088700 -0.016824 0.128024 -0.029679 -0.025820 -0.009473 -0.088372 -0.112327 0.016572 
-0.025342 0.103066 0.144347 0.258837 -0.045031 -0.161860 -0.056655 0.194419 0.065574 -0.205468 0.117448 -0.010796 0.063147 0.077711 0.043771 -0.134695 
0.134094 0.054962 0.071938 0.266218 0.147850 -0.017387 -0.092482 -0.010005 -0.072227 0.050800 0.082014 0.098835 0.260946 0.121832 -0.083755 -0.073910 
0.076649 -0.085479 -0.078934 -0.081267 -0.058836 0.013915 -0.150533 -0.160416 0.047316 0.127874 -0.015493 -0.162570 0.158337 -0.144933 -0.135610 0.015150 
0.121063 0.138059 0.018867 0.170306 -0.064225 0.071143 -0.166361 0.077448 -0.015417 0.128479 -0.072230 -0.047775 0.252834 0.032216 0.040532 0.015884 
0.162042 0.150870 0.049650 -0.063480 0.007896 0.077067 -0.062031 -0.121050 0.061071 0.104190 -0.102594 -0.021003 0.166800 -0.052754 0.173309 0.080461 
-0.114157 0.009434 -0.030093 -0.000451 -0.065120 -0.012596 -0.138423 0.096357 -0.062268 0.003337 -0.126058 -0.120013 -0.085595 0.110082 0.074685 -0.098623 
0.131295 -0.029357 0.016390 -0.030502 -0.148601 0.097316 -0.055828 0.124452 0.053618 0.114393 -0.163359 0.037972 0.261468 -0.151616 -0.062787 -0.131845 
0.024779 0.102522 0.027197 -0.223894 -0.098109 0.184803 0.116942 0.018364 -0.084112 0.295124 0.185962 -0.058439 -0.019239 -0.027853 0.244627 -0.008768 
0.099744 -0.086239 0.087972 0.122999 -0.141358 -0.117426 0.038355 0.088804 0.098329 0.114803 -0.048604 0.087705 0.169661 0.073320 0.139671 0.067002 
-0.019020 0.026512 0.123784 0.098069 -0.117631 -0.000594 -0.120273 -0.004239 -0.002906 0.293120 -0.187690 -0.151735 -0.068466 0.152690 0.054475 -0.183190 -0.220183 -0.034541 0.244684 -0.167393 0.096123 0.047511 0.218491 -0.012999 0.002002 -0.096407 -0.185196 -0.048533 0.242452 -0.223600 -0.208903 0.019732 
0.031756 0.145332 -0.184209 0.187114 -0.095717 -0.066502 -0.038869 0.127105 -0.101655 -0.008596 0.224503 0.075514 -0.110765 0.063971 0.145077 -0.081858 -0.218493 0.140861 0.000774 0.079165 -0.050924 -0.046344 -0.228856 0.158421 0.095064 -0.164802 -0.153149 0.083536 -0.150066 -0.098909 -0.197430 0.138270 
-0.212766 -0.081475 0.093864 -0.067140 0.031149 -0.229882 -0.183494 0.155664 0.045155 -0.147794 0.051038 0.143051 0.109035 -0.082159 -0.227448 0.124299 -0.192174 0.056313 -0.028355 0.025297 -0.206457 -0.043208 -0.065917 0.133928 0.101286 0.019719 -0.063213 0.166508 0.135645 -0.007976 0.045300 0.222471 
0.112271 -0.154765 -0.158524 -0.155557 -0.179037 -0.075292 -0.187444 0.055100 -0.071478 0.261454 0.046365 -0.199379 -0.189547 0.085586 0.103969 -0.142528 -0.107705 -0.115493 0.103319 -0.120653 0.219044 -0.256284 -0.280190 -0.084355 0.115531 -0.000105 -0.157689 -0.070160 0.194269 0.102945 -0.193532 0.155569 
0.244803 -0.071409 0.212063 -0.131610 0.101622 -0.177556 0.245121 -0.193006 0.204974 0.015898 -0.142721 -0.244730 -0.151551 -0.215677 -0.137576 -0.009586 -0.080837 0.220532 0.145254 -0.216582 0.229540 0.154189 -0.038189 -0.014013 -0.149864 0.053771 0.128199 -0.212125 -0.058038 0.194379 0.087500 -0.062913 
-0.131927 0.064398 0.087992 0.300830 0.160649 0.060216 -0.149240 0.124492 -0.159078 -0.129734 0.110579 -0.085053 -0.078543 0.194328 0.181839 0.087717 0.165182 0.050411 0.146505 0.180766 -0.064904 -0.157405 -0.086130 0.119252 0.110069 -0.262502 0.092607 -0.183653 0.203070 -0.004736 0.024080 -0.186479 
0.227855 -0.169063 -0.188886 0.114116 0.133733 -0.161736 -0.064231 0.200973 -0.022216 -0.238567 -0.141548 0.145082 0.206367 -0.237709 -0.007571 0.121751 0.062583 -0.137821 0.022421 -0.228105 -0.055786 0.146968 0.078305 -0.153615 0.149383 -0.091492 -0.078265 0.109298 0.095592 0.201388 0.191692 0.073604 
-0.233973 0.241528 -0.069965 0.136225 -0.173987 0.107808 0.082970 0.048230 0.118332 0.203682 -0.054488 0.076693 0.200965 0.181387 -0.056131 0.014312 -0.207094 0.215767 0.036058 -0.011586 0.127500 -0.144961 0.079372 0.024358 0.031232 -0.245646 -0.114578 -0.127822 0.194458 -0.173983 0.191201 0.221329 
-0.182862 -0.129840 0.099842 -0.107202 0.227680 -0.066992 0.190699 0.097954 -0.127225 -0.115329 -0.075024 -0.175496 -0.184600 0.123598 0.088486 -0.142024 0.089868 -0.129152 0.098966 -0.045173 -0.024442 -0.070292 0.227384 0.245456 -0.068144 -0.136865 -0.138130 -0.124854 -0.061992 -0.196288 -0.165865 0.004816 
-0.076000 0.220484 0.205324 -0.069187 -0.132386 0.061800 0.292891 -0.019824 0.278385 -0.079584 0.053059 -0.211616 -0.201556 -0.096717 -0.132005 0.132581 0.022940 0.242922 -0.140994 0.282480 -0.084939 -0.182452 0.303857 0.163182 -0.058135 -0.147055 0.231265 0.120087 -0.088480 -0.188922 -0.117626 0.092070 
0.238893 -0.229834 0.241385 -0.046833 0.161471 0.276335 0.186023 0.146579 -0.090596 -0.062681 0.184170 -0.043626 0.074688 -0.230444 -0.123696 -0.159236 -0.235560 -0.062611 -0.131330 -0.039537 0.009064 -0.157709 -0.199605 0.269036 -0.072092 -0.229265 0.062915 0.092677 -0.159879 0.295184 -0.070964 -0.158772 
0.212799 -0.079455 -0.040390 0.080046 -0.093664 -0.186045 -0.084179 0.065430 -0.015407 -0.216161 -0.228808 -0.197061 -0.197186 -0.137455 -0.099055 -0.182936 0.049642 -0.010645 0.005290 -0.191839 0.075997 0.051103 0.250483 -0.222529 0.073653 0.059153 0.122365 0.167492 0.000987 -0.185703 -0.239683 -0.035626 
-0.021445 -0.038001 -0.199734 0.084730 -0.002415 -0.055149 -0.070888 -0.302153 -0.016741 0.137988 -0.127987 0.035872 0.078638 -0.035198 0.016848 -0.128544 0.199416 -0.142744 -0.061023 0.014565 0.287342 -0.076049 0.037953 0.016926 0.357657 -0.033760 -0.094910 0.027822 -0.012242 -0.083284 0.193890 0.330431 
0.131071 0.243455 0.083455 -0.094166 -0.058820 -0.221619 -0.083079 0.171666 -0.013213 -0.004898 -0.035086 -0.188376 0.192897 -0.181911 -0.074964 0.142332 -0.073977 0.113924 -0.083038 -0.166885 -0.198565 0.215231 0.066649 -0.212851 -0.104989 0.228623 0.027077 0.114856 -0.109504 -0.017864 0.066623 -0.219644 
-0.035050 -0.119592 -0.040643 0.355679 0.036068 0.153670 0.260657 0.301062 -0.151291 -0.199032 0.316281 -0.221784 -0.121317 -0.085343 0.247902 0.056182 -0.221456 -0.159176 0.178428 -0.142845 -0.213661 -0.003806 -0.120664 0.090717 -0.118175 0.087161 -0.197027 0.053804 -0.135710 0.312184 0.103758 0.062335 
-0.228156 -0.210415 0.022833 -0.048249 0.140236 -0.122631 -0.129182 0.225421 -0.053082 -0.148463 -0.245542 0.083656 0.015390 0.174303 -0.103332 0.043422 -0.235554 -0.205058 0.114930 -0.180178 0.013583 0.220561 0.010003 0.208142 0.104967 0.062588 0.043629 0.221547 -0.067944 -0.099363 0.068607 -0.045822 
-0.039902 -0.113194 0.109690 -0.119392 -0.021813 -0.158000 -0.135503 0.116661 -0.087216 -0.129818 -0.000729 0.105412 0.166584 0.101776 -0.045290 0.176152 0.137557 -0.139457 -0.125379 -0.032475 -0.158530 0.061088 -0.061428 0.087468 -0.072482 0.145505 0.069525 0.056157 -0.098147 -0.058507 -0.156614 0.032994 0.005982 0.129050 0.092581 0.160780 0.153082 0.131950 0.100420 -0.115804 0.173680 -0.074907 0.161289 0.163598 -0.148510 -0.060545 0.161883 0.158797 -0.022223 -0.138100 -0.046954 -0.008909 0.091736 0.070231 -0.097017 -0.158249 0.037107 0.147218 0.070661 0.110630 -0.086726 0.087416 -0.026837 0.096826 
0.046010 -0.118971 0.081364 0.010925 -0.178506 0.005240 0.083032 -0.169097 0.148243 0.033182 0.171885 0.090297 0.180769 0.177749 0.112663 -0.024945 -0.160425 -0.094446 0.106059 0.110372 0.145628 -0.157285 0.156976 -0.004842 -0.175393 0.017821 -0.074546 -0.125042 -0.046024 0.069227 -0.148055 0.145938 0.130173 0.108221 -0.018222 0.195358 -0.072219 -0.119168 0.145744 -0.132301 0.107735 0.157058 0.169444 0.103600 0.119874 0.138942 -0.101659 0.141659 -0.174144 -0.114550 0.081370 0.135345 -0.094288 0.020658 -0.046186 -0.062076 -0.135620 0.066897 0.028382 -0.028234 -0.028923 0.066712 -0.108884 -0.105535 
0.022495 0.095479 -0.143475 0.107641 0.166133 -0.175107 0.172616 0.079805 0.183939 0.139133 0.006275 0.089301 0.084389 0.101211 0.047491 0.090589 0.120990 -0.057317 0.050452 -0.154424 0.158696 -0.179591 -0.024131 -0.155669 0.059811 0.147388 -0.006716 -0.204438 0.045797 0.111616 -0.111217 -0.160032 0.030354 -0.076168 0.150932 0.045401 -0.037387 0.129628 -0.094413 -0.100294 0.077365 0.066296 0.167932 -0.011413 0.000844 0.074061 -0.100672 -0.068193 0.171119 0.189398 -0.069334 0.154782 0.098042 0.089977 -0.170040 0.025947 0.044277 -0.015010 0.020739 -0.101194 -0.030465 0.115380 -0.087540 0.086100 
-0.126457 -0.134784 -0.035363 -0.046563 0.187610 0.045133 0.049562 0.051130 -0.041743 0.028829 -0.136689 0.188695 -0.104894 -0.064035 -0.110127 -0.109631 -0.097073 0.018723 -0.100146 -0.143813 -0.094064 -0.110303 0.034142 0.122322 0.063315 -0.114125 -0.136620 0.170529 0.146559 -0.038923 0.096726 0.183922 0.009601 -0.102700 -0.028936 -0.002003 0.186357 0.192755 -0.143432 -0.097866 -0.000958 -0.148453 -0.149162 0.063833 0.023584 -0.059663 0.117794 0.082656 0.109391 0.218901 0.122241 -0.143816 -0.171435 0.015160 0.170903 0.079565 0.055384 -0.159867 0.065910 0.032320 0.021278 -0.003731 0.103294 -0.200522 
0.080963 0.151827 -0.008348 -0.001501 0.157163 0.023973 0.081689 -0.042809 0.110855 0.104960 -0.155786 -0.050978 -0.139760 0.148610 -0.147861 0.136682 0.144202 0.160951 0.180507 -0.170393 -0.034964 0.175031 0.100543 -0.167541 -0.137229 -0.041520 0.059177 0.031711 0.121531 -0.088502 0.037020 -0.004597 -0.110065 -0.140506 0.173798 -0.143828 0.101742 0.079967 -0.018775 -0.015803 0.001836 -0.003730 0.100588 0.026231 -0.014042 0.160442 -0.017011 -0.063399 0.100984 0.007859 -0.065120 -0.102552 -0.045236 -0.129208 -0.069909 0.010169 -0.007422 0.147748 -0.121356 -0.068520 -0.097846 0.111858 0.104629 -0.064253 
0.135823 0.092987 -0.013975 0.018971 -0.012002 0.142503 -0.168695 0.170036 -0.021737 0.105073 0.019307 0.125545 0.057190 -0.167368 -0.115230 -0.019708 -0.006444 0.020059 0.055469 0.141538 0.044543 0.159990 -0.022655 -0.147077 0.143153 0.023529 -0.035736 -0.140032 -0.052837 -0.108950 -0.005664 -0.101480 0.164396 0.157659 0.098576 -0.005186 0.131122 0.097810 -0.027832 -0.082401 0.020804 0.169433 -0.138893 -0.103648 0.176559 -0.075595 0.046512 -0.018484 0.110000 -0.064357 -0.037429 -0.027388 -0.100316 0.109601 0.003052 -0.128913 -0.046722 0.138406 -0.087036 0.069625 -0.139464 0.073482 0.152094 -0.158246 
0.092644 0.055612 0.004088 0.002263 0.009474 0.151369 0.115943 0.177018 0.170245 0.133479 -0.103963 0.163978 -0.117305 0.130802 -0.049910 0.163219 -0.121460 0.071839 -0.022774 -0.040569 0.005111 0.156669 0.029310 0.113884 0.119233 0.081436 0.032609 0.138017 -0.012190 -0.000456 0.163432 -0.144937 -0.118492 -0.002930 0.053261 0.061136 0.035706 -0.019841 0.037282 -0.054541 -0.088796 0.087876 -0.087179 -0.032331 0.070631 0.076117 -0.051740 0.104063 -0.057130 0.148300 -0.128504 0.134699 0.015548 0.102732 0.098461 0.001776 -0.022683 -0.065936 -0.022489 0.133358 0.152429 -0.006061 0.182888 -0.219801 
0.173910 0.014986 0.049206 -0.058221 0.184981 -0.091741 0.086528 -0.112088 -0.134031 0.156029 0.031318 0.127747 0.026923 0.162457 0.013067 0.139731 0.090089 0.098773 0.123150 -0.040449 -0.027755 0.041633 0.138051 0.116373 0.174763 -0.082453 0.088855 0.107761 0.061821 0.081624 0.098417 0.024509 -0.072962 -0.017178 0.161135 -0.057111 0.145312 0.057890 -0.033462 0.095174 0.001665 0.142150 -0.002917 -0.157760 0.172106 -0.131246 0.146451 0.051185 0.087023 0.155939 -0.158698 -0.104933 -0.114169 0.176405 -0.145391 -0.089855 -0.105267 0.101027 -0.148814 0.125620 0.050507 0.147332 0.019339 0.080627 
-0.074521 -0.067422 -0.141095 -0.164205 0.104463 0.001987 0.116581 -0.040906 0.043602 -0.098682 -0.020978 -0.068238 -0.053027 -0.018445 -0.129486 -0.144999 -0.130495 -0.071243 -0.122813 -0.024923 -0.115752 -0.073055 0.081766 -0.048515 -0.118698 0.063856 -0.113932 0.046014 0.037267 0.032551 0.062808 0.127315 0.145017 0.096066 0.132297 0.167794 -0.110518 0.061837 -0.116488 0.100242 0.172618 0.067854 -0.099310 -0.068060 -0.183845 -0.031034 -0.040899 -0.128348 0.024176 0.072550 0.046339 0.068349 -0.150196 -0.112524 -0.167409 -0.069899 0.141199 -0.083416 -0.156566 -0.022031 0.118514 0.082833 -0.134387 0.082222 
-0.023924 -0.111851 -0.010531 0.105209 0.102852 0.049524 0.023148 0.123575 -0.105237 0.102096 -0.115066 -0.102195 -0.077864 0.000642 -0.020096 0.110809 -0.098519 0.238923 -0.040507 -0.086310 -0.105913 -0.010431 -0.042972 -0.145654 0.049185 0.023244 0.007769 -0.019188 -0.064818 0.111423 -0.122956 0.138532 0.191133 0.057480 0.000448 0.161926 -0.114330 -0.124865 0.086029 0.004199 -0.171110 0.183942 0.073700 -0.102522 -0.019350 -0.116454 0.167511 0.070118 -0.134531 -0.052513 0.237497 -0.071958 0.208466 -0.032858 -0.041541 0.036089 -0.166247 0.177357 -0.156827 -0.060042 0.059252 -0.131744 -0.128281 0.174216 
0.161289 0.083656 0.034829 -0.145925 0.208381 -0.057570 0.052361 0.165397 -0.078781 -0.026411 -0.114455 0.145401 0.014355 -0.123923 -0.023699 0.051175 0.039478 -0.044123 0.199463 0.000762 0.119212 -0.027247 -0.138644 0.115351 -0.059791 -0.124219 -0.101711 0.198948 -0.045125 -0.050645 0.054934 -0.108593 -0.136792 -0.077267 -0.056082 -0.148459 0.125923 0.169642 -0.166186 0.135399 -0.095062 -0.135752 0.042978 0.090906 -0.027580 -0.134906 -0.045956 0.144749 -0.021451 0.000120 -0.033648 -0.072353 0.022122 0.051713 -0.112771 0.148235 0.068427 -0.073803 0.152522 -0.162791 0.102044 0.038200 -0.030849 0.074617 
0.119955 -0.005757 0.148044 -0.013011 -0.053658 0.158402 -0.054156 0.027824 -0.122239 0.164607 -0.057813 0.003264 -0.169321 0.084394 -0.017323 -0.012872 -0.145852 0.139396 0.091398 0.093521 -0.023906 0.153805 0.063682 -0.134882 -0.062236 0.019940 -0.121129 -0.152687 -0.135912 -0.044168 0.149609 0.160587 0.126619 0.121109 -0.028968 -0.103583 0.102967 0.093419 0.100786 0.157272 0.081483 -0.133572 -0.016008 0.088706 0.127366 0.143213 -0.100710 0.158057 0.106065 0.167231 0.075035 -0.094385 0.144492 -0.037827 -0.052723 -0.094288 0.158656 0.002692 -0.070431 -0.153800 0.135068 -0.097366 -0.169757 0.085143 
-0.153980 -0.022181 0.158104 0.126710 -0.108014 0.082345 0.107260 0.152721 0.129536 -0.087834 0.064883 0.069618 -0.116549 0.142122 0.057916 0.164163 0.130700 -0.040646 -0.111421 0.099352 0.096199 0.012808 -0.167534 0.079005 -0.159072 -0.065367 0.099717 0.149952 0.016173 0.106504 0.063412 0.037553 -0.092206 0.044847 -0.012633 -0.016667 -0.052591 -0.083105 -0.044806 -0.100451 0.010044 -0.153161 0.152290 0.068143 0.160346 0.035940 0.055762 0.115654 0.166029 0.124318 0.039878 0.084346 -0.032853 0.042015 -0.014854 -0.014169 0.154704 -0.090948 -0.035928 -0.008028 -0.161934 -0.149451 -0.155897 -0.076867 
0.072442 0.017247 0.077790 -0.153308 0.112383 -0.143560 -0.077209 -0.054131 -0.123532 -0.101526 -0.162495 -0.139232 0.108449 0.069745 0.153008 0.097906 0.018807 0.015025 0.005646 0.161403 -0.118131 0.166965 -0.029471 -0.139958 -0.101632 0.111275 0.028545 -0.087073 0.138761 0.058071 0.011592 0.034784 -0.101206 -0.087107 0.057895 -0.165333 -0.054178 0.157242 -0.042913 -0.001117 -0.120829 -0.028909 0.036161 0.164074 -0.135597 0.012618 0.085375 0.059754 -0.149041 -0.085673 0.044772 -0.090629 -0.094984 -0.161270 -0.054056 -0.020199 0.126548 0.151063 0.069174 0.088765 0.032560 -0.095780 -0.053022 0.108082 
-0.005868 -0.174855 0.119059 0.115970 0.175738 -0.101104 -0.055658 -0.135604 0.023452 0.167195 -0.147789 0.140823 -0.007044 0.097779 -0.023036 0.016648 -0.142379 -0.149167 0.126180 -0.066494 -0.154884 -0.106558 0.054266 0.150126 -0.135421 -0.017510 0.068504 0.092089 0.048228 -0.159549 -0.019305 -0.110738 -0.153988 -0.069448 0.172842 -0.178536 0.031561 -0.055111 -0.128003 -0.125731 -0.090901 -0.122600 0.136024 0.072765 -0.161412 -0.068931 -0.094575 -0.137641 -0.049742 -0.156116 -0.006863 -0.018685 -0.120403 -0.106843 -0.042172 -0.103063 0.051404 -0.154836 0.140663 -0.063943 -0.134434 -0.068678 0.060951 -0.096661 
0.044735 -0.010604 -0.097684 -0.128378 0.100165 -0.049143 -0.077277 -0.167005 0.028696 -0.115265 0.082206 0.042748 -0.004682 0.169985 0.086453 0.122023 -0.172126 -0.113209 -0.073472 -0.114233 -0.046110 0.065648 -0.035135 -0.173130 0.098561 -0.079551 -0.060768 0.147948 0.037857 0.108757 -0.133168 -0.094211 -0.078649 -0.054297 -0.045876 -0.154199 0.072976 0.053141 -0.145412 -0.075288 0.114409 0.113065 0.144290 -0.066722 0.106360 0.054269 -0.121320 0.110829 0.117579 -0.017554 0.172908 -0.104928 -0.128840 -0.038852 -0.101738 0.146687 0.058028 0.014035 0.118332 -0.080644 -0.053338 0.161903 0.001181 0.044053 
-0.069112 0.132187 0.065757 -0.172552 0.008576 0.096889 -0.071295 -0.053559 0.033683 -0.103549 0.056263 -0.036471 0.127264 0.111487 -0.102185 0.068507 -0.083116 -0.105589 0.140122 -0.035268 0.032164 -0.138175 -0.065313 -0.086179 0.052390 -0.123516 0.009721 0.175104 -0.138331 -0.165134 0.042626 -0.030898 0.143597 -0.068162 -0.026906 -0.024371 -0.147817 0.078343 0.098614 0.062410 0.151337 -0.021666 -0.150604 0.102057 -0.086723 -0.076246 -0.005980 0.006704 -0.005291 -0.042402 0.147981 -0.149671 -0.004033 -0.093877 -0.059305 -0.128186 -0.040848 0.126960 -0.129626 -0.002635 0.138370 0.089544 0.143010 0.105423 
-0.153796 -0.060242 -0.095492 -0.126434 -0.159373 -0.173421 0.116464 0.169316 -0.012353 0.135812 0.094754 0.067670 -0.115925 -0.083310 -0.099762 0.057051 0.046681 -0.129225 0.081127 -0.134205 -0.043487 -0.153593 -0.081301 0.094317 0.151111 -0.038929 -0.087942 0.107285 -0.123375 -0.121361 0.042108 -0.104942 -0.006018 0.121782 -0.050153 0.021729 0.124715 -0.115524 0.005229 -0.068759 -0.156546 -0.079806 -0.174603 -0.094332 0.011400 -0.095906 0.139134 -0.117959 -0.047007 0.053059 -0.077827 0.085278 0.067705 0.014547 0.000087 0.048033 0.152041 0.089498 -0.017483 -0.149780 0.150755 -0.149806 -0.079397 -0.042922 
0.151449 0.042159 0.150983 0.097663 0.113143 -0.020934 -0.140183 0.120611 0.074840 -0.148829 -0.148472 -0.055417 -0.052609 0.153067 -0.018513 0.070304 0.039658 0.103275 -0.019454 -0.068617 -0.095205 0.159904 0.131318 -0.124734 0.068631 -0.040317 -0.086873 0.030600 -0.020527 0.015135 0.158291 -0.031946 -0.110291 0.145344 -0.130824 0.180658 -0.028421 -0.082912 0.107625 -0.150491 -0.062864 0.123326 -0.065814 0.049057 0.123669 0.113442 -0.067427 -0.016775 -0.014196 0.114072 0.116198 0.079370 0.061823 0.073338 0.145063 -0.048397 -0.145792 -0.112331 0.162597 0.015997 0.081677 0.152541 0.184699 0.145524 
0.122019 -0.150589 0.121954 -0.114689 -0.081295 0.053035 -0.073837 0.044614 0.064015 0.004125 -0.083054 -0.083217 -0.047527 0.058889 0.119126 0.112168 -0.059481 0.055252 -0.019098 -0.170310 -0.048208 -0.044870 -0.007559 -0.013748 0.032147 -0.064400 0.163255 -0.109660 -0.067505 0.135201 -0.093652 -0.156351 0.160767 -0.151973 -0.086401 -0.027729 0.065329 0.003361 0.135164 -0.081810 -0.150817 -0.116657 0.055453 -0.029716 0.082037 0.033010 -0.095052 -0.149823 -0.130338 0.126568 -0.151192 -0.012643 -0.102387 -0.020838 0.142092 0.141412 0.097392 0.132115 -0.102806 -0.167949 0.112100 -0.008115 -0.202018 0.053968 
-0.023978 -0.059641 0.154873 -0.082656 0.078658 0.113493 0.004445 0.133065 0.147347 -0.125170 -0.067184 0.050665 0.111725 -0.008577 0.118528 0.141746 -0.066525 0.226138 -0.099106 0.014295 -0.052509 -0.112377 -0.086322 -0.127147 -0.176759 0.038925 -0.123286 0.083995 -0.153515 -0.091032 -0.015351 0.061917 0.041421 -0.021386 0.075124 -0.005735 -0.138796 -0.065561 -0.074794 -0.110526 0.030331 0.076276 0.117271 -0.071793 -0.140298 0.072542 -0.124654 -0.017196 0.016918 -0.047093 0.257004 0.136270 0.125438 -0.067800 -0.167038 0.075499 -0.175722 -0.077208 -0.002993 -0.155113 -0.054327 0.128344 0.037708 0.279688 
-0.050967 0.002964 -0.042698 0.021825 0.143887 0.059053 0.087839 -0.005189 -0.078471 0.046592 0.099562 -0.039193 -0.065168 0.152396 0.125232 0.127636 -0.038763 0.119288 0.086478 -0.155834 -0.092331 0.089791 0.104228 -0.092081 0.152664 -0.084297 -0.070287 -0.058613 -0.099859 0.159783 -0.058727 0.018515 -0.013796 0.075050 -0.131732 -0.045612 -0.039031 0.129789 0.122039 0.051339 0.001421 0.044988 -0.159193 0.112331 0.020420 0.147599 0.063423 0.158782 0.088435 -0.024530 -0.176020 0.172583 -0.109644 0.101737 -0.096059 -0.128247 -0.161912 0.009047 -0.005028 -0.088264 -0.002636 0.115939 0.098832 0.150528 
0.012709 0.147578 -0.069295 0.145812 0.076994 -0.123799 0.036726 -0.077269 0.152658 0.007692 -0.140562 -0.109479 0.007146 0.124102 -0.079072 -0.079692 -0.101392 -0.056654 -0.131473 -0.031369 -0.135619 -0.037691 0.056465 -0.127008 -0.192333 -0.164707 -0.048362 -0.077729 0.154603 -0.117831 -0.023313 -0.039714 -0.143701 0.079760 -0.059931 0.213042 0.115930 0.134097 -0.125023 0.058399 -0.012509 -0.074271 0.167441 0.167968 -0.176770 -0.058926 -0.092751 -0.091258 0.024671 0.028201 0.066549 0.049963 0.164571 -0.112256 0.091177 0.192311 -0.096345 -0.113023 -0.011195 -0.145751 -0.037856 0.153871 -0.066538 -0.053272 
0.067465 0.092116 -0.094561 0.010963 0.057664 -0.044642 -0.081491 -0.144152 0.083248 -0.126641 -0.151985 0.061896 0.009524 -0.058278 0.141726 -0.153542 0.107145 0.054172 0.059708 0.092396 0.085194 -0.017959 0.095423 0.167932 0.028894 -0.103630 -0.152792 0.094055 -0.124818 0.016098 -0.107092 0.099363 -0.060150 -0.014907 -0.072121 0.225072 0.149493 0.014762 -0.162610 -0.010107 0.062014 -0.153940 -0.138296 -0.122460 -0.027731 -0.124197 -0.112157 -0.109223 0.019084 0.203956 0.175924 -0.063806 -0.074207 0.075091 -0.062057 0.163282 0.143861 -0.041778 0.119229 -0.167036 0.181851 -0.145471 0.105851 -0.113035 
-0.018642 -0.153899 -0.111409 -0.053908 -0.001612 -0.097490 0.116851 -0.105348 -0.066713 0.134334 -0.044991 0.080545 0.200176 0.012607 0.179655 0.034042 -0.009216 0.232257 0.100120 0.118317 0.048809 -0.129241 0.051449 0.029376 0.008985 0.024266 0.028235 -0.027271 0.039055 -0.047551 0.068017 -0.106924 -0.010248 0.153023 -0.047654 0.218196 -0.150971 -0.083854 -0.108811 -0.016703 -0.100099 0.034937 -0.128442 -0.111104 -0.138238 -0.096984 0.078774 0.042284 -0.147308 0.026998 0.053466 0.081039 0.141301 -0.123747 -0.070222 -0.064268 0.100963 0.165063 0.101950 -0.036660 -0.086677 -0.024451 0.002323 0.144489 
-0.037254 0.160213 0.050920 0.004657 -0.101291 0.118653 0.161054 -0.020691 -0.032118 -0.122454 0.044749 0.005220 -0.058152 -0.054890 -0.117959 -0.028193 0.155912 0.045287 -0.128972 0.074055 0.121898 -0.020650 -0.161283 0.037722 -0.068050 0.109401 -0.166023 0.013607 -0.064408 0.010980 -0.092216 0.069989 -0.003031 0.135166 -0.106959 0.071899 0.076247 -0.118685 -0.123178 -0.133970 -0.053876 0.112711 0.058059 0.062019 -0.130373 0.124432 -0.142600 -0.149108 -0.020958 -0.091776 0.103105 -0.077223 0.073021 0.111208 0.145524 -0.166434 0.042675 0.159555 0.031994 0.151229 -0.015483 0.120870 0.030933 0.165319 
0.075759 0.121240 0.060179 -0.023065 -0.168313 0.113545 0.019525 -0.045628 0.035148 -0.099677 -0.160158 0.081631 -0.161769 -0.126193 0.109081 -0.006175 -0.037730 0.034021 0.093144 -0.144510 -0.032705 0.063127 -0.136541 -0.166578 0.043612 0.071983 0.161183 -0.141477 0.012134 0.030277 -0.155329 -0.088662 -0.025044 0.081394 0.064826 -0.016762 0.018384 -0.092208 0.114110 -0.123033 -0.015339 0.130483 0.135159 -0.000557 -0.172265 0.067700 0.169807 -0.033447 -0.074823 0.086446 -0.001423 0.069023 -0.027012 0.038574 0.078978 -0.159909 -0.065995 0.063622 -0.124828 0.122685 -0.082633 -0.103601 -0.142550 0.068842 
0.169133 0.097256 -0.124503 -0.003825 -0.160646 0.165721 0.063792 -0.008905 0.138797 0.000426 0.167272 0.136558 -0.100302 0.165148 -0.085399 0.002047 0.074811 0.095243 -0.108182 -0.133133 -0.048507 0.151156 -0.104420 0.055434 0.042168 -0.064796 0.006377 0.111866 0.016447 0.042466 0.013695 -0.011791 -0.033481 0.070712 0.171297 0.006730 0.089886 0.049276 0.139031 0.007653 -0.136469 0.118607 -0.048064 -0.060469 0.114823 0.066002 0.112084 0.004444 -0.043496 -0.124381 0.048948 0.086883 0.144087 0.118108 -0.027880 0.029352 -0.130966 0.154940 -0.021876 0.054397 0.044168 0.184982 -0.123117 0.142561 
0.069035 -0.154143 -0.040587 -0.042082 0.053071 -0.078100 0.141974 0.092246 -0.130495 -0.079217 -0.142763 0.165660 0.150126 0.147146 -0.000115 -0.068204 0.162074 -0.118226 -0.162478 0.145546 0.158190 -0.012998 -0.021305 -0.146283 -0.031047 0.138819 0.082329 0.175100 0.134996 0.122988 0.157197 0.036200 0.147521 -0.055495 0.160882 0.027178 0.038033 0.128858 -0.059275 0.090241 -0.126919 -0.026566 0.074746 -0.159416 -0.051286 -0.101493 -0.055952 -0.065567 -0.053459 -0.048478 -0.082633 -0.071563 0.132333 0.068639 -0.043286 -0.086390 0.031090 -0.133840 -0.092581 -0.010752 0.162212 -0.117395 -0.155063 0.147137 
0.031319 -0.179563 -0.022179 -0.133132 0.167144 0.093418 0.136242 -0.170224 -0.113319 0.055227 -0.153559 0.065444 0.123755 -0.044694 0.132530 -0.118412 0.107191 -0.131613 0.021766 0.048083 0.093884 0.153940 0.134666 -0.069810 0.178515 -0.129594 0.122319 0.179684 -0.065739 0.139984 0.092742 0.120998 0.144191 -0.097640 0.166207 0.089204 0.230213 0.130717 0.106242 -0.110034 -0.023344 0.120816 0.085735 -0.088093 -0.063888 0.057078 -0.038643 -0.165092 0.072186 0.154530 0.073188 -0.003568 0.053754 0.062630 0.129409 0.058404 0.084279 0.050882 0.048985 -0.161651 0.029266 -0.033353 0.186905 -0.020983 
0.036146 0.113918 -0.070186 0.029154 0.059336 -0.140739 0.096192 -0.144745 0.165707 0.006095 -0.056297 -0.087413 -0.132676 0.090018 -0.069581 0.113375 0.047669 -0.175461 -0.063011 -0.051503 0.032529 -0.111308 -0.166113 -0.066914 0.139379 0.039020 -0.048912 0.002171 0.170290 -0.094097 -0.172651 0.025422 -0.155944 -0.064656 -0.120329 0.075988 -0.021193 0.152567 0.107536 -0.039878 -0.022371 -0.126479 0.045118 0.019997 0.143693 0.153524 -0.043774 0.011571 0.151480 0.070517 0.137664 0.008383 0.126391 0.151212 0.120992 0.091149 0.009694 -0.106887 -0.084154 0.002377 -0.021799 -0.078709 -0.144220 -0.005669 
0.004096 -0.094378 -0.102095 -0.173917 -0.144136 -0.171103 -0.029940 0.026208 -0.130292 -0.183368 -0.123732 -0.160976 0.182491 -0.002943 0.050977 0.155120 -0.099429 0.062371 -0.058337 -0.146703 -0.030043 -0.096219 0.074828 0.170723 -0.023813 -0.141987 -0.022896 0.131535 -0.041475 0.005976 -0.039160 0.194997 0.100934 0.050056 0.144192 0.193001 0.013355 -0.048342 -0.000931 0.097217 -0.041585 0.059000 0.094894 -0.058366 -0.129928 -0.025207 -0.100252 -0.038173 0.147948 0.033097 0.067721 -0.061927 0.180159 -0.084138 -0.087378 -0.055517 -0.032583 0.102478 -0.097473 0.100855 -0.095005 0.011232 0.100198 0.244337 
-0.124081 0.010880 0.125975 0.116320 -0.135050 -0.072600 0.071006 0.045305 
-0.121833 -0.015390 0.071907 -0.077652 0.093446 -0.123146 0.019797 0.074152 
0.031921 -0.110883 -0.093762 0.000459 -0.031427 -0.028599 0.082396 0.072466 
-0.103601 -0.112251 0.018945 -0.049649 0.039782 -0.045060 -0.058581 0.091796 
-0.238663 -0.211425 0.144858 0.021187 0.014281 -0.050643 0.014456 0.012952 
0.056376 -0.041118 0.050000 0.024309 -0.040363 -0.054925 -0.027150 0.116268 
-0.048782 -0.003233 -0.005765 0.056663 0.097293 -0.062925 0.015149 0.137504 
-0.038396 -0.105379 -0.052835 -0.122672 -0.021271 0.017540 0.091599 -0.019662 
0.103764 0.099469 -0.058663 -0.162649 0.001048 -0.186309 0.115637 0.086367 
-0.101585 -0.083267 -0.018478 0.120075 0.020637 -0.015896 0.085090 -0.084242 
-0.103756 -0.080313 0.056571 0.121317 -0.005887 -0.068193 0.117954 0.081124 
-0.161858 -0.171946 0.176584 0.164299 0.073110 0.025098 -0.055940 0.043140 
0.038641 0.126957 -0.038907 -0.154291 0.118492 0.060357 -0.010359 -0.122444 
0.091310 0.147077 0.052665 -0.065333 -0.059951 -0.022062 0.042637 0.088304 
0.075798 -0.053034 -0.002222 -0.067135 0.026045 0.046066 -0.140660 0.045029 
0.063429 0.096826 -0.013341 0.029386 0.049180 0.041339 -0.121509 0.085082 
-0.128423 0.013554 -0.075530 0.156799 -0.098318 0.039218 -0.118977 0.095993 
0.082167 0.157124 -0.073237 -0.146845 0.062834 0.191272 -0.067678 -0.133594 
-0.170524 -0.128768 0.040981 0.025688 -0.002045 -0.024506 -0.030942 0.001357 
-0.021516 0.055042 0.112904 -0.122304 -0.053987 -0.118723 0.095136 -0.001996 
0.015850 0.076408 0.018642 0.098472 -0.043994 -0.072372 0.118299 -0.055197 
-0.095456 -0.124367 -0.015657 0.133736 -0.128727 0.045973 -0.098923 -0.070649 
0.118895 0.021775 0.063041 0.024082 -0.060851 -0.071378 0.114991 0.024023 
-0.033004 0.011369 0.099974 -0.014331 0.143339 0.002684 0.029801 0.104898 
-0.152530 0.019910 0.120112 0.184373 -0.010479 -0.001153 -0.103439 0.091018 
0.073686 -0.045318 0.044881 0.112975 -0.083982 0.069437 -0.072426 -0.092084 
-0.038054 -0.123340 0.054684 -0.014493 -0.104015 0.047336 0.112263 0.094506 
-0.060383 -0.103772 0.185148 0.104173 0.123191 0.047479 -0.072996 -0.069739 
-0.048730 0.078716 -0.080888 0.132282 -0.023107 -0.123647 0.109155 -0.008839 
-0.021492 -0.007239 -0.070052 0.019327 -0.062659 -0.017630 0.052151 0.024062 
-0.042002 -0.051578 -0.088975 0.060475 -0.086270 0.124115 -0.030509 0.051883 
0.000427 -0.030851 -0.062613 -0.036776 0.134793 0.064552 -0.044282 -0.050436 
0.008948 0.007310 -0.036002 0.122934 0.050392 -0.055463 -0.079294 -0.131962 
0.059022 0.008363 0.001304 0.099013 0.121776 -0.022243 -0.025836 -0.053546 
0.048277 -0.008711 0.086787 0.113412 0.039385 -0.021023 -0.012232 0.110482 
0.208358 0.248593 -0.217144 -0.117495 0.036227 0.146263 0.059189 0.115202 
-0.166530 -0.169914 0.191422 0.194266 -0.037312 -0.131392 0.155211 -0.034251 
-0.065845 -0.095438 0.197262 0.091440 0.024761 -0.068558 0.159479 0.066488 
0.118589 0.059745 -0.043854 -0.003996 0.122355 0.098419 -0.012612 0.024018 
0.061681 0.059876 -0.102549 -0.082862 0.001290 0.122137 -0.099094 0.067790 
-0.058530 -0.118870 0.033515 0.052323 -0.075527 0.001790 0.072930 0.085740 
0.174344 0.117474 -0.088337 0.015756 -0.079155 -0.026426 -0.131769 -0.111251 
-0.101875 0.025230 0.027248 -0.125833 0.000629 -0.075927 0.010769 -0.091445 
0.090940 0.047595 -0.039839 -0.032605 0.044897 -0.014097 -0.089650 0.111202 
-0.089371 0.016314 0.096038 0.071155 -0.096628 -0.063218 0.043721 -0.014508 
-0.047675 0.127878 0.092174 -0.055991 -0.136960 -0.134014 0.035616 -0.093767 
0.052936 -0.052411 -0.075050 -0.087827 -0.020678 0.074357 -0.047694 -0.055286 
-0.004571 0.036227 0.039986 -0.077111 -0.100406 0.073653 -0.097817 0.014416 
0.017463 0.059303 -0.068957 0.116734 -0.067359 0.061113 -0.103320 -0.022622 
-0.010490 -0.145725 0.113721 0.088166 -0.076652 -0.048735 0.187322 0.188772 
0.169321 0.004878 -0.190408 -0.128990 0.204525 0.106899 -0.132138 -0.093818 
-0.108082 -0.099080 0.036464 -0.084880 0.097356 0.063997 0.057631 -0.008241 
0.090153 0.176618 -0.121685 0.027715 0.101779 0.070968 -0.166993 -0.090159 
-0.087129 -0.184677 -0.036213 0.096735 -0.053771 -0.145200 0.089703 -0.011732 
-0.091796 0.030838 0.013672 -0.027235 -0.084369 0.073417 0.079294 -0.053731 
0.099109 -0.019118 -0.003281 0.089764 -0.086629 -0.107553 -0.005951 0.104185 
-0.092776 0.030796 -0.011730 0.076851 -0.119003 0.034460 -0.093790 0.001686 
0.072188 -0.021111 -0.096683 -0.114922 -0.035511 0.108432 -0.056775 0.023924 
0.056418 0.071022 -0.124062 0.110934 0.038488 0.079706 -0.073826 0.023857 
-0.064119 0.039538 -0.010568 -0.013911 0.080645 0.066955 -0.081723 0.108928 
-0.064611 0.014526 0.082016 -0.020801 -0.091128 0.040225 0.138850 0.148816 
-0.077559 -0.074866 -0.136716 -0.025285 -0.154505 -0.060897 -0.039991 0.113285 
-0.150529 -0.183400 0.104775 0.160381 0.123234 0.108790 -0.027429 -0.087570 
0.131575 0.208767 -0.064735 -0.082062 0.130402 0.203898 -0.158788 -0.175677 









0.000000 
0.000000 
0.000000 
0.000000 
0.000000 
0.000000 
0.000000 
0.000000 
-0.031153 
-0.318133 
-0.008988 
0.172524 
0.302022 
-0.112125 
0.153697 
0.327434 
-0.020661 
0.210295 
-0.045681 
-0.010468 
-0.213253 
0.070485 
-0.188035 
-0.067156 
0.183291 
0.292800 
-0.174670 
0.180136 
0.211585 
0.146711 
0.309519 
-0.109808 
0.083560 
0.048374 
0.172537 
-0.140706 
-0.073986 
-0.311266 
-0.086214 
0.245245 
-0.289906 
0.226491 
0.087884 
0.364541 
-0.232710 
-0.157403 
0.340665 
0.130715 
-0.343906 
-0.046269 
-0.231688 
-0.224724 
-0.347224 
-0.046460 
0.054102 
0.183941 
-0.134385 
0.241355 
-0.017070 
-0.255336 
0.001308 
-0.071374 
-0.000649 
-0.261475 
0.319842 
-0.198991 
-0.045894 
-0.093390 
-0.161358 
0.247713 
-0.206849 
-0.092041 
0.059656 
0.119457 
-0.045757 
0.081448 
-0.100225 
-0.046754 
0.045460 
-0.099736 
0.086668 
0.025387 
-0.059504 
0.064194 
-0.119631 
0.108568 
0.035803 
-0.042157 
0.040222 
0.219497 
0.000528 
-0.082110 
-0.006673 
0.147914 
-0.041378 
-0.004442 
-0.060736 
0.044903 
0.067399 
-0.027818 
0.003503 
0.141251 
0.163178 
-0.093561 
0.062964 
-0.106672 
0.116336 
0.145172 
-0.021511 
0.015302 
0.097503 
-0.100348 
-0.150232 
-0.048501 
0.126217 
-0.191677 
0.164311 
-0.076338 
0.088643 
0.023197 
-0.096252 
0.304145 
0.217091 
0.050455 
0.173711 
-0.171609 
0.235835 
0.170695 
0.216744 
0.287795 
0.078891 
-0.077721 
0.028562 
-0.154961 
-0.084634 
-0.175849 
-0.092571 
-0.022575 
0.253362 
0.201203 
0.292558 
0.080663 
0.274417 
0.262767 
0.207428 
0.205326 
-0.207617 
0.140827 
-0.171778 
0.058452 
-0.053634 
0.079485 
-0.030383 
-0.114802 
-0.128621 
-0.098632 
-0.083471 
-0.140649 
-0.076463 
-0.148350 
0.138235 
-0.025507 
-0.021963 
-0.103262 
0.161995 
0.144393 
-0.023119 
-0.127699 
-0.032112 
0.057331 
0.070859 
-0.066295 
0.164392 
0.077345 
-0.076111 
0.084755 
0.004427 
-0.041034 
0.032498 
-0.031150 
0.155482 
-0.173368 
-0.144915 
-0.042590 
-0.087414 
-0.063460 
-0.039585 
0.131969 
0.012931 
0.084852 
0.021011 
-0.116876 
-0.063666 
0.195495 
-0.064228 
-0.138826 
0.140985 
0.205922 
-0.113879 
-0.065848 
-0.180389 
-0.054175 
0.115683 
-0.166643 
0.132443 
0.128758 
0.142728 
-0.015717 
-0.064070 
0.036160 
-0.126850 
-0.096313 
0.027305 
-0.043238 
-0.015240 
0.106434 
0.152711 
0.082509 
-0.247098 
-0.345414 
-0.056246 
0.031960 
-0.099037 
-0.066621 
3.558000 0.580872 0.432080 
