0.263867 0.491881 0.308328 0.248814 0.152538 0.375615 -0.259309 0.051698 0.020802 0.221380 -0.032784 -0.116332 -0.189174 -0.288645 -0.175464 0.445411 0.225488 0.057223 0.186730 -0.335806 -0.349650 0.063417 0.007112 0.338003 0.002227 0.259775 0.026336 0.249131 -0.114502 -0.014457 -0.237664 -0.154748 
0.117410 0.269988 0.549201 0.243297 0.467022 -0.421939 -0.316794 -0.154174 0.087395 -0.069347 0.047713 0.062839 0.068510 -0.602271 -0.122155 -0.150715 -0.039613 -0.350523 -0.264399 -0.015504 0.014905 -0.333183 0.128133 -0.066629 0.270478 0.056279 -0.027743 0.231336 0.056838 0.067095 -0.162093 0.120992 
0.298646 0.091606 -0.108575 0.227346 0.341883 0.144000 0.144673 -0.199026 -0.064599 0.056787 -0.045315 0.151583 0.294069 -0.176262 -0.476060 -0.024587 0.047020 -0.040656 -1.352148 0.242263 0.159435 -0.240088 -0.020210 -0.074724 0.063091 0.160407 0.160147 -0.147008 -0.280889 0.150189 -0.504760 -0.281017 
0.183147 0.287864 -0.069815 0.131022 0.016799 -0.101841 0.035177 -0.202768 0.026146 0.103392 0.573741 -0.210558 0.269369 -0.607516 0.094396 0.151526 0.058526 -0.721664 -2.486358 0.013651 0.041908 0.366859 0.077227 0.540525 -0.116188 -0.125966 -0.141915 0.302213 -0.129602 0.030391 -0.049223 0.008290 
-0.246161 0.268626 0.074134 0.175399 -0.306268 -0.410041 -0.016005 0.084184 0.203893 -0.257325 0.190203 -0.120354 0.166039 -0.261000 -0.236430 0.072721 0.177585 -0.385402 -0.452575 0.199281 0.063564 -0.085227 -0.136641 -0.057938 -0.146044 -0.308855 0.020283 0.376159 0.300839 0.186117 0.327550 -0.224801 
0.419115 0.087766 -0.447237 0.045785 0.168507 0.036624 0.008954 0.037786 0.354086 -0.038473 -0.339613 -0.288265 0.344886 0.093521 0.001787 -0.117338 0.196161 0.415663 -0.278694 -0.229734 -0.015119 -0.303372 -0.360812 0.000254 -0.095840 0.075266 0.406803 0.113198 0.123214 -0.056626 0.081420 -0.279446 
-0.076124 0.284762 0.111196 -0.071943 -0.280549 -0.169599 0.264104 -0.175264 -0.103902 -0.499246 -0.142895 -0.095239 0.044451 -0.155845 0.369911 0.099213 -0.245516 -0.205840 0.528753 0.041912 0.010659 0.005675 -0.212030 0.071960 0.307782 0.222198 -0.071503 -0.077340 0.070291 -0.048873 -0.172934 -0.457406 
0.128969 -0.369369 0.142816 -0.143533 -0.289619 0.017262 -0.134756 -0.152914 -0.214187 -0.215438 -0.185651 -0.205471 0.134710 -0.194587 0.378651 0.001808 0.090748 0.179463 0.344192 0.117590 -0.165674 0.181197 -0.040227 0.201071 0.157295 -0.018792 -0.090979 -0.030219 0.117401 0.075966 0.015118 -0.124759 
0.094227 -0.314783 -0.301258 0.114853 -0.204162 0.028882 -0.177474 0.009711 -0.188458 0.337440 0.011271 0.286750 -0.159740 0.115977 -0.192904 0.059052 
0.151860 -0.319886 -0.168657 -0.165453 -0.373653 0.043558 -0.009588 -0.076981 0.219440 0.255407 0.281751 -0.012743 -0.121850 -0.042851 -0.250239 0.200521 
-0.049135 0.259191 -0.127577 -0.007910 0.245762 0.156098 -0.027443 0.080389 0.215517 0.131056 0.190315 -0.114232 -0.033199 0.031312 -0.045294 0.464051 
0.124088 -0.162097 0.045475 -0.194752 -0.040978 0.133250 0.065577 -0.003592 0.223651 -0.015010 -0.201875 0.021848 0.080368 0.103486 0.150187 0.059836 
-0.022844 -0.411394 -0.139020 -0.229619 -0.033782 -0.029447 -0.212400 0.128525 0.118046 0.289875 -0.131923 0.175068 -0.046676 0.248406 -0.081341 0.225751 
0.146274 0.243558 0.126577 0.244222 0.000419 -0.148359 0.088073 -0.060049 -0.205857 0.073991 -0.244088 0.135062 0.081425 0.253332 -0.178530 -0.014427 
0.061087 -0.126165 0.050267 0.139449 -0.057510 0.046434 -0.085477 0.081534 -0.154700 0.179587 0.112536 0.350051 -0.173486 0.091611 0.075329 -0.349210 
0.041072 -0.073477 0.300554 0.125932 -0.036919 -0.157538 0.226072 0.020230 0.054946 -0.096913 -0.118846 -0.121634 0.163246 -0.071310 0.128899 0.116005 
0.183214 -0.321960 0.007458 -0.195746 -0.246626 -0.183763 0.060168 -0.125402 0.158797 0.075920 0.137109 0.177307 -0.052379 -0.011982 0.099158 0.025409 
-0.026318 -0.048781 0.111091 -0.086684 -0.131182 -0.233376 0.124026 0.236436 -0.066147 0.107593 -0.222527 0.009056 0.214298 0.283783 0.071435 0.164971 
-0.051841 0.087135 -0.060621 0.087237 -0.152618 -0.051400 0.287065 0.325898 -0.104689 0.412849 0.210600 0.075947 -0.329296 -0.167200 -0.107022 -0.062002 
-0.213096 -0.156189 0.480611 -0.198989 0.143149 -0.009718 -0.201540 0.162894 0.051626 -0.404675 -0.105540 -0.306193 0.150670 0.318798 0.245810 0.118525 
0.009966 -0.024310 -0.292686 -0.035487 -0.072929 0.155803 -0.080608 -0.097014 0.086036 -0.090836 -0.036158 0.158907 -0.139720 -0.134028 0.026288 -0.214048 
-0.140782 0.210494 0.458342 0.269549 0.035902 -0.195574 0.209896 0.170840 -0.215193 -0.288469 -0.331954 -0.129834 0.251181 -0.334695 0.217647 0.001590 
0.034801 0.471983 0.137756 0.252790 0.225466 -0.004962 0.134107 -0.166639 0.254931 -0.294881 -0.224472 -0.210165 0.146771 -0.298526 0.060090 0.270906 
0.107273 0.030965 0.126460 0.213694 -0.110105 0.031830 0.144681 -0.120308 0.020479 0.076246 0.121663 -0.048706 0.138050 0.057592 -0.205537 0.083353 
0.182288 -0.434058 -0.019453 0.040517 -0.052386 0.071526 -0.088218 0.150648 0.076668 0.039075 0.152238 0.148997 -0.078895 -0.046631 -0.276151 -0.019788 
0.162881 -0.041618 -0.079736 0.057188 -0.092411 -0.016767 -0.205415 0.015165 0.043910 -0.190694 -0.271615 0.158582 0.109648 -0.052178 -0.011617 -0.042455 
-0.064425 0.047234 -0.023233 0.102192 0.206186 0.080359 -0.080932 -0.105113 0.045363 -0.140041 -0.146561 0.019587 0.090372 -0.204372 -0.223250 0.189667 
-0.323176 0.200787 -0.153720 0.020459 0.183390 -0.004706 0.020731 0.149886 -0.036506 0.004014 0.161885 0.096998 -0.283953 -0.149853 0.246494 -0.052493 
-0.151315 -0.230336 0.086932 -0.193929 0.123287 -0.028671 -0.096145 0.109332 -0.054700 -0.243298 -0.121730 -0.050220 -0.085302 0.090686 0.269187 -0.120593 
0.167502 0.063315 0.004183 0.110066 0.043849 -0.092652 0.155127 0.096632 -0.172646 0.036717 0.318933 -0.140342 0.077705 -0.134617 -0.148696 -0.218257 
-0.002011 -0.145055 -0.143363 -0.280785 0.120841 0.101392 -0.004797 0.111870 -0.114622 0.250188 0.198852 -0.042179 -0.057622 0.305862 -0.114303 -0.316023 
0.135738 0.008777 0.074353 0.171702 -0.139546 -0.066097 0.038116 -0.113497 -0.245541 0.068387 0.282072 -0.039021 -0.017378 0.033735 -0.358311 0.059534 
-0.092160 0.118514 0.036397 -0.193528 0.003684 0.133727 -0.327552 -0.174370 0.055986 0.152938 0.209801 0.201354 -0.130669 -0.038920 -0.111194 0.006968 
-0.116592 0.206422 0.057850 0.186524 0.183591 -0.117989 -0.174236 -0.152242 -0.121448 -0.108140 -0.113389 -0.077810 0.105062 0.182260 -0.032954 0.294878 
0.100758 -0.088194 0.279836 0.093510 0.029017 0.039679 -0.038259 0.024455 0.273187 -0.327554 -0.311593 0.090592 0.197127 -0.134131 0.189085 0.189723 
0.132197 -0.178394 -0.107208 -0.031999 -0.242809 -0.048168 0.087823 -0.042418 0.246292 -0.017372 0.116898 -0.059734 0.091605 -0.078846 -0.076823 0.231195 
0.120024 -0.033193 0.064942 0.093700 -0.035076 -0.045249 -0.021274 -0.176066 0.209241 -0.309821 0.112482 -0.206289 0.140052 -0.225139 0.190548 -0.030883 
-0.059209 -0.176396 -0.117471 -0.136782 -0.067531 -0.053394 -0.019872 -0.016892 0.011881 0.215988 0.181132 0.001218 -0.231073 -0.048438 0.042262 -0.009381 
-0.001871 -0.354240 0.035815 0.128725 -0.089924 -0.174188 0.294663 0.129161 0.181770 -0.268520 0.197065 -0.053863 0.008724 -0.361076 0.120203 -0.060753 
-0.021681 0.004633 0.098467 0.070326 0.214814 -0.115963 0.097984 0.414653 0.081908 -0.080090 -0.098241 -0.281192 -0.144009 -0.061377 0.254008 0.225874 
0.013705 0.513462 -0.015476 0.250123 -0.065238 0.200169 -0.044803 0.104514 
-0.465389 -0.070694 -0.251656 0.031827 0.709077 -0.536920 0.202883 -0.019016 
0.173577 0.071344 -0.129243 0.140040 -0.380499 -0.193278 0.276350 -0.424661 
0.032246 0.301402 -0.556908 0.119198 0.344753 -0.261301 0.183493 -0.098036 
-0.017196 -0.362199 -0.395472 -0.313446 -0.031949 -0.401213 0.198034 0.318717 
-0.105954 -0.200517 0.106204 -0.239254 0.134893 0.190622 0.012574 0.067541 
0.133243 0.103387 -0.448777 0.272126 -0.224947 0.239912 0.525803 0.084138 
0.167197 -0.227808 0.176602 0.116807 -0.456933 -0.128857 0.183029 -0.173774 
0.514811 -0.061102 -0.133196 -0.540387 -0.297163 0.535682 -0.359600 0.454910 
-0.259917 0.268782 0.637948 0.312836 0.388296 0.207464 -0.045657 -0.448446 
-0.209688 -0.214632 0.285786 0.463413 0.102154 0.606670 0.304765 0.405029 
0.030249 0.082017 0.433442 0.110495 0.198636 -0.166960 -0.658042 -0.380234 
0.155356 0.341369 -0.623092 -0.315531 -0.221172 -0.450967 0.431953 0.335729 
-0.527208 0.135210 0.750305 -0.248625 -0.304108 -0.335867 -0.012169 -0.211522 
0.419160 -0.494894 -0.281752 -0.117493 -0.282704 0.016347 0.050422 -0.245882 
-0.098264 0.292922 0.315836 -0.688348 -0.115909 0.135628 0.130486 0.442499 
0.228247 -0.234902 0.152123 -0.110066 0.557081 -0.367901 -0.606183 -0.516100 0.459115 -0.249555 -0.812812 0.390518 -0.769968 -0.032551 -0.069099 -0.574426 -0.073008 0.339310 0.241492 0.218053 0.118752 -0.340192 -0.513024 
0.118820 0.509269 0.711170 0.549103 0.064891 0.442158 -0.278053 0.569587 0.641008 -0.013490 0.114674 0.738317 -0.266106 -0.689294 0.800265 -0.094741 -0.076220 -0.059872 -0.048658 -0.021212 -0.053594 -0.330577 -0.001979 
-0.034405 0.215521 -0.205719 0.483129 0.365257 0.617370 -0.182828 0.673641 -0.010057 0.003179 0.323414 -0.385088 0.892393 0.182761 -0.368946 0.864580 0.315713 -0.198952 -0.206940 -0.142927 -0.110754 0.386301 0.050250 
-0.465601 0.813733 0.436626 0.613447 0.529266 0.026754 0.457796 -0.400820 -0.678690 0.144153 0.019434 0.199029 -0.517136 -0.428529 -0.513119 0.953294 0.294183 -0.186927 -0.048269 -0.039483 -0.208714 -0.021560 0.766633 
0.425049 0.365154 0.102150 0.058282 -0.901366 -0.632574 -0.144403 -0.412646 -0.737598 0.727360 0.809970 0.831413 0.588467 0.194710 0.176162 0.714645 0.204414 -0.059363 0.000578 0.056072 0.109053 0.206234 -0.082138 
-0.665874 0.197622 -0.368491 1.272736 0.645043 -0.388446 0.189009 -0.100049 0.039356 -0.533141 -0.323834 0.715131 0.082616 0.541564 -0.148655 0.246446 0.023389 -0.331180 0.048055 0.013048 0.234018 -0.039655 -0.072412 
0.242125 0.304602 -0.176490 -0.624061 -0.155208 0.179819 0.854421 -0.042683 0.206523 -0.543197 0.898580 0.310986 -0.774968 -0.405099 -0.033228 -0.363259 0.120909 -0.059988 -0.027486 0.062929 -0.261371 0.145561 -0.147998 
0.640393 -0.036965 -0.265329 0.188066 -0.446125 -0.530354 -0.017854 -0.100114 0.442216 -0.690738 0.356727 0.896126 0.165799 0.695135 0.423670 -0.439872 -0.145749 -0.254722 0.067243 0.054814 -0.192771 0.053104 -0.185922 
0.170552 -0.265349 -0.179432 0.047599 -0.374481 -0.092754 0.012981 0.106881 -0.207240 0.278684 0.480037 0.004313 0.223420 0.039843 0.196150 -0.216620 -0.260289 0.258691 -0.089177 -0.048140 0.169724 0.294725 0.060556 0.279173 -0.061771 -0.130836 -0.001859 0.215031 0.136486 0.048675 -0.132802 0.021044 
0.254856 0.015542 -0.036278 -0.121863 0.089879 0.199619 0.131932 0.503100 0.119324 0.085976 0.063334 0.006060 0.284649 0.167987 0.128063 0.264519 -0.110921 -0.305521 0.374460 0.272492 0.191042 0.179510 0.054633 0.185589 0.527702 0.167242 0.294837 -0.170123 -0.180931 -0.286811 -0.263515 0.162021 
0.171496 -0.568298 0.220214 0.307002 0.016034 0.036330 0.378555 0.099837 0.288965 -0.180382 -0.239631 -0.000825 0.026685 -0.167709 0.012744 0.342196 -0.354895 0.083257 0.145389 -0.132082 -0.071396 -0.149652 -0.041433 -0.122010 0.040967 -0.134275 0.202172 0.056915 -0.095448 -0.351018 -0.053110 0.129457 
-0.046665 0.298928 -0.121147 -0.392635 0.258874 0.300654 0.084030 0.261700 0.556054 -0.441855 -0.078540 0.184353 -0.128480 0.618409 -0.401667 0.069151 0.050591 0.101496 0.392477 0.223658 -0.502700 -0.520420 -0.090734 0.602663 0.489388 0.540086 0.359264 -0.548099 -0.465841 -0.513013 0.066300 -0.291356 
-0.152958 0.153351 0.174382 -0.122248 0.629966 0.015751 -0.259721 -0.224138 0.460002 -0.278002 0.178241 -0.296099 -0.109651 -0.272259 0.209485 0.247409 0.434383 -0.145420 0.239973 -0.150732 0.004343 -0.334099 0.281285 0.044762 0.195955 -0.073837 0.404144 -0.282821 0.190968 -0.289121 -0.221269 -0.227963 
-0.348135 -0.173589 0.342312 0.199689 0.322649 -0.012052 -0.318713 -0.275733 -0.422106 -0.333383 -0.042849 0.030746 -0.262616 0.393267 0.207876 0.219685 -0.311635 -0.064483 0.119632 -0.058151 -0.101662 -0.062064 0.249281 -0.148965 0.333656 -0.061367 0.262620 0.177280 0.335624 0.074825 -0.186862 -0.021065 
0.088935 0.034120 -0.012922 -0.345726 0.027680 0.402234 -0.193638 0.222365 -0.423354 0.129460 -0.390982 -0.279488 0.101251 0.092031 0.148569 0.354318 0.102836 -0.074438 -0.071838 0.270486 -0.278723 0.119417 -0.113718 0.224092 0.250549 0.281093 0.173654 0.496710 0.210019 0.227560 -0.344508 0.084083 
-0.293028 -0.157966 0.162900 0.035629 0.392354 -0.039445 -0.340467 0.146305 -0.380786 -0.173504 0.322961 0.399134 0.017947 0.394241 0.242454 0.025533 -0.285778 0.127773 0.154055 -0.016102 0.013057 -0.276592 0.055712 0.098121 0.253266 -0.091580 0.239018 0.082021 0.122007 0.007441 0.207707 -0.011952 
-0.105857 -0.124777 0.309547 0.015783 0.347159 -0.106318 -0.428795 -0.067177 -0.119220 -0.244244 0.570635 0.103446 0.243209 0.026341 0.305515 -0.221448 -0.109811 0.123951 -0.046510 -0.034104 -0.215419 -0.122833 -0.107771 -0.475386 -0.273252 -0.015475 0.073684 -0.306939 -0.296464 -0.134691 -0.340285 -0.028200 
-0.182785 -0.585566 0.043115 0.182989 0.029629 0.136265 0.449325 0.266789 0.077928 0.112360 -0.442237 0.139180 -0.099641 -0.240812 -0.411649 0.204930 -0.306878 0.180967 0.272985 -0.033119 0.045314 0.123806 0.301335 0.263900 -0.277383 -0.258856 -0.303269 0.046922 -0.132798 0.002665 0.454453 0.156734 
0.139251 -0.455396 -0.289564 -0.257082 -0.379500 0.020403 -0.249918 0.577565 -0.580451 0.166420 -0.151872 0.106910 0.155960 0.128806 -0.212472 0.191661 -0.026848 -0.222470 -0.108336 0.590181 -0.019614 0.184573 0.000326 0.323776 0.156585 0.412583 0.195225 0.677955 0.010145 0.190895 -0.054058 0.639610 
0.542893 0.682220 -0.174542 0.245413 -0.551710 -0.025728 0.032926 0.097047 0.301741 -0.019487 0.868525 0.149214 0.549698 -0.030170 -0.016600 -0.327131 -0.209196 0.413683 0.009014 0.608377 -0.206014 -0.278172 -0.316783 0.365525 -0.074346 0.347719 0.173361 -0.516946 -0.505627 -0.215633 -0.481856 0.114436 
-0.023794 0.180379 0.150596 -0.169224 -0.695641 -0.326703 -0.464711 0.500310 -0.173660 -0.296182 0.221776 0.324536 -0.088934 0.403885 -0.328754 -0.417446 -0.016158 -0.018839 0.224707 -0.420135 0.340698 -0.174053 0.391008 0.532077 0.546583 0.169627 -0.419976 0.237759 0.024528 0.082370 0.517738 -0.083785 
-0.064332 0.593136 -0.082649 -0.397302 -0.237742 -0.128995 -0.503083 0.104852 -0.067194 0.031039 0.042007 0.372741 -0.057185 -0.097992 -0.101506 -0.452723 0.255938 0.199786 -0.155247 -0.031316 -0.022855 -0.182448 0.016246 -0.052125 -0.094901 0.135281 -0.526264 -0.248443 -0.027567 0.397826 0.284294 -0.370952 
-0.091864 -0.462164 0.047031 0.014083 0.193045 0.152984 0.311638 -0.008390 -0.077741 -0.238857 -0.011388 0.226350 0.035103 0.063963 0.124832 -0.283206 -0.132145 0.516802 0.037616 0.470035 -0.231570 -0.095475 -0.403160 -0.253501 -0.485290 -0.121666 -0.054323 0.042977 -0.436364 -0.071240 0.276619 0.180744 
0.193333 0.013559 0.041451 -0.282011 -0.265889 0.145429 0.278353 0.456619 0.267950 -0.131369 -0.290878 -0.118075 0.144366 0.574126 -0.228675 0.241877 0.227868 -0.412701 0.402843 -0.297013 0.098199 0.166987 0.013269 0.612614 0.728736 0.135378 -0.127541 0.238912 0.280922 -0.394427 -0.141984 -0.039885 
0.119904 -0.339879 -0.716951 -0.236073 -0.138578 -0.134248 0.264175 0.407561 
0.181343 0.115195 0.119767 -0.716494 1.152137 -0.430098 -0.334692 -0.269020 
0.063133 -0.031302 0.171534 -0.247805 -0.186347 0.114551 -0.423975 -0.292828 
0.006513 -0.301517 -0.274872 -0.386840 -0.433509 0.421949 -0.063047 -0.079745 
0.136385 0.180319 0.057571 1.078597 0.384573 0.095259 -0.243200 -1.218365 
0.069854 -0.339216 0.285451 0.443516 0.484218 0.047819 -0.077994 0.183334 
-0.068078 -0.859295 -0.016301 0.172234 -0.454908 0.550359 0.314358 0.358686 
0.052310 0.007425 0.279599 0.638362 -0.311221 -0.236239 0.387918 0.677293 
-0.608940 -0.267597 -0.129220 0.711786 0.414652 0.886585 -0.083884 0.298404 
-0.494878 -0.277531 -0.247318 -0.236287 -0.219671 -0.256252 0.425697 0.070718 
0.285943 0.732063 -0.982523 0.269285 -0.414322 0.221859 -0.307347 -0.435048 
0.421452 0.469269 0.157200 -0.093357 0.294614 0.123649 0.185081 0.339592 
0.267576 -0.012164 -0.603179 -0.007245 -0.359486 -0.166657 0.066637 0.217666 
0.195393 -0.077469 0.615218 0.664829 -0.300415 0.044665 0.083328 -0.179519 
0.145859 -0.099037 -0.488827 -0.209030 -0.437203 -0.141188 -0.386542 -0.432802 
0.023193 -0.989373 0.554722 0.138797 0.100305 -0.094067 -0.148629 -0.235682 
-0.594811 0.460995 0.004564 0.616391 0.425199 0.071066 -0.185394 -0.075681 
0.414038 0.352177 -0.215359 -0.346940 0.351450 0.301276 0.191604 0.540449 
0.006269 -0.196049 0.294869 0.410976 -0.239157 0.472467 -0.023237 -0.086466 
0.582569 -0.325729 -0.428054 0.293116 0.309471 -0.195874 0.309632 0.160657 
-0.261907 0.337775 0.213463 0.087738 -0.419062 0.041651 0.054592 0.321024 
-0.369432 -0.200386 -0.038021 0.078234 -0.475004 -0.418677 0.343107 0.214159 
-0.216720 0.122169 0.423843 -0.084216 -0.463211 -0.006770 -0.120977 -0.341470 
-0.359614 -0.137944 0.521770 1.042363 0.055871 0.127134 0.247305 0.573558 
-0.447885 -0.340654 0.523463 1.235346 -0.310671 -0.101153 -0.217433 -0.786598 
0.242220 0.145676 -0.011185 0.731965 0.789798 0.029072 -0.098614 0.161696 
0.639039 -0.551083 -0.205034 0.484677 0.362354 0.004407 -0.420278 -0.263225 
-0.326325 0.130236 0.510986 1.287107 -0.572324 -0.408925 0.307461 0.452907 
-0.435522 0.140081 0.435112 0.291108 -0.420653 -0.347633 -0.325991 -0.309112 
-0.219815 0.267558 0.214411 -0.495422 -0.174053 -0.651520 0.258670 0.151111 
-0.062012 0.485208 0.634724 -0.369857 0.437611 0.492338 0.267110 0.306856 
0.258148 -0.108856 -0.318837 0.608895 -0.378451 -0.064321 0.340175 0.102285 









0.000000 
0.000000 
0.000000 
0.000000 
0.000000 
0.000000 
0.000000 
0.000000 
-0.724078 
-0.651960 
-0.609415 
-0.086482 
-0.183285 
-0.007982 
-0.245544 
0.393434 
-0.034929 
0.033852 
-1.177654 
1.325050 
-0.238570 
1.252773 
0.723185 
0.089614 
-0.293191 
0.529578 
0.321708 
-0.354066 
0.691648 
-0.276406 
-0.332179 
-0.137635 
-0.394177 
0.267771 
0.590480 
-0.339035 
0.476224 
-0.493814 
0.078860 
0.103410 
-0.150827 
0.095846 
0.598388 
0.397543 
0.166296 
-0.149536 
0.050324 
0.121269 
-0.403575 
-0.984708 
-0.689726 
-0.162631 
0.659580 
-0.081152 
0.225500 
-0.443693 
0.045131 0.445974 
-0.050397 0.595386 
-0.494207 0.220654 
-0.153747 0.726593 
-0.432731 0.583767 
-0.593700 0.248696 
0.142916 0.428146 
-0.332544 0.319484 
-0.102181 
-0.030580 
0.197622 
0.118295 
0.336734 
-0.229413 
0.107013 
0.005290 
-0.250456 
0.644526 
0.490051 
-0.464358 
0.216832 
-0.141315 
0.437236 
-0.390592 
-0.533369 
-0.481699 
-0.241180 
-0.287394 
0.886826 
0.521147 
-0.034594 
-0.051761 
0.563421 
-0.435489 
-0.657903 
0.383357 
-0.376912 
-0.087844 
-0.448945 
0.112541 
0.633398 
0.391722 
-0.254717 
0.023387 
0.264455 
-0.036394 
-0.314445 
0.009646 
-0.721613 
0.646913 
0.298399 
0.888939 
0.048002 
-0.110929 
0.381327 
0.470337 
-0.218108 
0.422676 
0.539487 
1.715662 
1.051732 
0.335828 
-0.268464 
0.668609 
1.489000 0.193169 0.120569 
