0.136324 0.121049 0.535098 0.255083 0.053371 0.153143 -0.227296 -0.098078 0.095055 -0.452773 0.066978 0.112078 -0.158843 0.107059 -0.169678 0.430134 -0.082738 0.177515 0.358778 0.286385 0.157222 0.172798 0.125758 -0.040624 0.440966 -0.036178 0.120732 0.003946 -0.142008 -0.159918 -0.212602 0.169605 -0.283488 -0.307786 0.174125 0.031319 0.162712 0.194835 0.540684 0.021394 0.295745 0.099883 0.362877 -0.108023 -0.113159 -0.149512 0.010667 0.155159 0.366871 0.280808 0.111414 -0.177387 0.283481 -0.083797 -0.215456 0.112399 0.303144 0.174113 -0.214884 -0.246103 0.292329 -0.198758 0.266372 -0.349021 
-0.084846 0.077628 -0.092576 -0.402241 0.204920 -0.044958 0.069418 0.064720 -0.206008 -0.237854 0.085383 0.044902 0.142410 -0.173557 -0.100096 0.058973 -0.197248 0.403971 0.350733 0.189648 -0.038101 0.162005 0.038147 -0.228149 0.118663 0.025965 -0.067776 -0.135456 0.182324 -0.001262 0.109438 -0.252631 -0.161938 -0.224814 -0.178644 0.132499 0.118966 0.096694 0.025567 0.132145 -0.202793 -0.266904 -0.137050 0.225288 -0.098533 -0.086743 -0.099932 -0.223635 -0.003374 -0.297332 -0.078698 0.177224 0.060899 0.256185 -0.135948 -0.239211 0.087484 0.031255 0.324874 -0.078689 -0.337265 0.126685 0.113753 -0.106499 
0.185903 0.118129 -0.551950 0.018040 -0.244703 -0.146994 -0.108983 -0.162629 0.215736 0.259661 -0.200414 0.151015 0.339026 -0.001687 -0.071608 -0.228904 0.340585 -0.109471 -0.388426 -0.309346 -0.123332 -0.111283 -0.206128 0.226523 -0.490416 0.252412 -0.088765 -0.257015 -0.011713 0.249334 -0.064249 -0.153030 0.021348 -0.014025 0.159125 0.205155 0.171956 0.362395 -0.529309 -0.097056 -0.097295 -0.254331 -0.263564 -0.094818 0.180466 0.033326 0.115166 -0.022226 -0.372081 -0.307933 0.107823 0.066742 -0.122868 0.176338 0.165838 -0.071315 0.192027 0.188430 0.157869 -0.153554 0.046117 0.327173 0.043230 -0.217498 
-0.125939 -0.023550 0.140081 -0.238606 -0.184823 0.302014 0.008518 0.179691 -0.212265 0.346208 -0.112726 0.127984 -0.006371 0.303467 -0.182722 0.073464 0.392601 0.071282 -0.239926 0.011692 0.000927 0.220435 0.269765 -0.084128 0.073418 0.089457 0.125828 0.001346 0.006993 -0.197457 0.002686 0.191432 0.005882 -0.178721 0.191413 0.232006 -0.177133 -0.066883 -0.023684 -0.067189 -0.271347 -0.033430 -0.255185 0.005602 0.066762 -0.057001 -0.249013 0.094307 -0.184840 -0.009966 0.160203 0.135790 -0.296731 0.093177 0.349460 0.038704 -0.254075 -0.029235 0.174403 -0.068172 0.092126 -0.346916 -0.269143 -0.253050 
-0.163393 0.422743 0.027244 -0.035883 -0.188977 -0.151441 0.217214 -0.080357 0.253933 0.162213 0.354332 -0.100141 -0.256456 -0.232153 0.163701 -0.031438 0.028473 0.066351 0.141994 0.071138 -0.164420 0.191613 -0.217446 -0.230177 -0.020669 0.203096 0.181334 0.367001 0.398317 0.209944 0.400565 -0.187872 0.158853 0.116075 0.057755 0.368484 0.299925 -0.092910 -0.053637 0.179978 -0.222562 -0.226780 -0.293749 -0.125943 -0.094163 0.126689 0.164845 0.164297 -0.005651 0.092591 -0.224100 -0.056219 -0.080886 -0.123203 0.250704 -0.084561 -0.066581 -0.114843 -0.085168 -0.233282 -0.235036 -0.259547 -0.114425 0.235279 
0.240758 0.367208 -0.105451 0.180629 -0.111963 0.174451 0.081315 -0.089244 0.313078 -0.053609 0.115478 -0.065164 -0.131624 -0.072196 0.319563 -0.011133 0.210270 -0.180186 -0.245492 0.319684 0.070202 0.090076 -0.081390 0.008542 -0.160392 0.025826 0.201609 -0.247104 0.167368 -0.168049 -0.420665 0.018871 -0.245172 0.055330 -0.170944 -0.099974 -0.083889 0.204222 0.191850 -0.148906 -0.146720 0.207876 0.024239 0.056742 -0.195182 0.110945 -0.110533 0.252095 0.084214 -0.207190 0.318698 -0.232035 0.399189 -0.160669 0.263802 -0.223080 0.314609 0.104295 0.054655 0.056114 0.229401 -0.050470 -0.238741 0.322041 
0.300161 -0.095570 -0.099439 -0.106689 -0.243086 -0.171692 0.104112 0.106833 0.327352 -0.149661 -0.232458 -0.378928 0.219150 -0.134964 0.318116 0.152808 -0.017115 0.150669 0.106990 -0.038729 -0.314563 0.149558 0.099266 0.359790 -0.139425 0.404422 -0.071224 -0.284745 -0.095456 0.040470 -0.212232 -0.022306 -0.347506 0.002112 0.199467 -0.152767 0.178850 -0.001306 0.008805 0.132843 0.262496 0.205512 0.225909 0.182748 -0.246124 0.094375 -0.205811 0.081044 0.057260 -0.338546 -0.266847 -0.020699 0.160975 0.157528 -0.175347 -0.348419 0.061843 0.213479 -0.192547 -0.280174 -0.072071 -0.168435 -0.005479 -0.087701 
0.205716 -0.216754 0.005544 0.032556 0.177415 -0.081907 -0.214580 0.191433 -0.162719 0.130817 -0.024662 -0.181369 0.045743 0.177488 0.381645 -0.210234 0.203718 -0.292539 -0.062864 0.035973 0.207255 0.350148 0.107298 0.089517 0.092611 0.237718 0.047012 -0.387953 -0.344099 -0.260079 -0.006913 0.307225 -0.072135 -0.307024 -0.046024 -0.162978 0.019463 0.174674 0.097615 0.162877 0.190848 -0.163385 -0.216340 -0.082865 -0.323289 0.345339 -0.176487 0.274181 -0.128531 0.152694 -0.062810 0.255199 0.158406 -0.302952 -0.143096 -0.199845 0.129525 -0.315052 -0.155241 0.194816 -0.225877 0.061355 0.166056 0.018540 
0.084769 -0.128341 0.074103 -0.074174 0.107076 0.024413 0.153329 0.051474 0.117373 0.114857 0.005142 0.040671 0.080206 -0.028997 0.057306 0.098492 -0.089666 -0.020887 0.068892 0.059632 -0.048526 -0.107705 -0.078084 -0.154589 -0.046234 -0.051271 0.046479 -0.029568 0.066683 -0.048640 0.110826 0.048804 
0.187725 0.225570 0.085640 0.034956 0.070599 0.078286 -0.061609 -0.091312 0.010641 -0.001527 -0.118798 0.130009 0.122609 0.107155 0.035589 -0.089872 0.329857 -0.048591 -0.115787 -0.045174 0.032859 -0.000577 -0.062832 0.141254 -0.000368 -0.092133 0.065176 0.010520 0.033936 0.192546 -0.103909 -0.024406 
-0.036626 -0.009276 -0.073214 0.097469 0.135026 0.018892 -0.061181 -0.041280 0.155804 -0.092908 0.066926 -0.227074 0.266995 -0.053814 -0.277660 0.106096 0.051083 -0.069026 -0.071553 0.023877 -0.233702 -0.291701 -0.017086 0.081503 0.032495 -0.014166 0.140579 -0.123140 0.037561 -0.034065 0.044974 -0.107830 
-0.165852 0.056877 -0.136048 0.046940 -0.029403 -0.081993 -0.099701 -0.035964 0.030252 0.086690 -0.038568 -0.066854 -0.063068 -0.002217 -0.055075 0.031601 0.044302 0.014878 0.003786 0.107253 0.070612 0.142133 0.027359 0.010640 0.032067 0.040220 0.063190 0.108921 0.061661 -0.072207 0.100332 0.052055 
0.121076 0.077871 0.051648 -0.097464 -0.165677 -0.006687 -0.001796 -0.010437 -0.011390 0.091408 0.126850 0.031780 -0.120297 -0.102433 -0.095626 -0.116210 -0.021374 0.080782 0.113037 0.008337 0.047597 0.011155 0.116194 -0.163678 -0.090360 0.028920 0.102695 0.090859 -0.019781 0.025878 0.036361 0.003546 
0.076294 -0.049312 0.018036 0.093055 0.045521 -0.108183 -0.052998 0.093880 0.122571 -0.097389 0.009096 -0.072972 -0.034487 0.013299 -0.098016 0.056003 -0.024829 -0.065703 -0.051917 0.095097 0.068581 -0.033861 -0.114279 0.154927 0.094122 -0.109615 0.144484 0.018187 0.125945 0.050768 -0.102213 0.044033 
0.065081 0.082634 0.031719 -0.072602 0.066137 0.095210 -0.094956 -0.004084 0.034712 0.013627 0.044973 -0.054791 -0.078192 0.095372 0.088512 -0.030143 0.139890 -0.114367 -0.050328 0.103153 -0.010131 0.051637 0.047176 -0.035116 -0.000715 0.034594 -0.003064 -0.021676 -0.041289 0.064693 0.075740 0.090507 
-0.080696 -0.106085 -0.085721 -0.115371 -0.048458 -0.064522 0.081203 -0.052965 0.106048 -0.041218 0.107415 0.070823 -0.110915 -0.078283 -0.025589 -0.113858 -0.118909 0.088262 0.065279 0.028977 0.121184 0.070740 0.097867 -0.121019 -0.047156 0.020927 -0.044556 -0.010219 -0.075539 -0.100994 -0.055883 0.031988 
0.089937 0.063220 -0.012771 -0.083466 0.139995 -0.074906 -0.029337 -0.035987 -0.086352 0.044145 -0.126268 -0.031340 -0.031884 0.037170 0.031018 -0.040332 0.058033 -0.124420 -0.111482 -0.016150 0.018817 0.184210 -0.015322 0.154011 0.058065 0.126355 -0.143345 0.111716 -0.029897 0.057561 -0.029923 -0.086831 
0.080334 -0.134148 -0.059778 -0.032470 -0.048751 0.079511 0.147655 -0.018568 -0.154329 -0.017536 0.267829 0.080075 -0.047012 -0.044235 0.209840 -0.117795 -0.041804 -0.051232 -0.059938 -0.009671 0.162080 0.271439 0.070431 -0.024176 0.094413 0.198474 -0.319703 0.197105 -0.047834 -0.026184 -0.162563 -0.110967 
0.071074 0.031344 0.001425 0.045264 0.047567 -0.103650 -0.053726 0.069264 -0.091269 -0.085737 -0.048675 0.107317 0.035562 0.017130 -0.013323 0.058771 0.186127 -0.116774 0.082789 -0.070706 0.075950 -0.016532 0.065571 0.097924 0.059024 0.098257 0.026449 -0.094127 0.042337 0.134171 -0.095766 -0.092657 
0.142087 0.106972 0.064416 -0.070832 0.054683 -0.069842 0.038835 0.009477 -0.106328 -0.026679 -0.031999 0.108487 0.066123 -0.064319 0.054492 -0.058972 -0.011176 -0.033114 0.026922 -0.052545 -0.103507 0.089196 -0.004572 0.085887 0.021142 0.136867 -0.024093 0.127663 -0.012751 0.067002 0.081136 -0.013787 
0.051548 -0.006993 0.063897 0.045512 0.011509 0.023129 -0.043636 -0.038854 0.163850 0.043346 0.196091 0.025391 0.062436 -0.017671 -0.123477 -0.084170 0.013044 0.060956 -0.069156 0.125570 -0.129416 0.025955 0.018355 -0.126397 -0.033496 -0.099392 -0.098374 -0.100296 0.097617 -0.160262 0.020293 -0.078825 
0.011109 -0.138357 0.060017 0.111488 0.081720 -0.094297 0.010333 0.067577 0.076673 -0.003983 0.137508 0.004571 0.041264 0.028638 0.079062 0.009004 -0.093384 -0.055108 -0.026739 -0.056119 0.042999 0.166617 0.040054 -0.068096 -0.058158 0.095817 0.008427 -0.052180 0.094204 -0.089273 -0.055834 0.082682 
0.014368 -0.209054 0.082607 -0.061934 -0.121935 -0.116352 -0.011691 -0.110748 0.044881 0.090296 0.222741 0.002312 -0.045031 -0.033212 -0.035644 0.003262 -0.073844 0.177511 0.082788 -0.103278 0.038660 -0.020479 0.074306 -0.026787 -0.066882 -0.070875 -0.123928 -0.071479 -0.070766 -0.140675 -0.087995 0.082650 
-0.003567 0.044325 -0.053398 0.038274 0.083699 -0.087861 0.068057 -0.087949 0.170714 -0.020883 -0.082075 -0.092756 0.127927 0.013365 -0.127345 -0.014821 -0.001538 -0.001897 0.049965 -0.110608 0.047084 -0.197246 -0.082212 -0.100933 0.003746 -0.094495 0.097928 -0.143355 -0.007760 0.002654 0.102551 0.106358 
0.015742 0.142347 0.004980 -0.029552 -0.081753 -0.021074 0.033366 0.058787 0.039792 0.095309 0.228680 0.136534 -0.172275 -0.012686 0.038882 0.000408 0.093434 0.174247 0.058796 0.128284 -0.005254 0.300315 0.105959 0.066634 -0.070956 0.021544 -0.028321 0.065409 0.050410 0.035725 -0.012821 -0.051447 
0.138407 -0.040299 0.139879 0.043890 -0.020185 -0.113353 -0.007016 -0.029674 0.052236 -0.025866 -0.094773 0.143238 -0.005557 -0.060930 -0.197820 0.023619 0.153270 0.078634 -0.047922 -0.072117 0.032156 -0.125789 -0.109411 0.000068 -0.000777 0.099860 0.039267 -0.026492 -0.060344 0.099895 0.068562 -0.057777 
0.008871 -0.007110 0.257195 0.040052 -0.042518 0.000729 -0.082774 0.103807 0.159175 -0.110514 0.081209 0.174284 -0.174995 0.046281 -0.054114 -0.084603 -0.014432 0.077799 -0.028677 -0.116375 0.130780 -0.132475 0.088087 -0.039714 -0.044625 -0.006850 0.106024 0.055125 -0.193006 -0.038209 -0.071522 -0.015206 
0.206817 -0.048207 0.005890 -0.062095 0.053767 -0.090532 -0.053880 0.020428 0.071230 0.046120 -0.044829 0.034188 -0.065432 0.010121 -0.188949 0.011147 -0.018154 0.112674 0.037560 0.030180 -0.080101 -0.186822 -0.054020 -0.031338 0.054246 -0.114584 0.126326 -0.090664 -0.034725 0.064251 0.043123 0.028902 
0.088038 0.101540 0.120337 0.017919 0.127735 -0.079321 -0.103379 0.093761 0.062957 -0.034007 -0.090017 -0.015208 0.106636 0.033201 0.050830 -0.099174 0.004999 -0.042271 -0.113703 0.052143 0.111106 -0.022802 -0.040618 0.082122 0.057634 0.091672 0.064498 -0.052409 0.017587 -0.018311 0.060144 0.018613 
-0.083022 -0.017728 -0.055862 0.054726 0.080576 -0.046734 0.090699 0.041941 0.149745 0.103756 0.170303 0.002083 0.039792 -0.004463 0.028840 0.107207 0.033351 0.132010 0.052972 0.000032 -0.087035 -0.158633 -0.004875 -0.004067 0.123489 -0.075323 0.070965 0.014385 -0.000088 -0.087843 -0.078363 0.020383 
0.074082 -0.086530 0.003195 0.078153 0.064579 -0.114744 0.079476 -0.042177 0.103408 -0.045776 0.199069 0.036124 0.060104 0.047988 -0.003510 -0.003628 -0.075090 -0.046183 -0.087687 0.003391 -0.028404 0.007380 -0.121976 -0.161445 0.114060 0.026543 0.074665 -0.033681 0.059087 0.037781 0.088452 0.103541 
-0.040540 -0.155620 0.053566 0.103855 -0.060720 -0.056346 -0.015221 -0.092099 0.039809 -0.038106 0.042727 -0.095737 0.120893 0.091554 0.032865 -0.017509 -0.112530 0.100733 0.111621 -0.094994 -0.039550 0.103694 -0.013404 -0.140259 0.046685 -0.084320 -0.085768 0.021598 -0.107344 -0.108724 -0.004498 -0.031554 
-0.039196 -0.127845 0.036782 -0.019968 -0.003586 0.014637 0.022041 -0.105659 0.277049 -0.111611 -0.053518 0.138792 0.129354 -0.079779 -0.262744 -0.116261 0.080130 -0.046519 -0.060244 -0.118379 -0.138094 -0.345114 -0.027392 0.008603 0.035553 0.028298 0.124921 -0.002100 0.013707 0.035931 -0.038969 -0.108729 
-0.005897 -0.029391 0.010891 0.024156 -0.099224 -0.107508 0.086917 0.081850 -0.029792 0.161646 0.206589 -0.060896 -0.114614 0.086456 -0.013957 -0.104346 -0.078604 0.040457 -0.012099 -0.060899 0.153637 0.114468 -0.081604 0.060615 0.054413 -0.043603 -0.065606 -0.036084 -0.107816 0.018414 -0.020427 -0.059699 
-0.068950 0.072678 0.070702 -0.071880 0.128963 -0.006834 -0.099377 -0.124686 0.041028 0.056583 -0.121615 -0.059895 0.087878 -0.087504 -0.029241 0.029681 0.036435 -0.110731 0.086382 -0.039725 0.060311 0.061929 -0.096331 0.006232 -0.083373 0.025895 0.132264 -0.027957 0.003617 -0.015340 0.033868 0.006351 
-0.130656 0.034203 0.119587 -0.118467 0.262293 0.085251 -0.126545 -0.043258 0.029826 -0.089227 0.063044 0.002954 -0.023400 0.037793 -0.046020 0.044329 0.146144 0.035387 -0.090156 -0.103748 0.034286 -0.123453 0.091963 0.236577 0.232978 0.040148 -0.043382 -0.037349 0.136947 0.172749 0.051913 -0.090693 
0.036025 0.157125 -0.100444 -0.108808 0.090296 -0.039008 -0.079287 0.092274 -0.046520 -0.051230 -0.126006 0.145346 0.088933 0.160021 0.025202 -0.067340 0.260682 0.000250 0.033304 -0.022148 0.063990 0.047571 -0.102552 0.139046 -0.042694 -0.042610 0.011841 -0.055641 0.115593 0.077139 -0.044144 -0.083749 
0.135857 -0.002532 -0.048804 -0.070700 0.048865 0.052332 -0.112231 -0.092453 0.064907 -0.070678 0.056697 0.112828 -0.080627 -0.053587 0.141016 0.108772 0.009460 0.010976 -0.063291 -0.010646 -0.073996 -0.003667 0.079657 -0.025271 -0.011246 -0.003219 -0.002691 -0.019361 0.113429 0.068245 0.019494 0.081095 
-0.120745 0.080199 -0.124375 -0.086974 0.136819 -0.070657 -0.055956 0.014357 0.004158 -0.103679 -0.063356 0.056047 -0.056859 0.016451 0.058391 0.071282 0.162083 0.078927 -0.091044 -0.124915 -0.088606 0.124614 -0.022975 0.195624 0.103556 0.119253 -0.043883 -0.001171 0.116665 0.138981 -0.047939 -0.064766 
-0.114179 -0.160038 -0.076679 -0.041655 0.151295 0.035689 0.213206 -0.109902 0.104895 -0.043777 0.125189 -0.011727 0.077645 -0.018920 0.012120 -0.025560 -0.084836 0.111039 -0.014813 -0.054747 -0.004325 0.033788 -0.055561 -0.074539 0.209087 0.024499 0.106566 0.082729 -0.062042 -0.085031 0.096252 -0.115876 
-0.002311 -0.049527 -0.042494 -0.084207 0.133100 -0.060557 -0.084916 0.023695 -0.029388 0.105745 -0.008589 0.120386 -0.030619 -0.026154 -0.019244 0.055997 -0.074595 0.051604 -0.049723 0.130570 0.029821 0.012023 -0.046843 0.014970 0.154256 -0.071215 -0.127300 -0.045104 -0.039342 0.090315 -0.061400 0.084808 
-0.088571 0.082075 0.109446 0.112510 0.130026 -0.071901 0.003604 -0.059896 -0.154370 -0.088579 -0.109448 0.009009 0.012088 0.017749 -0.045544 0.028297 -0.021408 -0.016719 0.023150 0.130451 -0.097375 0.109493 -0.038729 -0.051122 -0.072962 -0.012331 -0.101397 -0.007668 -0.076622 0.035521 -0.082322 -0.054919 
-0.110119 -0.101599 -0.078295 -0.101831 -0.029826 0.078644 0.012251 -0.004424 -0.119155 0.046636 -0.011201 0.016209 -0.125717 -0.062729 -0.046041 -0.011363 0.029593 0.080580 -0.019699 0.095417 0.051674 0.186739 0.099513 -0.008406 -0.068725 -0.048302 -0.139523 -0.008436 0.073210 -0.094689 0.011321 -0.102105 
0.056585 0.230643 -0.110117 0.091611 0.128642 -0.003613 -0.065107 0.015914 0.093557 -0.017073 -0.042045 0.064407 0.034871 -0.011828 0.180281 -0.028236 0.215650 0.139348 -0.062138 0.089741 0.134640 0.080280 -0.076146 0.204386 0.031379 -0.061407 -0.099473 -0.047891 0.001309 0.089106 -0.033958 0.092377 
0.068593 0.031803 0.109281 -0.096990 0.148702 -0.077522 0.047016 0.086119 0.016095 0.072277 0.076309 -0.027471 -0.090413 0.011566 0.033640 -0.118829 0.025887 0.063571 0.003116 -0.088246 0.123825 -0.009985 0.074433 0.022853 0.115913 0.097721 0.067744 -0.046251 -0.017679 -0.077625 -0.061368 0.118466 
0.052981 -0.082532 -0.098114 -0.013677 -0.083238 0.091543 -0.046066 0.060218 0.097117 -0.053480 0.123457 0.108757 0.019495 -0.005394 0.109655 0.102339 -0.028944 0.009388 0.103651 -0.038027 -0.112111 0.001698 0.056328 0.106375 0.013219 -0.037704 -0.057168 -0.097852 -0.032534 -0.010014 -0.091699 0.104425 
0.080412 -0.107051 0.033752 0.020418 -0.110090 0.040971 -0.012475 0.078336 0.320957 -0.074704 0.019719 0.011421 0.110989 0.011687 -0.134227 -0.108948 0.054018 0.003800 -0.036515 -0.164643 -0.146256 -0.376915 0.096281 -0.048063 -0.061529 -0.101723 0.259960 0.013870 -0.025168 0.000928 0.106539 -0.093392 
-0.058843 -0.118346 0.120894 -0.075411 0.074900 -0.095668 -0.073126 0.037372 0.016284 0.056735 -0.032501 -0.083647 -0.058406 0.031571 -0.086171 -0.056682 0.061633 0.032703 -0.048413 0.098486 0.037478 -0.139100 0.041114 0.121495 0.026162 -0.004830 0.055681 -0.113661 -0.092581 -0.060447 -0.078421 -0.003071 
-0.020773 0.022865 0.032894 -0.048989 -0.068754 0.054070 0.161540 -0.031844 0.083313 -0.104421 0.058472 0.020381 0.065280 0.040818 -0.069845 -0.009385 -0.115751 0.006173 -0.016980 0.043549 0.018793 -0.125883 0.064810 -0.163511 0.035358 -0.022773 -0.056510 0.063357 0.030629 -0.119684 -0.023317 -0.026421 
-0.181233 0.176779 0.014528 -0.070637 0.177710 0.025179 0.057233 -0.076177 0.069250 -0.110796 0.069283 0.004501 0.103792 -0.111061 0.099745 -0.116120 -0.033613 -0.101187 0.070934 -0.116651 -0.078422 0.044462 -0.123540 0.117650 0.271061 -0.054198 0.037165 0.146598 -0.019623 0.096100 -0.062102 0.035211 
0.076485 0.045410 0.114453 0.003562 -0.018264 -0.011464 0.058022 -0.090640 0.121983 0.040961 -0.039326 0.000696 0.057303 -0.095688 -0.142976 -0.093554 -0.066214 -0.062317 -0.091956 -0.055051 -0.024448 -0.260808 -0.082672 -0.023234 -0.060365 0.025631 0.065691 0.018678 -0.029739 0.005449 -0.001444 -0.045572 
0.016709 -0.088980 0.112435 0.082344 -0.016216 0.006185 0.117940 -0.046697 -0.030535 -0.035628 0.054898 0.058613 -0.044466 0.096131 -0.145845 0.044512 -0.125560 -0.076778 -0.084555 0.073906 -0.089019 -0.078131 -0.035521 -0.033785 0.080601 0.075934 -0.016899 -0.011956 -0.070900 0.019258 0.063888 0.047526 
0.099860 0.068066 -0.017096 0.052055 -0.036302 0.009539 0.069640 -0.046459 -0.053347 0.009866 -0.107425 -0.087633 0.013290 -0.066091 0.090747 0.025162 -0.031541 -0.124145 -0.031531 0.072772 -0.055850 0.129401 -0.072521 0.003185 0.057436 0.042879 0.001614 0.125504 -0.023156 0.047833 -0.056296 -0.043393 
-0.024972 -0.003042 -0.088023 -0.025625 -0.043797 0.119312 0.145684 -0.028424 0.060542 0.145335 0.204689 -0.171251 -0.086887 0.032711 0.021029 0.009694 -0.007679 -0.052990 -0.071613 -0.090307 0.058988 -0.038597 0.062473 -0.138819 -0.107784 -0.007985 0.052992 -0.039682 -0.107020 -0.099444 0.037058 -0.006219 
-0.038136 0.069460 0.091538 0.103089 0.042091 0.023593 -0.058835 -0.067387 -0.084929 0.111926 -0.018707 0.114841 -0.021475 0.129189 -0.053065 -0.007368 0.059568 -0.010912 0.049235 0.062325 0.113687 0.075462 0.105563 0.100054 0.153682 0.076762 -0.148687 -0.063017 -0.063247 0.072082 -0.023484 0.062039 
0.010691 -0.100891 0.012150 -0.046630 0.147147 -0.114593 0.072984 0.000977 0.030799 0.109779 -0.045026 -0.091271 0.152470 -0.009643 -0.146880 0.067429 -0.119967 0.128281 0.010158 0.057033 -0.153194 -0.060991 0.105546 -0.125800 -0.018206 -0.089232 0.006689 0.049278 -0.101474 0.018439 0.012014 0.049762 
-0.038970 -0.028464 -0.021747 0.102009 -0.054818 0.026919 -0.006882 -0.059344 0.116846 0.051659 0.098837 0.079203 -0.084827 -0.096114 -0.186151 -0.065815 0.150260 0.068749 -0.080940 -0.146185 -0.057157 -0.217688 -0.078447 0.004133 -0.095614 -0.096967 0.050125 -0.092289 0.065605 0.071764 0.122708 0.109869 
-0.223859 0.051159 0.110430 -0.062372 0.116846 -0.021107 0.019102 -0.117845 0.123554 -0.043033 -0.088648 -0.026142 0.081147 -0.001023 -0.052402 -0.033704 -0.119132 0.047958 -0.005389 -0.085194 -0.017754 -0.095894 0.069137 0.137737 0.228344 -0.107256 0.112198 0.113916 0.132829 0.127546 0.108898 -0.117729 
0.112740 0.196607 -0.083968 -0.025800 -0.003395 0.076403 -0.066696 -0.045213 -0.087792 0.053149 0.027024 0.076677 -0.036362 -0.054595 -0.065424 -0.056096 -0.024895 0.029344 0.010528 0.104309 -0.048263 0.021474 0.057133 -0.015137 0.042213 0.107601 -0.157294 0.033527 0.063101 0.136819 -0.000799 0.021663 
0.091737 -0.007589 0.135550 0.092000 -0.050352 -0.037507 -0.032046 0.067736 -0.034899 0.134279 0.120610 -0.107832 -0.090219 -0.005465 -0.009854 -0.047670 -0.153275 0.178936 -0.080189 -0.054333 -0.037801 0.086689 -0.003604 0.037476 0.034640 -0.027839 -0.052775 -0.015700 -0.074673 0.025861 -0.100338 0.112041 
0.157977 -0.017127 0.158216 -0.080149 -0.028918 -0.107872 0.140596 -0.019116 0.167713 -0.043554 0.065250 0.067318 0.080805 -0.117204 0.047373 0.111775 -0.099818 0.075015 -0.062910 -0.008068 0.091427 -0.016123 -0.042807 -0.112377 -0.099726 0.016776 0.073771 -0.021621 -0.093126 0.018354 0.000572 -0.071830 
0.143408 -0.071771 -0.048499 -0.044864 -0.115180 -0.037310 0.026932 -0.075364 0.104516 -0.045727 -0.027614 0.044378 -0.043721 0.075504 0.081210 -0.018247 -0.016050 0.083787 0.082573 -0.062880 -0.027807 0.003267 -0.041354 -0.022363 0.048259 -0.083773 0.136965 -0.026861 0.094662 -0.095741 0.028079 0.081742 
0.009156 0.213111 -0.146749 0.020414 0.022360 0.108742 -0.007996 -0.148097 -0.122757 -0.088715 0.050035 0.077709 0.113317 -0.032454 0.234688 -0.039308 -0.030909 0.120846 -0.027849 0.143493 0.140109 0.193130 -0.082525 0.124760 0.089221 -0.021574 -0.142986 0.098992 -0.075800 0.111269 0.008688 0.014755 
0.068889 0.090461 -0.076504 -0.073951 0.054140 0.069488 -0.088635 0.060214 0.044807 0.097953 -0.071363 0.035164 -0.071483 -0.055586 -0.127284 -0.029405 -0.095687 -0.034516 -0.112675 -0.103016 -0.100947 -0.056105 0.089433 0.123293 -0.008050 -0.063094 0.054596 0.045494 -0.104264 -0.042063 -0.101644 0.095653 
0.197544 -0.046143 -0.057224 0.016055 -0.121377 -0.043887 -0.017127 0.092652 -0.029952 0.021936 0.024597 0.014937 0.082030 0.013854 0.097387 0.111662 0.092166 0.105582 -0.111500 -0.088508 -0.085429 0.000112 -0.110781 -0.083782 -0.113357 0.026824 0.075486 -0.093857 0.029281 0.067810 -0.107173 0.099787 
-0.032658 -0.054286 -0.005180 -0.051667 -0.003750 0.079992 -0.092817 0.033892 -0.021651 0.047495 -0.093028 0.003424 -0.041930 0.090389 -0.023605 -0.059991 0.088338 -0.027078 -0.039759 0.088140 -0.045302 -0.003996 -0.091552 -0.025303 0.115132 0.110081 -0.006416 0.100651 0.103103 0.008683 0.080554 -0.068978 
0.180126 0.083621 -0.004989 0.118116 -0.101463 0.050856 -0.063590 0.030448 -0.106627 0.032852 0.083169 0.127703 -0.013466 -0.051095 0.113553 -0.051445 0.110238 -0.082697 -0.103350 0.185303 0.003168 0.050714 -0.055171 -0.015668 -0.114547 0.083242 -0.068866 -0.053836 -0.095085 -0.039156 -0.057148 0.072131 
0.027022 0.079266 0.070482 0.067264 -0.001002 -0.023693 -0.023802 0.082529 -0.096343 -0.031965 -0.005811 0.025685 0.036447 -0.035086 0.091908 -0.047259 0.014292 0.115173 -0.061380 -0.095384 -0.086158 0.003325 0.037021 -0.043107 -0.041043 -0.091338 -0.007396 0.020050 -0.020738 0.074409 -0.021051 -0.108734 
0.008175 -0.032828 0.068875 -0.080752 0.056114 -0.067522 -0.125521 0.042995 0.024439 -0.003045 -0.045559 -0.084846 0.099217 -0.066370 -0.016124 -0.024564 -0.061493 0.073354 0.001397 -0.039320 -0.053422 -0.078290 0.042218 0.076481 -0.014970 -0.065710 -0.044980 0.070945 0.126504 0.056389 0.051358 0.029868 
0.171069 -0.056183 0.076194 -0.010038 -0.041671 0.070889 -0.105863 -0.025991 -0.007725 -0.023674 0.003246 -0.148488 0.042275 -0.111863 -0.063408 0.092422 0.022845 -0.143792 -0.059088 -0.045889 -0.169415 0.053764 0.071253 -0.126572 -0.183326 -0.127404 -0.047944 -0.122057 0.047588 0.039767 0.032613 0.007222 
0.037503 -0.048485 -0.026321 -0.084821 -0.066316 -0.083517 0.013252 0.005301 0.120912 -0.141961 0.049167 -0.012305 -0.061208 -0.100356 -0.086028 0.114889 -0.140277 -0.007727 -0.081624 -0.032707 -0.030508 0.021467 0.044637 -0.114172 -0.108872 0.057821 0.059813 0.011556 -0.068003 -0.131129 -0.035692 -0.112831 
0.070786 -0.053932 -0.078982 0.090205 0.002252 0.041020 -0.029705 0.107140 0.045696 -0.110133 -0.082324 0.065146 -0.049975 -0.009379 0.053086 -0.061914 0.146192 0.122396 0.005995 -0.059517 0.087136 -0.099086 0.056023 0.106134 -0.130830 -0.056802 0.015007 0.051911 -0.003616 0.124801 0.045953 -0.092770 
-0.125031 0.388783 -0.241134 0.105929 0.110501 -0.099560 -0.034904 -0.143870 0.009408 0.158950 -0.187138 0.093296 -0.047303 0.104030 0.122069 -0.222004 
0.114112 0.017843 0.000567 0.269509 0.166472 0.001528 0.097874 0.001063 -0.071300 -0.013506 0.079041 0.230626 -0.091708 0.365330 0.093939 0.123680 
0.113189 0.283584 -0.181908 -0.015685 -0.036962 0.025254 0.008309 0.145388 -0.053714 0.075380 0.057159 0.057594 0.038873 -0.077885 0.127551 -0.040255 
0.127525 -0.107850 -0.100790 0.008140 -0.050992 -0.162192 -0.109363 0.083206 0.001358 0.000233 0.031089 0.130537 -0.000872 0.025312 -0.027261 -0.050672 
0.003478 -0.137621 0.173503 0.210372 -0.187931 0.009778 0.138026 -0.037530 0.078883 -0.004967 0.303986 -0.037409 0.152730 0.164110 0.030351 0.332832 
0.141585 0.117282 -0.061681 -0.070850 0.123526 0.007396 -0.165853 -0.058585 -0.165826 0.037095 -0.082881 0.021743 -0.113383 0.046542 0.113110 0.067875 
-0.131732 -0.086707 0.228336 -0.221617 0.059678 0.093027 -0.030538 0.041000 -0.117470 0.023395 0.190377 -0.225076 0.024772 -0.008616 0.143099 -0.044100 
-0.114689 -0.108586 -0.032929 0.169884 0.065378 -0.035150 -0.062000 0.072232 0.168199 0.014986 -0.097746 -0.117692 -0.102381 -0.156140 0.125773 -0.061624 
0.017452 0.110002 0.005681 -0.092446 -0.387485 0.105044 0.101672 -0.121354 -0.052205 0.134791 -0.171217 -0.045703 0.345557 -0.144161 0.165920 0.224987 
-0.070053 -0.149548 0.244166 0.128722 -0.036996 -0.081025 0.064743 0.059009 0.124376 0.161769 0.002115 0.090442 0.233031 0.029502 -0.007126 -0.038776 
-0.138673 0.048136 0.324811 -0.214795 0.137833 0.026848 -0.048373 0.314552 0.190889 0.172511 0.177248 0.160161 0.332823 0.020725 0.145989 0.003465 
-0.050996 0.270668 -0.128993 0.234014 -0.130623 0.142668 -0.076779 0.073174 0.073702 -0.140132 0.199229 0.086059 0.041402 -0.063765 -0.147619 0.048290 
0.119684 -0.003780 0.213931 -0.012330 -0.077966 -0.044442 0.011444 -0.071073 -0.115380 -0.114253 -0.143797 -0.148545 0.057546 0.220384 -0.017279 0.158251 
0.092898 0.038108 0.005269 0.120141 -0.048211 0.128050 0.086864 -0.106522 0.131537 0.053959 0.127916 -0.010661 0.115295 -0.174575 -0.149341 0.049038 
0.153324 0.278203 -0.118665 0.068435 0.132239 0.125105 0.082039 -0.010308 0.047603 0.140201 0.260064 0.370798 0.107686 -0.060975 -0.021466 0.079163 
0.047071 -0.108867 0.028624 -0.145682 -0.144456 -0.051499 -0.084449 0.159294 -0.165695 -0.125800 -0.031169 0.117021 -0.106201 -0.008658 0.020769 -0.111810 
-0.042359 0.241683 -0.000017 0.387593 0.004615 -0.053662 -0.134944 -0.152981 -0.113489 -0.109124 -0.008681 0.066610 -0.107742 0.129614 0.127771 0.338371 
0.118902 0.051543 0.240213 0.134514 0.113009 -0.106119 0.098506 0.222235 -0.083943 -0.017846 0.121742 -0.013409 0.216417 -0.082156 0.097132 -0.054942 
-0.159062 -0.112300 0.168123 -0.024955 -0.007286 -0.042490 -0.001652 0.081094 -0.006782 0.011663 0.148758 0.057356 -0.095425 0.124179 0.001861 -0.143797 
-0.042366 0.051868 -0.173673 -0.032917 0.134255 0.146840 -0.132191 0.097538 -0.089564 0.109238 -0.035169 0.281026 -0.155810 0.200513 -0.131872 -0.130052 
-0.155532 -0.061554 0.076846 0.065607 0.081729 -0.088516 -0.084169 -0.135488 0.032332 -0.074795 0.220685 0.224070 -0.105178 -0.113105 0.066208 0.047821 
0.037187 0.163865 0.183685 -0.084303 0.383349 0.170483 -0.175094 0.201829 0.057177 -0.048846 0.464499 0.376092 -0.040491 -0.033246 0.049405 -0.047803 
-0.033776 -0.037414 0.114720 0.147953 -0.003849 -0.157061 -0.146990 -0.131178 -0.078682 0.101717 0.129040 -0.053239 0.196654 0.046358 0.119533 0.043978 
0.015636 0.017631 0.143493 0.196623 0.016446 0.179291 -0.102261 -0.171932 -0.188725 -0.054760 0.204964 0.068429 -0.031422 0.256269 -0.060264 0.456209 
-0.160752 -0.247531 0.235972 -0.031885 -0.137611 0.274665 0.044863 -0.009170 0.050998 -0.043398 0.236588 0.028182 -0.140789 0.162835 -0.061779 0.255078 
-0.088358 -0.104740 -0.143479 0.033544 0.130763 -0.034399 0.030627 -0.163238 0.088823 -0.053276 -0.093448 -0.107601 0.142885 0.105570 -0.091892 0.186575 
-0.161603 0.004804 -0.023536 0.030104 -0.431287 -0.249797 0.121226 0.061364 -0.015752 0.189235 -0.188345 -0.063487 0.156052 0.092410 0.014612 0.055132 
-0.160365 -0.155374 -0.013543 -0.188807 0.092023 0.172839 -0.120195 -0.035425 -0.108118 -0.046182 0.178907 -0.116564 -0.079277 0.240603 -0.160475 -0.008192 
-0.130681 -0.079000 0.043685 -0.067221 0.014502 -0.053617 -0.166715 -0.131423 -0.167807 0.022106 -0.014169 -0.011936 -0.002629 0.205564 -0.148565 0.170832 
-0.112619 -0.015936 -0.023761 0.336862 -0.124516 0.023126 -0.067130 -0.060460 0.090426 -0.084158 0.046733 0.019443 -0.116343 0.166328 -0.101197 0.165674 
-0.107688 0.084072 -0.016402 0.111196 -0.184498 -0.006671 0.159309 -0.134349 -0.162159 0.023544 -0.013871 -0.029267 -0.021786 0.044726 0.120103 0.040802 
-0.166353 -0.086213 0.020097 -0.109854 0.074598 0.147676 0.010351 0.036497 -0.135385 0.169932 0.048117 -0.093422 0.032693 0.136379 -0.000406 0.086060 
0.067053 0.183089 0.031895 0.102010 -0.020505 -0.007164 0.152096 -0.013513 
-0.273412 0.144901 0.509568 -0.015711 -0.207667 0.060840 -0.171599 -0.387465 
0.545886 -0.026575 -0.259423 0.043016 0.191891 0.113811 -0.116104 0.243360 
-0.179562 0.273493 0.493860 0.026845 0.506783 -0.077925 -0.202466 -0.065619 
0.036029 0.294532 -0.068520 0.623911 -0.225703 -0.142902 -0.104808 -0.111616 
-0.015555 -0.108049 0.047143 0.313499 0.119653 0.110700 0.137573 0.284006 
0.081685 -0.093821 0.040378 0.185911 -0.276047 0.074987 0.056761 0.031088 
0.345180 0.051056 -0.194887 0.211746 0.060300 -0.023215 -0.193080 -0.164382 
-0.015510 -0.104028 -0.206091 -0.032847 -0.052252 -0.067002 0.074628 -0.218447 
0.151239 0.012131 0.165433 -0.086147 -0.170574 0.036797 -0.162221 -0.073554 
0.190347 0.075183 0.005909 0.653408 -0.046243 -0.120914 0.046084 0.437983 
-0.040039 0.422166 0.270198 0.463470 -0.091762 -0.019011 0.167148 -0.004897 
0.465103 -0.148060 0.227441 -0.209303 -0.102818 0.027519 -0.118430 0.024481 
-0.392122 0.294751 -0.129428 -0.109788 0.453888 -0.159560 0.032744 0.191934 
0.240014 -0.013309 -0.105317 -0.153774 0.061217 0.138813 0.191190 -0.131805 
-0.054268 -0.104586 0.253739 -0.096285 0.730014 0.091182 -0.045387 0.350998 
0.124280 0.014679 0.213946 -0.009660 -0.058600 -0.058251 -0.049277 -0.126154 0.720775 -0.169700 0.136111 0.711841 -0.022416 0.003750 0.042328 -0.138133 0.188256 -0.130076 -0.047200 0.154668 -0.187722 -0.136673 0.000257 
0.160031 0.147235 0.066751 0.372512 -0.039895 0.209876 0.120563 -0.287834 -0.046318 -0.197237 0.276937 0.038465 0.115247 0.323908 0.200055 0.568938 0.071477 0.147553 -0.093805 0.064082 -0.093940 0.067923 0.029171 
-0.083984 -0.294492 0.217802 0.005917 0.066837 0.543014 0.386139 -0.157603 -0.184013 -0.109444 0.316072 -0.115340 0.364636 -0.123947 0.289892 0.220678 -0.009408 -0.286633 -0.040689 -0.087304 0.031941 0.139956 -0.221917 
-0.125873 0.597933 0.315164 0.306125 -0.024238 -0.149587 -0.072562 0.141913 0.286267 0.311761 -0.060997 -0.114365 0.237936 -0.372570 0.315117 0.854010 -0.059056 -0.256943 0.043487 0.082094 -0.146646 -0.152305 -0.066569 
-0.275014 0.148854 0.017743 -0.150154 -0.222382 0.379741 0.473141 -0.099310 -0.350333 0.413026 -0.285269 -0.485632 -0.059188 0.621927 0.210067 -0.168192 -0.160879 -0.080585 -0.030361 0.346609 -0.146173 0.088230 0.196399 
-0.195464 0.010564 0.144997 -0.308575 0.082721 0.244990 -0.174221 0.106125 0.320598 -0.238582 0.234986 -0.297721 -0.052187 0.114279 0.332561 0.171216 0.173100 0.129469 -0.150425 0.185077 -0.179848 0.077667 0.022246 
-0.238998 0.277910 -0.256491 0.187705 -0.089214 -0.103810 0.085234 0.188684 0.031351 -0.221893 0.000222 0.067455 0.198055 -0.097810 0.228003 -0.030249 -0.072212 0.189529 -0.084941 -0.051758 -0.043723 0.177633 -0.058249 
-0.208808 0.445908 -0.172717 -0.155327 0.260427 -0.376788 -0.432002 -0.067150 -0.077630 0.407143 -0.127671 -0.225519 -0.186362 0.389456 0.273822 -0.311547 -0.022657 0.169586 -0.005181 0.278546 0.092597 0.155887 0.121555 
-0.175645 -0.122349 0.186253 -0.022628 0.045341 -0.122531 -0.042072 0.194957 -0.048933 -0.115682 -0.163171 0.103763 -0.183551 -0.081415 0.104583 -0.001234 0.099896 0.068658 -0.198907 0.177790 0.215828 0.193801 0.063518 -0.227612 -0.122372 0.028203 0.044364 -0.139792 -0.119829 0.003088 -0.210792 -0.033564 
-0.086151 0.143127 0.312136 -0.069060 -0.223370 -0.146887 -0.041259 -0.050508 0.161251 -0.023106 -0.412575 0.227382 0.158612 0.155677 -0.342938 0.013232 0.055088 -0.252348 -0.163180 0.063885 0.171345 -0.236388 0.003722 -0.119421 -0.222243 -0.302683 0.044573 0.175667 0.137800 -0.042940 -0.270030 -0.183780 
-0.267053 -0.151557 0.213258 -0.088416 -0.016470 -0.217233 0.128864 0.240470 -0.069788 0.124757 0.077318 -0.085408 0.225359 0.028604 0.139701 -0.069787 0.213385 -0.207332 0.233721 0.273412 -0.132169 -0.034094 -0.203207 0.181698 0.009803 -0.036296 0.072675 -0.206366 0.101005 0.227181 -0.015510 -0.156150 
-0.084286 -0.159655 0.102141 0.068073 -0.156468 -0.028534 -0.002356 0.137104 -0.071080 -0.103070 0.076034 0.369551 -0.214260 0.217199 -0.235703 0.195892 0.289196 -0.118550 0.177451 -0.260467 -0.042971 0.279403 -0.223737 0.158957 -0.059925 -0.046096 -0.270258 -0.116444 0.034834 -0.026713 -0.148384 0.297959 
0.125508 0.206724 0.024606 0.180754 -0.168327 -0.174511 0.097161 -0.036262 -0.050221 -0.032884 -0.032583 -0.077390 -0.115178 0.057512 -0.019477 -0.104692 0.171777 -0.212390 0.091914 -0.097114 -0.250424 -0.013963 -0.041952 -0.076560 -0.098407 -0.033850 0.096798 0.216920 0.118526 -0.221498 0.240354 0.104164 
0.377528 -0.101939 -0.252178 -0.161082 0.132819 -0.200929 0.167709 0.265675 0.158752 0.407439 0.222656 0.134644 -0.059798 0.144568 0.092088 0.012385 0.090423 0.252279 0.087436 0.231530 -0.192823 -0.170963 -0.092916 -0.008303 0.394728 0.363028 0.095451 0.127872 0.240046 -0.119514 0.022353 0.332687 
0.213782 0.146045 -0.366772 -0.144302 0.333813 0.050610 -0.054845 0.099346 0.166558 0.297927 0.179715 -0.150374 -0.109104 0.123005 0.244008 -0.032798 -0.088092 0.208543 -0.245242 0.191351 -0.269192 0.051770 -0.216005 0.208741 0.160258 0.100595 0.179053 0.012873 0.251611 -0.221017 -0.029675 0.036334 
0.196200 0.020966 0.026399 0.193692 -0.152038 0.107311 -0.002687 0.113081 -0.055050 -0.234971 0.196084 0.168585 0.114110 0.049479 -0.106227 -0.178060 -0.100681 0.079588 0.110095 -0.080893 -0.056769 0.135851 -0.157800 0.227540 -0.132968 0.145854 0.008450 0.196112 0.157440 0.225187 -0.122459 0.131440 
0.007250 0.098621 0.449935 0.096231 -0.005993 -0.087585 0.068063 0.039316 -0.165655 -0.105128 0.108701 0.174665 0.254048 -0.227665 -0.223835 -0.124162 0.033678 0.019180 0.450180 -0.298974 0.095443 0.307074 -0.221319 0.125342 -0.063800 -0.036388 0.086785 -0.066009 -0.036256 0.154981 -0.089277 -0.146321 
0.050904 0.148147 0.034714 -0.143979 -0.203911 -0.299404 -0.178876 -0.138762 0.077139 0.194480 -0.230453 -0.060396 0.147862 -0.259490 0.089626 -0.000114 0.180582 -0.115037 -0.031263 0.150614 0.209693 -0.033589 -0.146918 0.106279 -0.289035 0.218787 0.203972 0.081056 0.254553 -0.233234 0.057761 -0.023645 
0.259614 -0.035801 0.155727 0.161919 0.074004 0.162654 -0.262540 -0.143046 0.060934 -0.118181 0.069896 -0.056252 -0.099499 -0.065002 0.127036 -0.177943 0.065087 0.035117 0.120079 0.039065 -0.223831 0.261796 -0.207692 -0.160505 0.123771 0.202301 0.086791 -0.049511 0.213867 0.019190 0.153465 0.288583 
-0.130626 -0.010242 0.295890 0.067409 -0.090845 0.183977 0.227377 0.079827 0.077913 -0.016861 0.062774 -0.292172 0.111171 -0.074740 -0.088803 -0.096675 0.002198 0.061530 0.553004 0.053261 0.069443 0.396216 0.142183 -0.218970 0.280304 0.098185 -0.017356 0.139101 -0.089949 -0.123198 0.196301 0.000253 
0.279153 -0.145431 0.076196 -0.164536 0.178853 0.083274 -0.305591 0.051086 -0.194524 -0.091607 0.027996 0.120048 -0.047864 0.102209 -0.312607 -0.234881 -0.058068 0.305064 0.062215 0.207869 0.105990 -0.036638 0.179363 0.094706 -0.105912 -0.171585 -0.125585 -0.103847 0.045721 -0.212173 -0.054960 0.101958 
-0.220669 -0.088204 -0.003144 -0.193412 -0.151455 -0.012555 0.308958 -0.171212 0.334364 0.044342 0.283405 -0.048296 -0.277670 0.157744 0.117658 -0.031087 0.098759 0.182473 -0.226171 0.041419 -0.043061 -0.331193 -0.070786 0.020666 -0.056717 0.303153 0.402139 -0.201746 0.234244 -0.099832 0.076827 -0.276147 
-0.021359 -0.164708 0.034019 0.109251 0.226117 0.160612 0.147493 0.125993 0.008852 0.146009 -0.242010 -0.089422 0.061019 -0.128908 -0.007481 -0.050905 0.010563 0.218190 -0.255027 0.473941 -0.204656 0.041463 -0.046324 0.146769 -0.284825 -0.177775 0.041764 -0.166699 0.141319 -0.133789 -0.195624 -0.175990 
0.098687 0.032773 0.188420 -0.110923 0.011343 0.161332 -0.460751 0.224809 0.044165 -0.219241 -0.516898 0.397640 0.092878 0.170442 -0.510864 -0.142797 0.217549 0.056086 -0.251095 0.215150 -0.029428 0.118528 0.012458 -0.267207 0.083021 -0.466816 -0.425228 -0.165577 -0.106522 -0.033069 -0.367390 0.361416 
-0.096458 -0.098822 -0.118708 0.010710 0.212092 -0.263472 -0.041907 -0.128811 0.047574 -0.351375 -0.065198 -0.096390 -0.109536 0.024878 0.007938 -0.177405 0.104796 -0.029247 0.254853 -0.050140 0.110677 0.027098 -0.115522 0.068485 0.067180 0.068100 0.095112 -0.118075 -0.048258 -0.242308 -0.169890 -0.107777 -0.057715 -0.288643 0.104617 -0.172919 -0.044745 -0.095049 -0.180820 0.113316 0.096960 -0.010508 0.081926 0.213946 0.135863 -0.120937 0.244482 0.113488 0.080905 0.114030 -0.078825 -0.019825 0.108948 0.188062 -0.076665 -0.125885 0.150178 0.235715 -0.073859 0.096301 -0.320291 -0.012956 -0.153613 -0.097991 
-0.006262 0.127710 -0.018936 0.119765 -0.136506 0.099077 0.044789 0.091364 -0.081852 0.009498 0.066956 -0.115280 0.065365 0.056245 0.121302 -0.071066 0.035307 -0.125406 0.107380 -0.156870 0.156146 0.158352 -0.110027 0.017044 0.137816 -0.018168 -0.055954 0.148238 0.085105 -0.039679 -0.083167 -0.089678 -0.080542 0.067231 -0.138626 -0.045592 -0.006517 0.074115 -0.123784 0.080249 -0.090193 0.111801 0.133457 0.142470 0.000443 0.087957 -0.098291 -0.133316 0.129531 -0.158495 -0.121186 0.118386 0.165772 -0.065189 -0.033635 0.135062 0.084497 0.076958 0.115466 0.001581 -0.127979 -0.136031 0.079277 -0.044948 
0.224045 0.185342 0.211515 -0.079067 -0.052957 0.290914 -0.167137 0.158998 -0.047397 0.265589 0.083519 -0.064087 0.080084 0.167832 -0.141999 0.046120 0.149182 -0.156078 -0.143790 0.143482 0.068834 0.355881 0.251848 0.081770 -0.130226 0.058566 -0.139740 0.000588 0.074003 0.195788 -0.114988 0.094827 -0.097750 0.106458 -0.086237 -0.235322 0.005675 0.108858 0.265027 -0.129600 -0.035421 0.025173 0.041800 -0.084709 -0.005253 0.138587 0.072575 -0.054374 -0.137461 0.095390 -0.062126 0.246328 -0.249130 -0.208739 -0.051137 0.042165 -0.052081 -0.256368 -0.070920 0.041725 -0.391739 -0.183946 -0.117657 0.222242 
-0.154911 0.163620 0.112197 0.040030 0.101129 0.083158 0.133322 0.010020 -0.071876 0.001935 0.144876 0.089087 -0.121171 0.116732 -0.103414 -0.055754 -0.111691 0.014558 -0.079282 -0.075187 0.065494 0.068466 0.172672 0.031595 -0.119298 -0.093170 -0.098880 -0.063589 0.007836 -0.021125 -0.142399 0.024340 -0.040227 0.148910 -0.111273 -0.094539 0.035803 -0.146248 0.081456 0.132751 -0.024119 0.057324 0.056114 0.017648 0.006303 0.128046 0.126070 0.062256 -0.032708 -0.120555 0.157403 -0.126417 0.118485 0.136733 0.070701 0.167485 -0.127845 0.141772 -0.060906 0.050449 -0.057165 -0.040861 -0.100730 0.061604 
-0.091437 -0.040928 0.125121 0.124277 0.038346 0.014724 0.090392 0.101710 -0.046963 -0.022801 0.025144 0.086691 -0.068765 -0.095798 0.011531 0.029306 -0.019531 0.093901 0.180619 -0.082732 -0.089513 0.000918 -0.074862 -0.014549 -0.013254 0.035576 -0.115875 0.084743 0.183030 -0.046918 -0.023096 -0.082363 0.170530 -0.071411 -0.075255 -0.128179 0.147436 0.134276 -0.187572 -0.019977 0.007015 -0.018019 -0.108327 0.058562 0.081641 0.015251 -0.040281 -0.088698 -0.134754 -0.162236 -0.007182 -0.038414 0.180746 0.116169 0.192332 -0.119403 0.034839 -0.162916 0.133637 -0.044724 -0.102662 -0.044313 0.041285 -0.197635 
0.101871 0.073867 -0.059409 0.021202 0.082976 -0.085912 0.105549 0.170584 0.109488 0.112535 0.061284 0.068925 -0.028683 0.192820 0.107211 0.002070 -0.132392 -0.187009 0.127494 0.007374 0.130602 0.119075 0.182850 -0.007501 0.059854 0.112070 0.091906 -0.089504 -0.087350 -0.037312 -0.009266 0.113714 -0.248300 0.047669 -0.145414 -0.013107 -0.121751 -0.101741 -0.013734 0.080273 -0.202864 -0.048056 -0.051050 0.022522 -0.066421 -0.053148 0.179234 0.004449 -0.013586 0.089642 -0.105714 -0.034462 -0.031988 -0.096676 0.073365 -0.045068 0.160381 0.112091 0.050770 -0.121746 0.035047 -0.177353 0.146888 0.275159 
0.029080 -0.080139 0.080271 -0.170539 -0.053381 0.152404 0.154123 -0.058205 0.056764 0.143718 -0.188478 -0.165345 0.093676 0.148831 -0.027133 0.046553 0.079430 0.068700 -0.010455 -0.080087 0.079467 -0.144222 0.120560 0.021010 0.139260 -0.067997 0.180504 0.080980 -0.067594 0.107740 0.102222 -0.054138 -0.125712 0.084822 -0.090388 0.395174 0.162912 -0.085539 -0.047647 0.046808 0.071711 -0.019843 0.151182 -0.066729 -0.026477 0.042655 -0.033934 -0.132969 -0.094460 -0.191522 -0.024143 -0.144299 -0.033152 -0.158770 -0.170695 -0.047556 -0.145781 0.146440 -0.123992 0.096987 0.480280 0.145865 -0.148529 -0.018561 
0.070208 0.001395 0.233374 -0.042263 0.076992 -0.070269 -0.099253 -0.038358 0.121057 -0.277533 0.136455 -0.069102 0.068577 -0.103055 -0.029837 0.048586 -0.055486 0.174756 -0.137207 0.118417 0.145795 0.043193 -0.199257 -0.054433 -0.169161 -0.075473 -0.176801 -0.161546 -0.104041 -0.149193 -0.085503 0.028967 0.072044 -0.162714 0.126595 -0.272568 0.018817 -0.115912 0.009710 0.058359 -0.027213 -0.136850 0.099947 -0.127365 -0.060947 -0.190926 0.195098 0.095353 0.179544 -0.135727 -0.019575 0.153943 0.043513 0.040264 -0.042008 -0.074797 0.198873 -0.100794 -0.061417 -0.146997 -0.279125 -0.002424 0.042889 0.074998 
0.050708 -0.002662 -0.167738 -0.058805 0.094863 -0.067133 0.097871 -0.216340 0.036750 -0.226211 -0.115411 0.107589 -0.010704 -0.093533 0.076996 0.073607 -0.117101 0.112379 -0.008832 -0.104866 -0.009158 -0.078821 -0.086745 -0.003770 0.052108 0.135604 0.064290 -0.135642 0.055744 -0.189214 -0.148332 -0.086227 0.152266 -0.219487 0.097064 0.155570 0.045403 -0.016038 -0.095861 -0.102025 0.196791 0.053888 -0.178262 -0.027657 0.078572 0.046999 0.133313 0.160634 0.069810 0.131040 -0.093855 -0.178096 0.045040 0.204072 0.088678 0.164335 0.114085 -0.156425 -0.137969 -0.078731 0.010242 -0.005226 0.013081 -0.198594 
-0.118678 -0.117513 0.001660 0.119985 0.077251 -0.215489 -0.120222 -0.087372 0.119223 -0.387307 0.185393 0.012649 0.111184 0.109616 0.093138 0.107232 0.052946 0.010545 0.235141 -0.239861 -0.043782 -0.079901 -0.324156 -0.092233 0.036397 -0.150831 0.081530 -0.145680 0.002748 -0.241247 -0.101639 0.009639 0.035593 -0.032280 0.069438 0.280622 -0.144592 0.053542 -0.173656 0.160030 0.224062 -0.018659 -0.064561 0.135833 -0.121773 -0.156120 0.044030 0.135275 0.119859 -0.210712 0.109849 -0.181804 0.121135 0.227664 0.073150 -0.094005 0.180487 -0.087551 -0.070929 -0.100725 -0.070975 0.129572 0.091459 -0.051721 
-0.138087 -0.065955 0.045342 -0.037260 0.169512 0.014079 -0.041988 0.117267 -0.083761 0.216509 0.093108 0.053664 0.153071 -0.216336 0.004166 0.191693 -0.131625 -0.121631 0.231086 0.047179 -0.086558 -0.117585 0.228923 -0.216696 0.093194 -0.114305 -0.014432 -0.120842 0.078366 -0.140353 0.128816 -0.137856 -0.193653 0.005856 -0.069774 0.151183 0.060240 0.121908 -0.143087 -0.233220 0.041122 0.125879 -0.194010 0.123948 0.129695 0.040392 -0.000641 0.198543 -0.187266 -0.159168 0.049127 -0.094036 -0.205303 -0.047854 0.006547 0.117146 0.047648 0.357050 -0.159754 -0.034528 0.348269 0.137660 -0.018632 0.079252 
0.138034 0.191043 0.194191 -0.143972 0.157506 0.064898 -0.043985 0.081876 0.161953 -0.397352 -0.043056 0.122631 -0.170770 0.151382 0.046841 -0.223088 -0.114562 -0.082871 -0.220655 -0.086892 0.171462 0.297063 -0.353960 0.118291 -0.032482 -0.156552 0.136526 -0.042844 0.123644 -0.117205 0.076632 -0.077634 -0.131137 -0.202056 -0.213963 -0.429502 -0.066286 0.083618 0.147101 -0.108329 -0.148073 -0.155531 0.123631 -0.080011 0.089838 -0.029662 -0.069592 0.197890 0.147225 0.124124 -0.145513 0.179525 0.004074 -0.157822 -0.037965 0.056314 -0.089299 -0.180367 -0.139594 -0.158647 -0.215950 0.014951 -0.060354 -0.090325 
-0.077124 0.135261 -0.016701 0.041773 -0.020294 0.243308 0.090468 0.055226 -0.236359 0.087263 0.135759 0.068018 -0.135754 -0.204361 0.025856 0.138133 0.038068 0.158360 -0.002391 0.220808 0.137381 0.163389 0.046616 0.100895 -0.103412 0.036340 0.142270 0.137673 -0.027080 -0.046622 -0.149455 0.087614 -0.146696 -0.041666 -0.068493 0.004251 -0.082330 -0.137122 0.037368 -0.051387 0.042351 0.159966 -0.059021 0.085439 -0.148024 0.077600 0.021265 0.065881 0.011312 -0.108520 0.000519 0.052574 -0.107313 -0.208976 0.012068 -0.050006 0.008666 -0.066055 -0.074637 -0.145023 0.080322 -0.100087 0.090992 0.029383 
0.122796 -0.098575 -0.064369 0.101573 0.009124 -0.167596 -0.113352 0.090785 0.048894 -0.517131 0.087505 0.004833 -0.165400 0.009527 -0.050414 0.103430 0.010966 0.028640 -0.149214 0.002137 0.059204 0.087949 -0.415171 -0.012251 0.113115 -0.068795 -0.038668 0.025886 0.087811 -0.235491 -0.065797 -0.125657 -0.109018 -0.197276 -0.174159 -0.124743 0.161286 -0.087734 -0.175303 -0.036727 0.015058 0.128609 0.040627 0.066894 -0.114752 0.121332 0.012766 0.182525 0.046935 -0.019574 -0.036686 -0.117530 0.221127 0.058211 0.037751 0.050635 0.175432 0.056791 -0.087930 -0.034130 0.050847 0.060090 0.038577 -0.152744 
-0.271581 0.078306 0.010626 -0.125457 0.115494 0.169094 0.010265 -0.107864 -0.017828 -0.091090 -0.166013 0.110692 -0.094417 -0.164914 0.009043 0.240306 0.022005 0.099325 0.240458 -0.046658 -0.068916 -0.208190 -0.196471 -0.259967 -0.093547 -0.084337 0.041392 -0.120965 0.123326 -0.214467 -0.081206 -0.167167 0.048409 0.092721 -0.121188 0.314730 0.033457 0.068494 -0.119606 -0.172259 -0.143021 -0.099594 -0.147998 -0.059096 -0.015499 0.042604 -0.134240 -0.183539 0.005422 -0.271078 -0.037231 0.130851 0.002506 -0.013353 -0.112833 0.056999 0.022814 0.153612 0.104332 0.007672 0.282822 -0.091488 0.010418 0.065983 
0.132030 0.067150 -0.066147 -0.002621 -0.032653 -0.002423 0.089970 -0.018257 0.066281 0.126754 0.081673 -0.117517 0.005067 0.108945 -0.109742 -0.143478 0.122126 0.021394 0.166063 -0.062334 0.161873 -0.153945 0.162963 0.055466 0.040452 0.098997 -0.105160 -0.054147 0.127715 0.073089 0.130246 0.091448 -0.028058 -0.104199 -0.079471 0.107587 0.061675 -0.157799 -0.078967 -0.040342 0.137252 -0.165592 0.010439 -0.025979 0.111651 0.068995 -0.001160 0.065479 -0.077908 -0.003394 -0.165153 -0.084333 0.010958 0.166108 0.139431 -0.116888 0.096807 -0.134027 -0.002737 0.056225 0.107361 -0.040789 -0.020625 -0.088995 
0.123369 0.153180 -0.037197 -0.089957 0.114049 -0.087287 0.044031 0.088024 -0.037114 -0.378448 -0.105700 -0.075509 0.124638 0.024302 0.098002 -0.149913 -0.149238 0.234497 -0.136948 0.088829 0.143457 0.131580 -0.111512 0.069245 -0.079840 -0.100637 -0.112320 -0.098676 0.026808 0.009899 -0.012330 -0.108232 0.094604 -0.101598 -0.040753 -0.257049 0.092156 -0.147696 0.241893 -0.001687 -0.052953 0.132456 0.044642 -0.136280 -0.015328 -0.150926 -0.097529 0.032708 -0.127234 0.089133 -0.138869 0.213442 0.258601 0.092593 0.084087 -0.064305 -0.139302 -0.081223 0.014280 0.053775 -0.213883 0.114878 0.109008 -0.199853 
-0.082387 -0.097407 -0.112380 -0.077057 0.031845 -0.257043 0.000825 -0.018968 0.169184 0.012971 0.100326 -0.039994 -0.183918 0.132616 0.220635 -0.101307 -0.006592 -0.161436 0.272248 -0.102934 0.038912 -0.100940 0.024274 0.126320 -0.060318 -0.089463 0.047603 0.146698 -0.001361 -0.088236 -0.160500 0.099637 0.132150 -0.159973 -0.067395 0.226004 -0.052251 0.046195 -0.148444 -0.041339 0.064418 -0.108276 0.042304 0.038090 -0.150483 0.065415 0.086527 0.066360 0.093204 -0.111393 0.150920 -0.045230 0.240440 0.136621 0.012129 -0.065478 0.221187 0.219167 -0.080330 -0.090347 -0.083377 0.004124 -0.161912 -0.196031 
-0.010195 -0.224185 -0.193439 0.124705 -0.027277 0.241224 -0.098553 -0.104680 -0.044964 0.524784 0.080269 -0.021432 0.072730 -0.115149 -0.186637 -0.028259 0.067850 -0.112227 0.201083 -0.049669 0.034683 -0.157230 0.586441 0.109641 -0.074407 -0.089697 -0.102125 0.023585 -0.020877 0.078266 0.131522 -0.097927 -0.068655 0.208448 0.147119 0.019041 -0.056430 -0.115650 -0.172184 -0.153899 -0.165880 -0.136500 0.111130 0.096184 -0.054627 -0.057855 -0.257406 -0.241268 0.007069 0.063403 0.057993 -0.034960 -0.209754 -0.076514 -0.094666 0.002060 0.003881 0.277910 -0.102931 -0.021207 0.196586 0.101462 0.000711 0.116628 
0.057036 0.044588 -0.038801 -0.167270 0.126112 0.019566 -0.132952 0.009900 0.073245 0.084838 0.063552 -0.249715 -0.085705 -0.045490 -0.189950 0.038709 -0.032013 0.415583 -0.161895 0.104379 -0.073638 0.079225 -0.219123 -0.138823 -0.067439 -0.071998 0.031223 -0.136720 -0.081639 -0.086811 -0.088365 0.151614 0.458260 -0.032085 0.318975 -0.107276 -0.125739 -0.139546 -0.040889 0.381555 0.012961 0.024040 0.289356 -0.089865 -0.146903 -0.184137 -0.204796 0.005882 0.192574 -0.231608 -0.139549 -0.013625 0.361291 -0.104495 0.235193 -0.103876 0.036145 -0.101752 -0.072217 0.093425 -0.282296 -0.048942 0.072721 -0.116361 
-0.161363 0.081088 -0.024931 -0.113414 0.065909 0.043998 -0.157668 0.128820 -0.176139 0.194174 -0.134804 -0.134739 -0.157955 -0.135090 0.009086 0.138020 -0.041373 0.036999 -0.078764 -0.043332 0.127892 -0.083801 -0.003171 -0.025145 0.129615 0.087426 -0.099715 0.160991 -0.076948 0.159106 0.146037 -0.053921 0.036007 -0.060616 -0.017933 -0.033249 0.078991 0.000771 -0.026458 0.095458 -0.009910 -0.039450 0.148977 -0.005907 0.008982 -0.005925 -0.055708 0.121465 -0.126035 0.094779 -0.106008 -0.126528 0.108471 0.027492 -0.016540 0.082459 -0.051673 0.016851 0.079681 0.068701 0.029202 0.047594 -0.164126 -0.095509 
0.265934 0.012026 0.085053 0.056402 0.172844 0.171007 -0.010755 0.073384 -0.145519 0.141400 0.209409 0.139201 0.143201 -0.034383 0.018227 -0.226701 -0.150717 -0.099955 -0.082012 0.069711 -0.073920 0.183848 0.273684 0.179891 -0.210664 -0.037104 0.033623 0.050121 -0.138700 0.167260 0.191455 0.216666 -0.297895 0.011212 -0.142071 -0.272124 -0.086097 -0.133948 -0.010424 -0.087902 -0.091870 -0.009950 -0.144804 -0.004869 0.105450 0.129843 -0.011125 0.147855 0.012104 0.041137 0.079266 -0.078996 -0.226372 -0.075136 0.106557 -0.062487 0.084883 0.144169 -0.135515 0.122955 -0.450027 -0.235794 0.106992 0.139976 
0.010514 -0.011601 -0.068405 0.109720 0.022749 0.107880 -0.065974 -0.150086 -0.070368 -0.002692 -0.024866 -0.133216 -0.069086 0.119379 0.156621 0.134526 -0.036664 0.079348 0.157679 -0.001218 -0.113724 0.142231 0.107329 0.161981 -0.011416 0.140111 0.116639 0.037292 0.152567 0.059934 0.114158 -0.005217 -0.119964 -0.122546 -0.063795 0.071082 0.153632 0.038529 0.089295 -0.085033 -0.132462 -0.103870 -0.049951 -0.033249 -0.152788 -0.061628 -0.067022 -0.021155 -0.150578 -0.077641 0.145925 -0.096004 -0.103708 0.084956 -0.102321 0.053174 0.056769 -0.153979 -0.077832 0.041038 0.074252 -0.131971 -0.132477 0.122586 
-0.126129 -0.044295 0.025336 -0.101325 -0.190664 -0.053614 -0.018097 -0.128305 -0.026639 0.100727 -0.001009 0.020137 -0.129198 0.085979 -0.169876 -0.106641 -0.131520 0.186033 0.003610 -0.066517 0.062609 0.013460 0.154060 -0.046142 0.044423 -0.091693 0.171269 -0.052936 -0.047607 -0.135235 -0.098648 0.026817 0.079203 0.094865 0.141929 0.069043 -0.126912 -0.091687 0.061981 0.081250 -0.116760 -0.093118 -0.067120 -0.121006 -0.146997 -0.084664 -0.082900 -0.163491 -0.120362 0.065169 -0.008852 0.125490 -0.137770 -0.022069 -0.099691 0.133674 0.023019 -0.101192 -0.087560 0.167137 -0.055893 0.015186 0.025656 0.111366 
-0.135677 -0.086809 -0.054732 -0.064787 0.081369 -0.089195 -0.166021 -0.015481 -0.113434 -0.060248 0.109505 -0.051154 -0.007296 -0.177012 0.039725 0.138205 0.088889 -0.283812 0.140401 -0.188557 -0.044016 -0.001097 0.265021 -0.155154 -0.130711 -0.114375 -0.088810 -0.024204 0.073107 0.097844 -0.043068 0.120808 -0.324233 0.041938 -0.172946 0.165709 0.123791 -0.098332 -0.159033 -0.248589 -0.086790 -0.165668 -0.069039 0.217250 -0.143628 -0.107321 0.076731 0.178421 -0.122688 -0.131180 0.118776 0.019740 -0.219700 0.075482 0.086616 -0.110117 0.197610 0.427013 0.048832 0.032190 0.188571 0.196371 -0.018593 0.148650 
-0.139634 0.031622 -0.067523 0.024059 0.087139 0.027286 0.106977 -0.188797 -0.025574 -0.086746 -0.091459 0.050281 0.012262 0.013293 0.027363 0.202988 -0.151702 -0.093003 0.173880 -0.131026 -0.206818 -0.338815 -0.120594 -0.244434 -0.144828 0.140240 0.128315 0.079153 0.203862 -0.195378 -0.028043 0.071013 0.154820 0.056901 -0.004759 0.341493 -0.059901 -0.121115 0.102203 0.092169 0.079976 -0.094216 0.002414 -0.122208 -0.141078 -0.139745 0.124055 -0.179668 -0.047610 -0.194804 -0.076117 -0.020840 0.030432 0.082751 0.119520 0.031829 0.017075 0.046247 -0.056039 -0.012293 0.154800 0.192934 -0.115537 -0.031089 
-0.108826 -0.032496 -0.112949 0.092791 -0.031802 -0.058016 0.074267 -0.147633 -0.087888 -0.060221 -0.112385 -0.056097 -0.047007 -0.133388 0.031168 0.240201 -0.034706 0.160356 -0.025771 0.126394 -0.077239 -0.235227 -0.057257 0.139011 0.039241 0.097969 -0.005533 -0.090375 0.021733 0.002983 0.075407 -0.137691 -0.053625 0.134977 0.193159 0.401664 -0.158584 0.040374 0.090721 -0.060619 0.222308 -0.124319 0.141366 -0.108437 -0.076049 -0.003510 -0.181956 -0.034672 -0.070285 -0.042072 0.028443 0.061497 0.065429 -0.080194 0.092434 -0.130554 0.054488 -0.260472 -0.051201 -0.006797 0.270215 -0.072337 0.018431 0.103575 
0.149125 -0.023178 0.016513 0.161359 -0.148575 -0.033215 -0.041684 0.155887 0.013836 -0.094247 -0.081604 0.100193 0.053944 -0.075890 -0.001124 0.156449 0.077236 -0.128803 0.090397 -0.080166 -0.116989 -0.003879 -0.042336 -0.144625 0.061561 0.074761 0.016598 -0.011147 0.097928 -0.133396 -0.057652 0.080421 0.028554 0.127160 0.082390 0.048366 -0.074360 -0.136362 0.032739 0.113283 -0.055979 0.117609 0.043200 0.159924 -0.116539 -0.129133 0.148582 0.124376 -0.097901 0.064378 -0.119469 -0.047797 -0.101626 0.007800 -0.017310 0.120457 -0.083639 0.165770 -0.058987 -0.158106 -0.132218 0.057674 0.090611 0.048940 
-0.032670 0.046608 -0.061105 0.075485 0.074368 -0.014996 0.038575 0.089106 0.090364 -0.429200 0.157940 0.145278 -0.064321 0.112820 0.144523 0.077832 -0.002314 0.170379 0.217251 0.049372 -0.066408 -0.040279 -0.224202 0.041241 -0.088071 0.106269 0.063691 -0.012957 0.072220 -0.132595 -0.132383 -0.153789 0.317458 -0.184163 0.204169 0.041541 -0.102288 -0.002579 -0.046813 0.221904 0.191427 -0.069928 0.109834 -0.128717 -0.129736 -0.006239 0.098982 0.075114 0.003558 -0.009816 -0.060098 0.065062 0.304084 0.205043 0.069976 -0.062450 0.115357 -0.249404 0.093447 -0.074732 -0.119477 0.192904 -0.056682 -0.125026 
-0.082001 -0.097984 -0.136826 -0.004945 0.067395 0.005465 -0.025666 -0.022720 0.102571 -0.089912 0.006249 0.141045 0.091506 -0.113582 0.016116 -0.097749 0.080608 0.124315 -0.148925 0.063481 0.081036 0.019645 -0.164850 -0.002792 0.080409 0.095099 0.090383 -0.043444 0.056586 -0.131046 0.149305 0.142923 -0.061690 -0.155086 -0.030582 -0.162022 0.016688 0.112050 -0.016498 -0.048889 -0.148874 0.158082 -0.075905 0.110884 -0.123567 0.108762 -0.155457 0.124568 0.064526 -0.135729 0.020681 -0.022319 0.051847 0.022388 0.142789 -0.036042 -0.051008 0.065097 0.089015 -0.162522 0.100946 0.069893 0.148514 -0.128482 
-0.030558 -0.070782 -0.124602 -0.073009 -0.165042 0.170819 0.049961 -0.150708 -0.057529 0.308591 -0.155066 0.010716 0.099227 -0.182812 -0.052611 0.060233 -0.104012 -0.159546 0.183443 0.116071 -0.001607 -0.040405 0.108411 -0.294193 -0.004641 -0.162666 -0.160186 -0.081521 0.063844 0.160369 -0.023192 0.006628 -0.075615 0.076761 0.081090 0.151377 -0.126723 -0.029689 0.067886 0.036615 -0.097297 0.114745 -0.053392 -0.117961 0.151512 0.154933 -0.022847 -0.126289 -0.155445 -0.169484 -0.167399 0.069048 -0.199152 -0.149835 0.061975 0.057683 -0.156325 0.344248 0.154519 -0.164504 0.305242 -0.073469 -0.006544 0.036582 
0.188708 -0.063475 0.106952 -0.158727 0.141736 -0.127557 0.071134 0.165954 -0.010200 -0.271813 -0.072687 -0.020222 -0.165009 0.008971 0.001140 -0.241663 0.166078 0.043944 0.163603 -0.110081 0.055167 0.048617 0.105174 -0.188756 -0.032400 0.097923 -0.208629 -0.074408 -0.094972 -0.083685 -0.016269 -0.158922 0.041044 -0.166558 -0.190630 -0.181543 0.047928 0.100120 -0.066334 0.179018 0.118900 -0.015031 -0.059818 0.199391 -0.153555 0.051468 0.219660 -0.099938 -0.083984 0.046622 -0.107301 0.160297 0.031442 -0.167515 0.166946 0.109478 0.220694 0.304423 -0.131713 0.154249 -0.241734 -0.004761 -0.163618 -0.122262 
-0.227340 -0.342716 0.373915 0.291730 0.078236 0.142202 -0.005392 0.079530 
-0.067265 0.060279 0.179423 0.433749 -0.053919 0.028563 -0.077266 -0.106887 
0.002398 0.213886 0.010610 0.298868 -0.012172 -0.101518 0.040959 -0.022691 
-0.097068 0.060308 -0.032667 -0.006490 -0.033321 -0.025453 0.016783 -0.100623 
-0.104186 0.307964 0.237884 0.096008 0.212129 0.364283 -0.197013 -0.155577 
0.053261 -0.148920 -0.059453 0.321077 0.117683 -0.253125 0.418689 0.326202 
0.045953 0.059607 0.052472 -0.047589 0.111396 -0.030644 0.048192 -0.104188 
-0.239809 -0.091112 0.157510 0.233767 -0.094546 -0.050226 -0.096720 -0.097150 
-0.013796 -0.057142 0.033532 -0.208315 0.239963 0.270816 -0.217659 -0.146382 
-0.006303 0.069470 -0.110347 -0.062343 0.002693 0.251391 0.461729 1.147482 
-0.100187 0.144238 0.108616 0.021472 0.099017 0.167032 -0.045620 0.096020 
-0.031297 0.039625 -0.155791 -0.102951 -0.144256 0.058015 -0.091363 -0.111104 
0.118207 0.051086 -0.030899 0.083980 -0.070738 0.120908 -0.127747 0.118005 
-0.137961 -0.321069 0.014086 0.016317 -0.011443 0.092313 -0.218623 -0.134375 
0.012713 0.025337 -0.069910 -0.017609 -0.041022 0.210357 -0.250259 0.014713 
0.192365 -0.412780 -0.105079 0.273918 -0.021499 0.016377 -0.043096 -0.085071 
-0.100406 0.039832 0.104287 -0.066347 0.017656 -0.081186 0.047819 0.035753 
-0.020865 0.414732 0.262423 0.219474 0.350269 -0.428198 0.094222 0.029476 
0.365927 0.543094 -0.281220 -0.004117 -0.041943 0.253404 0.023378 -0.068566 
0.238224 0.285015 0.052300 0.253398 -0.125417 0.015078 -0.018253 -0.005315 
-0.204581 -0.119523 0.182960 0.275922 -0.038145 0.007638 -0.097498 -0.173772 
-0.369633 -0.373642 0.286493 0.638181 0.044115 0.076335 0.057436 0.061020 
0.017850 0.310962 0.081518 -0.134262 -0.030889 0.214605 0.623727 0.726381 
-0.063187 -0.454452 0.073321 0.113184 -0.077381 -0.208877 0.046221 0.063815 
-0.001369 0.050212 -0.084760 0.067323 0.176658 0.139995 0.068464 -0.102766 
-0.097651 0.074797 0.105504 0.049808 0.028514 -0.086438 -0.083296 -0.040628 
0.184893 -0.009722 -0.080988 0.150632 -0.000093 0.154799 -0.115827 -0.056428 
-0.006069 0.000944 0.092873 0.112203 0.044551 -0.028145 0.026456 -0.098944 
0.082847 0.064023 -0.090450 0.062785 0.004191 0.098998 -0.084942 0.000509 
-0.166542 -0.248229 0.047423 -0.023716 0.005042 0.174383 0.257465 0.429296 
0.003225 -0.124051 0.055863 0.064183 -0.011837 -0.030839 -0.069213 0.149429 
0.072935 -0.052183 0.121485 0.026277 0.009214 0.039626 -0.021549 0.175379 
-0.059510 0.105942 -0.254388 -0.123667 0.379923 -0.732252 0.091930 -0.076782 
0.206828 0.042207 -0.156376 -0.002741 -0.060255 0.008477 0.191705 0.449307 
-0.009262 0.180270 -0.142390 -0.009302 0.236925 -0.480418 -0.066394 0.060566 
0.524640 -0.548039 -0.521577 0.327558 -0.010556 0.200825 -0.080956 -0.034857 
-0.023831 0.027782 -0.081340 -0.011089 0.104515 -0.109560 0.062611 -0.005268 
-0.004457 -0.094167 -0.059797 0.005595 0.070689 -0.099779 -0.109751 0.000210 
0.216657 0.176538 0.128618 0.511827 -0.122756 0.086029 -0.020694 -0.130758 
-0.042069 0.054598 0.046484 -0.112848 0.365061 -0.455076 -0.053334 -0.052125 
0.047582 0.099114 -0.245785 0.179581 0.396477 -0.086121 0.051384 0.204804 
-0.009937 -0.015975 -0.021014 -0.058252 0.003250 -0.011761 0.060962 -0.070490 
0.087756 0.176312 0.268681 0.060323 0.095305 -0.237592 0.152277 0.168376 
-0.149155 0.200946 -0.106010 -0.143380 -0.029206 -0.100376 -0.049876 -0.031300 
0.045467 0.104080 -0.075105 -0.095690 -0.049699 -0.031284 0.115710 0.059369 
0.025110 -0.036153 -0.107062 0.002346 0.081450 0.040932 0.051867 0.123667 
-0.107639 0.136141 0.056015 -0.068613 0.008657 0.215732 -0.328713 -0.030483 
-0.018200 0.089094 0.254964 0.017188 0.091840 0.395846 -0.421136 -0.284045 
-0.048024 -0.141678 0.177892 -0.110279 0.176465 0.043796 -0.016775 0.012190 
0.016553 -0.397315 0.110920 0.183513 -0.073412 -0.165627 0.012523 -0.068199 
0.036699 0.104706 0.017493 -0.029960 -0.030523 0.076205 -0.046807 -0.038424 
-0.075216 0.180899 0.227803 0.394548 -0.023126 -0.061612 -0.097752 -0.038298 
-0.019603 -0.027518 0.083346 -0.125109 0.688842 0.583749 0.105405 0.135029 
0.152630 -0.064799 -0.329340 -0.072233 0.126796 0.286649 -0.192382 -0.135966 
0.017103 0.173909 0.110303 0.034878 0.271290 0.229310 -0.008763 0.169970 
-0.108587 -0.111406 0.078513 0.038510 -0.100313 -0.076060 0.007383 -0.026697 
-0.069079 0.332297 -0.015883 -0.225354 0.237997 0.454417 -0.211585 -0.130428 
0.045062 0.649151 0.212325 -0.332378 -0.078489 -0.623728 0.156280 0.065135 
0.104308 0.062684 -0.060011 0.034120 0.000370 -0.042469 0.011356 0.010066 
-0.034450 -0.028651 -0.070917 -0.016111 0.013901 0.055825 0.076287 0.024121 
0.260835 -0.929446 -0.104432 0.311259 0.093170 -0.063074 -0.074653 -0.018854 
0.128255 0.100112 -0.171543 0.061725 0.053140 0.100871 -0.222359 -0.064736 
-0.094590 -0.050271 -0.019840 0.028994 0.023575 0.107090 -0.087097 0.102872 
-0.135874 -0.069186 -0.079542 -0.109447 0.121090 -0.680074 0.172432 -0.006935 









0.000000 
0.000000 
0.000000 
0.000000 
0.000000 
0.000000 
0.000000 
0.000000 
-0.133147 
0.099514 
-0.312020 
-0.145957 
-0.153677 
-0.284966 
0.258777 
0.049388 
0.374385 
0.471458 
-0.417566 
0.174427 
-0.117440 
-0.357408 
-0.045845 
-0.200224 
-0.093424 
0.240334 
-0.281843 
0.178008 
0.170568 
-0.318737 
0.200173 
-0.190937 
-0.253308 
-0.133072 
-0.332958 
0.192444 
0.038255 
-0.008651 
-0.240950 
0.356411 
-0.347869 
-0.001990 
-0.371458 
-0.371632 
-0.040403 
-0.349357 
-0.338295 
-0.039731 
-0.301870 
0.369706 
-0.319714 
-0.088187 
0.291627 
0.092987 
0.252939 
-0.181615 
-0.172534 
0.220693 
-0.085346 
-0.073867 
0.099766 
-0.190503 
-0.045137 
-0.133090 
-0.034752 
0.008984 
0.324555 
-0.335305 
-0.345706 
-0.080521 
0.140584 
-0.277163 
0.149728 
0.242096 
0.008819 
-0.048970 
0.268717 
-0.111778 
0.064746 
-0.126660 
-0.084299 
-0.186897 
-0.071666 
0.235368 
0.104906 
-0.116945 
-0.041019 
-0.073134 
0.125673 
-0.060972 
0.019022 
0.160694 
0.152701 
0.080409 
-0.145327 
-0.019430 
0.183029 
-0.130234 
-0.138385 
0.151005 
-0.069686 
-0.001264 
0.032683 
-0.101629 
-0.066589 
0.199848 
0.030632 
0.037211 
0.115557 
0.080802 
-0.018734 
-0.024848 
-0.044774 
0.093600 
0.221926 
0.329030 
0.074299 
0.106010 
-0.195985 
0.182931 
-0.091733 0.095307 
0.130806 -0.071573 
-0.110162 0.010513 
0.212725 -0.235349 
0.360173 -0.347372 
-0.139372 -0.001689 
-0.222061 -0.003422 
0.307699 0.144082 
-0.299783 
0.066394 
-0.612351 
0.263385 
0.343224 
0.386851 
0.173497 
-0.233262 
0.095965 
-0.467225 
0.146467 
0.379253 
0.097018 
0.178924 
-0.361473 
0.299301 
0.198387 
-0.135904 
0.277939 
-0.160315 
-0.133975 
0.515690 
0.473917 
-0.230298 
0.054664 
0.211838 
0.545074 
0.056262 
-0.320577 
0.239662 
0.506890 
-0.064461 
-0.266957 
0.204295 
0.750968 
-0.974815 
0.029479 
0.227866 
-0.127154 
-0.353979 
0.723133 
0.106135 
0.309753 
-0.155516 
-0.343009 
-0.103188 
0.629297 
-0.112022 
0.064446 
-0.125984 
-0.175771 
-0.188997 
-0.178467 
0.536759 
-0.144624 
0.198716 
0.086179 
0.497054 
-0.122188 
0.139263 
-0.095641 
0.345695 
0.003814 
0.242470 
0.025210 
-0.899551 
0.314306 
-0.439199 
0.013838 
0.049513 
0.387644 
0.397587 
-0.083734 
-0.112758 
0.277429 
-0.125867 
0.084359 
0.420474 
-0.062583 
-0.072753 
-0.660334 
0.029667 
-0.463000 
0.267908 
-0.022651 
-0.071164 
-0.454972 
-0.508293 
-0.474404 
-0.066503 
-0.581470 
0.017872 
-0.115944 
0.036463 
-0.003473 
0.138298 
-0.020148 
0.137931 
-0.180511 
-0.157127 
-0.253501 
0.013476 
-0.325007 
-0.094496 
-0.082645 
0.451118 
-0.008271 
-0.142498 
0.104603 
0.115016 
-0.079119 
0.736703 
0.010175 
-0.135367 
-0.227221 
-0.546495 
-0.500454 
-0.106628 
0.080767 
-0.239988 
3.383000 0.218184 0.144315 
