-0.301902 0.156827 0.084219 0.367222 0.093292 0.065744 0.318676 0.086436 -0.045287 0.225777 -0.244636 0.087442 -0.070503 0.122521 0.088334 -0.084152 -0.058818 -0.043677 -0.086709 0.021634 0.387788 0.114008 0.079343 -0.210111 -0.217483 -0.024378 0.028972 0.114886 -0.230691 -0.112221 0.198612 0.018917 0.229829 -0.033570 -0.103553 0.032831 0.180330 -0.014378 -0.306994 -0.450887 -0.076791 0.021007 0.091552 0.025946 0.185357 0.025842 -0.017677 -0.164646 0.100336 0.013632 0.156175 0.297405 0.004021 0.041047 -0.030635 0.169291 0.061668 -0.216714 -0.143759 -0.165447 0.068279 0.152263 0.217925 -0.126170 
-0.077753 -0.015375 0.116275 -0.203832 0.210096 0.251142 -0.086762 0.289284 -0.042351 0.227627 -0.082874 -0.060769 0.013708 -0.283715 -0.160564 -0.083666 0.194818 0.354796 0.195014 -0.162436 0.032641 -0.147185 -0.110245 -0.142406 0.137161 -0.077161 -0.197232 -0.185378 -0.279751 -0.201756 0.066862 -0.123653 -0.080198 -0.028692 -0.108990 -0.284648 -0.095735 -0.126170 -0.313413 -0.049596 -0.053852 0.043925 0.157552 0.178125 0.105195 0.304866 0.264876 -0.074177 0.055591 -0.000048 0.218917 -0.138335 0.183641 0.260583 -0.229506 -0.040376 0.149875 -0.039912 0.072768 -0.103620 0.104482 -0.392951 -0.026582 0.092029 
0.000985 0.287995 0.173604 0.089461 -0.009435 0.182003 -0.012648 0.227323 -0.036839 -0.392495 0.042077 -0.421521 0.261394 0.068305 -0.062781 0.041138 -0.339272 0.251446 0.171317 0.318532 0.021855 -0.124887 0.023603 -0.053960 -0.147990 -0.113648 0.160247 0.318079 -0.165330 -0.188253 0.123342 0.080426 -0.286848 0.089690 -0.075403 -0.028241 0.001408 0.103480 -0.119610 -0.201864 0.138804 0.311889 -0.293238 0.063708 -0.103079 -0.035900 0.012317 -0.050019 -0.106603 -0.109721 0.001189 0.325615 -0.032024 0.236103 0.020666 0.259209 -0.137551 -0.148431 0.155701 -0.098981 0.148378 0.209108 0.190284 0.046418 
-0.030758 -0.101096 -0.267483 -0.024888 -0.046145 -0.089211 0.218303 -0.075122 0.019558 0.063758 -0.153229 0.235166 0.034842 0.057071 -0.123995 0.061388 0.121179 0.189258 0.135455 -0.194959 0.153417 0.010855 0.328166 0.142689 0.063518 0.123353 -0.253860 -0.040163 -0.213817 0.246043 0.159533 0.090798 0.085104 0.132277 0.005192 0.098718 -0.060707 -0.056663 -0.224873 -0.134901 -0.065968 -0.003082 0.273041 0.136072 0.127298 0.033174 -0.038425 0.093491 -0.068375 -0.214981 0.284450 -0.112234 0.016685 0.188306 -0.116024 -0.260078 0.034647 0.003515 -0.079918 0.222161 0.009497 -0.249660 -0.127512 -0.144493 
0.263664 0.173880 0.246512 0.007131 0.040407 -0.039385 0.101935 0.316126 0.172072 -0.054917 0.178887 0.128814 0.237003 0.190516 -0.263525 0.003310 0.187656 -0.299921 -0.064338 -0.109043 0.265423 0.077397 0.088965 -0.089981 0.206732 0.206820 -0.307489 0.027298 0.166263 0.133618 -0.038914 0.170088 -0.137563 -0.121666 -0.213729 0.091225 -0.013619 0.080879 0.212164 -0.251823 -0.107995 0.012825 -0.074348 -0.229914 -0.014551 0.122476 -0.044730 0.021040 0.060997 0.157922 0.226174 0.088775 0.066224 0.039035 0.416794 -0.056322 -0.222699 -0.177934 0.069974 0.156583 0.278598 -0.228315 0.100281 0.351061 
-0.118233 0.195082 0.238157 0.221388 -0.115895 0.272838 -0.241647 0.039933 -0.005510 0.072535 0.106347 0.176934 -0.278774 -0.145899 -0.146454 0.440647 0.237367 -0.119272 -0.048739 0.102600 -0.165815 0.044095 0.274901 0.023014 0.016842 0.174320 -0.032854 0.183617 -0.000566 -0.213395 -0.041181 -0.232985 0.279022 -0.073247 -0.141485 -0.229662 -0.220374 -0.161046 0.303277 0.105446 0.362484 0.198012 -0.055290 -0.250666 0.158866 0.149681 -0.172606 0.291832 0.263175 0.045840 -0.165908 0.095820 0.269241 0.000410 -0.336821 0.060461 -0.183943 0.051390 -0.183671 0.093969 0.030996 0.180606 0.168861 -0.204897 
0.281702 -0.192018 0.038388 -0.107018 0.035024 0.078488 0.223110 -0.157339 -0.011651 -0.240684 -0.211463 -0.097790 0.323087 -0.149272 -0.281132 0.173398 0.271361 -0.021118 -0.078447 0.128085 -0.086522 -0.039351 0.094563 -0.254269 0.360457 0.092207 0.195494 -0.139258 -0.121721 0.199119 0.242727 -0.091258 0.234736 0.044173 -0.067393 -0.160851 -0.200778 -0.208170 -0.118665 -0.083254 -0.108807 0.258900 0.380468 0.059719 -0.151510 -0.183087 -0.114221 0.315908 0.368241 0.113608 0.353025 0.175693 -0.117000 -0.174639 0.213100 -0.208921 -0.323622 0.091922 0.010102 -0.030296 0.190890 -0.049310 0.111938 -0.064125 
-0.232982 -0.167007 0.106692 -0.027252 0.078417 -0.150512 -0.231360 0.307760 -0.200086 0.189169 -0.074328 -0.170068 -0.274234 0.157401 -0.268337 0.217282 0.064902 0.232813 0.173938 0.131540 0.086668 0.104203 -0.203239 0.021076 -0.009161 0.129950 0.040827 -0.361556 -0.068092 -0.054513 0.067319 0.129698 -0.080839 0.012778 0.206603 0.210281 0.154409 0.220732 0.123387 0.033952 0.183513 -0.012017 -0.238511 -0.194842 -0.130056 -0.152492 -0.287983 0.235263 -0.072956 0.107907 0.211231 0.037337 0.000706 0.192900 0.294432 0.151114 0.100875 0.009582 0.174086 0.226159 -0.226079 -0.072653 -0.078501 -0.144701 
-0.106436 -0.036715 0.014177 0.058679 -0.096726 0.035651 0.072736 -0.064080 0.028334 0.023337 0.041581 -0.036209 0.079858 0.011780 -0.007468 -0.037403 -0.084311 -0.130972 0.026543 0.020850 -0.102606 0.035822 -0.014927 0.068719 -0.176742 -0.123706 0.098595 -0.075591 0.113882 -0.122878 -0.017108 -0.040550 
0.046637 0.008387 0.070893 0.022570 -0.065518 -0.041200 0.056288 0.043261 -0.062519 -0.156814 0.115517 -0.194595 -0.023578 0.005211 -0.128308 -0.091451 -0.120991 0.119527 0.161782 0.058624 -0.035177 -0.051024 0.035554 0.003098 -0.019453 -0.103751 0.184217 -0.006122 -0.040911 -0.036588 -0.099010 -0.047872 
0.103853 0.055418 -0.054544 0.089700 -0.151399 -0.164142 -0.151293 -0.005742 -0.064005 0.090087 -0.044507 -0.119325 -0.022824 0.040030 0.049332 0.079444 -0.120238 0.009184 -0.019617 0.026083 0.139845 0.042515 -0.070045 -0.091737 0.185804 0.159161 -0.010541 -0.126946 -0.061993 -0.075510 0.109665 -0.007527 
-0.141609 0.121780 0.061775 -0.104268 -0.024732 0.029458 0.010523 -0.132412 -0.054384 -0.079948 0.026220 0.057841 0.072005 0.019935 -0.019441 -0.099684 0.004615 0.178508 0.125574 -0.021708 0.104295 -0.083538 -0.047364 0.083747 -0.133864 0.091730 0.109381 -0.053402 -0.128526 0.108737 -0.030754 -0.088955 
0.047607 0.097255 -0.073823 0.091814 -0.035281 -0.100478 -0.089675 0.168388 -0.004033 0.100325 0.073503 0.000297 -0.018047 -0.025428 -0.125076 0.044201 -0.142499 -0.057028 -0.138135 0.134771 -0.025546 -0.115908 0.210516 -0.052344 0.151046 0.062713 0.097624 0.065403 0.019360 0.020658 -0.042253 -0.168050 
0.027309 -0.011617 0.111893 -0.104358 -0.035482 0.038067 -0.173663 0.066376 0.046757 0.075798 -0.136639 -0.071848 0.091275 0.017291 -0.132270 -0.012397 -0.142753 0.023686 0.133627 0.081824 0.021538 -0.003877 0.010849 -0.088460 0.052551 -0.038670 0.099223 0.038177 0.052828 -0.008507 0.138270 -0.005931 
0.144902 0.032084 -0.066380 -0.010765 0.086288 -0.030786 0.095839 0.085331 -0.098239 -0.152218 0.082302 -0.063298 -0.038156 0.056413 0.114746 -0.090866 -0.046807 0.103615 -0.089380 0.095315 -0.077483 0.039289 0.072235 0.117261 0.069020 -0.010342 -0.039702 0.032588 0.043661 0.014669 -0.079959 -0.044321 
0.001806 0.058760 -0.061232 -0.021803 -0.055266 -0.166747 0.010413 -0.094511 -0.147717 -0.063797 -0.039463 -0.034458 -0.005687 -0.107243 0.032087 -0.069248 -0.165101 -0.110017 -0.051680 -0.041904 0.034422 0.071208 -0.077634 -0.031049 -0.035723 0.055322 0.140541 -0.078022 0.039283 0.082223 0.060762 -0.025165 
0.032745 -0.078843 0.038638 -0.003917 -0.092589 0.150031 -0.069852 0.000545 -0.094591 -0.061343 0.015813 -0.084787 0.079610 -0.012167 0.012103 0.069784 -0.058968 0.069315 -0.047653 0.073839 -0.009384 -0.050614 0.146912 -0.046931 -0.033312 0.037507 0.015711 -0.040767 0.086209 0.069216 -0.065804 -0.100369 
0.219804 0.041716 -0.000725 -0.073377 0.118036 -0.052809 0.063359 0.155861 -0.075344 0.141070 -0.113038 -0.132880 -0.041041 0.060523 0.064745 -0.027154 0.048214 0.127699 -0.126523 -0.077297 -0.020380 -0.192713 0.014110 0.058891 0.154018 0.112956 0.063838 -0.043663 0.041281 -0.094129 0.099036 -0.030162 
-0.050214 0.034247 0.135345 -0.122593 -0.168207 0.060001 -0.145361 0.034322 0.048618 -0.076143 0.085060 -0.101132 -0.081620 0.108805 0.051404 0.058107 -0.035651 -0.171695 -0.080775 0.056938 -0.097148 -0.025921 -0.005573 0.056277 -0.086133 0.009834 0.095941 0.119633 0.117330 -0.175210 0.018865 -0.160163 
0.192355 -0.088943 -0.068591 -0.188881 0.215171 -0.075038 0.167681 0.041220 -0.039399 -0.119194 0.143446 0.006351 -0.028390 0.099667 -0.093762 0.017934 0.092742 0.069436 0.006256 0.070754 0.048919 0.125827 0.107907 -0.111691 -0.029655 -0.083695 -0.070115 0.047687 0.039559 0.009766 -0.100525 -0.073140 
-0.239950 0.112308 -0.007611 0.132036 0.055253 -0.054266 -0.032512 -0.081984 -0.059906 -0.095363 -0.038277 -0.009424 -0.097279 -0.032892 -0.107406 -0.138106 0.064447 -0.008398 -0.068525 0.080433 -0.082351 0.205817 0.125126 0.117468 -0.193486 -0.144738 -0.024780 0.109117 0.102445 0.111956 0.090652 0.148745 
0.099381 -0.029652 0.024063 -0.039956 -0.060633 -0.078459 0.145410 0.130769 0.024266 0.018371 0.092737 0.016780 -0.076596 -0.023331 0.115241 -0.003339 -0.055980 0.027278 0.097210 0.057847 0.115810 0.091430 0.064455 0.092775 -0.029364 -0.065346 0.127221 -0.000938 -0.050824 0.126472 -0.055763 -0.128731 
-0.119378 -0.093681 0.039217 -0.056838 0.069135 0.068785 -0.098268 -0.116387 -0.033387 -0.064004 0.087033 0.098115 0.052351 0.058712 0.129695 0.056322 0.067566 0.045444 -0.042996 0.034964 -0.111441 0.031943 -0.025687 0.053421 0.007362 0.040461 -0.102615 -0.011625 0.052998 0.060169 0.000981 0.129475 
0.046816 -0.040006 -0.161357 -0.086818 0.042226 -0.130056 -0.083720 -0.034080 -0.007864 -0.126790 -0.134984 -0.017291 0.061021 -0.203218 -0.178079 -0.011177 -0.014086 -0.021932 0.134988 -0.082025 -0.073306 0.091804 -0.173126 0.013928 -0.081605 -0.039475 0.056966 0.104768 -0.064102 -0.003119 0.066411 -0.027303 
0.172587 0.016913 -0.065580 0.006181 0.113174 -0.033204 0.076129 -0.084121 0.009159 0.086702 -0.055419 -0.075550 0.146158 -0.024833 -0.007500 -0.028434 0.038014 0.047452 0.042481 -0.098556 -0.007898 0.013063 0.083267 0.018172 0.014720 0.069132 0.020352 -0.026331 -0.070676 -0.178386 0.148059 -0.221105 
-0.012900 0.064568 -0.001968 0.111844 -0.042948 -0.138149 0.085079 -0.182160 0.064730 -0.018630 0.004139 0.160970 0.069961 -0.129297 -0.126845 -0.043097 -0.114763 0.059876 0.050437 -0.093371 -0.120005 0.076864 0.136940 0.009315 0.030232 -0.081178 0.108805 -0.061190 0.036042 0.117764 -0.060499 0.145701 
-0.098576 0.143847 -0.028640 0.077173 0.049780 -0.103419 0.096229 -0.046859 -0.025265 0.029680 0.033930 -0.036057 -0.048893 -0.017310 -0.025614 -0.135435 -0.075980 -0.002077 0.033418 -0.168279 0.010885 0.092608 0.061229 0.140784 0.023017 -0.051275 -0.047809 0.055859 -0.034677 -0.055699 -0.084680 0.114702 
-0.061161 0.070222 -0.006989 0.078847 -0.049224 -0.031745 -0.000517 0.048627 0.174058 -0.035574 -0.059508 0.113696 -0.113879 -0.083031 0.159849 0.062048 0.016035 -0.018029 0.056333 0.068868 0.083347 -0.032995 0.015955 0.029355 0.081398 0.065288 -0.100574 0.086615 -0.176771 0.014196 0.011264 -0.063430 
0.054331 0.181081 -0.099930 0.041242 -0.043199 -0.022997 0.178773 -0.139849 -0.218750 -0.095428 0.165483 -0.123552 -0.015073 0.112263 0.030014 -0.100177 -0.030991 0.064586 -0.061174 0.016064 0.028136 -0.072752 0.225866 0.021545 0.047214 -0.097085 0.000749 -0.065686 0.037466 0.141570 0.036292 -0.066361 
0.184423 -0.073026 0.046510 -0.113528 -0.079643 0.023929 -0.019774 0.032243 -0.083767 -0.096645 -0.042308 0.006195 -0.128185 -0.054099 -0.003828 0.058921 0.080616 0.022545 0.059132 0.002627 0.108529 -0.017383 0.014254 0.049801 0.126095 0.104417 0.005568 -0.066808 0.052008 -0.102856 0.049556 -0.083500 
-0.094398 0.045006 0.083766 -0.041915 -0.062741 0.133091 0.173523 -0.187027 -0.152156 -0.022053 -0.105549 -0.012270 -0.090923 -0.076013 -0.025630 -0.028625 0.136967 0.078533 0.174119 -0.021387 -0.100845 0.118114 -0.057508 0.005518 -0.106629 0.024148 0.089742 0.045320 0.115061 0.042865 0.064736 0.026872 
0.137945 0.078316 0.098680 -0.086294 -0.003624 0.034409 0.047705 -0.028352 0.000246 -0.040171 0.115347 0.015124 0.093177 -0.024046 -0.108646 0.072699 -0.089091 -0.168774 -0.012481 -0.017177 -0.017542 0.067884 0.122203 0.008899 -0.179807 -0.051188 0.079233 0.172405 0.109726 -0.050000 -0.140814 0.122095 
-0.071806 -0.117275 0.048805 0.044304 0.051737 -0.081051 -0.010485 -0.169418 0.030657 0.108224 -0.005833 -0.027074 0.020290 0.007339 -0.120336 0.006422 0.005528 0.025994 0.086945 -0.066595 0.074706 0.051478 0.064762 0.082221 -0.148835 -0.109356 0.112925 -0.135908 0.018677 -0.198098 0.130388 -0.049806 
0.081810 0.026962 -0.132526 0.001475 -0.022317 -0.061184 0.155021 0.018864 -0.028626 -0.096761 -0.091547 0.033318 0.103806 0.011633 -0.072315 0.117632 -0.021168 -0.079054 0.095769 -0.066755 0.145625 -0.059327 -0.098509 0.122472 -0.006938 0.082940 0.054837 -0.152330 0.088231 0.035658 0.007763 -0.247229 
-0.003168 0.083035 0.063456 0.108778 -0.039138 0.061205 -0.129107 -0.009898 -0.029702 -0.072826 -0.086721 0.233524 0.003856 -0.015688 0.089770 0.074688 0.096729 0.030739 0.091587 0.043157 0.100272 0.163846 -0.068486 0.004142 0.110493 0.006772 -0.093087 0.087541 -0.106929 -0.000353 0.120239 -0.006554 
0.117418 0.163422 0.118531 -0.083243 0.022304 0.168188 0.103887 0.023888 0.123837 -0.088271 0.050541 0.069381 -0.064310 -0.091134 -0.025410 -0.151561 0.014998 0.005198 0.179094 0.049506 -0.115714 0.103150 -0.093319 -0.040052 -0.098703 0.021749 0.196949 0.109843 0.063057 0.230581 -0.033179 0.089627 
0.031291 -0.056153 0.154004 -0.045403 -0.114372 0.154294 -0.086973 -0.153724 -0.028345 0.003781 0.127061 -0.077925 0.075852 0.025784 0.028652 0.062815 0.054883 -0.075388 -0.045885 0.108116 0.145545 -0.023052 0.069866 -0.086471 -0.175550 0.110339 0.084105 -0.131590 0.147615 -0.106874 0.012088 -0.017499 
0.142975 0.019058 -0.132641 -0.100233 0.055467 -0.058643 0.018163 0.116585 0.089895 -0.097355 0.032030 0.113077 -0.021437 0.043434 -0.008815 0.155120 0.005300 0.043567 0.027700 -0.046336 -0.085204 0.090540 0.067345 0.112557 -0.085179 -0.213483 0.022283 0.002156 0.013214 -0.046201 -0.141556 -0.129865 
0.000992 0.028154 -0.173163 0.061327 0.103168 -0.119320 0.010579 0.165422 0.031949 0.064336 -0.046144 -0.043401 0.036000 0.023979 0.104380 -0.080410 0.018859 0.060219 0.064507 -0.068211 -0.068660 0.145752 0.152609 0.109561 -0.028142 -0.018409 -0.124525 -0.022816 0.026998 0.040499 0.027074 0.151387 
0.132572 0.061040 -0.024569 0.016817 -0.097025 -0.122262 -0.045670 0.150370 0.069249 0.007177 0.159383 -0.063919 -0.009419 0.020821 0.038643 0.004865 -0.080047 -0.159749 0.038884 -0.012122 0.081128 0.058295 0.001574 0.202782 -0.111018 -0.151019 0.014262 -0.092845 0.077540 0.067092 -0.123868 -0.135318 
0.034875 -0.051189 0.000454 -0.061663 0.157927 0.039508 0.187319 -0.069587 -0.026895 0.019075 -0.043569 -0.017304 -0.096909 -0.061426 0.014581 -0.009488 0.078079 -0.028275 0.021730 -0.013040 0.094174 -0.026328 -0.086385 0.037183 0.104997 0.052493 -0.058861 -0.057674 -0.124036 0.113453 0.112824 0.046572 
0.018788 0.080721 -0.123072 -0.058765 0.001944 -0.134292 0.022535 0.158392 0.014238 -0.043024 0.128166 0.081702 0.057142 -0.068262 -0.128978 -0.068412 -0.065846 0.051540 0.078504 -0.062871 -0.095509 0.193230 0.180105 -0.004032 -0.008764 -0.013594 0.124672 0.145837 0.039211 0.027360 0.039953 -0.056890 
0.034140 0.015669 -0.095935 0.091705 0.012726 0.069999 0.013653 0.081227 0.037827 0.116239 -0.106957 -0.057653 -0.116781 -0.101904 0.061689 0.163671 0.109475 -0.194656 0.095936 -0.077597 -0.065758 0.083558 -0.050394 0.076499 0.092545 -0.068999 -0.077074 -0.069747 -0.163545 -0.077165 -0.029409 -0.032716 
0.098071 0.059652 -0.119314 0.034324 0.003853 0.090204 0.146220 -0.013720 -0.023184 0.023836 0.144339 0.048139 0.061419 0.079934 0.023412 0.086285 0.195807 -0.052220 0.069080 -0.043270 -0.059029 0.025108 0.094080 0.216667 -0.049834 -0.115091 -0.047319 0.100692 0.023120 0.089241 -0.050042 -0.090165 
-0.021486 -0.011787 0.030044 0.117523 -0.014575 0.004346 0.062427 -0.080180 -0.033637 -0.051362 0.129197 0.019215 -0.119712 0.000807 0.022076 -0.073120 0.171163 -0.082630 -0.122253 -0.021099 0.046871 0.006328 -0.111059 0.026007 0.138127 0.013035 -0.121581 -0.099522 -0.065858 0.100298 0.005036 0.052272 
0.117700 -0.050760 0.019717 0.006747 -0.028112 -0.067107 -0.054442 0.003980 0.059048 0.009483 0.073346 -0.008388 0.057506 0.046642 0.130463 0.040525 0.029545 -0.139899 0.022976 -0.053717 0.125771 0.087791 0.024662 0.152266 -0.005308 0.058342 -0.036604 0.010378 0.000614 0.019688 -0.015237 -0.066625 
0.055181 -0.153761 0.089916 -0.050773 -0.152833 -0.024126 -0.001512 -0.035993 0.097640 -0.086110 0.027573 -0.092009 0.110057 0.068313 -0.116367 0.106069 0.103763 -0.025474 0.086403 0.074860 0.113898 -0.001086 -0.029113 -0.082867 -0.030047 0.181086 0.051340 0.077908 0.006075 -0.184355 -0.036974 -0.097412 
-0.093896 -0.156360 0.103101 -0.045572 0.032254 0.084819 -0.035791 -0.185598 0.168893 0.153298 -0.067459 0.114441 0.145327 -0.066320 -0.052180 0.018670 -0.046841 -0.077424 -0.080805 -0.221248 0.025704 0.122816 -0.196514 -0.091421 -0.092547 0.073146 -0.070248 0.015888 -0.105110 -0.039790 -0.117678 0.057470 
0.209613 0.038313 0.016105 -0.031051 -0.101182 -0.107768 -0.043071 0.127913 0.012801 -0.098630 -0.060527 0.071039 0.096179 -0.000641 0.068540 0.125049 -0.211904 -0.109532 0.192681 -0.183202 0.061395 0.009693 -0.056280 0.004130 -0.077723 0.061041 0.064078 -0.019166 -0.085708 -0.091932 -0.044401 -0.007813 
0.165939 0.016458 0.072519 0.126765 -0.119571 -0.075722 0.042326 0.058781 -0.001508 -0.038455 -0.136025 0.025547 -0.053675 -0.123262 -0.002439 -0.034816 -0.272620 0.065824 0.098771 -0.132835 0.044446 0.182517 0.036939 0.083470 0.012490 -0.097264 0.000599 -0.078451 -0.040445 -0.073340 0.022026 -0.050704 
0.107539 -0.109827 -0.106395 0.084408 0.129303 -0.137573 0.037753 0.173946 -0.088484 -0.050272 0.079967 0.067620 0.004009 0.005200 -0.112284 0.077073 -0.021848 0.066516 0.050229 -0.074136 -0.020393 -0.073774 0.036792 -0.103591 0.016649 -0.157429 -0.094989 0.105473 0.051851 -0.019330 -0.051392 -0.125456 
-0.009710 0.070368 -0.091120 -0.037902 0.111583 -0.005044 0.089889 -0.007469 0.044799 0.089395 0.110506 0.031592 -0.023770 -0.138845 -0.105472 -0.008844 -0.009345 0.117640 -0.097850 -0.097252 0.014739 -0.014691 0.018519 -0.028306 -0.036968 -0.117356 0.031327 0.160985 0.129827 0.083011 -0.099973 0.111601 
-0.002791 -0.067804 0.004129 -0.084614 0.122999 -0.060027 0.020623 -0.030228 -0.127840 -0.088120 0.046475 0.019865 0.010539 0.072509 -0.075758 -0.154246 -0.039895 0.086417 0.015207 0.018932 0.037968 0.007199 -0.057366 0.094330 -0.095718 0.033742 0.147952 0.122236 -0.034314 -0.134452 0.020673 0.028443 
-0.087995 0.105395 0.090347 0.040326 0.055855 -0.051027 -0.016959 0.045490 -0.129279 0.064064 0.028698 -0.038820 0.073500 0.171537 0.050447 -0.098864 -0.019669 -0.016338 0.103475 -0.054039 0.094147 0.028323 -0.064669 -0.006463 -0.031199 -0.034807 0.125601 0.028209 -0.021484 -0.130971 -0.064714 -0.111704 
-0.154248 0.112010 -0.054655 0.012167 -0.082669 -0.008744 -0.084540 0.054858 -0.070919 0.119663 0.006436 0.102425 0.051547 -0.019959 -0.014482 -0.146625 -0.061793 -0.054570 -0.095221 -0.095359 -0.119193 -0.075531 -0.091061 -0.037507 0.062023 0.012796 -0.039571 -0.003951 0.119053 -0.055915 0.030103 0.058419 
-0.053599 0.057818 -0.092909 -0.066014 -0.079559 -0.022028 0.101033 -0.175461 -0.056021 0.077198 -0.199384 -0.088151 -0.047215 -0.091844 -0.173068 0.048270 0.051813 0.004045 0.123073 0.050996 0.058571 0.130780 -0.058030 -0.077354 -0.147460 -0.030098 -0.008018 -0.065976 -0.043804 -0.036489 -0.082784 0.081572 
-0.087359 -0.082240 -0.088790 -0.091944 0.120541 0.033768 0.020990 -0.072953 0.030658 0.048026 -0.125444 0.072288 -0.090993 0.065107 -0.042392 0.044496 0.135484 0.015267 0.013180 0.066720 0.170506 0.002931 -0.153969 -0.123665 0.044066 0.115570 -0.027355 -0.183850 -0.127787 0.045630 0.138688 -0.092521 
-0.158845 -0.007567 0.000222 0.079029 0.012199 -0.099316 -0.068324 -0.188241 0.030135 0.054108 -0.064453 0.012712 -0.099455 0.105533 0.075709 -0.045924 0.239954 -0.070561 -0.024827 0.115055 0.060666 -0.046272 -0.126627 0.011495 0.051655 0.198060 -0.020175 -0.054537 0.015889 0.002474 -0.044378 -0.057065 
0.049892 0.074295 -0.096477 0.193740 0.087382 -0.090999 0.022137 0.016386 -0.097692 0.048372 -0.041362 -0.037666 -0.035131 -0.147200 -0.049506 -0.025063 -0.024369 -0.014149 -0.074936 0.083690 0.016476 0.004868 0.148999 -0.018027 -0.028547 -0.093957 -0.113945 -0.153522 0.085597 -0.113253 0.167491 -0.097621 
0.229250 0.063732 -0.112507 0.068600 -0.096900 -0.033457 -0.056498 0.149603 -0.047312 -0.021855 -0.111725 -0.038735 -0.009746 -0.011575 0.079529 -0.045530 -0.195243 0.120115 0.033170 0.102893 -0.009706 0.128166 0.172595 0.166279 -0.068936 0.067018 0.150226 -0.100216 -0.156077 0.106400 0.020017 0.017815 
0.175130 0.023721 0.020072 -0.132225 -0.081723 -0.011958 -0.022624 0.098439 -0.037542 0.027365 0.098128 -0.213191 -0.033769 0.119537 -0.102501 -0.020669 -0.050129 0.000733 -0.083586 -0.103402 0.019851 -0.188105 -0.077226 -0.073123 -0.019246 0.146161 0.101561 -0.118570 0.032826 -0.031893 -0.053765 -0.099369 
0.090854 0.108791 -0.009304 0.096423 -0.055848 -0.192291 -0.103059 0.078411 0.024144 -0.036844 0.046805 0.059734 0.146182 -0.165375 -0.128289 0.034608 -0.145285 -0.051549 0.109908 0.065976 -0.071079 0.150401 0.061036 0.000238 0.131006 -0.157261 0.081641 -0.006106 0.072672 -0.070248 0.154285 -0.032108 
-0.086902 -0.037039 -0.114506 0.058044 -0.097446 -0.041488 -0.041706 -0.094020 0.007386 0.117874 0.165602 -0.058660 -0.195728 -0.033069 -0.004674 0.088774 0.158665 -0.185863 -0.088286 0.185128 0.163474 -0.148220 -0.027520 0.148615 -0.198962 0.051624 -0.125199 -0.003049 0.014118 -0.014421 -0.010471 -0.013372 
-0.041137 -0.007242 0.007353 -0.087170 -0.032084 0.030937 -0.142098 -0.121057 0.081801 -0.033873 0.011971 0.004451 -0.034151 0.130838 -0.027960 -0.126478 -0.113706 0.055214 -0.107463 0.137513 0.138976 -0.054475 -0.051372 0.057938 0.055251 0.007815 0.017271 -0.148935 -0.139886 0.160124 0.140081 0.071349 
-0.097411 -0.130404 0.097407 -0.054299 0.076373 -0.053646 -0.052494 -0.007786 -0.024828 -0.015602 0.098831 0.107215 -0.093718 -0.061629 0.147951 -0.094536 0.146570 0.081317 -0.171792 0.037017 -0.038293 -0.012831 -0.051364 0.011808 0.153979 -0.087514 0.020977 -0.128335 -0.043623 -0.011064 0.078090 0.053650 
0.037876 -0.030770 0.012343 0.000788 0.116397 -0.043743 0.056964 -0.119477 0.052777 0.110562 0.042637 0.090924 0.137445 -0.009327 0.055232 0.133898 0.062534 0.009342 -0.012113 0.029383 0.000980 0.156792 -0.093856 0.003840 0.118710 -0.055937 -0.050939 -0.040058 0.029343 -0.032827 -0.030922 0.118772 
-0.115786 0.020917 -0.064968 0.112411 -0.094747 -0.082157 -0.150376 0.046490 0.110254 0.158282 -0.007779 0.042277 0.056758 0.064037 0.003163 0.007297 -0.007032 -0.004674 -0.093016 -0.120411 0.025650 0.107121 0.035067 0.077547 -0.061498 -0.110063 0.082189 -0.105251 0.037941 0.007856 0.035375 0.013433 
0.325180 0.085776 -0.048854 -0.000311 0.105202 -0.039100 0.052125 0.116353 0.032041 -0.048326 0.012386 -0.115201 0.009267 0.042895 -0.011170 0.199063 -0.003452 -0.148548 0.165546 -0.003349 -0.072931 0.033423 0.035775 0.040157 -0.076713 -0.132209 0.044631 -0.064510 0.054685 -0.186708 0.057004 -0.085896 
-0.039061 0.052198 -0.079088 -0.120194 -0.154748 -0.006290 0.017630 0.132929 -0.123210 -0.121772 0.009513 -0.150470 0.078646 -0.016693 -0.148167 0.038498 -0.118055 0.057574 -0.052542 -0.007437 -0.032982 -0.062801 0.145894 0.043624 0.010859 -0.053664 0.159382 -0.115401 0.068609 -0.007906 0.094860 -0.090182 
0.004627 0.108165 0.102277 -0.087171 -0.082442 0.055722 -0.091508 0.041481 0.143516 -0.095986 -0.019755 0.105252 -0.097924 0.068679 0.054859 -0.015203 0.018531 0.076779 0.143006 0.121932 0.155070 0.005850 -0.084797 -0.002352 0.090502 -0.042265 -0.021528 -0.010835 0.023481 0.103514 -0.148169 -0.064611 
-0.055311 0.116649 -0.008381 -0.054605 -0.089369 -0.046946 0.020882 0.126679 -0.001362 -0.097556 -0.014482 -0.015562 -0.161447 0.157061 -0.079860 -0.001897 -0.075735 -0.051968 0.040993 0.047769 0.078480 -0.181497 0.098848 -0.097137 -0.005264 0.075474 0.067464 -0.094141 0.048076 0.055418 0.046965 -0.003775 
-0.093596 0.046612 -0.034649 0.109099 -0.239425 0.124091 -0.031572 -0.036822 -0.073877 0.003048 0.040953 -0.190829 -0.045907 0.111217 0.064424 -0.000839 0.058420 -0.113997 -0.182775 -0.050566 -0.016845 -0.152667 -0.005630 0.050013 -0.000565 -0.072618 0.142780 -0.050702 0.128135 -0.073464 0.018786 -0.039852 
0.250685 0.030498 -0.419536 0.286102 -0.078488 0.259742 0.201910 0.300138 -0.175261 0.337384 0.048952 -0.151944 0.133670 0.292079 -0.297709 -0.117755 
0.001230 -0.104112 -0.062516 0.122895 -0.211985 -0.164291 -0.122884 0.179585 -0.129716 -0.160138 -0.054563 -0.281300 0.074478 0.085010 0.078860 -0.084144 
0.150602 0.022172 0.203986 0.066653 0.059940 -0.248777 -0.080063 0.071246 -0.320717 0.071926 0.130209 0.120274 -0.029094 -0.286207 0.052548 0.275042 
-0.233175 0.055276 -0.033370 0.176930 -0.040588 -0.038481 -0.066642 0.176533 0.259947 -0.110067 -0.278445 -0.070967 -0.100682 0.132321 0.200208 -0.163890 
-0.235140 -0.140158 -0.274557 -0.248029 -0.135312 0.184858 0.310476 -0.191119 -0.043227 0.136663 0.239812 0.143189 -0.207005 0.085347 -0.162383 -0.195190 
0.045084 -0.156935 0.164029 -0.122055 0.182451 -0.203739 -0.109633 -0.063592 0.011274 0.081282 0.040909 0.141733 0.043758 -0.331438 -0.128876 0.185524 
0.156296 -0.098977 -0.355646 -0.031937 -0.251452 -0.076736 0.283128 -0.021483 -0.164648 0.129905 0.140546 -0.178514 0.002106 -0.147565 -0.155169 -0.184354 
0.048690 -0.079220 -0.386907 0.045965 -0.354395 -0.044573 0.058415 0.334536 -0.044974 -0.199846 0.020536 -0.168596 -0.030914 0.340115 0.026263 -0.162692 
-0.158859 0.224984 0.260771 0.059643 0.271730 0.121529 0.055225 0.243397 0.208259 0.013944 -0.075245 -0.025814 0.032859 0.000578 -0.123272 -0.136340 
-0.243307 0.061605 0.065403 0.110526 0.034338 0.048015 0.101301 -0.198239 0.195017 -0.095098 -0.189821 0.163241 -0.123854 0.215736 0.023126 -0.115794 
0.183362 -0.167334 -0.022444 -0.005569 -0.358118 -0.242282 0.153597 0.193520 0.128415 0.020119 -0.047432 0.072452 -0.254578 -0.107118 0.031169 0.179094 
-0.121450 0.046925 0.232483 -0.195554 0.255540 -0.060879 -0.067811 0.086805 0.244201 -0.039423 0.222696 -0.276342 -0.158256 -0.182378 -0.150409 -0.234799 
0.064254 0.270084 0.032807 0.138564 -0.160327 -0.040701 -0.048633 -0.007785 -0.096021 -0.040090 0.083083 0.138443 -0.056480 0.125206 -0.242801 -0.061409 
0.193900 -0.178747 0.041743 -0.034375 -0.091823 0.119720 -0.023574 -0.195077 -0.154850 0.185305 -0.192467 0.034983 -0.122431 -0.150392 0.081803 0.285635 
-0.172523 -0.145945 0.233595 -0.044366 -0.047257 -0.040046 0.174431 0.004483 0.317816 0.069659 0.080260 -0.176221 0.075400 -0.178819 0.073631 0.156802 
-0.027880 -0.034602 0.041245 0.124219 0.232731 0.126894 0.172974 0.236463 0.203825 0.235414 -0.117426 0.145434 0.123613 0.038845 -0.303415 -0.052127 
-0.165512 -0.256579 0.231441 -0.136448 0.030306 0.004046 0.410674 -0.234124 0.207284 0.267957 0.069258 0.174052 -0.166687 -0.405785 0.024027 -0.052516 
-0.027869 -0.024483 -0.309552 -0.328936 -0.112547 0.154062 -0.144406 -0.174864 -0.193754 -0.126903 0.269527 -0.208541 -0.079070 -0.057571 0.045129 0.015742 
0.204698 0.037638 -0.075638 0.175558 0.379295 -0.060638 -0.153309 0.228810 -0.281371 0.216648 0.154964 -0.402181 0.297776 0.033001 -0.127223 -0.210033 
-0.069201 -0.143577 -0.059403 0.014964 -0.006133 -0.063066 0.045857 -0.025138 0.062528 0.139241 -0.078318 -0.178810 0.101649 -0.219986 0.176404 0.296955 
-0.064667 -0.147319 0.120041 0.062156 0.080948 0.197507 -0.037211 -0.096990 0.099106 0.285611 -0.141128 -0.106093 0.178939 0.087986 0.072862 0.116135 
0.096790 0.251566 0.102639 0.062411 0.082582 -0.214206 -0.193594 0.273323 0.046617 0.088798 0.316549 -0.274836 -0.111305 0.132590 -0.159472 -0.258326 
0.201635 -0.068883 -0.213111 0.046744 -0.336376 -0.135680 0.036525 0.215171 -0.059567 -0.008501 -0.121965 0.012468 0.051964 0.141409 0.034450 -0.110373 
0.053029 -0.174957 0.059425 0.199322 -0.189952 -0.206012 0.104756 0.242724 0.324250 0.036996 -0.121377 -0.328437 -0.087222 0.110000 0.064273 -0.177102 
-0.337718 0.042927 -0.065239 -0.305272 0.059552 0.401028 0.213718 -0.292770 0.024696 -0.144067 -0.157945 0.010389 -0.065934 0.225734 0.259181 -0.056203 
-0.061614 -0.048982 0.380244 -0.020736 0.300295 0.224762 0.130891 -0.126986 0.005842 0.096334 0.047419 -0.014673 0.187628 -0.102942 0.149495 0.168606 
0.319605 0.048630 -0.216294 0.156043 -0.141770 -0.165527 -0.244329 0.178548 -0.118477 -0.067834 -0.070913 0.083250 0.167066 0.168838 0.096508 0.159737 
0.099480 0.113990 0.097408 -0.173798 0.044799 -0.199507 -0.042696 0.173588 -0.029584 -0.160348 0.210626 -0.048464 -0.072767 -0.105756 -0.198305 0.004661 
0.212285 -0.073442 -0.077694 0.013832 -0.300397 -0.101191 -0.123459 0.106254 0.075415 -0.118143 -0.068502 0.219026 -0.117085 -0.126839 -0.039402 0.109206 
0.115122 -0.254180 0.084599 -0.136737 -0.061048 -0.062305 -0.098449 0.059717 0.048399 -0.003158 0.257710 -0.323533 -0.105141 -0.143313 0.232992 -0.236666 
-0.183972 0.066908 -0.069661 0.026662 -0.051523 0.185941 -0.072827 -0.268477 -0.009318 -0.003156 -0.222413 -0.096166 0.178852 0.236305 0.293319 0.016145 
0.111674 0.251626 0.422376 -0.117912 0.216125 -0.207654 -0.281891 -0.033352 0.132772 -0.222895 0.202418 -0.159101 -0.102976 0.038123 -0.042346 -0.090494 
-0.103786 0.001223 -0.099349 -0.003847 0.115608 0.098892 -0.018667 -0.413128 0.127275 0.268659 0.018409 0.292640 0.000622 -0.145389 0.021458 -0.129222 -0.162597 -0.131163 0.143001 0.330870 0.017165 0.193519 -0.378110 -0.217827 -0.083852 -0.153062 -0.055172 0.363798 0.428440 0.164037 -0.085326 -0.049207 0.107208 0.136006 0.028561 0.088234 0.198989 0.085732 -0.095772 0.269793 -0.060358 0.030976 0.002215 -0.015181 -0.143527 0.179436 0.130876 
0.112052 -0.084637 -0.072054 -0.110802 0.341065 -0.174978 -0.070798 -0.300757 -0.279659 0.182609 0.066901 -0.358310 0.084331 -0.426880 0.031430 0.107212 0.331176 0.321296 -0.146449 -0.351254 0.130482 0.328083 -0.036264 0.027249 0.125632 -0.140605 -0.256865 -0.211899 0.169795 -0.330558 -0.218783 -0.224054 -0.015695 0.047087 -0.022599 -0.053788 0.112116 0.169558 -0.104348 0.083811 0.141148 0.091025 -0.006787 -0.081674 0.034970 0.072567 0.143411 
-0.100819 0.175878 -0.360281 0.058519 -0.281805 -0.543241 -0.030104 0.525712 0.422166 0.154683 -0.336342 -0.481873 0.119435 -0.453325 -0.271240 0.384076 -0.021486 0.167229 -0.317660 -0.230035 -0.106934 -0.241939 0.371678 0.291208 0.392282 0.130245 -0.047013 0.285500 -0.235281 -0.414449 0.184846 -0.458888 0.071403 0.056533 0.008147 0.161711 -0.048919 0.065273 0.017688 0.046784 0.078005 0.207806 0.123693 -0.035416 -0.268420 -0.083048 0.140533 
0.185156 0.237243 -0.295302 -0.453949 -0.051906 -0.113028 0.163801 -0.309095 -0.328672 0.010683 0.155721 0.276538 0.418146 0.409730 0.058505 0.080589 -0.101741 -0.321842 0.207827 -0.186399 -0.104174 -0.034756 -0.162787 -0.308974 0.018424 -0.254939 -0.265664 0.025624 -0.211576 -0.293755 -0.045691 0.006450 -0.163380 0.033190 0.082756 0.083677 -0.012746 0.104861 -0.022367 0.012182 -0.047802 -0.108004 -0.083750 0.103482 0.102349 0.048669 0.190721 
-0.182518 0.321260 -0.039322 0.050345 -0.301147 -0.262461 0.351850 0.084062 0.234912 0.250219 -0.107680 -0.355355 -0.239209 -0.071790 0.067135 0.146133 0.175894 0.073145 -0.433859 -0.316633 -0.233216 0.033462 0.354166 0.228277 0.292710 -0.263791 -0.099932 0.178850 -0.394867 -0.392394 0.124695 -0.300238 -0.034556 -0.079719 -0.132516 -0.018203 -0.120527 0.019703 0.109884 -0.319565 0.088827 0.098023 -0.149855 0.161471 -0.162911 0.026157 -0.063897 
0.185225 -0.213040 0.071609 -0.203070 -0.093565 -0.005415 0.399927 0.336823 -0.067769 -0.462865 -0.147799 0.168317 -0.553764 0.359620 0.076985 -0.197224 0.177630 0.346586 -0.226234 -0.337552 -0.113711 -0.033056 0.433193 0.160466 0.103417 -0.141526 0.079621 -0.510659 -0.118064 0.044026 0.009362 -0.296272 0.107705 -0.012390 -0.219142 -0.065676 -0.073756 -0.188008 -0.030515 -0.097266 -0.132898 0.108131 0.016884 -0.014667 0.019028 -0.127384 0.037660 
0.265335 -0.357419 -0.010870 0.322124 -0.333063 0.052102 0.456609 0.191255 -0.121977 -0.483709 -0.001083 -0.094150 -0.266616 0.586876 0.216196 -0.070296 -0.075675 -0.142117 0.274892 0.036318 0.144988 -0.206096 0.347700 0.265521 0.193454 0.089229 0.016882 0.019403 0.145204 0.098421 0.193137 0.072349 0.096122 0.159566 -0.122375 -0.098729 -0.095495 -0.081444 0.205923 -0.039253 -0.099292 -0.049710 0.094752 0.073357 0.014261 -0.023455 -0.030199 
0.471758 0.075317 -0.097279 -0.017592 0.245255 0.015009 -0.129192 -0.349293 -0.416272 0.401183 0.348977 0.274587 0.295362 -0.127097 0.061157 -0.234507 -0.181440 -0.005058 0.308442 -0.165847 -0.079588 -0.043857 -0.574500 -0.000496 -0.125581 -0.127142 0.150381 0.290233 0.067298 -0.179626 0.248844 0.156959 -0.206390 -0.129052 0.017056 0.060923 0.188428 0.209333 0.044128 0.161624 0.117543 -0.082258 0.219382 0.055890 -0.115056 0.225267 0.224649 
-0.006537 -0.214974 -0.050929 0.139261 -0.253022 -0.560359 0.024955 0.428729 0.321911 -0.249738 0.047561 -0.358356 0.362291 -0.009370 -0.412390 0.242523 0.015999 -0.222036 0.251644 -0.181404 0.175147 -0.092075 -0.011447 0.319254 0.157054 0.229708 0.150220 0.387820 -0.417016 -0.363811 0.413980 0.038502 0.002924 -0.075257 -0.097358 0.046739 -0.064428 -0.087182 -0.088489 0.069543 0.083144 0.132655 0.143087 0.102581 -0.059315 0.113829 -0.100133 
0.061954 -0.184899 0.317793 -0.173703 -0.559943 0.040202 0.477758 -0.410799 0.318845 0.065516 0.138131 0.282900 0.176881 0.367105 0.223096 -0.117622 -0.339272 -0.091125 0.117191 -0.029956 -0.261712 -0.028834 0.176226 0.131719 0.171611 0.101800 -0.048390 0.192270 -0.011115 -0.085930 0.106387 -0.217197 0.162492 0.112513 -0.118391 0.148870 -0.154130 -0.187236 0.034476 -0.049372 -0.062429 -0.035802 0.079882 0.047588 -0.018330 -0.029723 -0.158203 
-0.044473 -0.314482 0.489723 0.424754 -0.226621 0.162525 0.317360 -0.511020 -0.071521 0.259346 0.167066 0.113522 -0.217942 -0.649273 -0.015245 -0.216859 0.042392 0.446288 -0.147696 0.171358 0.241727 0.118786 -0.219801 0.291975 -0.401133 0.066895 0.233718 0.688171 -0.051870 0.147608 0.363489 0.200128 0.032397 -0.010486 0.179006 -0.140174 0.162903 -0.055801 -0.108005 -0.084977 -0.065400 0.098150 0.018897 -0.049444 -0.104271 0.126267 -0.049657 
-0.224976 -0.001544 0.052346 0.380766 -0.095265 -0.292487 -0.115516 0.011047 0.094743 0.026826 -0.073880 -0.250721 -0.056853 0.231885 -0.084841 0.465965 0.033174 -0.353234 0.161582 0.006395 -0.064690 0.246125 0.194897 -0.359350 0.424614 -0.045987 -0.303438 -0.493434 0.458132 0.039916 -0.147147 0.040202 0.018208 0.172797 -0.109422 0.107530 -0.037033 -0.187175 -0.167896 0.107983 -0.069136 -0.028785 0.250398 -0.157740 0.028770 -0.178445 -0.290508 
-0.172641 0.333812 -0.013716 -0.189304 -0.194263 0.103827 0.022480 -0.193301 -0.034171 0.136689 0.037371 0.189414 0.102137 0.350856 0.255009 -0.413711 0.150154 -0.139124 -0.241716 -0.019029 -0.157521 -0.139890 0.141098 0.016292 0.133047 -0.271770 -0.222354 0.170215 -0.111839 -0.271729 -0.343537 -0.184351 -0.080784 0.049960 -0.124607 -0.034131 -0.051979 0.043387 0.065762 0.076600 -0.078532 0.020291 -0.088132 0.020285 -0.113811 0.053216 0.103668 
0.669575 -0.218814 -0.366293 -0.217923 0.419623 -0.030967 -0.303475 -0.236417 -0.531285 -0.102950 0.166830 -0.234389 0.146554 0.229001 -0.273892 -0.687878 0.383468 0.229004 -0.205847 -0.274776 0.262090 0.160531 -0.015043 -0.100626 -0.025657 -0.150077 0.147176 -0.022360 -0.201398 -0.222847 -0.082505 -0.115395 0.029790 -0.023489 -0.083132 0.035654 0.052370 -0.020407 0.140841 -0.057703 -0.109906 0.004450 -0.242024 0.167422 -0.029834 -0.045435 0.109008 
-0.385334 0.293752 -0.403520 -0.290074 0.030830 0.091412 -0.261520 0.512143 0.028725 -0.030016 -0.276857 0.217123 -0.142964 0.159726 -0.217606 0.012333 -0.162973 -0.006058 -0.133915 0.135451 0.022155 -0.255853 0.182259 0.158815 0.153898 -0.076405 0.180191 -0.118226 -0.203685 0.235729 -0.187033 -0.040440 0.133500 0.009956 0.039244 -0.034499 0.004339 -0.224022 -0.165679 0.081464 0.017732 0.005241 0.056852 -0.174971 -0.176699 0.016178 -0.188653 
-0.451068 0.498925 -0.037053 -0.144187 -0.018134 0.196337 0.032990 -0.109357 0.187318 0.271189 -0.005053 0.173903 -0.179461 0.209572 -0.218769 0.498870 -0.003215 -0.214980 -0.011615 -0.156291 -0.211426 0.015731 -0.130649 0.055060 -0.018203 0.360918 -0.047033 -0.356324 0.330970 0.266114 -0.158346 -0.274094 0.114345 0.173432 0.036383 -0.109477 0.092729 0.083889 -0.084218 0.029842 0.089331 -0.064463 0.214041 -0.320072 -0.147154 -0.129097 -0.279068 
0.173069 -0.083402 0.105053 -0.214910 0.149868 -0.113832 0.170027 -0.097436 0.078386 -0.267067 0.223813 0.107238 -0.178053 0.149849 -0.193492 -0.045076 0.113545 -0.273040 0.019429 0.071912 0.041085 -0.105924 -0.138270 0.109934 -0.071626 0.148413 0.323636 -0.372879 0.094775 0.436429 0.004627 0.101410 -0.107339 -0.179136 0.025642 -0.176306 -0.140895 0.165969 -0.115284 -0.201826 -0.222569 -0.132266 0.154511 -0.117033 -0.174715 -0.090147 -0.077419 0.112141 -0.191797 -0.084758 0.134540 -0.145240 -0.024829 0.055053 0.240982 0.320231 -0.089445 0.155727 -0.099558 0.042804 0.310779 0.095352 -0.108958 -0.331696 
0.009051 0.191579 -0.153464 0.248058 0.158806 0.120846 -0.238067 -0.015446 -0.054678 0.223666 -0.122504 0.110299 -0.089591 0.219448 -0.113245 -0.143401 -0.366798 -0.043915 0.008884 0.095509 0.230182 -0.105998 -0.089345 -0.078672 -0.034003 -0.181533 0.155290 0.283956 0.066036 -0.137234 -0.218224 0.043272 -0.027928 -0.075377 0.056539 -0.079917 -0.089223 -0.015118 -0.239926 -0.062750 0.015443 0.058925 0.076983 -0.131282 0.119959 -0.032620 0.181587 0.092437 -0.102285 -0.236928 -0.138058 -0.178877 -0.118270 -0.039024 -0.110444 -0.101513 0.096214 -0.145454 -0.122808 0.078988 0.046911 -0.154035 0.005395 0.083778 
0.099195 0.119879 0.255607 0.183967 -0.228188 -0.088046 -0.153795 -0.006145 0.030922 -0.073133 -0.075181 -0.133624 0.009152 0.142693 0.310212 0.004451 0.202889 -0.171671 0.122546 -0.156562 -0.124467 -0.033118 0.011280 -0.121703 -0.069762 0.200982 -0.182592 0.203421 -0.048351 -0.096378 0.097334 -0.123311 -0.163482 0.080825 -0.207921 -0.112310 0.116458 0.022036 0.311439 0.007104 0.012423 0.250613 0.129163 0.221437 0.071174 0.051759 -0.047904 -0.078700 0.167333 0.024814 -0.013910 0.004121 0.209487 -0.142077 0.052975 -0.206881 -0.192831 0.072837 0.311897 0.073604 -0.269367 0.117111 0.056584 0.012975 
-0.097173 0.094607 0.111916 0.126232 -0.240185 0.007700 -0.146112 0.051915 -0.068494 -0.118261 0.079517 -0.250686 0.189650 -0.055683 0.095289 0.072786 0.278862 -0.111008 -0.245096 -0.033608 -0.187628 0.105357 0.106635 -0.041798 -0.165004 0.178843 -0.024344 0.016118 -0.158717 -0.131325 0.085782 -0.109640 -0.261913 -0.200034 -0.191940 -0.169778 -0.028616 0.142685 0.343299 0.028260 0.121991 0.134303 0.058827 0.206188 0.075109 -0.128278 -0.021333 0.091682 0.011020 0.019424 -0.037419 0.242796 -0.019125 0.236143 -0.163735 -0.014446 0.041882 0.030863 0.189432 0.214671 -0.215663 -0.061517 -0.135481 -0.054602 
0.030009 -0.086005 -0.037961 0.085115 -0.099378 -0.068472 0.001489 0.196721 0.240966 -0.167216 -0.015885 0.016271 -0.029681 -0.231111 -0.230481 0.192304 -0.007573 0.074104 -0.022322 0.181002 0.208326 -0.025538 -0.100653 0.036064 -0.081783 -0.127345 -0.105175 -0.076434 0.036262 0.081545 0.122891 0.226267 -0.137979 -0.188207 0.052959 -0.085947 0.008881 0.081644 -0.346143 -0.000676 0.180635 0.057689 -0.131803 -0.051113 0.109169 0.207083 -0.078379 0.187230 -0.086255 0.080126 0.061187 -0.251570 -0.221771 0.118131 0.097630 0.248206 0.270707 0.239669 -0.181422 -0.156417 0.193877 -0.233362 -0.206363 -0.068883 
-0.066273 0.051588 0.171199 0.127667 0.016619 -0.251481 -0.063564 -0.056198 0.061438 0.075598 0.093898 0.042554 -0.086216 0.008683 -0.051495 0.118610 -0.028311 0.099740 0.097519 0.015633 0.129026 -0.030915 -0.100847 -0.016738 -0.010139 -0.026577 -0.150343 -0.225996 0.156639 -0.085108 0.212938 0.232742 0.151020 0.150440 0.029070 -0.214846 0.209206 0.008543 -0.158404 0.150846 -0.284066 0.237412 -0.031918 -0.098292 0.079964 0.043320 0.041261 -0.236446 0.089213 0.086802 0.107748 -0.255659 -0.095063 -0.239304 0.177784 0.025874 0.176223 0.308096 0.057360 0.047666 -0.131786 0.023439 -0.029346 0.042961 
-0.123391 0.165303 0.185987 -0.021174 -0.116416 -0.158220 0.074483 0.024847 -0.237376 -0.102521 0.223874 0.076098 0.080816 0.252295 0.301163 -0.255407 0.009542 0.044457 0.016747 0.023710 -0.047766 -0.047291 -0.140213 -0.099665 -0.058413 0.131662 0.200841 -0.098044 -0.128176 -0.076895 0.158760 0.009880 0.059367 0.141631 -0.030775 -0.130472 0.055642 -0.006437 0.261599 0.048998 -0.135541 0.138229 0.016858 0.074589 0.052842 -0.048447 -0.260237 -0.247004 -0.100813 -0.074479 -0.011667 0.189896 0.188480 -0.029515 0.027884 0.029751 -0.123704 -0.070093 0.287179 0.147662 -0.124166 0.142298 -0.083277 0.227958 
-0.074227 -0.003073 -0.237954 -0.357613 0.233845 -0.089108 0.227426 -0.247552 -0.132960 -0.103518 -0.250322 0.125906 -0.059738 -0.367953 0.141456 0.203942 0.052924 -0.125557 0.044832 -0.188251 0.168443 -0.116257 0.229254 0.009457 -0.117123 0.041221 -0.191188 0.012601 0.078215 -0.235748 -0.064005 -0.436132 0.158127 0.114893 -0.114125 0.110655 0.099078 -0.241131 0.181607 0.195488 -0.007988 -0.053407 0.091369 -0.082635 -0.004934 -0.154190 0.258567 -0.139939 0.076071 0.083662 -0.145846 0.091084 -0.056614 0.334875 -0.206663 -0.012784 0.084376 -0.201554 -0.223056 -0.201482 -0.192780 0.040806 -0.192535 0.299910 
-0.061856 0.038427 -0.029793 -0.046788 -0.062665 -0.023900 -0.211527 0.081142 0.125069 0.236478 0.100898 0.096216 -0.077096 0.103528 0.286054 0.104852 -0.032838 -0.044646 -0.055644 0.099197 -0.182456 0.091942 0.097762 0.080180 0.004782 0.051040 0.039064 0.363422 -0.060495 -0.318854 0.061514 -0.322617 0.077514 -0.018331 -0.061172 -0.114699 0.100235 0.118310 0.331623 0.062874 0.153198 0.186418 -0.085625 -0.118701 0.084486 -0.225731 0.200766 0.097424 0.017726 -0.116771 0.049913 0.079523 0.157243 0.045668 -0.261713 -0.267597 -0.114475 -0.271083 -0.125083 0.213927 -0.308691 0.127859 0.201916 0.326878 
-0.032650 -0.010262 -0.118800 0.318076 -0.153376 0.296932 -0.300092 0.295772 0.104538 0.162536 -0.145338 -0.098927 0.273939 0.255824 -0.110652 -0.156059 -0.162965 0.004658 0.053353 0.173873 0.088234 0.008331 -0.148673 0.194325 0.083952 -0.047921 -0.082203 0.354720 -0.126933 -0.079284 0.001213 0.128445 -0.155875 0.065154 0.072547 -0.066251 0.182261 0.267314 -0.091441 -0.047968 0.164996 0.129760 0.098451 0.058955 -0.016972 -0.053746 0.127989 0.070694 -0.115739 -0.088511 -0.064790 0.060692 0.241390 -0.006714 -0.010802 -0.048665 -0.165721 -0.146398 0.045589 -0.045148 0.080669 -0.162464 -0.149322 0.194915 
-0.105861 -0.003403 -0.022273 0.174721 0.004159 0.048971 -0.003414 -0.032905 -0.138621 -0.099557 0.195506 -0.075841 0.019442 0.185905 0.004986 0.041622 -0.094115 -0.154730 -0.020565 -0.109053 0.048218 0.110827 0.021546 0.054945 -0.086246 -0.028532 -0.079877 -0.228018 0.019481 -0.036492 -0.153687 0.169293 0.004842 -0.063694 0.039835 -0.135713 -0.145647 -0.121675 -0.083961 -0.179994 -0.076006 -0.017416 -0.058724 0.076646 -0.070795 -0.148684 -0.094054 0.000719 -0.172974 0.105115 0.118476 0.054760 0.090721 -0.090184 -0.030875 0.184767 0.078957 0.026808 0.194371 -0.016102 0.109336 0.210877 -0.115593 -0.200180 
-0.065787 0.132289 -0.023577 0.045917 0.170468 0.070464 -0.060138 -0.055016 -0.055993 0.202860 0.224504 0.108867 0.240879 -0.024665 -0.147902 0.193867 -0.152263 0.191557 0.082828 0.040967 0.051565 0.117953 -0.015920 -0.134537 0.076777 -0.041608 0.073769 -0.160969 0.103708 0.134892 -0.046635 0.348823 0.050773 0.063472 -0.059462 -0.181891 0.155076 0.043239 -0.200651 0.195032 -0.173615 0.038538 0.074099 -0.085936 0.059625 0.023503 -0.193798 -0.052316 0.182727 0.093638 0.164218 -0.270826 0.120057 -0.247913 -0.034503 -0.172100 -0.039017 0.304506 -0.049696 0.294060 0.135802 0.002080 0.281295 -0.242891 
-0.167080 -0.247684 -0.135090 0.028020 0.293984 0.210080 0.008078 0.028534 -0.114792 -0.176319 0.096728 0.145591 -0.139623 0.202943 -0.146271 0.141483 0.077854 -0.062359 0.177767 -0.098773 0.140821 -0.199082 -0.132198 0.195715 0.067395 0.069115 0.008307 0.121225 -0.179340 0.056573 -0.352533 -0.140713 0.045776 -0.070217 0.216787 0.135452 -0.018374 0.025163 -0.283539 -0.229688 0.119087 0.076789 0.202586 0.139811 0.098729 -0.118262 0.005288 0.024120 -0.111063 0.026412 0.189173 0.195765 0.064080 -0.082990 -0.072498 -0.173370 -0.233937 -0.166325 0.129225 -0.235028 0.143525 -0.096945 -0.127952 -0.150755 
-0.170907 0.038429 -0.202039 -0.099135 0.172752 -0.426764 0.551597 -0.128378 -0.270066 0.239906 0.053472 0.021655 -0.293884 -0.215745 0.066675 -0.001286 -0.152753 -0.035611 -0.112527 -0.028011 0.121993 -0.055993 -0.079701 -0.369874 -0.022919 -0.256882 0.265938 -0.187529 -0.034474 0.141573 0.131517 0.096238 0.275676 0.232067 -0.099305 0.172990 -0.239366 -0.339103 -0.103198 0.067217 -0.199611 -0.221451 -0.062448 -0.071208 0.296098 -0.302488 -0.181741 -0.323484 0.127984 -0.040607 0.077760 0.001645 -0.062405 -0.294835 -0.040207 -0.206946 -0.120541 0.248385 -0.096989 0.285211 0.025187 0.475272 0.333161 -0.089123 
0.050821 0.124721 0.047279 0.169144 -0.094713 0.005218 -0.059553 -0.082916 -0.120325 0.054786 0.223847 -0.111763 0.024593 0.165628 0.115413 -0.149216 0.026102 -0.125387 0.095231 -0.105168 -0.083315 -0.109826 -0.120617 -0.045252 -0.043167 0.067474 -0.038110 0.016584 0.128909 0.172529 -0.040599 0.057361 0.090930 0.149507 -0.111442 0.134632 -0.019994 -0.113079 -0.105824 0.082763 0.001241 -0.136511 -0.079135 -0.033650 0.182776 0.050276 -0.155979 -0.147741 0.176460 -0.059506 0.048500 -0.148612 0.081399 -0.256659 0.200614 0.054365 0.079574 0.009506 0.090267 0.031726 0.145724 0.189578 0.147969 -0.020092 
-0.115723 0.130233 -0.085108 -0.016517 -0.146609 0.104675 -0.179228 -0.183166 0.063542 0.034095 -0.096466 0.052666 -0.250457 0.051583 -0.050176 0.113895 -0.165003 0.263802 -0.244025 0.053872 -0.070138 0.248457 -0.055451 0.224997 -0.209607 -0.045750 -0.209605 0.476078 -0.150927 -0.383686 -0.079743 -0.123697 -0.133968 0.048016 -0.084789 0.068508 0.008680 0.014574 0.096063 -0.097688 0.349721 0.060360 -0.172324 0.305364 0.180807 -0.111241 0.265212 0.179830 -0.066987 -0.193908 -0.098216 0.062748 -0.168054 0.182307 -0.169784 -0.238918 -0.116728 0.040084 -0.175757 0.057578 -0.360478 -0.016505 -0.037211 0.033886 
-0.014764 -0.002497 0.038511 0.085637 -0.120853 0.110846 -0.051359 -0.155939 0.032568 -0.139737 -0.139628 -0.126795 -0.091213 -0.183616 -0.125418 0.033055 -0.114829 -0.103265 -0.122768 0.043768 -0.156493 -0.030145 0.061786 -0.074082 -0.137820 0.101309 0.157169 -0.161100 -0.011637 -0.052280 -0.027513 0.029209 0.157967 0.192181 0.031286 -0.040405 0.041805 -0.006092 -0.040500 0.019681 0.145116 -0.103374 0.099711 -0.089310 0.003923 0.241613 -0.164154 0.129998 -0.134593 -0.087713 -0.246143 -0.105202 -0.023640 0.129931 0.126306 0.165551 -0.047860 0.044147 -0.173603 -0.114438 0.113913 0.004181 -0.182107 0.205450 
0.035982 0.049558 0.206864 -0.049811 -0.150501 -0.008051 -0.013657 -0.137109 0.089632 -0.039234 -0.107279 -0.200349 0.007929 -0.026138 0.262404 0.044098 0.039125 -0.205735 0.257339 -0.040744 0.023222 0.007658 0.238260 -0.168628 -0.148729 0.300680 -0.061102 -0.226311 0.105327 0.072468 0.169627 0.114428 -0.021530 0.228430 -0.124946 0.018755 -0.126666 0.132270 0.131468 0.161926 -0.062007 0.263043 0.155736 -0.050275 -0.156500 0.327758 -0.064641 0.175169 -0.191163 -0.016675 -0.018682 0.043124 0.186181 0.224346 0.242942 -0.111062 0.189792 -0.086319 -0.128501 -0.195213 -0.208062 -0.244316 -0.254620 0.115620 
0.100499 -0.174666 0.104373 -0.202829 0.215184 -0.028987 0.144904 -0.129915 -0.024791 0.112311 0.204516 0.125114 0.067436 -0.145957 -0.021997 0.200426 0.079967 0.129282 -0.074344 -0.206722 0.097089 -0.016322 -0.171970 0.041291 0.131925 -0.028225 0.097059 0.161483 -0.058988 -0.153416 -0.125667 -0.041591 -0.168633 -0.242122 -0.027146 -0.160596 0.068401 -0.065673 -0.112833 -0.221379 -0.149519 -0.184954 0.178424 0.320766 -0.063062 -0.112200 0.040346 0.019928 -0.003980 -0.017417 0.320375 0.216348 0.127912 -0.161930 -0.114644 0.078801 0.062257 0.014400 0.073317 0.008788 -0.024984 0.223656 0.078976 -0.155224 
0.120788 -0.106972 0.033003 -0.017148 0.053904 0.157170 -0.101999 0.045613 0.138021 0.067366 0.122679 -0.123293 -0.096196 -0.101940 0.143914 0.104006 0.248844 0.161882 -0.083739 -0.020189 -0.051348 0.148204 -0.023518 0.153917 -0.073045 -0.164291 -0.266751 0.134903 0.213892 -0.025321 -0.127413 0.085602 0.182347 0.096060 -0.069293 -0.075748 0.203042 0.086589 -0.119426 0.117892 -0.138472 0.198055 0.213859 0.081248 -0.106141 -0.011681 0.039723 -0.212472 0.152940 -0.070978 0.188665 0.052140 -0.074286 -0.059726 -0.020654 -0.169928 0.110701 0.146313 0.186480 0.126000 -0.108239 -0.092678 0.030388 -0.012905 
0.169370 0.060289 0.074523 -0.059140 0.070908 0.129475 -0.030213 0.113615 0.063035 -0.151310 -0.102697 0.038697 -0.171950 -0.240773 0.108288 0.121567 -0.020455 0.028058 -0.058808 -0.105351 -0.111782 -0.142184 0.067456 0.134068 0.016366 0.070082 -0.049497 -0.155984 0.067693 0.138455 0.071463 -0.073762 0.065266 -0.053102 -0.153543 -0.032891 -0.107460 -0.027386 0.012506 0.137823 0.081124 0.025377 0.032418 0.146291 -0.047967 -0.010574 -0.002439 0.119215 -0.114662 0.176090 0.144681 -0.023937 0.102018 0.084506 -0.087468 0.112450 0.205553 0.019561 0.110161 -0.049716 0.010293 0.034023 0.064172 -0.013213 
0.165036 -0.177050 0.186764 -0.024262 -0.035536 -0.116914 -0.202047 -0.080355 0.027265 0.105190 -0.088707 -0.186209 -0.166563 -0.015519 -0.163640 -0.087209 -0.023753 -0.119051 -0.020276 -0.042805 0.068689 0.128268 0.100325 0.023949 -0.005506 0.163331 -0.274711 -0.027459 -0.015803 0.105249 0.018175 -0.006724 -0.169255 -0.052825 0.052075 0.093701 0.016243 0.029153 0.147699 -0.113194 -0.030430 0.170686 0.031551 0.050420 0.071008 0.126404 0.012864 0.193824 0.042118 -0.039564 -0.134727 -0.075406 -0.041537 -0.111021 0.135580 0.182206 -0.145556 0.171883 -0.071188 -0.054690 0.066282 0.109307 0.065601 0.138880 
-0.189685 -0.055518 0.016289 -0.035350 0.111303 -0.051118 0.260412 -0.260987 -0.127022 -0.048596 0.005557 0.152640 -0.309988 -0.155937 0.286243 -0.004493 0.075238 -0.248167 -0.124309 0.206579 -0.184684 0.161301 0.210900 -0.159239 0.066558 -0.154990 0.097495 -0.049239 0.151449 -0.018799 -0.044711 0.004716 0.105239 0.265865 0.025206 0.127736 -0.101762 -0.076689 0.174232 0.092443 0.081231 -0.238847 0.135262 0.084971 -0.028276 -0.009677 0.005969 -0.244399 0.037850 0.053737 -0.284754 0.132778 -0.008769 0.221438 0.219400 -0.210817 0.070386 0.080161 0.030701 0.031552 -0.214344 0.166113 0.041765 0.262840 
0.110648 0.030431 -0.045649 -0.074505 0.014682 -0.052882 0.069674 0.052496 -0.016392 0.034945 -0.089373 0.121354 0.011727 0.250174 0.224290 0.038588 0.036286 0.108933 0.119792 0.126678 -0.058715 0.036358 0.241378 0.058263 -0.107211 0.061212 0.044667 -0.090234 -0.081810 -0.060549 0.169843 -0.162669 0.022670 0.009993 -0.085484 -0.134788 -0.017450 0.094779 0.300846 0.087885 -0.156163 0.040810 -0.044813 -0.167607 -0.206827 -0.116220 -0.111555 0.022572 -0.107188 0.001557 -0.013948 0.191519 0.252967 0.009533 0.020559 -0.225171 0.109629 -0.298130 -0.055690 -0.024192 -0.101583 -0.180208 -0.024692 0.265080 
-0.003046 0.103915 -0.016290 -0.100351 -0.008955 -0.000775 0.109648 -0.049377 -0.032969 -0.096777 0.119273 0.124286 -0.095228 0.153238 0.044575 -0.049608 -0.028806 -0.122319 -0.026799 -0.060012 0.021316 0.101803 -0.077488 0.018273 -0.087155 0.022635 0.036544 0.021395 0.055196 -0.070664 -0.175233 -0.079326 -0.071679 0.073055 0.099112 0.181234 -0.175187 -0.014872 -0.059103 -0.064250 0.086283 -0.258482 0.063892 -0.101295 0.168391 -0.160497 0.073867 -0.056002 -0.200963 -0.132721 -0.021965 0.109621 -0.091799 0.179113 -0.161414 -0.152354 -0.117592 0.052231 0.005140 -0.157593 -0.169471 0.060286 0.030097 0.002422 
0.029269 0.011353 -0.131018 0.012761 -0.011942 -0.013581 -0.194845 0.006866 0.041336 0.046340 -0.037901 -0.088681 0.139226 -0.046252 -0.024403 0.083391 0.049526 0.200396 -0.113765 -0.027353 0.020357 0.041230 0.139872 -0.007681 -0.220608 -0.060517 0.071436 -0.037084 -0.296939 -0.017123 0.082936 -0.048674 0.033266 -0.059083 -0.234112 -0.075115 -0.182163 0.062806 -0.037303 -0.070281 -0.138605 0.127729 -0.055494 0.103758 0.077641 0.079357 0.068496 0.005887 0.204008 0.025015 0.253272 0.241776 -0.132549 0.100645 -0.154909 -0.125512 0.114958 -0.246501 -0.074284 0.236827 0.037331 0.009823 -0.035876 0.028831 
0.025117 0.038735 -0.099670 -0.057399 0.137448 -0.028140 0.063222 0.131237 0.184555 -0.051199 -0.002073 0.070947 0.035416 0.103048 -0.069729 0.042012 0.176506 -0.176799 -0.039720 0.038943 0.015060 0.039129 0.192801 -0.008972 0.005079 -0.085332 -0.093959 -0.094755 0.186127 0.047406 0.177549 -0.107573 -0.051978 -0.091128 0.066030 -0.201501 0.022589 0.074657 -0.059602 0.027359 -0.211427 0.118801 -0.115195 -0.028419 -0.113869 -0.106681 0.107710 -0.106237 -0.006357 0.227186 0.161380 0.129090 0.051658 0.132144 -0.016998 -0.159690 0.222306 0.012458 -0.050626 0.103736 -0.093176 -0.127238 -0.203784 0.131080 
-0.002398 0.103463 0.119702 0.220249 0.105792 0.352909 -0.304422 0.104201 -0.027875 -0.118405 -0.072139 0.226370 0.219281 0.326716 -0.001730 0.157992 0.307956 -0.037475 0.330977 -0.170239 -0.156482 -0.200974 -0.063191 0.253343 0.359383 0.234591 0.009904 -0.108926 -0.187489 0.210528 -0.325334 -0.080970 0.062619 0.128341 0.007757 -0.186420 0.194545 0.224984 0.146743 -0.263096 -0.327135 0.300537 -0.029386 0.000931 -0.119321 -0.121099 -0.098242 -0.066971 -0.016559 0.059548 0.094706 0.122654 0.317543 -0.185299 -0.008537 0.022708 0.037213 -0.299359 -0.017014 0.045876 0.128015 -0.178197 -0.233638 0.057390 
-0.123491 0.056449 0.175518 0.171163 -0.098244 -0.023699 0.075427 -0.099726 -0.067693 0.273488 0.227859 -0.240306 -0.148833 -0.039637 -0.073115 0.157360 -0.097587 -0.034958 -0.253816 0.017608 0.011466 0.126628 -0.079252 -0.093023 -0.240345 0.006347 -0.265967 0.205453 0.056531 -0.086766 0.050283 0.141546 -0.158970 -0.176712 0.063396 -0.106160 0.178711 -0.021238 -0.008734 -0.000756 -0.077870 0.012149 0.046459 0.227374 0.291078 -0.116166 -0.000828 0.255845 -0.045343 -0.221945 0.153969 0.018179 0.158463 -0.086528 0.070476 0.204483 0.162637 0.289497 0.107968 0.108888 -0.100503 -0.074204 0.006485 -0.103072 
0.074044 0.239277 0.002919 0.029545 -0.005501 -0.273893 -0.158734 0.103605 -0.051484 0.164750 0.087266 -0.063795 0.045768 -0.208549 -0.033739 0.266115 0.017384 -0.120088 -0.097599 -0.176344 -0.028537 0.045510 -0.084250 -0.164548 -0.129749 0.069357 0.003874 0.108546 -0.005266 -0.234954 0.291552 -0.162238 0.236210 -0.023393 0.004980 -0.104057 0.067060 -0.009329 -0.021032 0.298818 -0.188391 0.252756 -0.019244 0.236024 -0.030169 0.023626 0.148837 0.002728 0.247434 0.010619 0.166556 -0.206003 0.184857 -0.161731 -0.103479 -0.089890 0.305402 0.298126 -0.173911 0.118213 -0.235732 -0.178693 0.051644 -0.102004 
0.033333 0.166511 0.008836 -0.152881 0.012818 0.190487 -0.224650 0.164639 0.107097 -0.097380 0.155156 0.170029 -0.011441 0.224813 0.131743 -0.154487 0.164739 -0.019287 -0.044429 -0.101724 -0.147977 0.040593 0.151793 0.006963 0.024161 0.242043 0.080820 0.023209 0.029558 -0.104427 0.045750 -0.147088 -0.213320 -0.173591 -0.073150 -0.017052 0.104873 0.195742 0.270028 -0.059447 -0.177202 0.156422 -0.002450 -0.029894 -0.120243 -0.231953 -0.063210 0.140851 0.025017 0.062819 0.006260 0.307024 0.000032 -0.068939 -0.075551 0.032651 0.115285 -0.273399 -0.011874 0.126768 -0.152746 0.101100 -0.222941 -0.007671 
0.136092 0.012332 -0.152912 -0.045392 0.018205 0.104552 -0.076793 -0.018654 0.039081 0.021273 0.136852 -0.139496 0.106262 -0.199970 -0.162598 0.044059 0.211094 -0.008869 -0.164120 -0.254947 0.092782 0.015024 0.032394 0.063597 0.029558 0.155673 -0.090250 0.127231 0.143436 -0.018891 -0.039021 0.039618 -0.085521 -0.051920 -0.099356 0.032758 -0.016917 -0.020434 -0.120301 0.113757 -0.078836 -0.132433 0.158474 0.287063 -0.137851 -0.261263 -0.122454 -0.183472 0.062121 0.034117 -0.046221 -0.095818 0.119497 0.099891 0.053407 0.034222 0.154916 -0.050703 0.047082 0.060633 0.087671 0.243186 -0.099872 -0.206177 
0.067483 0.081388 0.044788 0.181945 -0.169677 -0.012933 0.014257 -0.090973 
0.203109 -0.214390 -0.089268 -0.156405 -0.146480 0.177622 -0.122295 -0.024329 
-0.111955 -0.024066 -0.234694 0.367844 -0.196086 0.312846 0.018768 0.048231 
-0.138711 -0.197553 0.162118 0.095613 -0.039990 0.432424 -0.323306 -0.142970 
0.186484 0.011580 0.199470 0.072107 0.406121 -0.336293 0.120173 0.321901 
-0.347459 -0.178208 0.625062 0.392084 0.170742 -0.020690 -0.008518 0.012799 
0.199908 0.316768 -0.487707 -0.412709 0.021832 -0.175140 0.220508 0.584670 
-0.000387 -0.186432 0.243178 0.000265 -0.186050 -0.001305 -0.125092 -0.283434 
0.069802 0.111565 0.212030 0.011999 -0.228546 -0.135768 -0.072383 -0.329815 
0.198218 -0.090038 -0.117077 -0.168420 0.253026 0.231042 -0.571818 -0.131572 
0.051962 -0.247508 -0.257156 0.430390 0.328216 0.102193 -0.123459 0.118250 
0.073054 -0.292539 0.225454 -0.322568 0.044195 -0.279362 0.225722 0.203119 
0.156314 -0.301834 0.217572 0.138335 -0.112720 0.091131 -0.029802 -0.317031 
-0.222402 -0.784596 0.175076 -0.137424 -0.274612 0.255061 0.012276 0.199624 
0.329996 -0.080116 -0.521780 -0.236127 -0.163234 0.147181 0.281752 0.250426 
0.284617 0.239897 0.075151 0.258934 0.335169 -0.215119 -0.192523 -0.049654 
0.103045 -0.160189 -0.096712 0.602952 -0.243083 -0.281660 0.122416 0.199981 
-0.007925 -0.141323 0.105787 -0.112578 0.207758 -0.067235 -0.331716 -0.203038 
0.125383 -0.210788 0.411139 0.035014 -0.046643 0.225719 0.273693 0.077052 
-0.061724 0.047190 0.071564 -0.358446 -0.200489 0.201949 -0.031266 -0.088464 
-0.054350 0.233397 0.310412 0.096637 0.353978 -0.029374 -0.062283 0.026299 
0.009836 -0.028086 -0.216486 -0.183906 -0.144720 -0.016840 -0.178361 -0.291086 
0.263248 0.097378 -0.082240 -0.232064 -0.408584 -0.148301 0.132302 0.044985 
-0.279890 -0.066945 0.396863 0.243071 0.090457 -0.202763 -0.036103 -0.040491 
-0.009288 -0.239914 0.261777 0.056781 0.227635 0.031027 0.115238 0.168100 
-0.093056 -0.158716 -0.021505 0.354735 -0.422783 0.045390 0.049743 0.148841 
0.080828 -0.308576 -0.169998 -0.539192 -0.271481 -0.139959 0.181912 0.299636 
-0.204994 0.123838 -0.140159 -0.426437 0.495725 0.153624 -0.257462 -0.714502 
0.303023 0.357217 0.008608 0.264567 0.251894 0.285367 0.048980 0.179844 
-0.137923 -0.295769 0.261446 0.418520 -0.322097 -0.107414 0.099263 0.406294 
0.357760 0.079533 -0.415379 -0.138133 -0.664267 -0.029268 0.015725 -0.236109 
-0.185576 -0.121895 0.301914 0.427423 0.101154 0.463412 -0.079159 -0.231503 
0.386311 0.124314 0.070260 -0.050440 0.315697 0.187049 0.083084 0.399626 
0.202584 0.023069 -0.119032 -0.178620 0.151209 0.477980 0.174206 0.215425 
-0.159965 0.162324 0.300925 0.071481 0.255018 0.125684 -0.135116 0.241546 
-0.249220 0.245047 -0.022315 -0.181068 0.258393 0.039252 0.176162 0.159815 
0.113754 -0.094531 0.121834 0.280315 0.224960 0.135618 -0.116658 -0.162337 
-0.119306 -0.233406 0.252867 0.243124 -0.248549 0.033657 -0.122960 -0.120027 
0.276153 -0.074801 -0.678987 -0.371115 -0.528814 -0.073071 0.015844 0.121062 
0.519786 0.206874 -0.158455 -0.112062 0.012216 0.229028 -0.104220 -0.094848 
-0.475701 0.498299 0.091109 -0.301100 0.273368 0.166079 -0.003786 -0.216734 
0.185825 -0.284358 0.261008 0.393119 -0.139151 0.162813 -0.110338 -0.358473 
-0.021067 0.077407 0.042647 0.374200 0.234242 0.033390 0.046317 0.201359 
-0.185046 0.070636 -0.281335 0.460814 0.309361 -0.123376 -0.137387 -0.293714 
-0.216284 0.028979 -0.224438 -0.232636 0.282380 0.123805 -0.242493 0.032719 
-0.070105 0.380567 0.214580 0.079051 -0.256555 0.406563 -0.056824 0.016722 
0.033491 0.177948 0.101942 -0.386243 0.055990 -0.206409 -0.203750 -0.261032 
-0.401122 0.313817 0.277969 0.095689 -0.259830 -0.021229 -0.305601 -0.116606 
0.385562 -0.125486 -0.232830 0.000391 0.138285 -0.020769 -0.176581 -0.222319 
0.222856 0.106984 0.057342 0.262998 0.033333 -0.065665 0.232182 -0.004860 
0.101899 -0.302452 0.006576 0.318367 0.062828 -0.341275 -0.197406 -0.202803 
-0.149659 -0.319289 -0.342045 -0.241813 -0.166107 -0.437339 0.139824 0.228929 
0.062097 -0.305737 0.078846 0.461667 0.054908 0.257022 -0.065610 0.189686 
-0.148783 0.489731 0.022405 -0.298833 -0.382678 -0.320339 0.203317 0.240540 
0.009943 0.130735 0.078268 0.336278 -0.267295 0.359929 0.219985 0.140553 
-0.344567 0.134883 0.219299 0.497512 -0.387668 -0.179302 -0.018169 0.035023 
0.426670 0.242129 0.019816 0.184548 -0.177800 -0.100536 -0.144753 -0.148376 
0.029242 0.369779 -0.109820 0.604712 0.278593 0.400322 -0.159045 -0.298547 
-0.129898 -0.330562 -0.236338 0.260740 0.045210 0.185470 0.078499 -0.058354 
0.264488 -0.411871 -0.393008 -0.182567 -0.147004 -0.082179 -0.210779 -0.254506 
-0.378904 -0.097803 0.590138 0.455025 0.009272 -0.079264 0.250559 0.206173 
0.043780 -0.156327 -0.641418 -0.111952 0.297192 -0.049058 0.257032 0.121894 
0.173600 -0.129914 -0.413476 -0.382935 0.373267 0.139863 -0.069404 -0.114457 
0.290374 0.218783 -0.194672 -0.551382 -0.255638 0.175087 0.102774 0.147713 









0.000000 
0.000000 
0.000000 
0.000000 
0.000000 
0.000000 
0.000000 
0.000000 
-0.050934 
-0.255431 
-0.152051 
0.390824 
-0.514188 
-0.298492 
-0.263017 
0.193330 
-0.121507 
-0.417916 
-0.029693 
-0.365830 
0.268150 
-0.232691 
0.450788 
0.074100 
-0.304449 
0.048581 
0.067834 
-0.011237 
-0.110124 
-0.216301 
0.275051 
-0.128151 
-0.021264 
-0.271708 
0.423134 
0.114055 
0.294138 
-0.270478 
-0.322521 
-0.343196 
0.146495 
-0.337817 
-0.198464 
0.043943 
0.253258 
-0.097684 
0.114235 
0.587688 
-0.286948 
-0.467177 
-0.402971 
-0.112319 
0.023437 
0.095579 
-0.018466 
0.274778 
0.291433 
0.568505 
-0.338909 
-0.426263 
-0.277979 
-0.530368 
0.276789 
0.230662 
0.182150 
0.201900 
-0.111147 
-0.661093 
-0.449628 
0.136797 
-0.157758 
0.114754 
-0.504191 
-0.200452 
0.120421 
-0.090082 
0.081427 
0.249365 
-0.184646 
-0.666547 
-0.024444 
-0.073957 
0.033806 
0.439559 
-0.120569 
0.067343 
0.264200 
-0.017140 
0.536374 
-0.051045 
-0.068299 
-0.056823 
-0.035132 
0.099653 
-0.302961 
0.014712 
-0.216093 
0.190604 
-0.159517 
0.069738 
0.053585 
0.184641 
-0.259792 
0.348475 
0.149622 0.140215 
-0.033817 0.218361 
0.544452 0.160989 
-0.175945 0.159695 
0.304219 0.106015 
-0.278210 0.149205 
-0.184380 0.118385 
-0.169803 0.281174 
0.087162 0.188211 
-0.181042 0.228243 
0.268031 0.187701 
-0.005746 0.274826 
0.017172 0.092976 
-0.455585 0.058993 
-0.044255 0.207421 
0.216906 0.222547 
-0.004461 
-0.280659 
0.032106 
-0.148528 
-0.043392 
0.300315 
-0.142734 
0.412396 
-0.060238 
-0.090767 
0.117986 
0.050086 
0.461313 
-0.278620 
0.115788 
0.022342 
0.168537 
0.257564 
0.271343 
0.317448 
0.183602 
0.201017 
0.402811 
-0.215438 
0.116096 
-0.407546 
0.092414 
0.417200 
0.215789 
0.186636 
-0.088927 
0.261470 
0.027381 
-0.175976 
0.083473 
0.033844 
0.233642 
0.384113 
-0.348331 
-0.073965 
-0.174145 
-0.015180 
0.348732 
-0.346155 
0.075286 
-0.051919 
0.129489 
0.249046 
0.274729 
0.087522 
0.038424 
-0.257804 
0.303654 
-0.377176 
-0.177035 
0.196268 
0.131163 
0.112745 
-0.490962 
0.036937 
0.417807 
-0.151131 
-0.456684 
-0.012118 
0.281763 
-0.012227 
0.331062 
0.115907 
0.183338 
0.095825 
0.044119 
-0.135279 
0.026503 
0.170002 
0.427084 
0.297373 
-0.107380 
0.127924 
-0.278560 
0.192223 
-0.126412 
0.284427 
-0.128302 
-0.081934 
0.375774 
0.034637 
0.036791 
-0.166700 
0.005611 
0.205107 
0.089074 
-0.385675 
0.006800 
-0.143492 
-0.265838 
0.081098 
-0.261411 
0.200102 
0.409091 
1.224861 
0.842964 
0.486462 
-0.061733 
0.534587 
1.634000 0.125452 0.075408 
