*************************************************************************************************************************************
|      ITER |        MB |        LE |        VM |       BVM |        IF |        IB |       MAW |       MAB |        LR |        ET | Fri Feb 16 19:20:29 2024 
-------------------------------------------------------------------------------------------------------------------------------------
|         1 |        37 |  9.29E-01 |  0.936583 |  0.936583 |      8.00 |      7.00 |  0.052460 |  0.202519 |  1.00E-02 |      0.12 | 
|         1 |        74 |  9.33E-01 |  0.937722 |  0.937722 |      8.00 |      7.00 |  0.059561 |  0.251144 |  1.00E-02 |      0.34 | 
|         1 |       111 |  9.08E-01 |  0.938346 |  0.938346 |      8.00 |      7.00 |  0.235395 |  0.294160 |  1.00E-02 |      0.57 | 
|         1 |       148 |  8.10E-01 |  0.950218 |  0.950218 |      8.00 |      7.00 |  0.275846 |  0.194105 |  9.99E-03 |      0.80 | 
|         1 |       185 |  7.48E-01 |  0.943500 |  0.950218 |      8.00 |      7.00 |  0.477835 |  0.588676 |  9.99E-03 |      1.03 | 
|         1 |       222 |  6.98E-01 |  0.924871 |  0.950218 |      8.00 |      7.00 |  0.383847 |  0.199929 |  9.98E-03 |      1.27 | 
|         1 |       259 |  6.52E-01 |  0.945767 |  0.950218 |      8.00 |      7.00 |  0.349434 |  0.298514 |  9.98E-03 |      1.51 | 
|         1 |       296 |  6.16E-01 |  0.942206 |  0.950218 |      8.00 |      7.00 |  0.273623 |  0.334578 |  9.97E-03 |      1.76 | 
|         1 |       333 |  5.75E-01 |  0.935868 |  0.950218 |      8.00 |      7.00 |  0.370244 |  0.311452 |  9.96E-03 |      1.98 | 
|         1 |       370 |  5.39E-01 |  0.934435 |  0.950218 |      8.00 |      7.00 |  0.253898 |  0.327983 |  9.95E-03 |      2.21 | 
|         1 |       407 |  5.07E-01 |  0.931454 |  0.950218 |      8.00 |      7.00 |  1.091224 |  0.352548 |  9.94E-03 |      2.43 | 
|         2 |        37 |  1.57E-01 |  0.930979 |  0.950218 |      8.00 |      7.00 |  0.146670 |  0.171699 |  9.93E-03 |      2.55 | 
|         2 |        74 |  1.62E-01 |  0.894934 |  0.950218 |      8.00 |      7.00 |  0.579817 |  0.413970 |  9.92E-03 |      2.78 | 
|         2 |       111 |  1.64E-01 |  0.915703 |  0.950218 |      8.00 |      7.00 |  0.419348 |  0.120845 |  9.91E-03 |      3.01 | 
|         2 |       148 |  1.63E-01 |  0.931073 |  0.950218 |      8.00 |      7.00 |  0.752890 |  0.406640 |  9.90E-03 |      3.24 | 
|         2 |       185 |  1.66E-01 |  0.900816 |  0.950218 |      8.00 |      7.00 |  0.204685 |  0.086406 |  9.88E-03 |      3.47 | 
|         2 |       222 |  1.62E-01 |  0.918187 |  0.950218 |      8.00 |      7.00 |  1.141933 |  0.534837 |  9.87E-03 |      3.70 | 
|         2 |       259 |  1.59E-01 |  0.901299 |  0.950218 |      8.00 |      7.00 |  0.353945 |  0.203320 |  9.85E-03 |      3.94 | 
|         2 |       296 |  1.57E-01 |  0.923556 |  0.950218 |      8.00 |      7.00 |  0.243331 |  0.144579 |  9.84E-03 |      4.17 | 
|         2 |       333 |  1.57E-01 |  0.902936 |  0.950218 |      8.00 |      7.00 |  0.124444 |  0.092438 |  9.82E-03 |      4.40 | 
|         2 |       370 |  1.55E-01 |  0.903948 |  0.950218 |      8.00 |      7.00 |  0.204309 |  0.149697 |  9.80E-03 |      4.64 | 
|         2 |       407 |  1.52E-01 |  0.892023 |  0.950218 |      8.00 |      7.00 |  0.172421 |  0.207116 |  9.78E-03 |      4.88 | 
|         3 |        37 |  1.26E-01 |  0.908077 |  0.950218 |      8.00 |      7.00 |  0.223446 |  0.205982 |  9.76E-03 |      4.99 | 
|         3 |        74 |  1.24E-01 |  0.885650 |  0.950218 |      8.00 |      7.00 |  0.184948 |  0.121631 |  9.74E-03 |      5.23 | 
|         3 |       111 |  1.22E-01 |  0.842599 |  0.950218 |      8.00 |      7.00 |  0.220735 |  0.077586 |  9.72E-03 |      5.46 | 
|         3 |       148 |  1.21E-01 |  0.883467 |  0.950218 |      8.00 |      7.00 |  0.330988 |  0.095625 |  9.69E-03 |      5.70 | 
|         3 |       185 |  1.21E-01 |  0.851258 |  0.950218 |      8.00 |      7.00 |  0.383193 |  0.205356 |  9.67E-03 |      5.94 | 
|         3 |       222 |  1.20E-01 |  0.891073 |  0.950218 |      8.00 |      7.00 |  0.160373 |  0.138868 |  9.65E-03 |      6.17 | 
|         3 |       259 |  1.21E-01 |  0.864801 |  0.950218 |      8.00 |      7.00 |  0.144698 |  0.087813 |  9.62E-03 |      6.41 | 
|         3 |       296 |  1.21E-01 |  0.911621 |  0.950218 |      8.00 |      7.00 |  0.477186 |  0.136678 |  9.59E-03 |      6.65 | 
|         3 |       333 |  1.20E-01 |  0.854358 |  0.950218 |      8.00 |      7.00 |  0.235009 |  0.226191 |  9.57E-03 |      6.89 | 
|         3 |       370 |  1.20E-01 |  0.873685 |  0.950218 |      8.00 |      7.00 |  0.233061 |  0.113674 |  9.54E-03 |      7.12 | 
|         3 |       407 |  1.19E-01 |  0.898563 |  0.950218 |      8.00 |      7.00 |  0.115415 |  0.062098 |  9.51E-03 |      7.36 | 
|         4 |        37 |  1.21E-01 |  0.924488 |  0.950218 |      8.00 |      7.00 |  0.217833 |  0.168016 |  9.48E-03 |      7.47 | 
|         4 |        74 |  1.37E-01 |  0.904300 |  0.950218 |      8.00 |      7.00 |  0.256392 |  0.211179 |  9.45E-03 |      7.70 | 
|         4 |       111 |  1.28E-01 |  0.897492 |  0.950218 |      8.00 |      7.00 |  0.178309 |  0.127155 |  9.42E-03 |      7.94 | 
|         4 |       148 |  1.24E-01 |  0.912505 |  0.950218 |      8.00 |      7.00 |  0.165573 |  0.080776 |  9.39E-03 |      8.17 | 
|         4 |       185 |  1.24E-01 |  0.848232 |  0.950218 |      8.00 |      7.00 |  0.281573 |  0.165106 |  9.35E-03 |      8.41 | 
|         4 |       222 |  1.22E-01 |  0.866422 |  0.950218 |      8.00 |      7.00 |  0.401266 |  0.102980 |  9.32E-03 |      8.64 | 
|         4 |       259 |  1.20E-01 |  0.885281 |  0.950218 |      8.00 |      7.00 |  0.127955 |  0.103076 |  9.29E-03 |      8.88 | 
|         4 |       296 |  1.19E-01 |  0.870966 |  0.950218 |      8.00 |      7.00 |  0.218276 |  0.186118 |  9.25E-03 |      9.11 | 
|         4 |       333 |  1.19E-01 |  0.907426 |  0.950218 |      8.00 |      7.00 |  0.168735 |  0.117179 |  9.21E-03 |      9.35 | 
|         4 |       370 |  1.18E-01 |  0.893845 |  0.950218 |      8.00 |      7.00 |  0.141034 |  0.126887 |  9.18E-03 |      9.59 | 
|         4 |       407 |  1.16E-01 |  0.907947 |  0.950218 |      8.00 |      7.00 |  0.233082 |  0.286831 |  9.14E-03 |      9.83 | 
|         5 |        37 |  1.08E-01 |  0.871664 |  0.950218 |      8.00 |      7.00 |  0.169423 |  0.112978 |  9.10E-03 |      9.94 | 
|         5 |        74 |  1.11E-01 |  0.909929 |  0.950218 |      8.00 |      7.00 |  0.241628 |  0.169293 |  9.06E-03 |     10.18 | 
|         5 |       111 |  1.09E-01 |  0.897106 |  0.950218 |      8.00 |      7.00 |  0.104051 |  0.093449 |  9.02E-03 |     10.41 | 
|         5 |       148 |  1.05E-01 |  0.889201 |  0.950218 |      8.00 |      7.00 |  0.307795 |  0.210432 |  8.98E-03 |     10.65 | 
|         5 |       185 |  1.09E-01 |  0.887964 |  0.950218 |      8.00 |      7.00 |  0.257508 |  0.274015 |  8.94E-03 |     10.88 | 
|         5 |       222 |  1.08E-01 |  0.880707 |  0.950218 |      8.00 |      7.00 |  0.259501 |  0.134315 |  8.90E-03 |     11.12 | 
|         5 |       259 |  1.08E-01 |  0.898360 |  0.950218 |      8.00 |      7.00 |  0.159788 |  0.204498 |  8.86E-03 |     11.35 | 
|         5 |       296 |  1.10E-01 |  0.925048 |  0.950218 |      8.00 |      7.00 |  1.074123 |  0.799966 |  8.82E-03 |     11.58 | 
|         5 |       333 |  1.11E-01 |  0.922862 |  0.950218 |      8.00 |      7.00 |  0.143966 |  0.122158 |  8.77E-03 |     11.81 | 
|         5 |       370 |  1.11E-01 |  0.909367 |  0.950218 |      8.00 |      7.00 |  0.283583 |  0.192496 |  8.73E-03 |     12.05 | 
|         5 |       407 |  1.11E-01 |  0.910802 |  0.950218 |      8.00 |      7.00 |  0.195305 |  0.183233 |  8.68E-03 |     12.29 | 
|         6 |        37 |  1.09E-01 |  0.852105 |  0.950218 |      8.00 |      7.00 |  0.203106 |  0.154031 |  8.64E-03 |     12.40 | 
|         6 |        74 |  1.05E-01 |  0.892018 |  0.950218 |      8.00 |      7.00 |  0.229696 |  0.134920 |  8.59E-03 |     12.64 | 
|         6 |       111 |  1.03E-01 |  0.888845 |  0.950218 |      8.00 |      7.00 |  0.088679 |  0.078824 |  8.54E-03 |     12.88 | 
|         6 |       148 |  1.04E-01 |  0.865388 |  0.950218 |      8.00 |      7.00 |  0.239064 |  0.089552 |  8.50E-03 |     13.11 | 
|         6 |       185 |  1.04E-01 |  0.897965 |  0.950218 |      8.00 |      7.00 |  0.105376 |  0.136825 |  8.45E-03 |     13.35 | 
|         6 |       222 |  1.05E-01 |  0.932139 |  0.950218 |      8.00 |      7.00 |  0.519549 |  0.436986 |  8.40E-03 |     13.59 | 
|         6 |       259 |  1.04E-01 |  0.922587 |  0.950218 |      8.00 |      7.00 |  0.110524 |  0.064752 |  8.35E-03 |     13.82 | 
|         6 |       296 |  1.03E-01 |  0.917854 |  0.950218 |      8.00 |      7.00 |  0.227540 |  0.183875 |  8.30E-03 |     14.06 | 
|         6 |       333 |  1.02E-01 |  0.917829 |  0.950218 |      8.00 |      7.00 |  0.367333 |  0.095727 |  8.25E-03 |     14.30 | 
|         6 |       370 |  1.01E-01 |  0.909526 |  0.950218 |      8.00 |      7.00 |  0.277475 |  0.117400 |  8.20E-03 |     14.54 | 
|         6 |       407 |  9.95E-02 |  0.919559 |  0.950218 |      8.00 |      7.00 |  0.167298 |  0.175548 |  8.15E-03 |     14.78 | 
|         7 |        37 |  7.38E-02 |  0.921588 |  0.950218 |      8.00 |      7.00 |  0.714376 |  0.487030 |  8.09E-03 |     14.89 | 
|         7 |        74 |  8.36E-02 |  0.948215 |  0.950218 |      8.00 |      7.00 |  2.348425 |  2.024707 |  8.04E-03 |     15.13 | 
|         7 |       111 |  8.00E-02 |  0.924074 |  0.950218 |      8.00 |      7.00 |  0.371119 |  0.227406 |  7.99E-03 |     15.38 | 
|         7 |       148 |  7.05E-02 |  0.935660 |  0.950218 |      8.00 |      7.00 |  0.305448 |  0.219426 |  7.93E-03 |     15.61 | 
|         7 |       185 |  6.44E-02 |  0.928083 |  0.950218 |      8.00 |      7.00 |  0.082144 |  0.076667 |  7.88E-03 |     15.83 | 
|         7 |       222 |  6.42E-02 |  0.929093 |  0.950218 |      8.00 |      7.00 |  0.486808 |  0.233245 |  7.82E-03 |     16.06 | 
|         7 |       259 |  6.08E-02 |  0.903302 |  0.950218 |      8.00 |      7.00 |  0.261714 |  0.130779 |  7.77E-03 |     16.29 | 
|         7 |       296 |  5.88E-02 |  0.919474 |  0.950218 |      8.00 |      7.00 |  0.423085 |  0.313646 |  7.71E-03 |     16.53 | 
|         7 |       333 |  6.58E-02 |  0.947917 |  0.950218 |      8.00 |      7.00 |  0.366927 |  0.178865 |  7.66E-03 |     16.76 | 
|         7 |       370 |  6.48E-02 |  0.934602 |  0.950218 |      8.00 |      7.00 |  0.848059 |  0.373793 |  7.60E-03 |     16.99 | 
|         7 |       407 |  6.30E-02 |  0.940175 |  0.950218 |      8.00 |      7.00 |  0.147925 |  0.132387 |  7.54E-03 |     17.22 | 
|         8 |        37 |  4.38E-02 |  0.931612 |  0.950218 |      8.00 |      7.00 |  0.152553 |  0.065390 |  7.49E-03 |     17.33 | 
|         8 |        74 |  4.06E-02 |  0.919525 |  0.950218 |      8.00 |      7.00 |  1.073044 |  0.575672 |  7.43E-03 |     17.56 | 
|         8 |       111 |  4.37E-02 |  0.928955 |  0.950218 |      8.00 |      7.00 |  0.222312 |  0.235838 |  7.37E-03 |     17.79 | 
|         8 |       148 |  4.12E-02 |  0.922370 |  0.950218 |      8.00 |      7.00 |  0.160090 |  0.118359 |  7.31E-03 |     18.03 | 
|         8 |       185 |  4.03E-02 |  0.928435 |  0.950218 |      8.00 |      7.00 |  0.460189 |  0.419268 |  7.25E-03 |     18.26 | 
|         8 |       222 |  4.08E-02 |  0.926811 |  0.950218 |      8.00 |      7.00 |  0.505647 |  0.213433 |  7.19E-03 |     18.49 | 
|         8 |       259 |  4.02E-02 |  0.926518 |  0.950218 |      8.00 |      7.00 |  0.278690 |  0.201223 |  7.13E-03 |     18.73 | 
|         8 |       296 |  3.93E-02 |  0.924458 |  0.950218 |      8.00 |      7.00 |  0.445171 |  0.188019 |  7.07E-03 |     18.96 | 
|         8 |       333 |  3.92E-02 |  0.889264 |  0.950218 |      8.00 |      7.00 |  1.229344 |  0.512050 |  7.01E-03 |     19.20 | 
|         8 |       370 |  3.90E-02 |  0.929017 |  0.950218 |      8.00 |      7.00 |  0.224479 |  0.128034 |  6.95E-03 |     19.43 | 
|         8 |       407 |  3.83E-02 |  0.935188 |  0.950218 |      8.00 |      7.00 |  0.377835 |  0.181264 |  6.89E-03 |     19.66 | 
|         9 |        37 |  3.00E-02 |  0.898184 |  0.950218 |      8.00 |      7.00 |  0.183984 |  0.211998 |  6.83E-03 |     19.78 | 
|         9 |        74 |  2.98E-02 |  0.918814 |  0.950218 |      8.00 |      7.00 |  0.151094 |  0.077618 |  6.77E-03 |     20.02 | 
|         9 |       111 |  3.56E-02 |  0.925842 |  0.950218 |      8.00 |      7.00 |  0.212767 |  0.094810 |  6.71E-03 |     20.25 | 
|         9 |       148 |  3.52E-02 |  0.935647 |  0.950218 |      8.00 |      7.00 |  0.180344 |  0.085411 |  6.64E-03 |     20.49 | 
|         9 |       185 |  3.43E-02 |  0.927805 |  0.950218 |      8.00 |      7.00 |  0.289759 |  0.235533 |  6.58E-03 |     20.73 | 
|         9 |       222 |  3.35E-02 |  0.918978 |  0.950218 |      8.00 |      7.00 |  0.256932 |  0.126423 |  6.52E-03 |     20.96 | 
|         9 |       259 |  3.34E-02 |  0.906661 |  0.950218 |      8.00 |      7.00 |  0.083216 |  0.055864 |  6.46E-03 |     21.20 | 
|         9 |       296 |  3.28E-02 |  0.897090 |  0.950218 |      8.00 |      7.00 |  0.268305 |  0.126551 |  6.39E-03 |     21.43 | 
|         9 |       333 |  3.22E-02 |  0.882692 |  0.950218 |      8.00 |      7.00 |  0.625356 |  0.250189 |  6.33E-03 |     21.67 | 
|         9 |       370 |  3.22E-02 |  0.903727 |  0.950218 |      8.00 |      7.00 |  0.148501 |  0.139559 |  6.27E-03 |     21.91 | 
|         9 |       407 |  3.28E-02 |  0.910214 |  0.950218 |      8.00 |      7.00 |  0.069245 |  0.051075 |  6.20E-03 |     22.15 | 
|        10 |        37 |  3.00E-02 |  0.900535 |  0.950218 |      8.00 |      7.00 |  0.196358 |  0.090931 |  6.14E-03 |     22.27 | 
|        10 |        74 |  2.73E-02 |  0.875581 |  0.950218 |      8.00 |      7.00 |  0.127253 |  0.058388 |  6.08E-03 |     22.50 | 
|        10 |       111 |  2.71E-02 |  0.901697 |  0.950218 |      8.00 |      7.00 |  0.391467 |  0.160258 |  6.01E-03 |     22.75 | 
|        10 |       148 |  2.76E-02 |  0.900568 |  0.950218 |      8.00 |      7.00 |  0.421314 |  0.291288 |  5.95E-03 |     22.98 | 
|        10 |       185 |  2.76E-02 |  0.899421 |  0.950218 |      8.00 |      7.00 |  0.065497 |  0.063041 |  5.89E-03 |     23.22 | 
|        10 |       222 |  2.75E-02 |  0.915504 |  0.950218 |      8.00 |      7.00 |  0.100611 |  0.061747 |  5.82E-03 |     23.46 | 
|        10 |       259 |  2.80E-02 |  0.893298 |  0.950218 |      8.00 |      7.00 |  0.503027 |  0.192833 |  5.76E-03 |     23.70 | 
|        10 |       296 |  2.79E-02 |  0.866405 |  0.950218 |      8.00 |      7.00 |  0.263102 |  0.123627 |  5.69E-03 |     23.93 | 
|        10 |       333 |  2.77E-02 |  0.902525 |  0.950218 |      8.00 |      7.00 |  0.145019 |  0.116949 |  5.63E-03 |     24.17 | 
|        10 |       370 |  2.77E-02 |  0.912231 |  0.950218 |      8.00 |      7.00 |  0.634153 |  0.398371 |  5.57E-03 |     24.41 | 
|        10 |       407 |  2.79E-02 |  0.871366 |  0.950218 |      8.00 |      7.00 |  0.163554 |  0.064546 |  5.50E-03 |     24.64 | 
|        11 |        37 |  2.53E-02 |  0.886819 |  0.950218 |      8.00 |      7.00 |  0.233381 |  0.125070 |  5.44E-03 |     24.76 | 
|        11 |        74 |  3.09E-02 |  0.941141 |  0.950218 |      8.00 |      7.00 |  0.113904 |  0.057861 |  5.37E-03 |     25.00 | 
|        11 |       111 |  3.03E-02 |  0.897763 |  0.950218 |      8.00 |      7.00 |  0.197906 |  0.122305 |  5.31E-03 |     25.24 | 
|        11 |       148 |  3.01E-02 |  0.904996 |  0.950218 |      8.00 |      7.00 |  0.124075 |  0.055360 |  5.24E-03 |     25.48 | 
|        11 |       185 |  2.94E-02 |  0.909725 |  0.950218 |      8.00 |      7.00 |  0.741509 |  0.342905 |  5.18E-03 |     25.71 | 
|        11 |       222 |  2.90E-02 |  0.905385 |  0.950218 |      8.00 |      7.00 |  0.180836 |  0.114910 |  5.12E-03 |     25.95 | 
|        11 |       259 |  2.89E-02 |  0.903499 |  0.950218 |      8.00 |      7.00 |  0.276165 |  0.100917 |  5.05E-03 |     26.20 | 
|        11 |       296 |  2.84E-02 |  0.910793 |  0.950218 |      8.00 |      7.00 |  0.140023 |  0.039998 |  4.99E-03 |     26.43 | 
|        11 |       333 |  2.80E-02 |  0.909082 |  0.950218 |      8.00 |      7.00 |  0.163932 |  0.087235 |  4.92E-03 |     26.67 | 
|        11 |       370 |  2.78E-02 |  0.902064 |  0.950218 |      8.00 |      7.00 |  0.127948 |  0.067284 |  4.86E-03 |     26.91 | 
|        11 |       407 |  2.75E-02 |  0.897521 |  0.950218 |      8.00 |      7.00 |  0.377270 |  0.151888 |  4.80E-03 |     27.15 | 
|        12 |        37 |  2.68E-02 |  0.913703 |  0.950218 |      8.00 |      7.00 |  0.108003 |  0.052233 |  4.73E-03 |     27.26 | 
|        12 |        74 |  2.59E-02 |  0.893223 |  0.950218 |      8.00 |      7.00 |  0.136135 |  0.068439 |  4.67E-03 |     27.50 | 
|        12 |       111 |  2.55E-02 |  0.920219 |  0.950218 |      8.00 |      7.00 |  0.094357 |  0.085501 |  4.61E-03 |     27.74 | 
|        12 |       148 |  2.56E-02 |  0.891473 |  0.950218 |      8.00 |      7.00 |  0.182450 |  0.081150 |  4.54E-03 |     27.98 | 
|        12 |       185 |  2.56E-02 |  0.885750 |  0.950218 |      8.00 |      7.00 |  0.211869 |  0.084135 |  4.48E-03 |     28.22 | 
|        12 |       222 |  2.57E-02 |  0.902225 |  0.950218 |      8.00 |      7.00 |  0.101770 |  0.090711 |  4.42E-03 |     28.45 | 
|        12 |       259 |  2.56E-02 |  0.907038 |  0.950218 |      8.00 |      7.00 |  0.224054 |  0.080188 |  4.36E-03 |     28.69 | 
|        12 |       296 |  2.55E-02 |  0.894049 |  0.950218 |      8.00 |      7.00 |  0.106164 |  0.076996 |  4.29E-03 |     28.92 | 
|        12 |       333 |  2.55E-02 |  0.886716 |  0.950218 |      8.00 |      7.00 |  0.148214 |  0.055313 |  4.23E-03 |     29.16 | 
|        12 |       370 |  2.54E-02 |  0.891446 |  0.950218 |      8.00 |      7.00 |  0.142213 |  0.065872 |  4.17E-03 |     29.40 | 
|        12 |       407 |  2.53E-02 |  0.901483 |  0.950218 |      8.00 |      7.00 |  0.132683 |  0.052188 |  4.11E-03 |     29.63 | 
|        13 |        37 |  2.37E-02 |  0.890855 |  0.950218 |      8.00 |      7.00 |  0.088252 |  0.039596 |  4.05E-03 |     29.75 | 
|        13 |        74 |  2.40E-02 |  0.912714 |  0.950218 |      8.00 |      7.00 |  0.175448 |  0.058504 |  3.99E-03 |     29.99 | 
|        13 |       111 |  2.39E-02 |  0.918417 |  0.950218 |      8.00 |      7.00 |  0.160875 |  0.077328 |  3.93E-03 |     30.22 | 
|        13 |       148 |  2.45E-02 |  0.864953 |  0.950218 |      8.00 |      7.00 |  0.138930 |  0.097562 |  3.87E-03 |     30.47 | 
|        13 |       185 |  2.43E-02 |  0.879195 |  0.950218 |      8.00 |      7.00 |  0.139276 |  0.049667 |  3.81E-03 |     30.70 | 
|        13 |       222 |  2.44E-02 |  0.894355 |  0.950218 |      8.00 |      7.00 |  0.306349 |  0.120756 |  3.75E-03 |     30.94 | 
|        13 |       259 |  2.44E-02 |  0.869740 |  0.950218 |      8.00 |      7.00 |  0.087416 |  0.032887 |  3.69E-03 |     31.19 | 
|        13 |       296 |  2.44E-02 |  0.882478 |  0.950218 |      8.00 |      7.00 |  0.279631 |  0.049420 |  3.63E-03 |     31.42 | 
|        13 |       333 |  2.47E-02 |  0.904414 |  0.950218 |      8.00 |      7.00 |  0.121668 |  0.049998 |  3.57E-03 |     31.67 | 
|        13 |       370 |  2.49E-02 |  0.888335 |  0.950218 |      8.00 |      7.00 |  0.060862 |  0.030238 |  3.52E-03 |     31.91 | 
|        13 |       407 |  2.48E-02 |  0.869363 |  0.950218 |      8.00 |      7.00 |  0.095126 |  0.066127 |  3.46E-03 |     32.14 | 
|        14 |        37 |  2.57E-02 |  0.873215 |  0.950218 |      8.00 |      7.00 |  0.200116 |  0.046059 |  3.40E-03 |     32.26 | 
|        14 |        74 |  2.44E-02 |  0.880649 |  0.950218 |      8.00 |      7.00 |  0.129087 |  0.053847 |  3.34E-03 |     32.50 | 
|        14 |       111 |  2.45E-02 |  0.865457 |  0.950218 |      8.00 |      7.00 |  0.071694 |  0.036809 |  3.29E-03 |     32.74 | 
|        14 |       148 |  2.44E-02 |  0.873016 |  0.950218 |      8.00 |      7.00 |  0.124072 |  0.086936 |  3.23E-03 |     32.99 | 
|        14 |       185 |  2.44E-02 |  0.868568 |  0.950218 |      8.00 |      7.00 |  0.065821 |  0.038608 |  3.18E-03 |     33.23 | 
|        14 |       222 |  2.44E-02 |  0.855945 |  0.950218 |      8.00 |      7.00 |  0.085634 |  0.060005 |  3.12E-03 |     33.47 | 
|        14 |       259 |  2.45E-02 |  0.875195 |  0.950218 |      8.00 |      7.00 |  0.157529 |  0.056718 |  3.07E-03 |     33.71 | 
|        14 |       296 |  2.43E-02 |  0.885441 |  0.950218 |      8.00 |      7.00 |  0.091008 |  0.079398 |  3.01E-03 |     33.95 | 
|        14 |       333 |  2.41E-02 |  0.866022 |  0.950218 |      8.00 |      7.00 |  0.140613 |  0.077011 |  2.96E-03 |     34.19 | 
|        14 |       370 |  2.42E-02 |  0.895686 |  0.950218 |      8.00 |      7.00 |  0.113897 |  0.057033 |  2.91E-03 |     34.43 | 
|        14 |       407 |  2.42E-02 |  0.875066 |  0.950218 |      8.00 |      7.00 |  0.137524 |  0.114037 |  2.86E-03 |     34.67 | 
|        15 |        37 |  2.48E-02 |  0.884316 |  0.950218 |      8.00 |      7.00 |  0.156436 |  0.063036 |  2.80E-03 |     34.78 | 
|        15 |        74 |  2.36E-02 |  0.879291 |  0.950218 |      8.00 |      7.00 |  0.092123 |  0.059855 |  2.75E-03 |     35.03 | 
|        15 |       111 |  2.36E-02 |  0.882385 |  0.950218 |      8.00 |      7.00 |  0.044412 |  0.028540 |  2.70E-03 |     35.27 | 
|        15 |       148 |  2.36E-02 |  0.887857 |  0.950218 |      8.00 |      7.00 |  0.106417 |  0.033302 |  2.65E-03 |     35.52 | 
|        15 |       185 |  2.38E-02 |  0.882960 |  0.950218 |      8.00 |      7.00 |  0.142150 |  0.073498 |  2.60E-03 |     35.76 | 
|        15 |       222 |  2.37E-02 |  0.867712 |  0.950218 |      8.00 |      7.00 |  0.073312 |  0.057050 |  2.55E-03 |     35.99 | 
|        15 |       259 |  2.39E-02 |  0.887352 |  0.950218 |      8.00 |      7.00 |  0.222977 |  0.060270 |  2.51E-03 |     36.24 | 
|        15 |       296 |  2.39E-02 |  0.865349 |  0.950218 |      8.00 |      7.00 |  0.102564 |  0.059263 |  2.46E-03 |     36.48 | 
|        15 |       333 |  2.38E-02 |  0.859431 |  0.950218 |      8.00 |      7.00 |  0.195040 |  0.078789 |  2.41E-03 |     36.72 | 
|        15 |       370 |  2.38E-02 |  0.874447 |  0.950218 |      8.00 |      7.00 |  0.103237 |  0.040961 |  2.36E-03 |     36.96 | 
|        15 |       407 |  2.38E-02 |  0.883865 |  0.950218 |      8.00 |      7.00 |  0.062305 |  0.047444 |  2.32E-03 |     37.20 | 
|        16 |        37 |  2.55E-02 |  0.874700 |  0.950218 |      8.00 |      7.00 |  0.125115 |  0.045041 |  2.27E-03 |     37.32 | 
|        16 |        74 |  2.43E-02 |  0.859142 |  0.950218 |      8.00 |      7.00 |  0.115581 |  0.043721 |  2.23E-03 |     37.56 | 
|        16 |       111 |  2.39E-02 |  0.867146 |  0.950218 |      8.00 |      7.00 |  0.047513 |  0.036645 |  2.19E-03 |     37.80 | 
|        16 |       148 |  2.38E-02 |  0.855214 |  0.950218 |      8.00 |      7.00 |  0.043266 |  0.025943 |  2.14E-03 |     38.03 | 
|        16 |       185 |  2.39E-02 |  0.881068 |  0.950218 |      8.00 |      7.00 |  0.103528 |  0.061928 |  2.10E-03 |     38.27 | 
|        16 |       222 |  2.40E-02 |  0.887739 |  0.950218 |      8.00 |      7.00 |  0.062701 |  0.032897 |  2.06E-03 |     38.52 | 
|        16 |       259 |  2.39E-02 |  0.891330 |  0.950218 |      8.00 |      7.00 |  0.075564 |  0.033566 |  2.02E-03 |     38.75 | 
|        16 |       296 |  2.36E-02 |  0.896259 |  0.950218 |      8.00 |      7.00 |  0.120017 |  0.055048 |  1.98E-03 |     39.00 | 
|        16 |       333 |  2.37E-02 |  0.879494 |  0.950218 |      8.00 |      7.00 |  0.136479 |  0.047188 |  1.94E-03 |     39.24 | 
|        16 |       370 |  2.35E-02 |  0.892960 |  0.950218 |      8.00 |      7.00 |  0.167564 |  0.072026 |  1.90E-03 |     39.48 | 
|        16 |       407 |  2.36E-02 |  0.866659 |  0.950218 |      8.00 |      7.00 |  0.259698 |  0.085040 |  1.86E-03 |     39.72 | 
|        17 |        37 |  2.34E-02 |  0.869672 |  0.950218 |      8.00 |      7.00 |  0.134946 |  0.053447 |  1.82E-03 |     39.84 | 
|        17 |        74 |  2.27E-02 |  0.861273 |  0.950218 |      8.00 |      7.00 |  0.091880 |  0.053292 |  1.79E-03 |     40.08 | 
|        17 |       111 |  2.28E-02 |  0.870975 |  0.950218 |      8.00 |      7.00 |  0.118238 |  0.046271 |  1.75E-03 |     40.32 | 
|        17 |       148 |  2.29E-02 |  0.851046 |  0.950218 |      8.00 |      7.00 |  0.104596 |  0.072528 |  1.72E-03 |     40.56 | 
|        17 |       185 |  2.29E-02 |  0.848368 |  0.950218 |      8.00 |      7.00 |  0.283675 |  0.109794 |  1.68E-03 |     40.80 | 
|        17 |       222 |  2.30E-02 |  0.858905 |  0.950218 |      8.00 |      7.00 |  0.293668 |  0.062683 |  1.65E-03 |     41.04 | 
|        17 |       259 |  2.28E-02 |  0.843648 |  0.950218 |      8.00 |      7.00 |  0.099517 |  0.043844 |  1.61E-03 |     41.29 | 
|        17 |       296 |  2.28E-02 |  0.887056 |  0.950218 |      8.00 |      7.00 |  0.127402 |  0.093371 |  1.58E-03 |     41.53 | 
|        17 |       333 |  2.31E-02 |  0.866385 |  0.950218 |      8.00 |      7.00 |  0.076077 |  0.043983 |  1.55E-03 |     41.76 | 
|        17 |       370 |  2.31E-02 |  0.876274 |  0.950218 |      8.00 |      7.00 |  0.107314 |  0.074277 |  1.52E-03 |     42.01 | 
|        17 |       407 |  2.32E-02 |  0.884689 |  0.950218 |      8.00 |      7.00 |  0.199312 |  0.057914 |  1.49E-03 |     42.25 | 
|        18 |        37 |  2.25E-02 |  0.889819 |  0.950218 |      8.00 |      7.00 |  0.054497 |  0.040325 |  1.46E-03 |     42.37 | 
|        18 |        74 |  2.25E-02 |  0.874336 |  0.950218 |      8.00 |      7.00 |  0.061543 |  0.047636 |  1.43E-03 |     42.61 | 
|        18 |       111 |  2.24E-02 |  0.884024 |  0.950218 |      8.00 |      7.00 |  0.055765 |  0.017220 |  1.41E-03 |     42.85 | 
|        18 |       148 |  2.29E-02 |  0.862260 |  0.950218 |      8.00 |      7.00 |  0.040009 |  0.027947 |  1.38E-03 |     43.10 | 
|        18 |       185 |  2.30E-02 |  0.878263 |  0.950218 |      8.00 |      7.00 |  0.072430 |  0.052827 |  1.36E-03 |     43.34 | 
|        18 |       222 |  2.28E-02 |  0.866765 |  0.950218 |      8.00 |      7.00 |  0.054690 |  0.050239 |  1.33E-03 |     43.57 | 
|        18 |       259 |  2.29E-02 |  0.873772 |  0.950218 |      8.00 |      7.00 |  0.103138 |  0.083792 |  1.31E-03 |     43.82 | 
|        18 |       296 |  2.29E-02 |  0.868968 |  0.950218 |      8.00 |      7.00 |  0.115000 |  0.088043 |  1.28E-03 |     44.06 | 
|        18 |       333 |  2.29E-02 |  0.872918 |  0.950218 |      8.00 |      7.00 |  0.074319 |  0.021816 |  1.26E-03 |     44.30 | 
|        18 |       370 |  2.29E-02 |  0.834907 |  0.950218 |      8.00 |      7.00 |  0.045934 |  0.034978 |  1.24E-03 |     44.54 | 
|        18 |       407 |  2.31E-02 |  0.866594 |  0.950218 |      8.00 |      7.00 |  0.087878 |  0.035644 |  1.22E-03 |     44.78 | 
|        19 |        37 |  2.39E-02 |  0.854459 |  0.950218 |      8.00 |      7.00 |  0.084319 |  0.031876 |  1.20E-03 |     44.90 | 
|        19 |        74 |  2.39E-02 |  0.870859 |  0.950218 |      8.00 |      7.00 |  0.126299 |  0.033732 |  1.18E-03 |     45.14 | 
|        19 |       111 |  2.34E-02 |  0.848651 |  0.950218 |      8.00 |      7.00 |  0.108002 |  0.048342 |  1.17E-03 |     45.38 | 
|        19 |       148 |  2.33E-02 |  0.849543 |  0.950218 |      8.00 |      7.00 |  0.047749 |  0.047010 |  1.15E-03 |     45.61 | 
|        19 |       185 |  2.33E-02 |  0.856238 |  0.950218 |      8.00 |      7.00 |  0.077152 |  0.040898 |  1.13E-03 |     45.86 | 
|        19 |       222 |  2.32E-02 |  0.865695 |  0.950218 |      8.00 |      7.00 |  0.055882 |  0.027217 |  1.12E-03 |     46.10 | 
|        19 |       259 |  2.31E-02 |  0.861935 |  0.950218 |      8.00 |      7.00 |  0.101419 |  0.040995 |  1.10E-03 |     46.34 | 
|        19 |       296 |  2.31E-02 |  0.849731 |  0.950218 |      8.00 |      7.00 |  0.125709 |  0.077670 |  1.09E-03 |     46.59 | 
|        19 |       333 |  2.31E-02 |  0.848446 |  0.950218 |      8.00 |      7.00 |  0.051898 |  0.043730 |  1.08E-03 |     46.83 | 
|        19 |       370 |  2.32E-02 |  0.863467 |  0.950218 |      8.00 |      7.00 |  0.120973 |  0.067818 |  1.07E-03 |     47.07 | 
|        19 |       407 |  2.30E-02 |  0.865292 |  0.950218 |      8.00 |      7.00 |  0.054135 |  0.031991 |  1.06E-03 |     47.31 | 
|        20 |        37 |  2.31E-02 |  0.863230 |  0.950218 |      8.00 |      7.00 |  0.039174 |  0.042047 |  1.05E-03 |     47.42 | 
|        20 |        74 |  2.35E-02 |  0.867561 |  0.950218 |      8.00 |      7.00 |  0.077412 |  0.057040 |  1.04E-03 |     47.66 | 
|        20 |       111 |  2.30E-02 |  0.857846 |  0.950218 |      8.00 |      7.00 |  0.097093 |  0.086695 |  1.03E-03 |     47.90 | 
|        20 |       148 |  2.31E-02 |  0.874610 |  0.950218 |      8.00 |      7.00 |  0.070920 |  0.058654 |  1.02E-03 |     48.14 | 
|        20 |       185 |  2.33E-02 |  0.859377 |  0.950218 |      8.00 |      7.00 |  0.126804 |  0.054724 |  1.02E-03 |     48.38 | 
|        20 |       222 |  2.32E-02 |  0.870724 |  0.950218 |      8.00 |      7.00 |  0.142263 |  0.050516 |  1.01E-03 |     48.62 | 
|        20 |       259 |  2.31E-02 |  0.866957 |  0.950218 |      8.00 |      7.00 |  0.186387 |  0.074429 |  1.01E-03 |     48.87 | 
|        20 |       296 |  2.29E-02 |  0.852705 |  0.950218 |      8.00 |      7.00 |  0.154702 |  0.050317 |  1.00E-03 |     49.11 | 
|        20 |       333 |  2.30E-02 |  0.857153 |  0.950218 |      8.00 |      7.00 |  0.039381 |  0.038318 |  1.00E-03 |     49.35 | 
|        20 |       370 |  2.29E-02 |  0.859905 |  0.950218 |      8.00 |      7.00 |  0.031789 |  0.033058 |  1.00E-03 |     49.59 | 
|        20 |       407 |  2.29E-02 |  0.854379 |  0.950218 |      8.00 |      7.00 |  0.080730 |  0.034329 |  1.00E-03 |     49.83 | 
-------------------------------------------------------------------------------------------------------------------------------------
