0.076596 -0.030308 -0.532328 -0.039023 -0.375939 -0.081830 0.480678 0.244993 0.239562 -0.359931 0.089252 0.050025 0.017963 0.856894 0.192758 -0.306777 0.233767 0.128108 0.234819 -0.214756 -0.167238 0.045045 -0.452675 -0.234907 0.371154 0.044175 -0.220554 -0.071037 -0.340011 -0.360961 -0.483007 -0.385115 
-0.121684 0.249294 -0.046423 -0.454880 -0.384117 -0.028859 -0.128215 -0.255401 0.112320 0.561089 0.236721 0.128847 0.067801 0.671276 0.086194 0.309677 0.093656 0.096369 0.195040 0.142681 0.056408 -0.038151 0.314513 -0.314645 0.328836 0.257676 -0.347146 0.692323 -0.147573 -0.281030 -0.543139 -0.160472 
-0.042324 0.143001 0.078662 0.421401 0.465633 -0.065128 -0.058704 0.442023 -0.498292 -0.389606 -0.381026 -0.496795 -0.008027 0.272432 -0.256462 -0.210129 0.281249 0.198499 0.189526 -0.973038 -0.199700 -0.200262 -0.544889 -0.155901 0.304554 -0.032216 -0.090909 0.141185 0.356098 0.084432 -0.096131 -0.022029 
-0.169301 -0.639051 -0.316256 0.010375 0.388918 0.219047 0.330980 0.610945 -0.587103 0.395618 0.189253 0.553133 -0.164093 0.093120 0.758853 -0.129728 0.195605 -0.021337 -0.399334 -1.441368 0.114432 -0.433252 -1.304783 0.264590 0.904120 0.244151 0.185139 0.217220 0.026472 0.179112 -0.112963 -0.326938 
-0.204343 -0.254235 0.150546 -0.303361 0.497412 0.080069 0.089606 0.171444 -0.355853 -0.321834 -0.268511 0.326810 0.417573 0.169636 -0.214560 0.217604 0.168327 -0.357859 -0.062355 0.101378 0.316774 0.520337 -0.029684 0.130747 0.448275 0.164812 -0.130747 -0.129914 -0.191780 0.207026 -0.022541 0.232491 
-0.289143 -0.008713 0.192184 -0.112853 -0.287931 -0.448211 0.239675 0.012189 -0.259943 -0.217708 -0.023721 -0.530244 -0.003591 0.475519 0.075612 0.053349 -0.230778 0.314067 0.206249 -0.156303 0.118297 -0.112790 -0.045835 0.088208 0.205023 0.048425 0.030131 -0.200622 -0.088123 -0.244724 0.434347 0.285494 
0.088682 -0.035377 0.308241 0.248054 0.125689 0.304846 0.118918 0.336596 -0.132885 0.112776 0.292851 0.418201 0.021183 -0.211763 -0.118933 -0.053369 0.214369 -0.230361 0.013127 -0.263776 -0.107870 -0.160150 -0.105511 -0.192382 0.085207 -0.245709 0.072703 0.155283 -0.102675 0.100010 -0.236940 -0.384304 
0.246913 0.176021 -0.255763 -0.024875 0.071780 0.152214 -0.067810 0.204664 -0.036145 0.193095 0.121475 0.111445 0.242609 -0.428692 -0.019931 -0.162854 0.174277 -0.028876 -0.157303 -0.248464 0.290745 -0.131651 -0.257026 0.003885 0.173464 -0.181774 -0.183917 -0.246776 -0.116587 -0.114150 -0.050582 -0.111553 
-0.020861 -0.136885 -0.277155 0.281582 0.034760 -0.207090 0.287496 0.028200 0.044445 -0.158230 0.346148 -0.157019 0.097443 -0.174645 -0.032375 0.275007 
0.454339 -0.169807 0.087913 0.121655 0.084521 -0.061122 0.102247 -0.005353 -0.060809 -0.149407 -0.024610 -0.065498 -0.128635 -0.079842 -0.109594 -0.058920 
0.087131 -0.133313 0.213967 -0.119198 0.220506 0.152658 0.096294 0.097984 0.062793 -0.087304 -0.096591 -0.203250 -0.098120 0.048130 -0.122315 -0.227908 
-0.038677 -0.263932 -0.102458 0.220454 0.024888 -0.274859 0.299329 0.220518 -0.089963 -0.163229 0.170491 -0.073833 0.005690 0.097006 0.107814 0.089010 
-0.073806 0.123644 -0.054303 0.039773 0.178382 0.021108 0.052857 0.306426 0.137494 0.063661 -0.010818 -0.228437 0.073593 0.046964 -0.177730 -0.367290 
-0.131888 0.085693 -0.020055 0.046899 -0.223571 -0.120755 -0.329270 0.150796 -0.009824 0.276393 -0.013496 -0.056125 -0.175797 0.301231 -0.224556 -0.379792 
-0.253122 0.228643 0.061577 0.022757 -0.053015 -0.025856 -0.038967 -0.131715 0.048491 -0.006342 0.011577 0.155313 0.380761 0.061305 0.237105 -0.047184 
-0.002886 -0.204964 -0.217561 0.118152 0.093135 0.095423 0.058799 0.173215 -0.190519 0.010164 0.100522 0.000737 0.111349 0.187947 0.265721 -0.143984 
0.132605 0.069870 -0.100374 -0.040265 -0.064693 -0.030042 0.221318 0.044229 0.110715 -0.117435 0.132457 0.065285 0.132047 -0.125560 -0.035203 0.206870 
0.095171 0.088672 0.024778 -0.482046 -0.238095 -0.274806 -0.216421 -0.135161 -0.224758 0.294995 -0.004072 -0.060075 -0.247896 -0.085240 -0.183498 -0.022922 
-0.098061 0.194912 0.109628 -0.095721 0.171168 -0.115547 0.154641 -0.137585 0.030123 0.149308 0.173589 -0.206315 0.219740 -0.403634 -0.332241 0.109327 
-0.215179 0.492789 -0.098092 -0.123531 0.008251 -0.136048 -0.394097 0.119537 -0.078155 0.351968 0.078566 -0.118680 0.061285 -0.059927 -0.297008 -0.099098 
-0.053835 0.142139 0.094775 0.220134 0.231437 0.086145 -0.116018 0.191840 0.183303 -0.020996 0.097922 -0.212595 0.006681 -0.000187 -0.045505 -0.017174 
0.043339 0.402497 -0.001864 0.175007 -0.289662 -0.142414 -0.446825 -0.396641 0.149730 0.264982 -0.192318 0.059558 0.051130 -0.019385 0.144595 -0.226783 
-0.234716 0.139480 -0.051730 -0.232721 -0.069985 -0.140817 0.006898 -0.087297 -0.041173 -0.022892 0.067800 0.190098 0.154125 0.039397 0.050678 0.299529 
0.242481 0.154135 0.035999 -0.073374 0.113147 0.163200 0.020769 0.034381 0.045752 0.084411 -0.154332 -0.126564 -0.053243 -0.231883 -0.183507 0.103731 
0.055626 0.044410 0.139882 0.208526 -0.028083 -0.089864 -0.260388 -0.160411 -0.099793 0.167362 -0.223636 -0.095933 0.019322 0.005521 0.093700 -0.198877 
-0.025888 -0.198296 0.079832 0.040925 0.024329 -0.033987 0.090600 -0.245783 -0.250543 0.038899 -0.259946 0.089163 0.043157 0.106906 -0.020647 -0.018859 
0.114133 -0.065821 0.218307 0.307363 0.083842 0.150312 0.224313 -0.185267 0.117888 -0.278404 -0.016472 0.026502 0.088796 -0.248827 0.047494 0.048108 
-0.060073 0.045102 -0.017497 0.006820 0.172247 0.073800 0.011781 -0.001882 -0.038387 -0.146013 -0.001028 0.037738 0.032829 -0.001292 0.072826 -0.048050 
-0.020213 0.111413 -0.064935 -0.073646 0.097648 0.146789 -0.268870 0.116365 0.200139 0.163289 -0.120106 0.045482 -0.118751 0.075402 -0.119403 -0.086862 
0.098153 0.160980 0.149171 -0.032973 0.222419 0.137258 0.163395 0.122021 0.090511 -0.267199 0.067537 -0.027279 0.178577 -0.029256 0.108713 -0.079919 
0.181255 -0.050850 0.039120 -0.100135 0.136583 -0.133346 0.230104 0.095919 0.132249 -0.090999 -0.111928 -0.189658 -0.018425 -0.190195 -0.163034 0.096736 
-0.100710 -0.010224 0.051713 -0.210192 0.004113 0.126549 -0.072150 0.154900 0.076420 -0.126669 0.031634 0.132045 0.056016 0.074926 -0.189214 0.084444 
-0.149285 0.122718 0.093272 0.184243 -0.095902 -0.118331 -0.272239 -0.164476 0.189970 0.164870 -0.039865 -0.061131 -0.025520 0.205112 0.141086 -0.259608 
-0.202134 0.221287 0.101761 -0.204421 -0.036819 0.233573 -0.177148 -0.221175 -0.108041 0.146613 -0.013126 0.145419 -0.164136 0.231220 0.184157 -0.014768 
-0.347154 -0.150288 -0.287886 -0.193664 -0.000655 0.079941 0.325271 0.212653 -0.168219 -0.051020 0.022601 0.089140 0.144907 0.214831 -0.040324 0.088879 
0.223058 0.127768 -0.108997 -0.025460 -0.024773 0.056818 -0.103799 -0.327247 -0.198862 0.118794 -0.072462 -0.091506 -0.271352 0.017542 -0.106990 -0.196357 
-0.035520 -0.239909 -0.173278 -0.175610 -0.123687 -0.008080 0.266258 0.017617 -0.435722 -0.059759 -0.141888 -0.008872 -0.371944 0.137487 0.122450 0.000273 
-0.156388 -0.058793 -0.227468 -0.044722 0.099672 0.103606 0.109263 0.307550 -0.187048 -0.027159 -0.067020 0.042441 -0.134872 0.081512 0.194745 -0.226485 
-0.138828 -0.303214 -0.244332 -0.210118 0.091285 0.145112 0.191917 0.248517 0.131586 -0.286119 -0.187517 0.186857 0.034211 0.237683 0.006758 0.048013 
0.218302 -0.122183 0.162079 -0.109897 0.044519 0.286065 0.014885 0.294170 -0.049055 -0.295119 -0.209932 0.051827 0.002771 0.160709 -0.073038 0.056601 
0.115441 -0.391617 -0.474111 -0.134589 -0.134607 -0.126935 0.195519 -0.141146 
-0.042271 0.342230 -0.233751 0.110379 -0.057301 0.237416 -0.305110 0.272087 
0.485781 -0.039774 -0.288001 0.012652 -0.261787 -0.040160 -0.163177 0.126276 
-0.235362 -0.452062 -0.037628 -0.483088 -0.144120 0.019248 -0.473855 0.281881 
0.293136 -0.369941 -0.175133 -0.042728 0.249578 0.308647 -0.029073 -0.097036 
0.309840 -0.064556 -0.153124 0.204520 0.240532 -0.166925 -0.199500 -0.483167 
0.178742 -0.131250 0.056634 -0.469995 0.382659 0.034708 0.490309 -0.184896 
-0.401596 -0.153028 0.086392 0.153360 0.412362 0.142355 -0.019085 -0.351048 
0.417811 -0.202750 -0.031834 -0.019140 0.486073 0.549201 -0.364396 0.083989 
-0.326134 0.252320 -0.172228 0.368033 -0.350607 -0.038433 -0.006056 0.410170 
-0.216083 0.145105 0.270506 -0.461721 0.046527 0.369821 0.038753 0.193158 
0.214618 0.437118 0.278552 0.089410 -0.187358 -0.292149 -0.053139 -0.228255 
0.256554 0.229552 0.222731 -0.149531 0.244013 0.278438 -0.470427 -0.170714 
-0.281336 -0.163433 0.266298 0.280565 0.024213 -0.159451 -0.031380 -0.269111 
0.077285 0.271450 0.104873 -0.076510 -0.274401 -0.574423 -0.342874 -0.329282 
0.404921 0.289506 0.193861 -0.418317 0.265734 0.103841 0.070434 0.076198 
0.245088 -0.126452 -0.188577 0.066474 -0.046451 -0.324155 0.485351 0.642795 -0.112949 -0.135722 0.592775 -1.006558 -0.439918 0.952407 0.340047 0.052547 -0.232233 0.036895 -0.006026 0.258528 0.509181 -0.153313 -0.017086 
-0.265013 0.540961 -0.162319 0.510989 0.802256 -0.550462 -0.044367 0.045950 0.213065 0.787844 -0.362114 -0.500697 0.004794 0.309856 -0.398613 -0.142067 0.121540 -0.270277 -0.432523 0.576006 0.265488 0.029629 -0.061383 
-0.504278 0.841634 0.497962 -0.303514 -0.047440 -0.238372 -0.242118 0.674739 0.107398 -0.482358 -0.507730 0.519918 0.515990 -0.183215 -0.619258 0.353411 0.404803 0.055869 0.421473 -0.241824 0.147242 -0.244862 -0.139382 
-0.868876 -0.597388 0.274846 -0.228977 0.561375 0.207128 -0.296072 -0.288587 0.441925 0.116401 0.048503 -0.484210 -0.422285 0.004002 -0.359291 -0.665012 0.453400 0.187815 -0.359850 0.394142 0.067415 -0.141108 0.202771 
-0.012584 -0.342475 0.445562 0.420923 -0.243368 -0.399126 0.009403 0.257243 -0.758181 -0.375552 0.241967 -0.001470 -0.386788 -0.069766 0.133933 0.444053 -0.303060 0.154144 0.114309 -0.049720 -0.243755 0.403481 0.197920 
0.479931 -0.462229 1.010761 0.721027 0.000302 -0.298884 -0.642502 0.203781 -0.157516 -0.219562 -0.192510 0.114101 -0.256159 -0.365557 0.341014 0.791500 -0.598532 -0.090568 0.002668 0.449135 -0.422525 0.390753 -0.169115 
-0.523989 0.598341 0.034686 -0.409715 0.494984 -0.050451 0.239528 -0.195789 0.090605 -0.596777 0.860776 0.535562 0.718947 -0.335063 0.646811 0.523133 0.304042 0.392348 0.085151 0.247860 -0.228525 -0.144924 0.061447 
0.046944 -0.197361 -0.447326 0.320169 -0.062468 0.025761 -0.528354 -0.449227 0.912405 0.559416 -0.453604 0.080908 0.297262 -0.638970 0.637710 0.052105 0.324234 -0.134951 0.195166 -0.257142 0.080151 -0.088826 0.259303 
0.184533 0.092144 0.295769 0.141905 -0.006629 -0.290847 0.298128 -0.162406 0.001682 -0.151385 -0.207569 -0.180002 0.296919 0.180228 -0.221248 -0.383874 0.041279 -0.352119 -0.327492 -0.058580 0.181599 0.115756 -0.210889 -0.262749 -0.187353 0.493878 0.076357 -0.119289 0.218405 0.273855 -0.155803 -0.352489 
0.105192 -0.276000 0.244497 -0.025510 -0.013611 0.228388 -0.238956 0.086077 0.578254 -0.235515 0.339405 -0.086493 -0.218448 -0.223336 0.194406 0.535554 -0.201641 -0.193290 -0.038452 0.436397 0.282283 -0.096818 -0.242621 0.292687 -0.299738 0.150447 -0.858978 -0.280602 -0.820573 -0.020530 -0.270477 0.277674 
-0.171870 0.468470 -0.131777 -0.500686 -0.111392 -0.055560 0.466937 0.073832 0.258425 0.032646 0.410870 -0.113417 0.422766 0.146030 -0.166296 0.364009 0.013182 0.049261 -0.120717 0.009617 -0.387524 -0.268916 -0.190702 0.204646 0.577738 -0.130025 0.073750 -0.234049 0.098930 0.207351 -0.356171 -0.327106 
0.608524 -0.261903 -0.120261 -0.112086 0.174477 -0.226725 0.078042 0.101885 -0.429274 -0.024826 0.156314 -0.362304 0.261419 -0.262493 -0.426119 0.104314 0.269473 0.004585 -0.288140 0.267662 0.042781 -0.023950 -0.159753 -0.078186 0.131172 -0.087209 0.429229 -0.328457 0.113987 0.510825 -0.188336 0.041980 
-0.063322 -0.157986 -0.416253 -0.017576 0.302448 0.069227 -0.354900 0.244761 -0.455530 -0.283655 0.273994 -0.006679 -0.397885 -0.200291 0.013821 0.317508 0.354104 0.341631 0.412381 0.014098 -0.013494 -0.077623 -0.101841 -0.190637 0.039624 -0.310456 -0.078312 0.021709 0.231596 -0.068794 0.031896 0.383189 
-0.558600 0.122512 -0.010574 -0.272079 -0.229430 0.115901 0.124747 -0.140005 -0.021153 0.215226 -0.288144 0.199477 0.186258 0.100300 0.277462 -0.150573 0.087101 -0.031604 0.037519 -0.217631 0.126534 0.079568 0.321894 0.317204 -0.265250 0.342177 0.031076 -0.111232 0.008530 -0.286882 0.114358 0.085316 
-0.252961 0.142276 0.096449 0.372417 -0.054895 -0.205252 0.008166 -0.339069 -0.241191 -0.763191 -0.201747 -0.249685 -0.222417 0.421418 0.488041 0.209945 0.259601 -0.388963 -0.044955 0.269040 -0.049500 0.470541 0.086776 0.169387 -0.035239 -0.119300 -0.200386 0.022445 -0.526790 -0.231115 0.333425 0.133526 
0.319969 -0.082110 0.408497 0.111354 0.158386 -0.013124 0.043747 -0.249766 0.391924 -0.206063 0.067401 0.156075 0.044886 0.125356 0.118864 0.452654 -0.141967 0.258935 -0.305164 0.226793 -0.005137 -0.049877 -0.424593 0.082872 0.307817 -0.327340 -0.435338 -0.139645 -0.329184 0.299488 -0.434610 -0.364298 
-0.001923 -0.302956 -0.141498 -0.110011 0.182923 0.381547 -0.392623 0.093695 -0.263045 0.442143 -0.060318 -0.096930 -0.625632 -0.501266 -0.104317 -0.156418 -0.195014 0.040589 0.320983 0.184167 0.170074 -0.175395 0.236776 -0.166539 -0.247222 0.194721 -0.179241 -0.101814 -0.024831 -0.143247 0.169922 0.489289 
-0.006234 -0.595286 0.396088 0.298683 0.250391 -0.020509 -0.530090 -0.265197 -0.425404 0.051977 0.020170 -0.242933 -0.277474 -0.066695 0.026516 -0.079225 0.304278 0.094940 -0.101659 -0.006701 0.164328 0.392053 0.270373 0.111947 0.094947 0.354002 0.255444 -0.225545 -0.097446 -0.071058 0.419471 0.268108 
-0.252683 0.284433 -0.574627 -0.111160 -0.161990 -0.309523 -0.269472 -0.124161 0.164279 -0.034602 -0.324507 0.315509 -0.104707 0.420259 0.112999 -0.339378 0.019132 -0.130449 0.187882 0.361186 -0.137206 0.065145 -0.174537 -0.208905 -0.212760 -0.419210 -0.205348 0.498479 -0.385059 -0.400422 -0.184789 0.156205 
-0.435930 -0.110846 0.212952 -0.580276 -0.254526 -0.304118 0.024140 0.445209 0.290173 0.476392 0.313863 -0.139947 0.251835 0.167576 0.094660 -0.159420 -0.089853 -0.167845 0.350570 0.555646 0.414354 0.093987 0.256720 0.043172 0.340325 -0.209210 -0.038772 -0.171230 -0.165936 -0.075148 -0.218114 -0.060112 
-0.321142 -0.252116 0.147559 -0.322847 -0.230460 0.096261 -0.248975 0.294376 0.280932 0.084393 0.457021 -0.236644 0.076243 -0.040102 -0.017133 -0.058964 0.212513 -0.177220 0.398302 0.576610 0.427486 0.192777 -0.073462 0.150544 -0.271231 0.044804 -0.632465 -0.115134 -0.455119 -0.155588 -0.297958 -0.066409 
-0.135346 -0.211836 0.264175 0.366569 -0.053486 -0.362668 -0.281924 0.048339 -0.540551 -0.792938 0.097786 -0.169213 0.131851 0.336012 0.396941 0.093847 0.382941 0.116914 -0.164586 0.367568 0.056690 0.490270 -0.095852 0.202960 -0.119204 -0.086187 -0.205444 0.269614 -0.413128 0.322136 -0.014847 -0.115274 
0.274261 0.290254 -0.573720 -0.284030 0.352542 -0.252086 -0.060572 0.339558 0.091763 0.036822 -0.127668 -0.007924 -0.123507 0.152453 0.040799 -0.654832 0.340045 -0.299541 0.160771 0.113426 0.130230 0.015677 -0.205765 -0.316589 -0.438904 0.111128 0.266467 0.030908 0.154159 0.084247 -0.021834 -0.332263 
0.141884 0.543801 -0.231600 -0.254030 0.003428 -0.041452 0.405510 0.409445 0.055386 -0.094247 -0.055127 -0.182302 0.209713 -0.194059 -0.293523 0.101829 -0.195500 -0.308936 -0.302555 0.434526 -0.007493 -0.278849 -0.380497 0.105984 -0.105128 0.248951 -0.557178 0.012718 0.114262 0.347725 -0.500781 -0.517821 
0.769236 0.366381 -1.157608 -0.337384 -0.470993 0.378389 -0.185654 -0.449267 
0.028464 0.495378 -0.450857 -0.891318 0.356462 0.056438 0.091948 0.605734 
0.765712 -0.438659 0.464487 0.199775 0.164465 0.031550 -0.142859 -0.174629 
0.194583 0.040467 0.205643 0.455575 0.103038 0.846181 -0.358158 -0.073082 
0.068236 0.166577 -0.327978 0.573289 0.305885 0.331849 -0.082203 0.068115 
-0.050497 -0.415560 0.106722 0.363268 -0.357542 -0.015515 0.177563 0.429119 
0.335656 -0.045622 -0.599858 -0.702188 0.562994 0.131831 0.218537 0.376008 
-0.164084 -0.050582 -0.262885 0.054448 -0.113021 -0.655179 0.322632 0.112266 
0.294077 -0.147516 -0.243958 -0.872438 -0.827610 -0.035506 0.417895 0.341237 
0.166218 -0.540297 0.092794 -1.065354 -0.520909 0.235790 0.603994 1.428319 
0.141604 -0.588211 -0.132588 0.535375 -0.015091 -0.421555 0.039943 0.128900 
-0.312750 -0.164460 0.103036 -0.443653 -0.163425 0.196465 0.035908 -0.096442 
0.564894 -0.046864 -0.349584 -0.707380 0.296076 -0.130923 0.126334 -0.055811 
-0.083952 0.390900 0.217403 -0.554329 0.334963 -0.020996 -0.346326 -0.564376 
-0.254810 -0.193013 0.465222 -0.034196 -0.018941 0.029811 -0.317279 -0.454349 
-0.004101 -0.962226 -0.083365 0.691476 0.270998 0.156949 -0.180659 -0.080214 
-0.120716 0.424733 -0.107983 0.280229 0.308832 -0.106536 -0.244246 -0.306623 
-0.206371 -0.467055 -0.121033 0.300562 0.404601 0.188154 -0.139407 0.140444 
-0.528812 0.203122 0.162073 0.385931 0.052811 -0.136646 0.365350 0.101509 
0.025878 0.032231 -0.079242 -0.196066 -0.940755 -0.748974 -0.404733 -0.432793 
0.431567 0.217902 0.401733 0.259088 -0.151212 -0.363308 0.252247 0.092364 
0.100824 0.109504 0.393372 0.104628 -0.001024 -0.207920 -0.350136 -0.413230 
-0.208826 0.060171 0.666490 0.171321 0.209040 -0.308616 0.167853 0.247883 
-0.143361 -0.260256 0.459032 0.620314 0.424501 0.260770 -0.195613 0.257929 
0.019031 -0.817315 -0.310625 -0.275660 0.014668 -0.175619 0.014524 -0.373824 
0.469725 0.419450 0.355716 0.190216 0.179129 0.062383 0.301371 0.369739 
0.177498 0.098364 -0.495219 -0.890890 0.943534 -0.803626 -0.348481 -0.574740 
-0.368903 0.043268 0.039443 -0.413402 -0.185209 0.052995 -0.371804 -0.232223 
0.433347 0.377521 -0.685944 -0.441670 0.576321 -0.522120 0.088276 0.587640 
0.673154 -0.137589 -0.526769 -0.028551 -0.240254 -0.157597 -0.124283 -0.128958 
-0.197291 -0.185006 0.848624 0.409858 0.468532 -0.226237 -0.079337 -0.146078 
-0.214795 -0.185829 0.548198 0.728662 -0.343084 0.086602 0.017800 -0.091700 









0.000000 
0.000000 
0.000000 
0.000000 
0.000000 
0.000000 
0.000000 
0.000000 
0.968439 
0.266832 
0.205604 
0.383076 
-0.251132 
-0.722610 
-0.030084 
0.226281 
0.234788 
-0.557136 
0.015049 
-0.519359 
0.057949 
-0.620753 
0.115749 
0.049358 
-0.991941 
-0.190879 
0.589600 
0.916124 
-0.467728 
0.411443 
0.952686 
-0.026512 
-1.075107 
-0.458912 
0.841490 
-0.570693 
0.398758 
0.593854 
0.297259 
0.201159 
-0.013862 
-0.719828 
-0.483219 
-0.280046 
0.688557 
0.008594 
1.078582 
0.862055 
0.070811 
-0.980315 
0.158207 
-0.236530 
0.114957 
0.067640 
-0.133290 
0.256961 
0.113353 
-0.502864 
0.254253 
-0.318848 
0.607508 
-0.015953 
0.302424 
-0.323649 
0.023824 
0.653327 
-0.008484 
-0.378173 
0.080241 
0.599968 
0.852468 
-0.550088 
-0.498432 
-0.237316 
-0.584513 
-0.043064 
0.481898 
0.792041 
-0.203575 
0.337007 
-0.776908 
0.539599 
0.081296 
0.090252 
0.591235 
-0.098066 
0.251699 
-0.029121 
-0.287083 
-0.962884 
0.295314 
-0.411474 
-0.072603 
0.006263 
-0.011856 
0.394131 
0.221063 
0.284373 
0.213909 
-0.666965 
0.296937 
-0.045383 
0.207077 
0.639980 
-0.570164 
0.553831 
-0.768639 
-0.551286 
-0.068314 
-0.411982 
0.086557 
-0.289279 
-0.366957 
0.590378 
0.447721 
1.426974 
0.858275 
0.531355 
0.102982 
0.830403 
1.368000 0.142474 0.097855 
