0.799885 -0.677612 -0.828399 0.945248 -0.568771 0.888220 0.664600 2.163532 -0.259184 -0.154805 -0.946531 -0.369722 0.380253 -0.049402 -0.206540 0.405364 -0.197040 -0.676315 0.170080 0.199985 -0.376752 -0.608612 -0.112271 1.976912 -0.519579 0.283639 0.186145 -1.321535 1.870426 0.396089 0.114233 0.045453 
-0.108356 -0.139291 0.379738 0.134811 0.692048 -0.532364 0.001497 -0.018151 -0.138336 0.087914 0.091400 -0.050016 -0.131304 -0.095101 -0.012147 -0.763353 0.442550 0.098104 -0.334032 0.071824 0.269374 -0.022088 0.089294 -0.313684 -0.079886 -0.107032 -0.021434 -0.094558 -0.023339 1.326027 0.146536 -0.286653 
-0.725377 -0.470115 0.268759 0.750302 0.043660 -0.135590 0.067866 0.193850 0.097213 4.356068 0.451336 0.569840 2.255060 0.144127 0.226106 1.872092 1.569031 -0.026992 0.024358 0.031589 0.205111 -0.018818 -0.009368 0.263350 0.188305 -0.200048 0.052920 0.084261 0.418514 -0.114560 -0.065817 0.128447 
1.197621 -0.925072 0.922695 -0.134033 0.051307 -1.684291 0.006148 -0.092048 0.015873 -0.049566 -0.679907 -0.225013 -3.431452 -2.369346 -0.047453 -0.081462 -0.066296 -0.148037 0.030653 -0.026010 0.323399 0.255054 8.934121 -0.906861 -0.084765 0.027159 -0.064194 -0.061235 -0.837674 -0.085647 7.447783 -0.111593 
-0.056676 -0.012390 0.056078 -0.076451 0.084429 -0.037796 -0.050199 0.043920 0.021627 -0.013496 0.045726 -0.028218 -0.037753 0.079638 -0.015119 0.028803 -0.086389 0.080390 -0.040331 0.057497 -0.014924 0.003182 0.023114 0.012224 0.015235 0.033352 0.053130 0.045631 0.074067 0.068984 -0.080496 -0.072047 
-0.415554 0.040390 -0.078734 4.578294 0.016805 0.186200 -0.257491 0.133246 -0.147027 0.057626 0.245584 0.147509 0.040229 0.109127 0.070958 0.169127 -0.031571 -0.062162 1.439267 0.084849 -0.371473 -0.148331 -0.013458 0.022687 0.345055 -0.303479 -0.041901 -0.041749 0.331210 0.095804 0.073217 0.499764 
0.168386 -0.362934 0.314229 0.223241 -0.411181 -0.033129 0.283224 -0.039498 0.042136 0.142974 -0.410011 -0.160889 0.135875 -0.223896 -0.113278 0.336555 -0.258856 -0.034771 -0.178949 -1.136018 0.577134 0.030618 0.323437 0.339308 -0.364505 -0.568511 0.064175 0.031483 0.231754 -0.143217 -0.148903 0.247418 
-0.167230 -0.395841 -0.572500 4.088971 0.099675 0.529942 0.153129 -0.670415 0.246177 0.391018 0.339978 -0.129250 0.072983 0.428569 0.354616 2.577805 -0.364115 -0.326660 0.142105 -0.437868 0.309921 0.713387 0.367677 -0.196390 0.194183 0.439163 0.518516 -0.270787 0.165112 -0.172785 0.420309 0.224507 
-0.059179 -0.093686 0.292077 0.072770 0.241261 0.529444 -0.296481 -0.015568 0.549787 0.590449 1.078331 0.111750 0.004717 -0.251898 -0.229019 -0.373650 -0.648757 0.182792 0.233054 -0.023015 -0.023672 -0.171712 -0.491887 -0.180599 0.243541 -0.323731 -0.081993 -0.010250 0.648316 -0.094000 0.204294 0.044938 
-0.431080 0.108815 0.456861 2.338757 0.075988 0.213136 0.122659 3.613341 -0.052146 -0.227952 2.606452 -0.194792 0.064861 -0.084500 0.652872 0.732767 -0.124123 -0.292434 -0.011111 -0.084339 -0.018123 -0.193944 -0.001495 3.615203 0.155523 -0.429893 -0.049450 -0.071839 -0.225246 0.218528 0.067984 0.050463 
-0.070414 -0.875100 0.887394 1.759747 0.217123 0.798468 0.311112 3.941348 -0.593121 -0.619376 0.474231 0.142787 -0.196102 0.512277 1.352963 0.524357 0.199546 0.052715 0.719315 -0.511702 1.232933 0.199866 -0.733873 3.242176 -0.104490 -0.545150 -0.191608 0.081262 -0.834925 1.234061 0.214731 0.050958 
-0.013733 0.093947 1.016765 3.003228 0.147749 0.743850 0.305474 6.124541 -1.033273 -0.614930 0.604727 -0.534581 0.238636 -0.072491 1.788341 2.041518 -0.311493 -0.413188 0.285216 0.047320 1.043980 0.088108 0.509185 5.069586 0.030581 -0.200129 0.103057 -0.044908 -0.997308 0.872872 0.033139 0.233341 
-0.537718 0.092847 0.491183 2.435659 0.175994 0.224830 0.192158 3.900626 -0.005832 -0.273778 2.640023 -0.269471 0.063790 -0.137955 0.689088 0.701497 -0.164395 -0.225412 0.152273 -0.004013 -0.058552 -0.138932 -0.060707 4.061604 0.102766 -0.444684 -0.005653 -0.096760 -0.215806 0.313957 0.089493 0.147513 
-0.850116 -0.944086 0.250026 0.179449 0.595278 0.138849 0.066552 -0.987863 -0.963688 -0.297391 0.646002 -0.003526 -0.001653 0.407067 -0.618876 -0.515810 -2.231968 -0.982129 0.028159 0.512844 0.334906 0.353891 -0.787613 0.309967 -0.154582 -0.880423 -0.511816 -6.877940 -0.120845 0.193271 0.034298 0.148024 
0.202907 -0.099697 -0.191698 0.078646 -0.502265 -0.022751 0.096158 -0.368656 0.504797 0.361368 -0.068336 -0.223735 0.140844 0.106721 -0.025603 -0.093703 -0.088220 0.475736 0.127565 0.098263 -0.351588 -0.078519 0.108423 0.029753 -0.089479 0.190780 0.068819 0.036825 -0.313938 -0.076638 0.710394 0.592613 
-0.114395 -0.952749 0.216081 -0.556844 0.240969 0.516005 0.131360 3.641306 0.158987 0.753599 0.055730 0.594614 -0.138562 -0.160924 0.127875 0.192395 -1.192276 -0.636376 -0.411682 0.385315 0.742988 -0.688875 -0.385777 5.241284 -1.157227 0.100675 -0.485946 -3.650423 -0.580717 -0.212679 0.095599 -0.488534 
-0.062409 -0.013048 -0.057863 0.013498 0.037224 -0.086441 0.072288 0.051053 0.018611 -0.047578 0.015100 -0.040517 0.047584 0.001586 -0.037977 -0.021496 -0.076374 0.003796 0.084856 0.020278 0.013257 -0.080219 -0.022143 -0.075131 0.063237 -0.054283 0.009399 -0.007087 -0.028562 0.072987 0.033835 -0.001532 
-0.029500 0.065411 -0.077473 -0.081715 0.068409 0.084254 0.058777 -0.002419 -0.052763 -0.015562 0.046503 0.084261 0.075463 -0.080912 -0.026674 0.088528 0.012323 -0.031257 0.019366 -0.063859 -0.022037 0.086663 -0.049552 -0.048239 -0.057059 0.049286 0.034113 0.003818 0.032834 -0.021491 -0.087153 -0.086105 
0.210959 -0.739871 0.329171 0.074801 -0.375538 -0.287506 0.091013 -0.209434 0.121292 0.205953 -0.414825 -0.363191 0.119531 -0.279055 -0.288947 0.281030 0.001353 0.257923 -0.288448 -0.846631 0.168018 0.071158 0.438260 0.012103 -0.449621 -0.879987 0.081724 0.349385 0.042975 -0.198406 -0.210366 0.277110 
0.276040 -0.227209 -0.678477 -0.146865 0.054866 -0.269790 0.159144 0.220371 -0.321095 -0.425031 -0.191325 -0.382694 0.407422 0.221023 0.811534 0.188868 0.513785 -0.114311 0.061053 -0.184257 0.003436 0.386389 0.605657 0.137229 -1.386531 0.096850 0.157455 0.142557 -0.296980 0.281423 -0.328560 0.146835 
0.281504 -0.274060 -0.727917 -0.323225 0.331959 -0.302280 0.150191 0.222958 -0.367629 -0.201823 -0.075702 -0.353239 0.276600 -0.101014 0.858141 0.178098 0.401253 -0.208636 -0.133043 -0.227545 -0.119407 0.271177 0.479364 0.338382 -1.240206 -0.015998 0.187455 0.368630 -0.269096 0.121277 -0.285858 0.077261 
0.470922 -0.156945 0.388898 -0.244204 0.698255 0.049879 -0.749904 -0.603925 0.382903 -1.986495 0.370272 0.109950 -0.784330 -0.573404 -0.731745 -0.718087 0.040647 -0.688618 0.637880 -0.468859 -0.864409 0.174887 0.997347 -0.569027 0.331600 0.354156 -0.330969 0.077174 0.420718 0.089760 0.853279 -0.579608 
0.527571 -0.301886 0.433270 -0.142736 0.418293 0.128268 -0.770064 -0.541222 -0.165160 -1.533397 0.607449 -0.050290 -0.880510 -0.395959 -0.553309 -0.667058 0.395475 -0.935243 0.684114 -0.571468 -0.388541 0.067031 0.734249 -0.788512 1.921222 0.320635 -1.446077 0.196966 0.310259 -0.017886 1.011802 -0.475209 
0.026953 -0.713015 -0.017855 0.064482 -0.232867 -0.065879 0.042862 -0.124773 -0.329548 -0.463454 -0.966891 -0.501172 -0.327999 0.230846 0.313059 -0.193164 0.239705 0.053058 -0.830654 -0.559554 0.273104 -0.734034 0.066022 0.059083 0.541773 -0.318926 -0.548101 -0.771450 1.615201 0.296636 -0.328471 -0.480851 
0.160256 -0.875232 0.023113 0.000205 -0.136576 -0.294086 0.048687 -0.102616 -0.673748 -0.506638 -0.998836 -0.617544 -0.343460 0.339504 0.165565 -0.297564 0.389314 0.285811 -0.632974 -0.495883 0.120807 -0.790627 0.045908 -0.071144 0.446935 -0.294937 -0.553230 -0.644322 1.129104 0.253259 -0.400781 -0.487389 
0.458467 -0.050771 0.201575 0.034212 0.670035 -0.339009 0.377978 -0.144922 -0.230616 0.225780 0.452957 -0.404025 0.063737 -0.050370 -0.268524 0.505019 -0.022367 -0.483258 -0.347175 -0.414146 -0.143049 0.067334 0.056980 -0.318325 -0.313976 -0.366710 0.054660 -0.020475 0.007784 0.074247 0.412772 0.170547 
-0.173755 0.010785 -0.105620 -0.363375 -0.084248 0.203760 -0.339660 -0.140392 -0.114625 -0.216753 0.447312 0.065234 -0.037441 0.093648 0.419120 -0.373217 0.127091 0.212789 0.336823 -0.203192 0.182100 -0.048350 -0.298862 0.498682 -0.246223 0.664450 0.077524 -0.463417 -0.926943 -0.012189 -0.326764 -0.118698 
-0.229382 0.399366 0.064773 -0.074818 -0.365655 0.148330 -0.099215 0.361748 -0.006599 -0.142965 0.188604 0.111337 0.032976 -0.395667 -0.354125 0.342711 0.103351 0.405145 -0.023346 0.138279 0.018304 -0.284095 0.156284 0.128520 0.275307 -0.399075 -0.043336 0.234687 -0.318366 -0.163635 -0.066200 0.091750 
-0.151501 0.508210 0.119090 -0.339472 0.685621 0.296244 -0.024667 0.122507 -0.276684 -0.492555 0.060914 -0.331633 0.222016 -0.001050 -0.056875 0.104965 -0.019506 -0.539358 -0.082897 0.196609 -0.625476 0.115012 -0.056664 0.204099 -0.638333 0.526153 -0.140653 -0.054485 0.037261 -0.404524 -0.480486 0.003632 
-0.202997 0.553407 0.350846 -0.382401 0.168304 -0.013018 -0.539389 -0.329975 0.094783 -0.394553 0.691513 0.062035 -0.228776 -0.353010 0.033071 -0.125104 0.302834 -0.021787 -0.190020 -0.389442 -0.010167 0.426586 -0.303496 -0.081296 -0.049506 -0.187843 -0.487467 0.282540 -0.676274 -0.384794 0.023597 0.114087 
-0.150078 0.446361 0.155022 -0.098201 0.458077 -0.094366 -0.615010 -0.332684 -0.184469 -0.335101 0.428329 0.018824 -0.724219 0.099646 0.175767 -0.091533 0.324463 -0.129706 -0.203131 -0.450560 0.250145 0.243072 -0.083795 -0.417193 0.114489 -0.279078 -0.707347 0.385944 -0.757908 0.065731 0.404809 0.015111 
0.105377 -0.026202 0.062052 -0.022134 -0.126172 -0.034935 0.346828 0.074963 -0.061121 -0.056882 -0.056301 -0.193992 0.265531 -0.178341 -0.257470 0.224731 -0.469021 -0.194772 0.064095 0.107776 0.079091 -0.121524 0.228166 0.000196 -0.465085 0.434139 0.040597 -0.421727 0.075659 -0.117810 -0.246393 -0.144693 
0.241039 -0.286574 -0.413684 0.599700 -0.086567 -0.403537 -0.005810 0.021536 0.136963 -0.158817 -0.363871 0.058049 -0.185586 0.235021 0.018729 0.096358 -0.170862 -0.018892 0.066698 0.163038 -0.088519 -0.157714 0.435782 0.045224 -0.349687 -0.061646 0.077910 0.261073 -0.189141 0.039190 0.407196 -0.405523 
0.528446 0.001873 0.084028 0.504880 -0.746446 0.382513 0.523925 0.021962 -0.087240 1.457806 0.078644 0.311945 -0.710947 -0.189468 0.240218 0.809468 -0.189534 -0.096052 -0.386015 0.026104 0.319264 0.202067 1.225458 1.088727 0.601295 0.001815 0.518311 0.065567 -0.173123 -0.146415 1.147856 0.021828 
0.276593 -0.407038 -0.245612 -0.068922 1.080558 -0.187752 0.348950 0.436154 0.185410 -0.055968 0.038163 -0.400288 0.061700 -0.334944 -0.034495 0.285300 -0.466069 0.246397 -0.575321 0.281862 -0.265397 -0.276678 0.874694 0.761586 -0.513603 0.085366 0.598267 -0.506714 0.548015 -0.455168 0.307902 0.709867 
0.442717 -0.844571 0.155680 0.019618 0.814090 0.018576 0.529199 0.110800 -0.245223 -0.739237 -0.753000 -1.472879 -0.269301 -0.533347 -0.904345 -0.500898 -0.978137 -0.081650 0.762492 0.034748 -1.247102 0.132507 1.381847 0.137730 2.177951 0.267061 -0.293958 -1.192974 1.475327 0.134346 1.711980 0.099605 
0.068932 -0.588968 -0.181664 -0.123475 -0.320144 -0.321741 -0.021548 0.080468 -0.708645 0.368410 -0.102142 -0.075313 -0.803270 0.081829 0.157255 0.193851 0.277921 0.027689 -0.067322 -0.075555 0.221298 -0.453085 -0.186675 0.003251 -0.321563 -0.189598 0.076465 -0.136283 -0.566050 0.107563 0.081915 -0.266001 
0.357375 -0.900211 -0.073114 -0.074742 -0.196566 -0.370086 -0.217041 -0.258074 -0.758138 -0.221766 -0.504182 -0.003797 -0.335239 0.150856 0.276873 0.094813 0.512752 0.266702 -0.296129 -0.200815 0.507479 -0.592558 -0.279809 -0.104959 -0.039822 -0.234603 0.181564 -0.230080 -0.225247 0.636091 -0.037577 -0.279820 
-0.198950 0.233273 0.458057 -0.203622 -0.358303 -0.022420 -0.206283 -0.130679 -0.314180 0.631079 0.640175 0.346358 -0.268369 -0.081790 -0.007948 -0.232015 -0.074698 -0.038564 0.384910 0.269038 0.048341 -0.137927 -0.902400 -0.151257 -0.391044 -0.394421 0.119075 0.133395 0.052639 0.014398 -0.600945 -0.018324 
0.363371 0.410296 0.475348 0.417803 -0.592982 0.017158 -0.586839 -0.067770 0.816526 0.273082 -0.461358 0.643471 -0.375529 -0.489996 -0.565690 0.616220 -0.158171 0.294847 -0.737183 0.711951 -0.577561 0.760924 -0.247164 0.264783 0.017844 0.388719 0.275847 0.674279 0.527286 0.512326 0.481654 0.351411 
0.074686 -0.460277 0.284472 0.205120 0.087616 0.212252 -0.025710 -0.355985 0.657887 0.651039 0.445513 0.040072 0.020729 0.023213 0.013429 -0.708813 -0.359590 0.034390 -0.021372 -0.337569 0.476538 -0.200796 -0.051741 -0.310058 0.250043 -0.495858 -0.049594 -0.378757 0.330297 -0.272085 0.079157 -0.043705 
-0.111551 0.201928 -0.397338 -0.266265 0.022208 -0.101609 0.306673 0.427408 -0.919596 -0.746131 -0.330504 -0.406884 0.118640 0.239067 0.184968 0.541472 0.476812 -0.233506 0.145571 0.102384 -0.214299 -0.062841 0.013491 0.343352 -0.271596 0.417561 0.004802 0.105556 -0.549233 0.059765 -0.348031 -0.037886 
1.026199 -0.497861 -1.085421 0.449364 -0.209016 0.496595 0.278384 -0.594411 -0.413169 -3.858915 -2.941222 -0.551162 2.431319 -0.534255 0.480131 -0.314344 -0.971091 -0.408499 -0.361181 -0.362234 -0.104611 0.435583 0.656225 -0.028822 2.621562 -1.405493 -0.352698 -2.390232 8.676547 4.310435 -0.183519 0.727885 
-1.705240 -0.287734 -0.414346 0.174772 -0.464105 0.319299 0.285023 0.409074 -0.915701 -0.169689 0.100735 -1.189255 -0.344511 -0.285986 0.253902 -0.290686 -0.461957 0.254701 -0.800972 0.983675 0.201601 -0.137602 0.850740 -1.264364 -0.152189 -0.403521 -0.466759 1.372326 -0.388831 1.074129 -0.438794 -0.485651 
-0.054077 0.053407 0.052581 0.033900 -0.087092 -0.020316 -0.056172 0.065565 0.074878 -0.075778 -0.067355 0.053742 -0.062083 0.011821 -0.002509 0.029211 0.038003 0.055307 -0.062218 0.020500 0.046335 -0.028388 -0.046770 0.010399 0.050637 0.051649 0.035340 0.045416 0.077349 0.057271 0.065638 -0.066167 
0.155558 -0.208475 -0.306346 0.264481 -1.362980 0.484834 0.251030 -0.307737 -0.900845 2.046180 -0.347959 -0.765781 1.261897 0.405035 0.380912 -0.417376 0.551454 -0.269670 -0.072289 0.488143 0.010648 -0.856682 -0.371337 0.517071 -0.221959 0.797960 0.144194 -0.396719 0.736800 -0.299076 -0.766009 0.290010 
-0.007785 -0.013525 -0.063140 0.000680 -0.012525 0.026012 -0.005416 0.002135 -0.041630 -0.047209 0.044151 -0.008013 -0.002073 0.025939 -0.025831 0.008932 0.034948 0.066289 -0.023167 -0.073870 0.022201 0.044572 -0.042612 -0.059676 0.058212 -0.055377 0.025233 0.039685 0.086936 -0.045463 -0.047041 -0.010288 
0.030451 -0.020742 0.079831 -0.071513 -0.084169 -0.015025 0.020060 -0.036361 0.027205 -0.025227 0.045065 -0.064307 -0.088727 -0.070204 0.034064 0.035659 0.085524 -0.078542 0.051228 0.018287 0.055469 -0.080823 0.048049 0.024242 -0.046760 -0.016156 -0.025512 -0.049263 0.027820 0.016886 0.029888 -0.031168 
0.085582 0.020279 -0.013243 -0.088025 -0.084184 -0.082621 -0.034947 0.032460 -0.018410 -0.079320 0.057592 -0.017698 -0.060086 0.002217 -0.071478 -0.064001 0.013114 0.069189 0.043725 -0.020856 0.077805 0.002335 -0.086053 -0.058394 0.075618 -0.022126 -0.018219 0.013998 0.084198 -0.077770 0.072269 0.080342 
0.031948 -0.030413 0.081755 0.037203 -0.023596 -0.042631 -0.019776 0.047433 -0.032512 -0.051623 -0.059704 -0.003160 0.040033 -0.041743 0.022278 -0.036291 -0.061993 -0.023436 0.032291 -0.073626 0.068338 0.035677 -0.042581 0.054517 -0.075888 0.028639 -0.020924 -0.081128 0.040308 -0.038094 0.088652 -0.017183 
0.020931 0.080968 -0.069419 0.086775 -0.051101 0.000245 0.044769 0.005825 0.038061 0.074504 -0.086773 -0.011345 -0.056678 0.024944 0.041803 -0.029232 -0.087930 -0.015344 -0.013419 0.069847 -0.069106 0.033438 0.034925 -0.055555 -0.027362 -0.075438 -0.047244 -0.076493 -0.024094 -0.048031 -0.004238 0.086277 
-0.056501 0.015783 0.083612 -0.018164 -0.073412 0.038942 0.077100 0.054088 0.024007 0.079766 -0.046695 0.056768 0.015271 0.084547 -0.061903 0.016780 -0.020236 0.014116 -0.002813 0.000096 -0.041884 -0.057327 0.033981 0.020192 -0.043326 0.076175 0.033137 0.022019 -0.061295 -0.060539 0.018857 -0.028357 
0.290314 0.239278 -0.115315 0.239332 0.069365 0.908537 0.301057 0.142072 0.179816 0.046690 -3.699520 0.180317 -0.079454 0.294261 0.047523 -0.202305 -0.220772 0.689532 1.589813 0.089545 -0.504234 -0.304940 -0.297606 0.951506 -1.270716 0.155628 0.162647 0.202112 -0.747081 0.297808 -0.123832 0.271370 
-0.218000 0.532339 0.068923 -0.324977 0.104383 -0.117544 0.226570 0.580392 -0.709704 -0.470637 -0.190703 -0.159369 0.264694 0.133024 0.139336 0.483040 0.397945 -0.243776 0.130174 -0.106200 -0.113260 -0.237280 -0.205240 0.397130 0.227382 0.145941 0.081836 0.284969 -0.489557 -0.484400 -0.364589 0.178098 
0.071306 0.075379 0.081330 -0.059939 -0.026318 0.033801 -0.080839 0.029526 -0.059858 -0.065561 0.059143 0.006766 -0.086766 -0.047144 -0.020527 -0.057825 -0.020921 0.084695 0.053372 0.082354 0.074309 -0.064818 0.070539 0.070890 0.056819 -0.028222 -0.075540 -0.010055 0.026031 -0.051982 0.015905 0.007898 
0.017446 0.253947 0.483908 0.211017 -0.344882 -0.212444 -0.229793 -0.260912 0.372282 0.731474 -0.871315 -0.299481 -0.413272 -0.393465 -0.269018 1.466815 -0.488038 0.344867 -0.119296 0.180278 -0.611180 0.896273 0.400374 0.083030 0.526396 0.507217 0.088083 2.023413 -0.579987 0.504011 -0.048387 -0.341662 
0.456665 0.270305 0.371441 0.141461 -0.985999 0.442889 -0.593453 -0.469474 0.110406 0.523055 0.224167 -1.029122 -0.468377 -0.233739 -0.129995 -0.273382 -0.308823 0.371100 -0.295082 1.170185 -0.071564 0.426131 -0.375268 0.419416 -0.204708 -0.010291 -0.648682 0.147760 0.877682 0.712213 0.119269 -0.431716 
0.068075 -0.086048 -0.041027 -0.030002 -0.058057 -0.033387 0.031234 -0.033758 -0.037243 0.075580 0.029144 0.016319 -0.044229 0.020291 -0.056324 -0.006505 -0.067403 0.087454 0.034496 -0.073960 0.071348 0.046155 0.061837 0.088135 -0.071024 -0.081174 -0.003607 -0.032817 -0.047902 -0.001603 0.079132 -0.069265 
0.001788 -0.051335 -0.009829 0.033169 0.004717 -0.068033 0.088849 0.056913 -0.081892 0.028555 -0.016207 -0.036682 -0.040593 0.016908 0.046251 -0.018558 0.014922 -0.008691 -0.003080 -0.003169 -0.051975 -0.030681 -0.004473 -0.033561 -0.022417 0.081359 0.023061 0.019120 -0.009683 0.012753 0.039293 0.081543 
0.459713 0.730753 -0.275661 -0.652051 -0.039314 -0.838445 0.321317 0.350541 -0.442820 0.190697 -0.400163 0.363241 -0.665770 -0.753422 0.517091 -0.366391 0.903990 -0.594839 -0.218486 -0.960223 -0.081511 0.929984 0.327553 0.249197 -0.349151 0.832047 0.579010 -0.124004 0.407996 -0.445551 0.139017 0.818229 
0.170954 -0.785074 0.404787 0.203903 -0.251207 -0.391079 0.139075 -0.332387 0.221276 0.459477 -0.464943 -0.297292 0.083194 -0.219684 -0.393139 0.009993 -0.027827 0.089234 -0.294186 -0.645285 0.230037 -0.109440 0.311424 0.165660 -0.397876 -0.659192 0.113658 0.191153 0.074666 -0.241623 -0.455910 0.125786 
0.175528 -0.536728 0.025385 0.389846 0.301600 -0.400930 0.566653 -0.419874 0.771753 0.542380 -0.675371 0.190495 0.347078 0.381226 0.054730 -0.162569 -0.380552 0.149026 0.179490 0.302727 0.324792 -0.225117 0.807172 -0.355210 -0.371679 0.025777 0.671507 0.047509 -0.054348 -0.231602 0.502140 -0.128590 
-0.041299 0.083565 -0.004861 -0.080309 0.010678 0.058922 -0.062862 -0.084274 -0.024398 0.034791 0.045574 -0.081854 -0.016994 0.012324 -0.033000 -0.003837 0.002174 0.082491 0.015851 0.078321 -0.065786 -0.024417 0.058710 0.015833 0.067502 0.042352 0.055354 -0.060776 -0.089199 -0.010872 0.068586 -0.041059 
-0.016745 -0.025713 -0.031929 0.083371 -0.056230 -0.005352 0.088536 0.008811 -0.060000 0.044672 0.016395 0.012445 -0.032443 0.072834 -0.080831 0.059170 0.065886 0.024459 0.048052 -0.089339 -0.089396 0.017324 0.015933 0.067544 -0.029763 -0.018152 -0.082670 -0.029523 0.060415 0.075355 0.018857 -0.045769 
-0.144863 0.117185 0.479140 -0.245486 0.077201 0.076450 -0.683516 -0.473262 0.080530 0.065050 0.609701 -0.146850 -0.779798 0.128117 0.020826 -0.238691 0.369089 0.168210 -0.059521 -0.512541 0.023061 0.207611 -0.261795 -0.250620 0.377826 -0.050641 -0.833186 0.312555 -0.894867 -0.143192 0.189185 0.010747 
0.030534 0.028590 -0.019027 -0.077329 0.065290 -0.016805 0.023124 0.057223 -0.087626 0.046584 -0.072726 0.003825 0.078652 -0.054065 0.071724 0.045740 -0.076792 -0.039154 0.012871 0.007244 -0.044661 -0.041892 -0.027922 0.021119 0.088990 -0.003172 0.057876 0.026910 -0.049005 -0.040575 0.014473 0.070968 
0.275143 0.125214 0.063076 0.120023 0.142835 0.299952 -0.215237 -0.218417 -0.212043 0.102392 0.225791 -0.233097 -0.001149 0.146506 0.031104 0.059714 0.000636 -0.183912 0.876484 -0.927809 0.102622 0.172771 0.059219 -0.079603 0.129035 0.146288 0.134506 -0.317338 -0.165751 -0.026983 -0.373668 0.141823 
-0.073219 -0.011864 0.051929 -0.005139 -0.084541 -0.016421 0.064755 -0.021194 -0.068057 0.049034 0.031366 -0.084319 0.015599 0.040228 -0.087935 0.032449 -0.027478 0.005133 -0.084801 -0.047638 -0.019160 0.087385 -0.068246 0.042813 0.049130 0.027494 -0.033658 0.059739 0.048268 0.050278 0.058362 0.064488 
-0.051025 0.020852 -0.030089 -0.046127 -0.085007 -0.054773 0.022118 -0.063625 0.083700 -0.035954 -0.058505 0.009860 -0.085165 -0.057001 -0.047129 -0.023204 0.037571 -0.042492 0.018597 -0.071028 -0.044545 0.039789 0.061224 -0.084854 -0.022156 -0.061873 0.064324 -0.063326 0.077844 0.033247 -0.088277 -0.062619 
-0.035339 -0.028927 -0.019307 -0.030908 0.005739 -0.086627 -0.005094 -0.000000 -0.033143 0.025839 -0.079579 -0.028869 0.058277 -0.037270 0.037365 0.006409 0.009678 -0.033477 0.024819 0.054571 -0.083126 -0.003396 0.059156 -0.015843 0.024170 0.034041 0.010269 0.012576 -0.022151 0.011431 0.039395 0.031949 
0.071943 -0.069350 -0.088398 -0.011757 -0.066539 -0.004054 0.077682 -0.010243 -0.067653 0.087542 0.050326 0.080062 -0.039167 -0.001747 -0.002968 0.059950 0.054215 -0.067587 0.025082 0.060528 0.018456 -0.005200 -0.044755 -0.046812 -0.060598 0.054953 0.055202 0.006690 -0.023054 0.005159 -0.050801 -0.040550 
0.025247 -0.049760 0.037132 0.048147 0.035625 0.025375 -0.051535 0.057411 0.023478 0.088230 0.048034 0.073750 -0.002956 -0.044372 0.044261 -0.038179 -0.022520 -0.020095 -0.067091 0.085375 0.064143 -0.022406 -0.050876 -0.085894 -0.056892 -0.085113 0.010234 0.009493 0.009485 0.048873 0.058382 -0.054707 
0.088552 0.006075 0.082879 0.034738 -0.057989 -0.058096 0.002710 0.054927 -0.059305 -0.038694 0.039239 0.027178 0.006373 -0.005939 0.078438 0.073291 0.063404 -0.078092 0.069227 0.038108 -0.011059 -0.071088 0.041653 0.021488 -0.066762 -0.037552 -0.058458 0.032161 -0.078118 0.089362 0.066893 -0.079005 
0.005998 0.060333 0.045171 0.037448 -0.087202 -0.041558 0.002937 -0.057067 0.009187 -0.047264 0.059550 -0.073879 0.036236 0.048548 0.088851 0.010201 0.059896 0.068639 -0.041130 -0.040602 0.086990 -0.088916 0.070324 -0.069211 -0.037029 -0.077573 0.052389 -0.025708 -0.077650 0.029843 -0.015275 0.017787 
0.000737 -0.059542 -0.034204 0.002974 -0.011661 0.058172 0.035345 0.086964 -0.078531 0.005456 -0.076354 0.047144 -0.035434 -0.076942 -0.032094 -0.064977 0.081136 0.016215 -0.016141 0.078687 0.016737 -0.035256 -0.079963 0.069147 -0.023390 0.061865 -0.046000 -0.011602 0.002269 0.028164 -0.083253 -0.086433 
0.058060 -0.028019 0.005980 -0.043040 -0.059286 -0.048113 -0.045515 -0.048378 0.046782 -0.032430 0.088205 -0.078091 -0.019933 -0.033328 -0.053629 -0.028235 0.072326 0.019669 -0.038987 -0.000376 0.073852 -0.029511 -0.020668 -0.038977 -0.057085 0.022771 0.038860 0.034622 -0.038504 0.045046 0.037628 -0.069883 
-0.072412 -0.045831 -0.023485 -0.042259 -0.004505 0.020440 -0.001198 -0.047162 0.077449 -0.002431 -0.035814 -0.031923 0.053679 -0.000004 0.029281 0.036566 -0.069774 0.079732 -0.053249 -0.085361 -0.039218 0.015522 -0.034899 -0.006865 -0.051145 -0.085477 -0.061681 -0.000211 0.049007 0.065386 0.019345 0.066034 
-0.069883 0.085299 -0.065663 0.015050 0.016300 0.022578 0.057328 0.004310 -0.069292 -0.067925 0.061826 0.073826 0.021510 0.001668 0.020953 0.041176 -0.008039 0.057143 0.045254 0.042182 -0.016773 -0.079083 -0.054121 0.021521 -0.075122 -0.026363 -0.068129 0.063324 -0.050416 0.040654 0.039919 -0.030861 
0.036514 0.063695 0.073628 -0.036625 -0.003166 0.041517 0.057124 0.016980 0.063031 0.029511 0.001367 -0.004897 -0.058260 -0.067118 -0.053160 0.023140 0.079464 0.081532 -0.024117 -0.026748 -0.086989 0.011201 0.084211 -0.072673 0.074276 -0.073357 0.080090 -0.065579 0.056737 0.030571 -0.007001 0.003812 
0.004827 -0.022812 0.056626 -0.087778 -0.070733 0.024311 0.018641 0.081737 -0.035617 -0.069430 -0.012600 -0.004438 -0.047110 0.023679 -0.070737 -0.057085 0.015772 -0.005415 0.005606 0.018222 -0.083653 0.000379 0.034988 0.080062 0.016461 0.025640 -0.074955 -0.016241 -0.033228 0.007482 0.077010 0.061038 
0.074109 0.044197 0.062699 -0.086063 -0.020930 -0.008099 0.085112 0.032892 0.011910 -0.016926 -0.060985 0.054239 -0.082686 -0.042283 0.086593 0.022525 0.041741 0.002760 -0.048692 0.047527 -0.086300 0.075734 0.038150 0.019600 0.011935 0.052633 -0.086080 0.068146 -0.029323 0.080369 0.039745 -0.044653 
0.329516 -0.316714 -0.070513 -0.198618 -0.297529 -0.194781 0.123870 0.174171 -0.323815 -0.258948 -0.126737 0.265311 -0.260021 0.141485 -0.724091 0.709669 0.308359 0.251924 0.508907 0.121973 -0.285007 -0.304554 0.366213 -0.342640 -0.342247 0.055183 0.239973 0.200621 -0.314223 0.309630 -0.156513 -0.147563 
-0.177113 -0.740260 -0.802831 0.299631 -0.261233 -0.233559 0.285133 0.260060 -0.058260 -0.576592 0.015981 -0.299353 0.331503 0.130143 -0.024187 0.292163 -0.451438 -0.218947 0.276810 0.329172 -0.408273 0.189969 0.548666 0.444297 -0.471883 0.217985 -0.194540 -0.386139 -0.179261 0.257812 -0.314174 -0.526433 
0.033975 -0.011913 0.085227 0.086431 -0.006379 0.054694 0.076357 -0.014739 -0.083661 0.010507 0.010160 0.025072 0.000843 0.020623 -0.063541 0.088113 -0.025265 0.011394 0.079733 0.000088 0.001160 0.077079 0.059874 0.087995 0.058857 0.035332 0.083951 -0.024627 -0.028751 -0.065284 -0.070928 -0.084215 
0.012241 -0.075140 -0.087223 -0.083576 0.068993 0.078574 -0.008877 0.074771 -0.000358 -0.088155 0.010404 -0.088954 0.021906 0.036302 0.088598 0.086081 -0.041743 0.078892 -0.003271 0.048856 0.066532 -0.032835 0.047412 0.035950 -0.086942 0.041925 -0.078116 -0.026255 0.066079 -0.059605 -0.021031 -0.011119 
0.316723 0.706690 -0.149803 -0.846384 0.194469 0.329687 1.262421 0.382689 0.525777 0.155880 0.374975 1.069221 -0.401161 0.506166 -0.302869 -0.331432 -0.290848 -0.381220 -0.107808 0.477979 0.226761 -0.221215 -0.092744 1.127542 0.218976 0.691515 1.621327 -0.278421 0.510788 0.565023 -0.135232 0.267776 
-0.004571 0.023001 0.081077 0.055188 0.008869 -0.088782 0.025150 -0.003980 0.020080 -0.004403 -0.084361 0.075805 -0.034798 0.010777 0.000348 -0.075740 0.013205 0.063186 0.039289 0.072237 0.083997 -0.078048 -0.045111 0.057294 -0.005186 0.079602 0.007231 -0.081367 -0.085033 0.035488 0.065462 -0.000165 
-0.128902 0.379231 -0.209772 -0.320119 0.108997 0.042306 0.018960 -0.412975 -0.089081 -0.233775 -0.116848 0.400065 -0.668431 0.251166 0.593666 -0.320314 0.628641 0.325483 -0.585542 0.323962 0.351302 0.417233 -0.175736 -0.688297 0.544830 0.123107 -0.524868 -0.194623 0.479393 0.577091 -0.105647 -0.272896 
0.051921 -0.009887 0.079837 0.020239 -0.019153 -0.035663 -0.080802 0.056617 0.032792 -0.016599 0.008150 0.022585 -0.041487 -0.026618 -0.063856 0.086250 0.067342 0.011379 0.029667 -0.006185 -0.047935 -0.059060 0.004541 0.061790 -0.051118 0.023339 -0.002955 0.081751 0.018160 0.021573 -0.084648 -0.019357 
-0.077753 0.084629 -0.088557 -0.007467 -0.040473 -0.079921 -0.040289 0.081757 -0.007081 0.057300 0.014903 0.040871 -0.058757 0.040486 0.037682 -0.080853 -0.037574 -0.022090 0.002400 0.003930 0.008289 -0.082498 -0.023719 0.046609 0.030280 0.062765 0.038921 -0.040998 -0.005101 0.043712 0.029083 0.006584 
-0.075609 0.236664 0.077796 0.071337 1.324159 -0.284873 0.086606 -0.084620 -0.115291 -0.493332 0.108645 -0.057113 -0.193458 0.189468 -0.316788 0.109450 0.109281 0.044180 -0.054349 0.271236 0.099073 -0.059010 -0.153768 0.357439 -0.527168 0.072042 0.000433 0.575728 -0.011746 0.125780 -0.068974 -0.166827 
-0.387840 -0.092817 -0.124994 -0.048907 -0.110504 0.127477 -0.425826 0.463926 0.266636 0.325284 1.099148 -0.040445 0.380647 -0.725051 -0.545999 0.217684 -0.622907 0.561208 -0.051538 0.506610 0.115133 -0.287751 -0.332498 -0.153568 -0.052157 -0.337662 -0.029970 -0.411685 -0.121450 -0.280377 -0.186562 -0.526966 
0.072023 -0.062282 0.034077 -0.006450 0.013314 0.040150 -0.068794 0.005120 0.030056 -0.084328 0.043062 -0.047962 -0.044467 0.000127 0.052322 -0.036248 -0.030316 0.070881 -0.052731 0.017452 -0.035115 0.025803 -0.062120 0.041572 0.068917 -0.005817 0.076338 0.016256 -0.075371 0.018646 -0.012777 0.086090 
-2.432497 0.297775 0.188331 0.042919 0.164119 -0.364256 0.023208 -1.736619 0.137521 2.330029 0.115106 0.190713 -0.502083 0.870756 -0.067703 -5.710253 -0.107777 1.225319 -0.102868 0.156361 -0.567046 -0.046753 0.189428 -0.151113 -0.042695 0.857429 0.071155 0.084277 0.130639 -0.166461 -0.513998 -0.878793 
-0.087431 -0.061895 -0.074088 0.063457 0.038390 0.079588 -0.023915 -0.035092 0.008009 -0.069812 -0.063603 0.025997 0.026053 -0.038923 -0.075770 -0.075519 0.022465 -0.070648 0.056111 0.020216 -0.038206 -0.039004 -0.002554 0.077856 0.031658 0.080372 0.029109 0.031527 0.061080 -0.022987 -0.012239 0.063089 
0.004557 0.003111 0.037107 -0.046492 -0.006740 -0.076247 0.007855 -0.088170 -0.056619 0.033691 0.027266 0.058872 0.084207 0.040934 0.072792 0.017233 0.059725 0.039465 -0.051990 -0.067920 -0.088978 0.034896 -0.079503 0.032119 0.025828 0.039045 -0.025793 -0.002530 -0.073381 0.051407 -0.028880 0.020614 
-0.034920 -0.081211 0.063562 0.047778 -0.068020 -0.018022 0.049048 -0.035200 -0.073770 -0.013125 -0.065766 -0.079001 -0.061630 -0.082413 0.027670 0.087535 0.046491 0.065119 -0.069824 0.046952 0.010576 -0.059888 -0.010368 -0.053034 0.068596 0.053278 0.033874 0.084654 0.015247 -0.084445 0.015829 0.069765 
0.652347 0.044223 -0.441171 1.239673 0.909368 0.658583 0.219215 1.054140 0.215960 0.287980 0.251103 -0.361601 0.360852 0.742071 0.461302 -0.306466 -0.244607 -1.217178 0.488890 -0.320424 0.016580 -0.062300 -0.409184 0.564967 -0.826867 -0.214027 1.027073 -0.995843 0.393949 -0.460972 0.445171 0.852373 
-0.066949 0.213799 -0.025603 -0.094609 0.102269 0.083030 0.074596 0.081854 -0.085572 0.710744 0.072280 -0.052619 0.109842 0.058857 0.178750 -0.075385 0.083222 -0.033182 -0.026864 0.024237 -0.083564 -0.028282 -0.030567 0.052287 0.064426 0.064687 0.061838 -0.118074 0.004395 0.271223 -0.070744 -0.011984 
-0.170996 0.175307 -0.151023 0.097304 -0.346041 0.193973 -0.077143 0.061454 -0.161927 0.112455 0.225953 0.047812 0.163243 -0.048570 0.126812 0.149114 -0.145047 -0.046092 -0.088935 0.116562 0.197425 0.350020 -0.015975 0.071112 -0.086143 0.077963 0.212991 -0.805288 0.195081 0.064293 -0.115496 -0.140969 
0.225322 -0.200404 0.264571 0.403672 0.255712 0.420812 0.116953 -0.257033 -0.536534 0.135874 -0.414079 0.672798 0.502514 -0.253030 0.320643 -0.260023 -0.499296 -0.452163 0.120965 1.050161 -0.507970 0.445612 -0.177621 -0.480808 -0.422376 0.378832 0.283617 -0.107022 0.677012 1.474087 0.223021 0.226318 
0.512592 0.208690 -0.119486 0.518084 -0.152667 0.271323 -0.795558 0.549874 0.769987 -1.077436 -0.138552 1.312515 -0.440679 -0.355759 -0.518486 -0.703923 -0.470765 -0.031211 -0.703968 0.101388 -0.199888 0.499428 -0.431410 0.205010 -0.478877 0.104853 0.449363 -1.163341 0.321103 0.303561 0.832535 1.350835 
0.017114 -0.031999 0.013450 0.013474 0.011190 -0.047948 -0.012125 -0.032747 0.033621 0.083262 0.076608 0.075202 0.081421 -0.016149 -0.079721 -0.010730 -0.075761 0.023773 0.067677 0.085229 0.013825 -0.038896 0.072711 -0.058265 0.079050 -0.032540 -0.064772 0.015964 0.068112 0.065235 -0.015990 -0.004213 
-0.056202 0.086898 -0.080177 0.044427 -0.050488 -0.002864 -0.077759 0.072571 -0.009040 0.088288 0.058335 -0.017059 -0.017300 0.068053 0.061650 -0.003622 0.002387 0.039888 -0.007832 -0.073226 -0.088447 -0.024560 -0.042053 0.080042 0.032338 -0.017385 0.006568 0.011012 -0.041589 0.080016 -0.082639 -0.008352 
0.077475 -0.073378 -0.053364 -0.062452 0.013197 -0.041684 -0.079319 -0.085282 -0.042835 0.068454 -0.012902 0.029303 0.047068 -0.040691 -0.063758 -0.039984 0.088636 0.017849 -0.023771 -0.089250 0.082728 0.023615 0.080231 0.025627 -0.083209 -0.002640 -0.052799 -0.035359 -0.012063 -0.046000 0.045728 -0.024026 
-0.029939 0.081802 0.002961 0.072697 -0.049321 0.013080 0.076854 -0.002718 -0.007905 -0.025486 -0.062853 -0.050275 0.023262 -0.037172 -0.000820 0.022458 0.070116 0.064847 0.022647 0.063405 -0.000976 0.013440 -0.000407 0.005254 -0.078639 0.036232 0.059333 -0.001263 0.079671 0.015622 0.064150 -0.039706 
-0.584655 -0.227553 -0.418363 0.127920 0.127530 -0.141365 0.179708 -0.348872 0.447557 -0.299483 -0.084128 -0.003666 0.105714 -1.051118 0.451120 0.821111 0.242462 -0.309450 1.888409 0.403129 0.008724 -0.156976 0.084019 0.134449 -0.175793 0.136689 1.763256 0.169621 0.313196 -1.180958 0.090027 0.073134 
0.332177 -0.990433 -0.021469 -0.028827 -0.713164 -0.413914 -0.018544 -0.191467 -1.123251 0.813147 -0.443839 -0.300082 -0.772695 0.495807 0.258506 -0.089596 0.798674 0.118759 -0.322494 0.033167 0.202675 -0.716482 0.199089 -0.161796 -0.542131 -0.413803 -0.171699 -0.100161 -1.021878 0.193249 -0.029961 -0.439667 
0.090807 1.052484 -0.118984 0.164075 -0.607483 0.236952 -0.402191 0.231934 -0.523455 -4.363560 0.993801 -2.161690 1.775865 -0.147957 0.492879 -0.077664 1.078166 0.682545 -1.756269 -1.569316 0.222349 0.257879 -1.197664 0.614321 3.063069 0.542981 -1.051283 -1.867814 -0.853610 0.681706 -1.616164 -0.045893 
-0.050716 -0.002780 -0.047345 -0.009714 -0.001403 -0.048418 -0.077190 -0.055207 0.082241 0.049973 0.035875 -0.061922 -0.059943 -0.089312 -0.059863 0.029697 0.012048 0.075705 -0.049826 -0.016922 -0.014884 -0.004928 -0.026574 -0.066487 -0.088426 0.058924 -0.018129 0.033230 0.055074 0.079399 0.011071 -0.085081 
0.276718 -0.956429 -0.320022 -0.042758 -1.725052 0.158311 0.006295 0.134568 -0.389977 0.253905 -4.846522 -0.255567 0.219609 -0.711974 0.372835 -0.287280 -1.612151 -0.364435 -0.488542 -0.531599 0.297570 -0.367837 0.441215 0.630325 0.003973 -0.794065 -0.495632 -0.137841 9.416532 0.499689 -0.137140 0.367011 
0.390131 -0.436227 0.309356 0.617872 -0.597473 -0.569267 -0.288929 -0.555976 0.507236 -1.356737 -1.289940 -0.235725 -0.640279 -0.921783 -0.298675 -0.225770 -0.491877 0.819114 0.183169 -0.032270 0.460587 0.978630 1.992895 -0.228260 -0.396804 0.137951 -0.439741 -0.184042 -1.060035 -0.522985 1.155423 -0.834269 
0.384439 -0.331246 0.171149 -0.674383 1.085683 0.644181 -0.781996 -0.490257 -0.651861 -3.103676 1.586984 -0.765737 -0.241258 -0.227737 -0.835205 -0.720708 -0.809173 -0.776113 0.935613 -0.591621 -1.567831 0.748913 0.379534 -0.639098 2.351333 -0.222496 -1.485390 -0.280311 -0.855513 1.049385 -0.044745 -1.065943 
-0.333968 -0.236715 0.050273 -0.223968 0.139919 0.467337 -0.130436 -0.135139 -0.688210 1.289084 0.688476 -1.184015 -0.468589 -0.362991 -0.175462 -0.088703 0.429345 -0.411199 0.134350 0.012595 -0.564899 0.469339 0.392162 -0.043983 0.089660 0.519089 -0.099714 -0.382928 2.062470 0.310352 0.349264 -0.665005 
-0.031018 -0.113583 0.970328 -0.368947 0.561941 0.155738 -0.084056 -0.188053 -0.208128 -0.182320 0.523998 -0.018692 -0.140678 -0.372344 -0.328005 -0.062521 -1.231902 -0.183681 -0.123944 -0.081115 -0.219780 0.362380 0.233429 -0.144406 0.397116 0.050421 -0.125245 -0.098997 -0.565551 0.170643 0.071398 -0.100002 
-0.455436 1.060971 -0.032690 0.177518 0.804001 0.091141 0.384570 0.544934 1.337534 1.582949 0.947502 1.364728 0.605741 0.283957 -0.030268 0.486477 -0.115823 -0.157123 0.363718 0.810461 0.326568 -0.074307 -0.841730 0.299861 -1.013566 0.124589 0.930968 0.820917 -0.473327 -0.701158 -0.038554 0.978264 
0.071667 0.004944 0.228470 0.223642 0.080217 0.097182 -1.134398 -0.517219 -0.085643 -0.051077 0.055784 0.108762 -0.199123 -0.048770 -0.076632 -0.071329 0.029783 -0.507471 0.040653 -0.197977 -3.460382 0.022008 0.181276 -2.309784 0.019210 2.309195 -0.001623 0.040185 -0.136234 0.022334 0.136295 -0.001690 
-0.982798 0.435874 0.634752 -0.888463 0.623474 0.512352 -0.339335 -1.634678 -0.146306 -0.249568 -0.842381 0.863243 -0.583214 -0.256772 0.492840 0.027754 
0.415299 1.161628 -1.788654 0.461179 0.639044 -0.408832 -0.528430 1.345600 0.606514 -0.608902 -0.074342 0.483714 0.185818 0.354090 -0.841626 -0.804901 
-0.015855 -0.859805 -0.470023 0.156140 -0.084888 0.350127 0.760439 0.980462 -0.070606 0.262977 -0.127907 -0.272237 0.703354 1.240074 -0.851839 0.636185 
-0.282565 0.385122 1.404909 0.104845 -0.862085 0.138467 -0.159164 -1.193210 -0.457322 -0.232881 0.596450 0.043896 0.382181 -0.552734 -0.694614 0.107697 
0.555872 0.286742 -1.237679 -0.554357 0.223023 0.095945 1.232669 0.818091 0.933847 0.092082 -0.540004 0.683688 -0.291041 0.889913 0.877358 1.444588 
0.439754 0.210857 0.008998 -0.158201 -0.466555 -0.348895 0.688953 -0.216765 -0.604183 0.432635 0.466217 0.780164 0.463232 0.742226 -0.650224 -0.102351 
1.318612 0.648522 1.709943 0.183989 0.125256 0.551084 -0.451516 -1.054286 0.944170 -0.449680 0.803365 -0.004737 -0.903488 0.320921 -0.698683 -0.309976 
0.382869 0.887358 0.323720 1.001664 -0.098519 -0.375101 0.123559 -0.327414 0.305332 -0.273682 0.267971 0.231912 -1.937528 0.222967 -0.471713 -0.390659 
0.322933 -0.379628 -0.806420 -0.533647 0.143749 -0.014274 1.884741 -0.026173 0.246686 -0.284835 0.433576 -0.734766 -0.699673 -0.715909 -0.384801 0.509637 
-0.361139 -1.201052 -0.834733 0.224510 0.700378 0.271101 0.084076 0.361845 0.447673 -0.202681 0.945247 -0.162332 0.760641 -0.826593 -0.462682 0.652523 
0.149451 0.173722 -0.562383 0.434860 -0.297563 0.353599 1.128058 0.634896 0.361504 -0.289274 0.478744 0.596446 0.687575 1.004583 -0.187222 0.456508 
0.879874 -0.512699 -0.552495 -0.110488 0.535790 -0.172439 0.735607 0.309402 0.808986 -0.120655 -0.874273 0.313572 -1.114983 -1.053046 -0.205358 0.237302 
0.434022 1.068019 1.406949 0.124563 -0.035496 0.088221 -0.906417 -0.857213 -0.143731 0.388307 0.920390 -0.437184 -0.341303 0.805565 -0.066963 0.091793 
1.250724 0.929686 -0.309220 0.725432 1.708306 0.292806 -0.283475 0.621812 0.227533 1.805554 1.093256 0.490207 -0.419095 0.178766 1.075706 -0.286347 
0.019970 0.594455 1.502757 0.353216 0.641915 -0.484068 -0.264453 -0.395246 0.269529 0.272031 0.980420 0.961118 0.014046 0.268857 -0.039896 -0.406418 
0.587617 0.087902 -0.792483 1.342392 0.154129 0.003885 -0.426988 1.589684 -0.110774 -0.091205 0.459241 -0.939144 -0.441929 1.083718 -0.472657 0.426353 
0.117195 -0.584059 -0.683486 0.938179 1.283823 -0.604596 -1.537550 1.458368 0.758437 0.389205 -0.568168 0.135900 -0.490526 -0.121351 0.754224 -0.561448 
-0.075948 -0.875417 -1.322650 -0.325432 -0.620558 -0.918735 -0.466761 1.056471 -0.167215 -0.386079 0.105589 -0.671643 0.531898 -1.295991 -0.487706 -0.298074 
0.120719 0.503254 -0.901795 -0.370523 0.419411 0.151569 0.864505 0.555509 -0.027688 1.052459 -0.251030 -0.751811 -0.534390 -0.268471 0.981005 0.580531 
1.859479 0.481172 -0.911582 0.362208 -0.594672 0.071364 1.712632 1.012241 -0.999182 0.044117 -0.280692 -0.234127 -0.516060 -0.817881 -0.733465 -1.153424 
0.389821 -0.266612 1.181381 -1.180607 0.416624 0.521617 -0.345451 -0.287968 0.592335 -0.264331 1.426970 -0.098726 0.362292 0.143260 0.134086 -0.257114 
-0.610672 -0.123634 -0.751756 0.033076 0.278404 -0.151077 0.723100 1.158403 -0.716548 0.379039 -0.440787 0.397451 0.882742 1.203614 -0.751043 -0.039489 
0.062568 -0.872819 2.154768 0.330688 0.001699 0.478687 -0.104852 -1.559759 -0.481835 -0.371871 0.091705 -0.619815 0.367686 -0.301734 -0.413833 0.023912 
0.008938 1.969027 -0.087730 0.198716 -0.539305 -0.517581 0.058631 -0.187888 0.047541 -0.559735 -0.495539 -0.197126 -0.447129 0.729831 -0.473001 -0.808248 
-0.170916 0.080445 0.077954 -0.353213 0.107588 0.040145 -0.063066 -0.477964 0.362537 -0.189407 0.037091 0.472658 1.075706 0.617058 -0.392472 -0.178727 
-0.224833 0.238169 -1.153461 -0.585671 -0.222874 -0.750470 0.695144 0.497569 0.102170 0.826645 -0.919421 0.048899 -0.528646 -0.754303 1.035350 -0.202069 
0.460316 0.617299 -0.761323 0.245867 0.859530 -0.437358 0.015782 -0.043011 0.769303 0.027862 0.370153 -0.593365 -1.096733 -1.301598 -0.238929 0.071489 
0.219773 -0.649740 -0.541631 0.835737 1.276243 -0.619400 -0.200411 1.250439 0.213777 -0.014729 -0.786703 -1.284067 0.510643 -0.847552 -0.754642 -0.092519 
0.190594 0.514344 0.182401 -0.649816 -0.097779 0.234938 0.478219 -0.304170 0.399751 -0.639292 -0.837766 0.617253 -0.742390 -1.290773 0.156494 -0.560738 
-0.247115 0.391883 0.152592 1.270652 -0.228198 -0.381873 0.225135 -0.082878 -1.351332 0.097867 -0.368272 0.534132 1.564672 1.355469 -1.569039 -1.049011 
-0.070822 0.127301 -0.932040 0.060394 0.170459 0.801638 1.151952 -0.012064 0.475542 0.178013 0.119927 0.604029 0.156299 0.186132 -0.090444 1.328656 
-0.596703 1.066224 0.612663 -0.707936 0.603320 0.272944 -0.665287 -1.456567 1.126563 -0.377521 0.322933 1.615704 -0.329396 0.592733 -0.499751 0.195179 
-0.117156 -1.321622 0.982234 -1.139598 -0.209633 0.322917 -0.814622 1.604293 -0.595839 0.207251 -0.015559 0.722239 -0.949491 -0.579836 -1.577260 0.895988 
1.649143 -0.563378 0.140720 0.625564 -0.229404 0.725940 -0.745670 0.799408 0.477775 -0.888443 -0.466105 -1.748613 -0.307117 0.619765 0.516075 2.003785 
0.237709 0.707039 0.113169 -1.159400 -0.662425 -0.653223 -0.314055 -0.301818 -0.480647 0.602910 0.397281 -1.037934 -0.882163 -0.538405 0.905304 0.823455 
0.017903 -0.733915 0.190881 -1.137159 0.236510 -0.467857 0.498263 -0.094380 0.770462 -0.730515 0.779550 0.405675 -0.697915 0.014955 -0.060412 0.972181 
0.026349 0.089627 -1.004078 -0.651617 0.224872 0.289828 0.895125 1.048396 -1.544187 0.044397 -0.444763 0.356586 0.100067 -1.260188 -0.691604 -1.102202 
0.356348 1.155526 1.431115 -0.598076 0.653058 -0.314219 -0.122353 -0.116262 -0.461043 0.893992 0.198454 -0.953942 0.087633 -0.504018 0.769646 -0.335840 
-0.711237 -0.381183 1.398035 -0.813913 0.664750 1.175524 -1.033864 -0.247680 0.231635 -0.235590 -0.750962 0.492531 1.370931 1.202162 -0.904024 -0.284038 
0.759328 -1.052686 0.410922 0.104177 0.863802 -0.466199 1.076071 0.356544 1.171438 -0.713211 0.191064 0.405294 -0.641870 -0.272877 -0.818327 0.923214 
0.059621 -0.290771 0.761893 0.495002 0.379125 -0.283911 0.690267 1.189104 -0.261602 0.110864 -0.040711 -0.017103 0.225563 -1.312734 -1.025295 0.017976 
-0.052403 0.281618 0.120816 -1.722447 -0.456041 0.960332 0.913671 -0.258525 -1.885802 -0.227522 -0.533494 1.104820 -0.578715 0.821471 0.180730 0.157436 
-0.177321 0.506220 0.654359 -0.348900 0.318174 -1.725519 -1.384255 0.368550 0.573755 1.013247 -0.212172 0.582481 -0.680754 -1.036261 0.193114 0.113973 
1.454917 0.258086 -0.423574 -0.677484 0.680206 0.369117 0.212965 0.281104 0.091125 -0.718421 -2.268241 -1.743203 -0.266876 0.149191 0.188819 0.147333 
0.921973 0.727363 -0.462800 -0.598084 1.801521 -1.266940 -0.545382 -0.388491 1.586746 -0.565482 0.091984 0.424253 -0.771276 -0.544562 -0.069979 0.155670 
0.933296 0.475429 -0.057595 -0.156978 -0.098135 -0.194983 1.235693 -0.604711 1.084062 -0.199939 0.379631 -0.892162 -0.393686 -0.001375 0.585111 1.494976 
0.187848 -0.184693 0.546505 -0.272485 0.168902 0.778014 1.231546 0.329646 -2.088578 -0.043244 0.171985 1.563099 -0.295800 0.109414 0.741383 -0.152474 
-0.562278 1.171511 1.955608 -0.046755 0.436736 -0.033260 0.668740 0.537640 -0.111160 -0.241072 0.367051 -0.970452 1.444328 -0.128626 -0.518428 -0.098391 
-0.552176 -0.657528 0.601637 -0.499949 0.791472 0.288526 0.378141 -0.835043 0.043251 0.977484 -0.744843 0.356755 -0.519253 -0.013175 0.637180 -0.537665 0.508852 -0.415051 0.174464 -0.089086 0.193123 0.005142 -0.008072 0.540857 -0.871428 -0.176057 -0.622326 -0.142121 -0.489681 0.049261 0.499290 
0.510779 0.236526 -0.051067 -1.157354 -0.234019 -0.824170 -0.486442 -0.321617 0.227060 -0.070228 -0.478872 0.813545 0.621993 -0.093604 -0.830622 0.928376 0.002762 -0.031156 0.103089 0.018258 -0.111434 -0.117204 0.257639 -0.642933 0.322297 -0.507637 -0.095030 0.270592 0.038983 0.042672 -0.423480 
-0.402799 -0.459435 -0.718382 0.614595 0.356325 -0.700060 -1.457202 -1.025619 -0.489734 -0.740292 -1.042784 0.349992 -0.636311 0.892789 1.123787 -0.450831 -0.359686 0.149857 -0.581869 0.120660 -0.035803 -0.119769 -0.008588 -0.015276 0.575696 -0.559441 0.368035 0.084167 0.078345 -0.057664 0.392884 
0.606456 -0.005081 0.827364 1.110687 0.062288 0.409539 0.499409 0.673929 0.046784 0.770967 -0.213259 -1.320923 -0.241073 0.534319 1.018628 0.129355 0.197300 0.110631 -0.108000 0.232527 0.454051 0.091158 -0.169876 0.638276 -0.270917 0.057845 -0.600477 0.167154 0.056776 0.438910 -0.174810 
-0.135965 0.518659 -0.483852 0.152360 0.450769 -0.215543 0.684654 -0.796643 0.726848 0.701616 -0.971502 0.792308 -0.622986 1.437396 -0.441189 0.366035 0.390568 -0.379885 0.152211 -0.225516 -0.525488 -0.169482 -0.062270 0.454441 -0.053014 0.069501 0.382677 0.107510 -0.375561 -0.021131 -0.225612 
0.022399 1.073239 0.146846 0.639826 0.077277 0.593311 -0.936372 -0.897507 -0.207592 -0.186526 0.182485 -0.209039 0.780862 -0.036869 0.441448 -1.012453 -0.110429 -0.503305 -0.324172 -0.667898 0.177454 0.013071 0.198062 -0.518630 -0.696551 -0.026715 0.416020 0.484922 0.350401 0.229094 -0.723354 
0.633364 -0.612983 0.613981 -1.133151 -0.447896 -1.273459 0.026511 -0.241501 0.644766 -0.655253 -0.670021 -0.361149 1.344800 0.701646 -0.054174 -0.421600 0.182891 -0.827332 0.135055 -0.484397 -0.086804 -0.029678 -0.009101 -0.709907 0.374782 -0.589478 0.877005 0.108639 -0.168156 0.209504 -0.311295 
-0.389293 0.114401 -0.082264 1.278323 0.692433 0.148519 0.682249 -1.075292 0.175988 -0.361615 0.193293 -0.600946 -0.191357 -0.582694 0.402876 -0.732884 0.066655 -0.299860 -0.130541 0.047185 -0.199073 -0.182624 -0.028986 -0.472595 -0.182521 0.035023 0.088894 -0.417271 -0.286492 -0.145862 0.326010 
-0.338375 -0.596891 -0.544391 -0.088316 0.342241 -0.204158 0.330783 0.036691 0.377973 1.683798 0.248966 0.522924 0.158128 0.635655 -0.459772 0.804586 -0.952070 0.387911 -0.368321 0.118592 -0.637878 0.595598 -0.367722 0.139824 0.084112 0.171123 0.167741 0.337414 -0.528082 -0.146806 0.118123 
0.706090 0.075550 0.215881 0.552559 0.316833 0.211329 -0.029476 0.505857 -0.923384 -0.780536 -0.382366 0.303888 -0.936633 0.102563 -0.122078 0.786150 -0.300406 0.771890 0.176583 -0.179609 0.210760 0.185537 -0.441117 -0.070083 0.543141 -0.519472 0.299654 -0.298033 0.483400 0.075518 0.687597 
-0.318455 -0.989863 0.190907 0.159778 -1.362275 -1.231492 0.124412 0.359881 -0.823933 -0.043814 0.468218 -0.818443 0.635353 0.362217 0.768211 0.485397 -0.412916 0.028156 -0.035947 0.266157 0.178313 0.182693 0.380567 -0.296132 0.241318 0.751001 0.241935 -0.210930 -0.433834 0.324462 0.374697 
-0.967464 0.697752 0.158528 -0.117904 -0.219422 -0.861820 0.563564 0.603283 -0.084064 -0.828686 1.287361 -1.176389 -0.400386 0.449109 -0.436639 0.327488 0.387297 -0.067874 0.494549 -0.215648 0.082282 0.246838 -0.474572 -0.038129 -0.736199 0.128171 -0.471759 -0.143928 0.359917 -0.320541 0.128688 
1.070840 0.067080 -0.817336 0.615059 -0.404667 0.276480 -1.220690 -0.395028 1.157215 0.114775 -0.767627 -0.064300 0.415402 0.366299 0.616379 0.346656 -0.425900 -0.109215 0.272186 -0.005970 0.034645 -0.159008 0.453639 0.004520 -0.391500 -0.226766 0.154417 0.216089 0.301028 0.036193 -0.565725 
-0.250832 0.650581 0.086973 -0.722782 -0.438107 0.577608 -0.906098 0.641633 -0.532853 0.421503 0.817598 0.499145 0.579340 0.392130 0.199346 -0.242918 -0.282451 -0.438928 0.596990 -0.001908 0.911769 -0.046521 0.328623 0.084546 -0.375237 -0.500292 0.289301 -0.141715 0.387229 -0.152491 -0.044533 
0.027739 -0.344638 1.547456 -0.769442 -0.617260 0.121420 -0.357288 0.411701 -0.643549 -0.013011 -0.643486 0.726734 -0.145561 -0.421237 0.108045 0.245742 0.056325 -0.147501 -0.302388 0.073783 -0.066356 0.361398 -0.215133 -0.052898 -0.311939 0.324487 0.008886 0.288114 -0.209613 -0.215539 -0.077999 
-1.335429 -0.940994 0.434867 -0.747705 -0.389214 0.171033 -0.327277 -0.504614 -0.293272 0.454708 0.136984 0.328015 -0.015430 0.043088 0.664237 -0.262686 -0.236812 0.311631 -0.000972 0.151233 -0.163700 -0.235166 -0.240372 -0.389156 0.615254 -0.132889 -0.147343 -0.473363 -0.045512 -0.101780 0.807907 
-0.401572 0.466117 0.341594 -0.309833 -0.937232 -0.518179 0.297626 0.072648 0.882879 0.650968 -0.260190 0.019472 -0.357155 0.398447 1.224756 -0.358598 -0.494384 -0.778472 -1.058357 -0.205662 0.229595 0.524211 -0.226737 -0.082549 0.286545 -0.251427 -0.296350 0.293012 1.115981 -0.489686 0.323410 0.263055 
-0.444363 -0.666055 0.538395 -1.028992 -0.718295 -0.530209 0.354731 -0.362071 -0.281512 -0.407599 -0.238037 0.281309 0.235370 0.359344 0.554061 -0.504520 0.479872 0.106608 1.233354 0.379738 0.011928 -0.407995 -0.309416 -0.154966 0.636396 -0.167510 0.119339 -0.588430 0.279558 -0.762374 -0.073624 0.185497 
0.533605 0.387772 -0.804521 -0.074645 0.333859 -0.613029 -0.101236 0.158283 0.077315 -0.005718 -0.365151 -0.435384 -0.834773 0.845000 -0.637777 -0.123624 0.904463 0.112852 0.059059 -0.919707 1.069623 -0.900790 -0.634707 -0.603803 -0.558826 0.775141 0.477861 0.554272 -0.079475 0.030377 -0.569863 0.279452 
-0.406332 -0.317667 0.930394 -1.059432 -0.274400 -0.322979 0.764268 0.385235 0.389100 0.398804 0.352854 -0.390445 -0.006395 0.604480 0.930440 0.193497 -0.125807 -0.617332 0.751038 -0.515598 -0.399872 1.234259 0.390599 0.369080 0.231211 1.237533 -1.476915 -0.378179 -0.296970 0.565272 0.303478 0.153139 
1.326009 0.763424 0.292280 0.176122 -0.233564 -0.313818 0.154140 -0.926385 0.703189 0.482980 0.247768 -0.407329 -0.538973 -0.324860 0.184848 0.152421 -0.318946 0.085936 0.508467 0.714327 -0.392402 0.109416 -0.558692 0.121062 -0.217540 -0.097839 -0.133780 -0.695586 0.163010 0.028095 0.463231 -0.304634 
0.400967 0.902431 0.235164 0.802416 -1.233433 -0.313565 -0.369195 0.422690 0.262089 0.246346 1.244377 0.642044 0.577488 -0.142767 0.108723 -0.783260 -0.220760 0.369977 -0.525433 -0.635362 0.559303 -0.134639 0.524469 -0.578143 -0.981186 -0.499502 -0.316987 -0.503644 -0.436880 -0.600708 -0.081576 0.028233 
0.367584 0.499516 -1.016681 -0.095113 -0.149637 0.115784 0.545656 0.645459 0.748516 0.162851 0.290250 0.219965 -0.208375 0.384900 0.126702 -0.389722 0.440860 -0.256359 1.014240 -0.301640 -0.591912 0.186659 0.122183 0.776447 0.924097 -0.173176 0.234985 0.110159 1.060841 -0.811511 0.473082 -0.458660 
0.458046 1.072758 -0.808547 0.137940 0.205413 -0.062211 -0.590029 -0.348813 0.234788 -0.595253 -0.079186 0.178749 -0.162892 0.687450 -0.030343 -0.380312 0.761766 0.269279 -0.187490 -0.597995 -0.746349 -0.048183 0.795321 -0.870037 0.367414 -0.040226 -0.106647 -0.057761 0.323017 0.661726 0.121953 0.333929 
0.706811 -0.207828 0.090622 0.051663 -0.811073 0.666867 0.336177 -0.073035 0.306958 0.300579 -0.806954 -0.252270 -0.625329 0.136658 -0.989155 0.141800 0.126388 1.297696 0.157604 0.564320 -0.583416 0.741932 0.364464 -0.504380 -0.214179 -0.530271 0.659579 -0.843726 0.174326 0.201441 -0.181280 -0.379902 
0.252682 0.906132 0.022856 0.934231 -0.296641 0.197672 0.130249 0.485196 0.066475 -1.572156 0.614254 0.604345 0.186017 -0.633375 0.134548 -0.243729 0.353797 0.625431 -0.303373 -0.022131 0.009975 0.612209 -0.548158 -0.536561 -0.434636 -0.181887 0.245711 -1.010979 -0.491043 0.351442 -0.018957 0.382936 
0.317024 -0.675409 -0.693483 0.209426 0.435043 -0.563600 -0.303164 -0.069686 -0.724117 -0.016762 0.920098 0.474701 0.651651 -0.221304 0.483300 0.840420 0.448212 0.800096 1.252519 -0.704647 -0.929847 -0.646504 0.211083 -0.822704 0.951280 -0.072915 0.881977 0.092059 -0.827356 0.614529 -0.000101 -0.217914 
-1.011588 0.087307 0.132249 0.215080 0.312161 -0.526210 0.350330 0.741889 -0.329911 -0.802013 0.212331 -0.806180 -0.117466 -0.278825 -0.123326 -0.071518 0.133690 -0.399854 -0.211618 0.627804 -0.208471 -0.360338 0.332652 -0.722181 -0.693746 -0.440399 -0.638783 0.507697 0.080052 0.116765 0.949870 -0.230966 
-0.139784 -0.012148 -0.239409 0.689302 1.045652 0.061081 0.759916 -0.766976 -0.119636 -0.039953 -0.124686 0.705849 -0.210136 -0.008423 0.284371 0.608155 0.185005 0.309885 -0.361942 -0.708161 0.761362 0.093778 -0.003014 -0.116645 0.318595 0.059225 0.565731 0.330033 -0.192777 0.545787 0.800860 -0.691073 
-0.279459 -0.521679 -0.508865 -0.509258 -0.087744 0.143489 -0.423403 -0.210377 -0.844067 -0.330011 0.296125 -0.221626 -0.482981 -1.014454 0.297599 -0.549927 -0.770192 0.079758 -0.711281 0.790289 0.283474 -0.519908 -0.022235 0.392737 -0.037880 0.928098 1.231846 0.039255 -0.161563 -0.012298 0.687681 0.304060 
0.728565 -0.320477 0.258844 -0.137919 0.186554 0.101611 -0.804297 0.209412 0.346207 0.317232 -0.655954 0.933930 0.042979 -0.955539 0.099501 0.416149 -0.922094 -0.746313 -0.168078 -0.252530 0.520228 0.335833 -0.107192 -0.275053 -0.868914 -0.391491 0.754478 0.371481 -0.985483 0.940868 0.137934 -0.138114 
0.180693 0.415467 -0.795459 -0.697501 -0.709090 -0.246460 -0.243545 -0.534994 -0.416049 -0.555539 0.221412 -0.412275 -0.003840 -0.444256 0.455257 -0.511691 -0.418692 -0.314156 -0.275426 -0.192365 -0.501421 0.509891 -0.464085 -0.251532 -0.260717 -0.328547 0.164804 1.026930 0.795687 0.209423 -0.213524 -0.831092 
-0.161911 0.001187 -0.092655 0.099316 -0.002132 -0.101181 -0.386673 -0.198201 -0.320729 -0.198820 -0.711749 -0.543363 -0.192896 -0.247084 0.030807 -0.317522 -0.006963 0.008709 -0.412335 -0.329033 -0.279259 0.074223 0.067103 0.246645 0.306972 -0.207799 0.234293 1.000018 -0.066975 -0.052631 0.036319 -0.134146 -0.275668 0.029788 -0.370227 -0.404941 -0.050753 0.064884 0.234939 -0.269487 0.034505 0.045403 0.410966 0.374351 0.005953 -0.451745 -0.020304 -0.036224 -0.001102 -0.010705 -0.003753 -0.007393 0.001698 0.194360 0.021105 -0.465389 -0.363227 0.000668 -0.011669 0.915032 -0.393481 -0.328199 0.013557 0.000606 -0.088305 0.016357 -0.101078 -0.026168 0.002182 0.015262 -0.013108 -0.007246 0.004898 -0.011049 -0.013952 -0.008900 0.008395 0.005609 -0.007625 0.003869 0.018562 -0.628390 -0.269957 -0.013914 0.019663 0.980575 -0.001034 0.286207 -0.033897 0.017017 0.097699 0.338995 0.010992 -0.042855 -0.010136 -0.002204 -0.018851 -0.325378 0.017945 0.062616 -0.089492 0.205022 0.032123 0.008223 -0.002386 -0.009225 -0.012733 -0.008164 0.515530 0.001431 0.576667 1.579258 -0.730863 -0.240503 -0.216071 -0.468198 -0.156531 
-0.502545 0.134322 0.248273 -0.070564 0.027368 0.046015 0.497780 0.214512 0.064962 0.140765 0.651403 0.607097 0.199305 0.075820 -0.007459 0.298244 0.018372 -0.006603 0.627807 -0.196603 -0.307539 0.137543 0.183285 0.231709 0.188131 -0.093156 0.250300 0.000434 -0.425657 -0.613854 -0.485449 -0.034403 0.219500 0.931227 -0.253603 0.115798 0.318002 0.233253 -0.200373 0.353389 0.269488 -0.383566 -1.205769 0.879474 -0.017539 1.027825 0.001459 0.001364 0.002420 -0.029829 -0.030332 0.047350 -0.209392 -0.126448 0.023493 -0.071414 0.230532 -0.017415 -0.013286 0.729130 0.655196 -0.128277 -0.015022 0.026428 -0.062861 0.029192 0.090849 -0.028062 -0.005339 0.027719 -0.013123 -0.031485 0.019247 0.013579 0.005740 -0.035226 -0.009823 0.014475 0.015183 0.001362 0.004867 -0.029359 -0.101856 0.011521 0.023399 0.592347 -0.017785 -0.690978 -0.010386 0.020438 0.049116 -0.272009 0.001731 -0.005269 -0.025321 0.013613 -0.004124 0.448029 -0.029833 0.349459 -0.020381 0.397927 0.025021 0.011841 -0.022023 -0.023471 0.028229 0.391301 0.729040 -0.036913 -1.400673 -0.686388 0.610593 0.032776 0.125260 -0.209975 -0.021870 
0.310593 -0.220000 -0.083784 0.306493 -0.027720 0.141356 0.336222 0.013515 0.089905 0.200697 0.568296 0.489521 0.233184 0.210254 -0.098531 0.433474 0.010943 0.017956 0.399036 -0.226111 -0.285223 0.645871 0.705913 -0.590119 -0.618111 -0.152708 0.189816 0.533324 -0.262801 -0.286878 -0.474054 0.303861 -0.000224 0.231799 -0.394690 -0.047478 -0.330452 -0.442276 0.256414 -0.028688 -0.080826 0.043889 -0.722430 -1.132562 0.004763 0.975551 0.011424 0.073636 -0.039841 0.049601 0.023837 0.005730 -0.044850 -0.260510 0.000448 -1.073449 -0.386876 0.011086 0.041448 0.481751 0.382320 -0.357093 0.007747 -0.008553 -0.069473 -0.036212 0.103887 0.014403 0.007624 -0.051935 -0.013229 0.015688 0.002620 0.019234 0.026171 0.030796 -0.005848 0.007944 -0.022492 0.004695 -0.012362 0.171010 0.392626 0.002381 -0.034180 0.086123 0.014951 0.192984 0.029486 -0.032297 -0.001182 0.143992 -0.007798 0.028379 0.027549 -0.017742 0.005467 0.151238 0.021521 -0.076051 -0.328037 1.286582 -0.041222 -0.011356 -0.020080 0.020354 -0.060067 -0.409142 -0.082046 0.000616 -0.929433 0.555814 0.794590 0.349921 0.211908 0.082927 0.082156 
0.166633 -0.076039 0.018202 0.025569 -0.026426 0.037861 -0.281439 0.133412 0.156159 0.094554 0.450272 0.503922 0.095335 0.173498 -0.106107 0.153707 0.007536 -0.003007 -0.328691 1.150392 1.043513 0.163809 0.237541 -0.290636 -0.300450 -0.120974 0.112315 -0.600802 0.040533 0.039250 -0.154192 0.017856 -0.037679 -0.240486 -0.417146 -0.142333 -0.404036 -0.265047 -0.488886 0.302790 -0.029981 -0.091117 0.601049 -0.303989 -0.014845 0.054425 0.041315 -0.005987 -0.012868 -0.011759 -0.015862 0.020106 0.087279 -0.079026 0.014641 -0.714239 -0.520658 0.035168 0.006269 -0.119841 -0.274621 0.064851 -0.020935 0.003051 -0.079797 -0.016669 0.016085 0.063183 -0.008161 -0.019675 0.030226 -0.039725 0.010661 -0.001739 -0.015081 -0.001849 -0.010806 -0.025086 0.011232 -0.014163 -0.029165 0.599561 0.105662 -0.000878 -0.003827 -0.278621 0.016350 -0.515259 -0.022130 -0.012045 -0.001107 0.072228 0.014312 0.011555 0.031572 -0.001773 0.012059 0.278597 -0.016439 0.103218 -0.160520 1.502506 -0.000700 0.012361 -0.022235 -0.030197 -0.116615 -0.629510 0.723234 -0.000629 0.480486 0.063195 0.247683 0.018190 0.009512 0.133895 -0.048215 
-0.017191 0.301004 0.212097 0.128687 0.018517 0.042109 0.118060 0.289499 0.118430 0.166228 0.383546 0.489949 0.143236 -0.092153 0.113277 0.083266 -0.010364 -0.032686 0.078302 -0.378533 -0.252032 0.001858 0.051362 -0.027933 -0.038251 0.379654 -0.292482 -0.216775 -0.415358 -0.142097 -0.112485 0.074497 0.260665 0.029985 -0.068825 -0.328365 -0.078788 -0.089913 0.195722 -0.525386 -0.043069 0.271555 -0.514710 1.144979 0.026105 -0.640473 -0.032269 0.031772 -0.027920 0.082980 -0.008079 -0.026198 -0.044557 0.196609 -0.054526 -0.651728 0.106990 -0.041972 -0.033104 -0.527853 0.136000 0.135720 0.013383 -0.029035 0.010643 -0.035216 0.020937 -0.054259 0.038632 -0.014711 -0.009139 0.029031 0.048354 -0.037116 0.005175 -0.023010 0.004788 -0.000152 -0.033600 -0.007013 -0.047284 1.702914 -0.193103 0.038076 -0.016562 0.537913 -0.030089 -0.585979 0.033123 0.012548 0.063987 -0.180672 -0.007479 -0.082143 -0.014956 -0.022289 -0.002428 0.357602 0.022039 0.094142 0.020414 -0.248280 0.003401 -0.010348 -0.024412 0.027316 0.096476 -0.054752 0.872581 0.015278 -0.442484 0.085994 0.088760 -0.056238 0.039850 -0.043770 0.085778 
0.110784 0.006332 0.173264 0.052856 -0.006670 0.055586 0.238836 -0.016831 0.149585 0.119664 0.423192 0.483035 0.170446 0.092669 -0.034679 0.417450 0.020973 0.024278 0.327161 0.246499 0.133273 0.172508 0.110304 -0.068641 -0.048468 0.148257 -0.165836 -0.044173 0.179574 0.208306 0.253877 -0.326254 -0.113436 -0.148236 0.269401 0.373186 -0.197192 -0.161871 -0.147722 -0.031358 -0.081924 0.106990 0.111407 0.223009 -0.027579 0.058140 -0.044308 -0.002942 -0.014952 -0.029384 -0.009705 -0.012219 -0.058405 -0.044642 0.001129 0.077863 -0.189300 -0.010633 -0.005915 -0.163907 0.234913 -0.453634 0.019268 0.039353 0.249530 0.032977 0.033758 -0.070250 -0.026409 0.006835 -0.036110 0.021092 -0.025990 0.001205 0.018200 -0.005190 -0.002592 0.039364 0.013972 0.015641 0.089633 -0.153857 0.230544 -0.046401 -0.011754 0.911582 -0.011011 0.297500 -0.007364 -0.011342 0.007302 -0.308096 -0.031461 0.005171 -0.022295 -0.035483 -0.059426 0.034582 0.036025 0.038559 0.091930 -0.104732 0.004770 -0.003161 0.056463 0.043732 0.002579 -0.118816 -0.073317 0.002238 0.093799 -0.287642 0.406962 0.136868 0.096423 -0.023764 0.080443 
-0.374246 -0.040974 0.071407 0.020784 0.028747 0.038505 -0.486959 -0.049199 -0.245331 0.077144 0.176295 0.083043 0.084886 0.056284 -0.051354 0.124013 -0.004547 0.005103 -0.643980 -0.109104 -0.056062 0.237556 0.326234 -0.220237 -0.230786 0.007512 0.047754 -0.470731 -0.025488 0.166745 0.270022 -0.563031 -0.062693 0.429905 -0.395175 0.165994 -0.022798 -0.121404 0.095896 0.547391 -0.124012 -0.010571 -0.437494 -0.291220 0.039849 0.430687 0.011935 -0.041041 0.035552 -0.011904 -0.021204 -0.023180 -0.056411 0.457065 -0.002311 0.219788 0.455530 0.039400 -0.019662 0.031327 -0.635999 0.368873 0.019968 0.014589 0.130101 0.023626 -0.006347 -0.004261 -0.034326 0.070982 0.039852 -0.025686 -0.013591 0.008112 0.000016 0.012204 0.017743 -0.003416 0.023418 -0.026550 0.019965 0.243292 -0.854676 -0.037568 0.024911 0.686421 -0.021955 -0.343204 -0.012786 0.036532 0.006645 -0.519684 0.005798 -0.042027 -0.003187 0.008648 -0.016708 0.185690 -0.058408 -0.205890 -0.223396 0.254969 0.041626 0.007650 0.016946 0.004567 -0.070365 0.090593 -1.025786 -0.026095 -0.473367 0.626946 0.340495 0.069274 0.008534 -0.124948 0.078241 
0.695260 -0.082925 0.026566 0.093659 0.018028 -0.088672 0.048017 0.066503 0.237359 0.065993 0.475520 0.224642 -0.030607 0.038351 -0.089573 0.022953 0.002991 0.005708 -0.001244 0.097086 0.154474 -0.286851 -0.310181 -0.263881 -0.332164 0.069430 -0.023701 -0.071328 0.395897 0.117865 -0.054830 0.228443 -0.077832 0.393332 -0.671249 -0.623503 -0.327029 -0.264651 0.306165 -0.583654 0.020322 0.215963 0.212165 -0.222815 -0.040772 1.125124 0.007141 0.001559 0.040400 -0.031168 0.021345 -0.031456 0.241289 0.079538 -0.076302 -0.032326 -0.120577 -0.021724 0.021795 -0.326176 -0.027832 -0.251881 -0.025955 -0.052522 -0.086984 -0.005200 -0.023999 0.034658 0.010541 0.015573 0.044761 0.047909 -0.005868 0.004809 -0.021305 0.020513 0.015415 -0.029048 0.000416 0.014179 -0.013661 -0.870957 0.255221 0.041759 -0.023928 1.200477 0.008837 0.171319 0.027399 -0.030627 -0.043543 -0.035720 0.013475 0.020632 -0.009737 0.003279 0.032431 0.150844 -0.000996 0.130633 -0.297731 -0.731337 -0.038070 -0.032551 0.020755 0.008244 0.005075 -0.421755 0.159107 0.005014 0.331117 0.250368 -0.402031 -0.170571 -0.035593 0.346389 0.090081 
0.119993 -0.085309 -0.069443 -0.033065 0.022331 0.049112 0.693674 -0.147614 0.352630 0.033088 0.209058 -0.035965 0.033474 0.055820 0.073036 0.144221 0.004670 -0.004174 0.707142 -0.338225 -0.189301 -0.713471 -0.843742 0.463881 0.421583 0.037779 -0.118232 -0.074945 0.781542 0.275420 0.116551 -0.409727 -1.241735 -0.595810 0.542494 0.314552 0.243587 0.105123 0.149439 -0.142108 0.115380 -0.042339 0.383743 -0.781603 0.029475 0.091165 0.001948 -0.015303 -0.013264 0.021621 0.043406 -0.044982 0.052147 0.353485 -0.032466 -0.509888 -0.017992 -0.000239 -0.004155 -1.019307 0.702847 0.019973 0.014106 -0.012247 -0.048334 -0.021229 0.000832 -0.013488 0.001959 -0.008503 0.013869 0.033071 0.006380 -0.022588 -0.018077 -0.015425 0.025052 -0.022782 -0.046361 0.022288 -0.007488 0.128215 -0.945428 -0.007745 -0.039120 -0.714740 0.005268 0.257382 0.015121 -0.035536 -0.097614 0.265148 0.011471 0.081108 -0.004806 -0.025223 0.003471 0.087403 0.005056 0.073810 0.223197 0.317393 -0.005951 0.028749 0.010131 0.035491 0.027063 0.170465 0.489450 0.047848 0.512901 -1.018671 -0.382900 -0.147379 0.124681 0.099270 0.170872 
-0.925003 -0.150171 -0.145266 -0.201997 0.026014 -0.104528 0.378121 0.126625 0.347208 -0.335859 -1.541961 -1.262153 -0.382799 -0.368267 -0.027040 -0.909746 -0.018999 -0.023919 0.453731 0.309803 0.277625 -0.559859 -0.402652 -0.339452 -0.325249 -0.209660 0.195249 -0.150327 -0.280491 0.061630 0.191604 -0.021645 0.018293 0.199781 -0.617344 -0.332904 -0.108962 -0.130105 0.423136 -0.537340 -0.089246 0.321751 -0.245795 -0.202999 -0.002017 0.657374 0.012981 -0.012349 0.033833 -0.035767 -0.026825 0.016675 -0.194225 0.129146 0.011628 -0.345076 -0.228426 -0.008716 -0.012117 -0.505554 0.488046 -0.377112 -0.024383 0.014845 -0.064838 0.018822 0.035535 0.014004 -0.012173 0.043042 0.006708 -0.023683 0.003310 0.011541 -0.003081 -0.015602 0.000003 0.008864 0.040681 -0.024358 -0.009444 0.457304 0.049172 0.005741 0.042914 0.060699 -0.022341 0.286334 -0.012863 0.054434 0.010922 0.078678 0.006903 -0.071782 -0.027836 0.034368 0.013455 0.154059 -0.048270 -0.249529 0.064631 -0.419061 0.024811 -0.023442 -0.007160 -0.041785 0.021194 -0.106991 -0.460319 -0.047353 -0.358562 -1.404739 0.096232 0.030355 -0.007910 0.665787 -0.042960 
0.050612 0.344392 0.026992 0.025780 -0.003127 -0.019369 0.043576 -0.070598 0.186799 0.136694 0.173429 0.351134 0.157519 0.189741 0.045495 0.300330 -0.030229 -0.026257 -0.005824 -0.145440 -0.037434 -0.006861 0.088404 -0.162631 -0.096313 -0.990094 0.905585 0.019773 0.108165 0.280039 0.181739 -0.266048 -0.231617 -0.121307 -0.231909 -0.178434 -0.089823 0.031496 0.037375 0.057761 0.114460 -0.106227 0.438190 0.950439 0.040182 0.961525 -0.003166 0.059961 -0.019224 0.066691 0.019987 -0.016750 -0.033884 0.045958 -0.018612 0.120839 0.478343 -0.023826 -0.016436 -0.424978 -0.061014 0.167820 0.007355 0.005664 0.216156 -0.024947 0.001482 -0.007414 0.019840 -0.031516 -0.014247 0.012377 0.008502 0.010578 0.008268 0.011966 -0.008044 0.029464 0.003826 -0.026378 -0.009850 -0.227229 -0.179676 0.028028 0.016982 -0.423670 -0.007857 0.191623 0.044078 0.036837 0.050892 -0.472274 -0.010880 -0.055440 -0.014768 0.008886 0.017784 -0.452334 -0.004994 -0.211518 -0.148571 -0.306935 -0.026453 -0.017506 0.000936 0.000416 -0.022423 -0.032784 -0.770784 0.011081 0.654950 -0.271037 0.038916 0.038017 0.020295 0.182129 -0.044504 
-0.242750 -0.152886 -0.100644 0.001134 0.027093 0.043715 -0.130570 -0.070213 -0.184573 0.039394 -0.011052 0.020728 0.003541 0.032802 -0.249003 -0.048983 -0.014729 -0.009660 -0.208228 -0.120771 -0.151758 0.026408 0.058531 0.015319 -0.008942 -0.181886 0.115764 -0.761239 0.361330 -0.126371 -0.218476 0.100793 -0.041916 0.114643 0.505702 0.561782 0.244000 0.035424 -0.121616 0.237813 -0.193227 0.144889 -0.115344 -0.850459 -0.011704 -1.314423 0.039396 0.019961 -0.000395 0.003514 0.011724 -0.016181 -0.022205 0.079499 -0.035079 0.371801 0.493729 -0.000773 0.012229 0.507840 -0.197053 -0.265658 -0.017022 0.009349 -0.167526 -0.016356 0.105075 0.043636 -0.018849 0.002040 0.053445 -0.004916 0.018036 -0.006896 -0.009509 -0.004165 0.012999 -0.005913 0.028740 -0.028916 -0.011908 0.951082 -0.055271 0.016891 0.012299 1.372609 0.000367 -0.106046 0.017707 0.013228 -0.017700 0.394902 0.029614 0.135926 -0.017191 -0.003912 0.024768 -0.300768 -0.051153 -0.037307 -0.409151 -0.238416 -0.015075 -0.014801 0.005383 -0.023100 -0.105592 0.130312 -0.251315 0.009060 -0.272886 -0.200710 0.245283 -0.027870 -0.026972 -0.010143 0.024702 
0.052220 0.108559 0.081380 0.018891 0.015083 -0.007102 -0.021381 0.056890 -0.139338 -0.020777 0.163649 0.178720 0.054020 -0.049622 0.036144 0.197241 0.001303 0.015934 0.082142 0.162822 0.127608 0.132396 0.143971 -0.177476 -0.112199 0.353056 -0.289536 -0.269903 -0.046458 -0.566623 -0.374407 -0.018085 0.067058 0.157973 0.206656 0.182119 -0.148993 -0.131707 -0.424908 0.236668 -0.256715 0.152966 0.364735 0.233361 -0.010387 0.397048 -0.015380 -0.008786 0.008165 -0.033564 -0.009538 0.022769 -0.046904 0.157990 0.043883 0.119439 0.193003 -0.031127 -0.012561 -0.676875 0.076568 0.419103 0.009534 0.043341 -0.776092 0.053901 -0.045250 -0.065182 -0.005620 0.015886 -0.043349 0.003229 -0.014598 0.012287 0.020504 -0.000780 -0.002679 0.032514 -0.009865 0.015232 0.026049 -0.344541 -0.245910 -0.014928 0.003405 0.639618 -0.002268 0.481746 -0.004435 0.005035 -0.013741 0.418476 -0.016488 -0.085746 0.000793 0.002307 -0.040681 0.646371 0.009460 -0.103326 0.115581 0.080440 0.026216 0.017372 0.003538 0.028790 0.040895 -0.229815 -0.241891 -0.021605 0.315885 0.515476 0.195102 -0.061794 0.090734 -0.063423 0.046928 
0.044570 -0.131258 -0.275070 0.054636 0.013351 -0.095024 0.026248 0.011404 -0.170480 -0.303472 -1.027149 -0.880856 -0.292373 -0.292882 0.081806 -0.597120 -0.007758 -0.003172 0.135412 0.169456 0.174059 0.049188 -0.018786 0.071473 0.090367 0.011731 -0.005254 -0.265722 -0.020006 0.126163 0.106304 0.052596 0.382262 0.274463 -0.018933 -0.479672 -0.026439 0.096560 -0.171900 0.132725 -0.142343 0.028123 0.510660 -0.496300 -0.032506 -0.475615 0.012192 0.063694 -0.028673 0.008826 0.038866 0.045249 -0.010535 0.150280 0.018855 0.276860 0.530141 -0.065545 0.038297 -0.277710 0.179296 0.213882 -0.028108 -0.005138 0.411778 -0.008837 0.052491 0.000390 0.034195 -0.055579 -0.039982 0.023625 0.031730 0.012479 0.006784 -0.018142 -0.004394 0.014637 -0.032542 0.025219 -0.043051 -0.629673 0.236974 0.068267 -0.004524 0.537789 0.023732 -0.314285 0.030070 -0.015978 0.024292 -1.250613 0.022114 -0.007515 -0.018104 0.015416 0.038832 0.348637 0.015056 -0.116820 0.090666 -0.211040 -0.037545 -0.008796 -0.051404 -0.031852 0.073833 -0.189215 0.836237 0.001492 0.425229 0.552734 -0.426087 -0.152308 -0.095135 -0.044178 -0.119428 
-0.445443 -0.164478 -0.054050 0.104636 -0.021359 -0.005017 -0.235717 -0.013994 0.045637 -0.122393 -0.783533 -0.612430 -0.177955 -0.070587 0.110904 -0.426740 0.042543 0.012491 -0.237310 -0.098771 -0.205507 -0.081120 -0.165337 0.017693 -0.063735 0.019816 0.090047 0.744925 -0.238331 -0.162708 -0.088983 -0.349672 0.226902 -0.054661 0.335934 -0.084269 -0.193577 -0.205960 -0.032048 0.180364 0.130065 -0.156211 -0.459111 -0.161618 -0.031575 0.741348 -0.048972 -0.030230 -0.034654 -0.015475 -0.007141 -0.036301 -0.052346 0.011098 -0.046746 -0.055096 -0.238952 0.029412 0.011725 -0.464760 -0.263821 0.090365 0.007363 -0.026792 0.058851 -0.027742 0.080341 -0.014160 -0.021657 0.001893 0.004170 0.017313 0.006532 -0.028681 -0.022885 -0.040162 0.009603 -0.012947 0.007061 0.024996 0.071892 1.192279 -0.051068 -0.040199 -0.025007 0.170962 -0.012773 -0.943101 -0.036589 -0.032398 0.065939 0.039198 -0.000965 -0.040977 -0.044169 -0.051518 -0.022418 -0.122415 0.043252 -0.023946 0.235362 0.472267 -0.004607 -0.014886 0.043568 -0.003417 0.020247 -0.098923 0.860971 0.027612 -0.477831 0.564458 -0.601538 -0.303130 -0.125253 0.016857 -0.032851 
-0.014230 0.184253 0.117922 -0.075250 0.019665 -0.002106 0.035789 0.060814 -0.152344 0.036305 0.449146 0.289813 0.033032 0.118094 0.109728 0.097583 0.005332 -0.008254 0.006284 -0.001666 -0.060042 0.392875 0.348023 0.068312 0.054569 -0.200032 0.178713 0.211735 0.718796 -0.081913 -0.072654 -0.041069 -0.107519 -0.243844 -0.355503 -0.337774 0.156706 0.134356 0.008324 -0.074807 0.056869 -0.017254 0.068618 0.462069 -0.017754 -0.319903 -0.008809 0.010568 -0.010767 -0.004862 0.023462 0.008336 0.085833 -0.109531 -0.016827 0.017734 -0.336592 -0.022836 0.013104 0.380179 -0.007775 0.328983 -0.012804 -0.008366 -0.082248 -0.012687 0.107663 0.001385 0.003872 -0.012448 -0.004741 0.011780 0.012713 -0.007284 -0.008554 -0.031591 0.001721 0.000992 0.008621 0.014800 0.016611 0.480764 -0.049274 0.022594 0.008809 -0.397087 0.001159 0.201503 0.007739 -0.009969 0.020940 -0.207556 0.014388 0.132150 -0.045501 -0.000128 0.029069 -0.188032 0.014907 0.106710 0.137317 0.055678 -0.022428 -0.005895 0.009088 -0.026905 0.012392 0.143088 -0.249503 0.026016 0.037825 -0.459263 0.250706 0.174727 0.021329 -0.002102 -0.080054 
0.078828 -0.247990 -0.148725 -0.008989 -0.078708 -0.051801 -0.308279 -0.071600 -0.384947 -0.051743 -0.456569 -0.229856 -0.064580 0.083996 -0.143550 -0.197460 0.056068 0.008445 -0.248162 -0.216904 -0.301473 -0.342810 -0.335732 0.169586 0.082901 0.275741 -0.266635 0.495595 0.156884 0.067533 0.163071 -0.096707 0.119645 -0.083194 0.632562 0.469178 0.120661 0.236934 0.155390 0.060192 -0.465346 0.496196 0.135108 -0.442614 -0.031858 1.073899 -0.011695 0.040791 -0.045024 0.018414 -0.058432 0.030982 -0.012212 -0.085036 -0.021229 0.130698 -0.244351 0.052053 0.012250 -0.431197 -0.350652 -0.501565 -0.008417 -0.007476 0.024514 -0.029017 0.028084 0.045629 -0.021690 -0.038867 0.005226 -0.033999 -0.004605 0.034010 0.011299 0.000948 -0.046604 0.000140 0.034337 -0.005816 0.035719 1.046282 0.037413 0.000854 -0.021354 -0.593911 0.004860 0.839592 0.013406 -0.017148 0.074750 0.128502 -0.036723 0.026634 0.006957 -0.013691 -0.003031 -0.224862 -0.024592 -0.173148 0.082855 0.249167 -0.052628 -0.021338 0.012980 -0.039400 -0.149119 0.180133 -0.032386 -0.013375 0.222751 -0.009462 -0.709300 -0.282662 -0.316656 0.122107 -0.096372 
-0.686434 -0.117732 -0.138999 0.163383 0.043972 0.072013 0.337627 0.011161 -0.127637 -0.044008 -0.522357 -0.586724 -0.126844 -0.123238 0.152633 -0.344695 -0.042129 0.004947 0.309450 0.057885 0.044066 -0.175162 -0.230337 -0.142959 -0.179122 -0.250690 -0.075441 -0.739034 -0.295617 0.085090 0.175536 -0.095861 0.017704 -0.161509 0.380565 -0.142707 -0.095395 -0.317618 -0.281341 0.433896 -0.348667 0.142066 -0.981384 -0.557660 0.004481 0.169824 -0.006485 -0.015162 0.042490 -0.001550 0.058829 -0.040738 -0.151360 -0.195824 -0.007450 0.295269 0.117654 -0.026006 0.038303 -0.139685 0.400354 -0.012199 0.005253 -0.040933 -0.135224 -0.014412 0.068582 0.002929 0.021348 0.019548 0.004977 0.054198 -0.004311 -0.032649 -0.001807 0.019679 0.042262 -0.014633 -0.017966 0.012724 -0.028901 -0.103988 -0.224302 -0.004297 0.006770 -0.688107 -0.000973 1.495314 -0.008997 -0.001329 -0.097955 0.137110 0.030943 -0.004966 -0.007402 0.010761 0.026742 -0.365752 0.038741 0.163713 -0.124132 0.202187 0.008509 -0.029339 -0.003876 0.023371 0.219998 -0.125639 0.799812 0.011481 -1.030907 -0.257971 -0.050648 0.016106 0.165591 0.234554 0.072784 
0.303540 0.117008 0.115387 0.056207 -0.008673 0.106466 -0.770725 0.151137 -0.152743 0.158647 0.637500 0.527924 0.199072 0.162621 0.097560 0.483092 -0.021304 0.012141 -0.903086 0.645443 0.594063 -0.994258 -0.877040 -0.063893 -0.032274 0.330529 -0.262071 0.099340 0.131080 -0.052998 -0.087426 0.344365 0.370440 0.461009 -0.607087 -0.598890 0.156111 0.002142 0.285963 0.265239 -0.095729 -0.070401 -1.269056 0.456898 0.008701 0.545070 -0.008129 0.009725 -0.019614 0.012056 0.041193 -0.009112 -0.126540 -0.303033 0.040525 0.131413 0.027409 -0.009160 0.016749 0.734559 -0.867577 -0.042266 0.015055 0.010495 -0.004612 -0.008103 0.019604 -0.020341 0.014564 -0.032241 -0.037271 0.016744 -0.004557 -0.016306 0.005248 0.011447 0.010257 0.016476 -0.021255 0.009967 0.007741 -0.189753 0.748505 -0.026878 0.000225 -0.114763 0.012073 -0.217012 -0.022192 -0.010029 -0.007121 0.094243 0.006153 0.031525 0.012963 -0.014020 -0.012528 0.356930 0.064824 0.049735 -0.065410 0.233364 0.008830 0.006311 -0.005413 0.026678 0.112290 0.318794 -0.498750 0.020965 -1.143952 -0.545802 -0.765184 -0.334771 -0.027281 0.564540 -0.042831 
-0.365596 0.076136 0.033337 -0.026129 0.020645 -0.068893 -0.445705 0.093998 0.011740 0.017174 0.059310 0.152032 0.009014 0.079020 -0.028889 0.028299 -0.002102 -0.023333 -0.574074 -0.278890 -0.270172 0.551592 0.551579 0.347140 0.320907 0.066959 0.010596 0.259435 0.412674 0.113022 0.140510 -0.045542 -0.307520 0.044244 0.757764 0.427424 0.449945 0.325974 -0.419047 -0.067944 0.077138 0.008387 -0.713834 0.454549 -0.023164 -0.393101 0.021310 0.024623 -0.024788 -0.010039 0.011368 -0.004203 -0.284227 0.159026 -0.031396 -0.158185 0.050772 -0.019599 -0.000231 -1.073450 -0.539017 0.136461 -0.033318 0.011723 0.068936 -0.017095 0.112332 0.029534 -0.008418 -0.008733 0.027261 -0.013522 0.041532 0.003927 -0.037203 -0.046903 0.005022 0.007679 0.025437 -0.015754 0.007965 -0.712871 -0.469057 0.035693 0.028317 0.885022 -0.003261 0.312452 0.002422 0.031249 0.086094 0.164156 0.036642 0.088281 -0.061860 0.000964 0.033094 0.383096 -0.057708 0.194907 0.117776 0.074284 -0.015201 -0.013248 -0.005502 -0.062992 0.005673 0.440100 0.694478 0.004532 -0.890434 0.207676 0.248640 0.159402 -0.152174 -0.526106 -0.151596 
-0.004118 0.077296 -0.006985 0.068117 -0.021253 -0.025315 -0.267273 -0.151720 -0.155320 -0.060793 -0.392335 -0.358260 -0.072901 -0.031099 0.142672 -0.033790 -0.001574 -0.009561 -0.344781 0.332439 0.390351 0.554316 0.436970 -0.129261 -0.135731 0.610422 -0.609195 0.005949 0.310460 0.055341 -0.088398 0.030141 -0.186112 0.089440 1.230196 0.429059 -0.150771 -0.180867 -0.695190 0.050191 0.043485 -0.051331 -0.423075 0.500569 -0.003336 0.919853 -0.026860 0.003145 -0.028263 0.018311 0.017287 -0.029382 -0.074481 -0.103025 -0.018576 -0.039708 -0.004140 -0.019837 -0.018886 0.659322 -0.388967 0.339554 0.003894 -0.005163 -0.090390 -0.016873 -0.060351 -0.023661 0.020613 -0.037321 -0.021571 0.024932 0.008640 -0.020024 -0.020298 -0.013899 -0.002036 0.005045 -0.022709 0.013475 0.011497 -0.536609 -0.102733 0.001454 -0.018135 -0.566630 0.004152 0.152227 -0.001887 -0.011846 0.010849 0.037901 -0.008648 0.024140 -0.007443 -0.024116 -0.011429 -0.366428 0.040992 -0.175355 0.397807 0.171749 -0.010456 0.005037 0.013755 0.021398 0.080816 -0.033954 -0.002149 0.036705 -0.382011 0.075054 0.255641 0.322802 0.080543 -0.061018 -0.023901 
0.431328 0.184227 0.096734 -0.027604 -0.041204 -0.072888 0.071934 0.073277 -0.054506 0.126126 0.509865 0.441633 0.122781 0.057666 0.006901 0.167305 0.013125 -0.023151 0.109588 0.110296 0.159644 -0.718920 -0.693072 -0.377804 -0.382078 0.363917 -0.499469 0.007795 0.009899 0.051154 -0.052776 0.188489 0.322591 -0.013509 0.428951 0.209676 -0.243630 -0.078091 -0.023389 0.361410 -0.104050 0.013578 0.155567 0.691867 0.018666 -1.110548 -0.008218 0.072577 -0.017661 0.085197 -0.043781 0.032248 0.186451 -0.260453 -0.036468 0.427870 0.417292 -0.012204 -0.023913 0.269262 0.043334 0.412861 -0.001898 -0.032479 -0.011501 -0.026402 -0.087504 0.009911 0.038936 -0.040956 -0.007499 -0.007459 0.015933 0.031564 0.025382 0.023663 -0.045724 0.000774 -0.009992 -0.015624 -0.057746 -0.384352 -0.033750 0.074507 -0.016564 -0.107571 -0.002866 0.242667 0.071976 0.007027 0.070530 -0.313209 -0.041082 -0.062908 0.028444 0.020693 0.023673 0.004489 -0.025538 -0.061305 0.129744 0.000562 -0.050441 -0.014395 -0.033386 -0.008304 -0.027505 -0.216081 -0.622068 -0.014905 0.357355 -0.132744 -0.963580 -0.529532 -0.230711 0.815779 -0.016213 
0.100025 -0.051442 0.046020 -0.104000 -0.010390 -0.023936 0.291532 0.024663 0.064137 -0.047557 -0.099144 -0.169344 -0.042886 -0.035658 -0.038197 -0.017431 0.025466 -0.014800 0.244831 0.162710 0.158158 0.028975 -0.058238 -0.084931 -0.125284 -0.442848 0.306868 0.211638 0.419718 0.096928 -0.008018 0.014082 -0.294525 -0.023299 -0.122466 0.018610 -0.149818 -0.175082 -0.181399 0.123384 -0.138194 0.159574 -0.521801 0.324989 0.026581 -0.252993 0.012371 -0.057830 -0.027260 0.000346 -0.016414 -0.015920 0.037971 -0.135758 -0.007075 -0.000009 0.395849 0.046569 -0.036110 -0.259335 0.279729 -0.702037 0.002534 -0.004077 0.061160 -0.018127 -0.080338 0.012896 -0.009906 0.006273 0.029959 -0.037181 0.025525 -0.025255 -0.042796 -0.044127 0.005425 -0.039515 -0.023407 0.002456 -0.009938 0.787982 0.196902 -0.022378 -0.017279 0.026596 -0.002057 0.360543 -0.039300 -0.014252 0.022305 -0.130231 0.015595 -0.032472 0.006297 -0.024704 -0.009768 0.824569 -0.018072 -0.058111 0.528865 0.054054 0.033731 0.050183 -0.011947 -0.013098 -0.044726 -0.047688 0.074809 0.025412 -0.532026 0.217924 -0.081886 0.003250 -0.024788 0.039882 -0.016012 
-0.496465 0.120331 0.091064 0.142248 -0.077001 0.018781 0.356047 0.210833 -0.020487 0.250123 0.823572 0.942080 0.203330 0.323864 -0.087485 0.442637 0.009727 0.010956 0.439081 0.234680 0.267213 0.137059 0.119848 -0.285214 -0.325136 -0.264049 0.288546 -0.388266 -0.136763 -0.017986 -0.031798 -0.400115 -0.093077 0.343105 0.304360 0.180221 -0.234333 -0.153444 -0.479646 -0.521538 0.049857 0.056854 -0.595680 0.478716 -0.054044 0.584561 0.016449 0.022297 -0.017487 0.007056 -0.021179 0.018731 0.130264 0.083370 -0.001126 0.334976 -0.251025 0.027018 0.025258 0.358798 0.430461 -0.110115 -0.020984 -0.031948 -0.183044 -0.034339 -0.083933 0.074446 0.021950 -0.060980 0.015585 -0.012766 -0.000692 -0.009312 -0.002482 0.036045 -0.028671 -0.026011 0.007848 -0.007651 -0.039117 0.660431 -0.156828 0.013545 -0.026701 0.007401 0.029549 0.456388 -0.014973 -0.039125 -0.000930 -0.062240 -0.009524 0.065859 0.069869 -0.012368 0.006595 0.294016 0.047367 0.196457 -0.155377 -0.805246 -0.033738 -0.017502 -0.018492 -0.004319 -0.028898 -0.212854 0.343357 0.005572 -0.633778 0.534381 -0.194799 -0.078508 -0.134184 0.169010 -0.104989 
-0.590016 0.158505 -0.041558 0.111476 -0.017020 -0.120118 0.215050 -0.311012 0.088296 -0.085574 -0.334383 -0.420719 -0.137703 -0.504214 0.023889 -0.255631 0.026551 -0.018074 0.268049 0.128271 0.220006 0.501981 0.350844 -0.030540 -0.081007 -0.686950 0.457473 -0.075076 0.208066 0.386810 0.151670 0.009840 -0.166836 -0.385859 -0.489869 -1.000861 -0.005010 -0.047097 0.126820 0.110483 -0.020236 0.049638 -0.615067 0.964712 -0.042169 0.429901 -0.009307 0.000248 0.018207 -0.011124 -0.051014 0.000647 0.260497 0.057962 -0.067132 -0.643732 -0.124210 -0.039879 -0.055541 -0.763925 0.191061 0.144871 -0.026315 -0.026424 0.116144 0.018626 -0.217656 -0.018560 0.037112 -0.001725 0.016113 0.015574 0.013703 0.003164 -0.018246 0.002938 -0.026024 -0.022277 -0.022930 0.009712 -0.047317 -0.867473 0.107063 0.061936 -0.046564 0.351867 -0.004198 0.067178 0.033954 -0.025131 -0.011144 0.240444 -0.034397 -0.007507 0.033329 -0.006064 -0.014679 -1.643382 -0.003368 0.083457 -0.113221 0.929925 -0.013220 0.007707 -0.005274 0.040538 -0.042696 0.088647 -0.055427 -0.011882 -0.404922 0.248513 0.418216 0.184387 0.250247 -0.218564 0.158462 
0.233268 0.040553 0.006199 -0.167143 0.067640 0.062401 0.056516 -0.186794 0.027046 0.072569 0.492316 0.347298 0.161408 0.249106 -0.034950 0.286097 -0.001947 -0.001328 0.019680 -0.061516 -0.091458 -0.168417 -0.146795 -0.134237 -0.129308 0.216804 -0.032469 -0.351593 0.148411 0.103843 0.126985 0.035276 -0.179335 -0.247519 0.162096 0.338230 -0.168534 -0.269074 -0.121562 0.150806 0.034407 -0.071130 -0.175232 0.012402 0.051791 0.902342 0.031658 -0.044362 0.015112 -0.012774 0.021429 0.023858 -0.173832 0.072841 0.048719 0.202946 0.558114 0.022277 0.000498 0.389946 0.070715 -0.196496 0.011323 0.024925 0.063649 0.019164 0.106228 0.003088 -0.025347 0.054453 0.023160 -0.049488 0.017875 0.006775 -0.013465 -0.040638 0.024447 -0.008930 -0.000046 -0.000345 0.002592 -0.189848 -0.398871 -0.010072 0.052402 -0.989178 -0.004246 0.071369 -0.021315 0.033514 0.012853 0.199784 0.050318 -0.044578 -0.041412 0.033651 0.031749 -0.381933 -0.078591 0.244137 -0.332457 -0.351578 0.043586 0.048455 -0.028452 -0.054621 -0.042603 -0.309654 0.527806 0.000962 -0.190443 0.621264 -0.664490 -0.277733 -0.221797 0.218111 -0.104145 
-0.060315 -0.232677 -0.256639 -0.018516 -0.016039 -0.003637 0.128773 0.030053 0.266323 -0.100073 -0.497730 -0.514480 -0.071314 -0.128970 0.063716 -0.185386 0.029607 0.002800 0.194420 0.184213 0.166421 -0.004458 -0.018747 -0.190032 -0.221207 0.107781 0.059935 1.093625 0.454764 0.047803 -0.073668 0.038221 0.115614 0.077687 -0.328534 -0.089390 -0.209859 -0.285336 0.021229 0.466992 0.013796 -0.161614 -0.237979 -1.254131 0.031907 0.707121 0.014551 0.051337 -0.019689 0.033873 -0.002690 0.020576 -0.044153 0.112356 -0.004789 0.451147 0.981572 0.022798 0.017351 -0.696193 0.230349 0.213535 0.001593 -0.012901 -0.127256 -0.018795 0.038623 0.010952 -0.000914 -0.013783 -0.010244 -0.000701 -0.002958 0.046302 0.021857 0.014463 -0.011989 -0.002880 -0.027359 0.008831 -0.020743 -0.854740 0.129552 0.012632 -0.035293 -0.145066 0.001610 -0.763868 0.039959 -0.020256 -0.014312 -0.103885 -0.019425 0.061546 0.017304 0.006871 0.012060 0.679884 -0.032811 0.100887 0.137966 -0.205739 -0.030408 0.002599 -0.026887 0.002358 -0.028504 -0.236708 0.530257 -0.029511 -0.452497 -0.594844 0.548796 0.319471 0.167780 0.144204 0.133778 
-0.287689 -0.119736 -0.111231 0.163593 0.029673 0.066750 0.554986 -0.101146 -0.174617 0.073661 0.022334 -0.054444 0.082586 0.068549 0.041661 0.125739 -0.023872 0.004595 0.573611 0.770713 0.717554 -0.298101 -0.214670 -0.038865 -0.030392 0.037099 -0.092631 -0.000119 0.218556 0.550713 0.539304 -0.330759 -0.341855 -0.059591 -0.290636 -0.248297 0.397420 0.161101 0.173722 -0.118369 -0.056588 0.079882 -1.041544 -0.401686 0.047960 -0.015490 -0.004438 0.036268 0.001630 0.054907 0.044610 -0.018048 -0.044980 -0.042175 -0.002293 -0.374753 -0.021385 -0.008122 0.026411 0.013191 0.528662 -0.468545 0.024531 -0.018298 0.261705 -0.021476 0.082778 -0.012023 0.010696 0.002223 -0.006754 0.025204 0.003856 0.006528 0.018852 0.020503 0.020845 0.011632 -0.016124 -0.002238 -0.008633 -0.068085 -0.115810 0.006721 0.013925 -0.070056 -0.004799 0.459119 0.028306 0.015829 0.018823 0.100656 0.014883 0.016664 -0.018209 0.012075 0.025905 -0.248665 0.000652 -0.238037 -0.284552 0.155127 -0.011023 -0.015674 -0.012431 0.005346 0.049461 0.552032 -1.378520 0.005822 -0.898737 1.048473 -0.788746 -0.278429 -0.136000 0.072192 0.005140 
-0.028944 0.102027 -0.171468 0.010006 0.007355 -0.012231 0.193152 -0.027590 -0.078970 -0.144900 -0.634436 -0.464322 -0.180851 -0.149173 -0.047579 -0.322901 -0.047830 -0.018626 0.126449 -0.154410 -0.070389 0.166848 0.341092 -0.050676 0.026432 0.747302 -0.569758 -0.169852 0.459184 -0.245315 -0.237309 0.192930 -0.177604 0.017879 -0.869292 -0.958875 -0.051532 -0.103420 0.426077 -0.084562 -0.013127 0.032840 0.531940 0.031862 0.006074 0.201944 0.028361 0.003205 -0.018217 0.008504 0.046352 -0.042603 -0.103183 -0.176130 -0.002888 0.233057 0.290078 -0.011539 0.002354 0.592001 0.180991 0.015663 -0.010825 0.016404 -0.457585 -0.028015 0.022470 0.032583 0.000037 -0.032285 0.017513 0.009554 0.016305 -0.032059 -0.029573 -0.007149 0.021850 0.002680 0.006368 -0.023609 -0.011789 1.234898 -0.377377 -0.006414 0.016033 0.203353 0.011459 0.278798 -0.015240 0.018082 -0.011100 0.643951 0.035429 0.107547 -0.011490 -0.013991 0.014082 -0.301699 0.011938 -0.210759 -0.307456 -0.469893 0.001106 -0.007642 0.006144 -0.011555 -0.047863 -0.172776 0.008450 0.039015 0.600656 -0.048601 0.327319 0.255975 0.063802 -0.143234 -0.080148 
-0.073956 0.065687 0.000091 -0.022153 -0.020353 -0.061248 0.403963 0.007054 -0.097230 0.010349 0.131139 0.109998 -0.035611 0.169661 -0.071265 0.104707 -0.042225 -0.004514 0.362478 -0.478812 -0.267064 0.015462 0.160885 -0.143768 -0.084439 0.513196 -0.396971 -0.027108 0.354531 0.064746 0.096705 0.042797 -0.280292 -0.141210 -0.123926 -0.284650 0.022079 0.036654 0.255727 0.534181 -0.250565 0.048670 -0.228702 0.398385 -0.038594 0.308949 0.036070 -0.001188 0.005096 -0.048692 0.037060 -0.030980 -0.258603 0.522935 0.007980 0.548122 -0.217448 0.000266 0.018349 -0.796448 0.336128 0.118509 -0.033632 0.021739 -0.124051 -0.008738 0.004210 0.073967 -0.011028 -0.027004 0.025090 -0.002118 -0.009375 -0.004744 -0.041526 0.012205 0.009035 0.009553 0.044030 -0.026780 0.018845 -1.063779 -0.511310 -0.011130 0.033538 -0.299275 0.024827 -0.218324 -0.034295 0.025226 -0.012605 0.033486 0.032269 0.085522 -0.007898 0.003991 0.018304 -0.040171 -0.002617 -0.084469 -0.063959 0.443325 -0.012764 -0.027951 0.025825 -0.034875 0.023816 0.059233 -0.389238 0.015018 -0.362320 -0.207092 -0.010504 0.084050 -0.077738 0.106948 -0.187642 
-0.008048 -0.004678 0.046522 0.003323 0.017736 -0.055541 -0.165826 0.129613 0.035160 -0.079690 0.049637 0.020855 -0.062000 -0.100114 0.009867 -0.105656 -0.013630 -0.003584 -0.156257 0.052591 0.055842 0.376105 0.351400 -0.017548 0.036191 0.136233 -0.145485 -0.064173 0.241142 0.243853 0.357817 -0.245826 -0.350055 0.013151 -0.088470 -0.173955 0.168732 0.247222 0.020284 0.229677 -0.139375 -0.000844 0.304280 0.320155 -0.025501 0.123325 -0.001496 0.022381 0.003927 -0.008655 0.012454 0.047127 0.061236 0.062292 0.034290 0.013710 -0.186285 -0.054186 0.015045 -0.307158 -0.141456 -0.971819 -0.017209 0.002710 0.124160 0.014638 0.015777 -0.012970 0.027301 -0.020623 -0.037627 0.007201 0.013200 0.003547 0.012580 -0.011213 -0.008439 0.013690 -0.009976 0.017129 -0.029289 0.420764 -0.311141 0.044248 0.016307 -0.329368 0.010996 0.007909 0.010482 0.001845 0.007213 0.476771 0.008979 0.051583 -0.011046 0.026442 0.023387 0.348338 0.020849 -0.169271 0.180431 0.469728 -0.008742 -0.003949 -0.033502 -0.022292 0.082318 0.089219 -0.443333 -0.005590 0.247124 0.421343 -0.026444 0.032790 -0.037215 -0.084504 -0.114951 
-0.159522 -0.040771 -0.104041 0.057133 -0.022425 -0.009812 -0.037518 -0.066499 0.011766 -0.028538 -0.369915 -0.230219 -0.026791 -0.066904 -0.008806 -0.010858 -0.007700 0.009119 0.016736 -0.016826 -0.006642 -0.355747 -0.293507 0.106075 0.142120 0.139320 0.035555 -0.265889 0.747817 -0.035458 -0.116812 0.046096 -0.057823 -0.135162 0.091963 0.032427 -0.047882 -0.058572 0.099626 0.163805 0.138792 -0.222541 -0.097911 -0.141821 0.015243 0.352161 -0.001761 0.003824 0.012178 0.012240 -0.023929 -0.000173 -0.060095 -0.030693 0.016604 0.068102 0.126737 0.017427 -0.005796 -0.091736 0.039091 0.271600 0.013983 0.003325 0.061988 0.010531 -0.082914 -0.002689 -0.000696 0.009569 -0.004738 -0.008982 -0.016645 0.013562 0.018303 0.036707 -0.007669 0.008697 0.003698 -0.016485 -0.006792 -0.230129 -0.041505 -0.015499 0.002315 0.238755 -0.003593 -0.516442 -0.000438 0.016897 0.011228 -0.001523 -0.019503 0.120700 0.035024 0.007391 -0.021427 -0.162590 -0.004745 0.148213 -0.330487 0.057890 0.011501 -0.008744 -0.004487 0.017812 -0.016152 0.063279 0.261756 -0.028827 -0.020121 0.364510 -0.393963 -0.139614 -0.110518 -0.079039 0.021091 






















































































































0.000000 
0.000000 
0.000000 
0.000000 
0.000000 
0.000000 
0.000000 
0.000000 
0.000000 
0.000000 
0.000000 
0.000000 
0.000000 
0.000000 
0.000000 
0.000000 
0.000000 
0.000000 
0.000000 
0.000000 
0.000000 
0.000000 
0.000000 
0.000000 
0.000000 
0.000000 
0.000000 
0.000000 
0.000000 
0.000000 
0.000000 
0.000000 
0.000000 
0.000000 
0.000000 
0.000000 
0.000000 
0.000000 
0.000000 
0.000000 
0.000000 
0.000000 
0.000000 
0.000000 
0.000000 
0.000000 
0.000000 
0.000000 
0.000000 
0.000000 
0.000000 
0.000000 
0.000000 
0.000000 
0.000000 
0.000000 
0.000000 
0.000000 
0.000000 
0.000000 
0.000000 
0.000000 
0.000000 
0.000000 
0.000000 
0.000000 
0.000000 
0.000000 
0.000000 
0.000000 
0.000000 
0.000000 
0.000000 
0.000000 
0.000000 
0.000000 
0.000000 
0.000000 
0.000000 
0.000000 
0.000000 
0.000000 
0.000000 
0.000000 
0.000000 
0.000000 
0.000000 
0.000000 
0.000000 
0.000000 
0.000000 
0.000000 
0.000000 
0.000000 
0.000000 
0.000000 
0.000000 
0.000000 
0.000000 
0.000000 
0.000000 
0.000000 
0.000000 
0.000000 
0.000000 
0.000000 
0.000000 
0.000000 
0.000000 
0.000000 
0.000000 
0.000000 
0.000000 
0.000000 
0.000000 
0.000000 
0.000000 
-0.483298 
-1.061247 
-0.601898 
-0.771250 
1.046625 
-0.620930 
-0.095520 
-0.368332 
0.936925 
0.794520 
-0.059259 
0.948849 
-0.197006 
0.797152 
-0.223792 
-0.174844 
0.471679 
0.403622 
0.405184 
-0.239365 
0.740680 
-1.410138 
-0.742224 
-0.608337 
-0.228166 
0.339780 
0.263802 
0.396703 
0.388899 
-1.067361 
0.006377 
-0.982730 
0.605100 
-1.217503 
-0.399436 
-1.345604 
0.972437 
1.252929 
1.078598 
-0.370847 
1.322276 
0.099554 
0.401644 
-0.288856 
-0.435156 
-0.754688 
0.766828 
0.139891 
-0.823246 
-0.787278 
0.060700 
-0.456088 
0.952733 
1.445920 
-0.495111 
0.672495 
-0.640311 
0.219024 
-0.022242 
1.007079 
0.643427 
-1.697917 
-1.443781 
-1.765964 
0.869709 
0.509763 
-1.293140 
1.935944 
1.139668 
-1.239841 
1.104864 
-0.662961 
-0.526540 
-1.083856 
-1.197165 
-0.976249 
-0.605391 
-0.617229 
-0.387638 
-0.846158 
-1.165431 
1.433787 
0.581932 
-0.104671 
-0.181881 
0.198579 
-0.273316 
-0.872338 
-0.101836 
-1.161180 
-1.049557 
0.054426 
1.105343 
1.291412 
-1.242917 
0.356418 
-0.406649 
-1.243096 
0.687543 
0.084816 
-0.681042 
-0.820069 
-0.227928 
0.312192 
1.093837 
0.551929 
-0.100793 
-1.891777 
-0.073737 
-0.385508 
0.181291 
-0.441565 
0.938736 
-0.029408 
0.109509 
0.178357 
0.017841 
0.017094 
0.467094 
0.300682 
-0.507773 
0.312806 
0.401621 
0.477022 
0.157829 
0.525436 
-0.018361 
0.196428 
-0.054415 
-0.022006 
0.260440 
0.393736 
0.391344 
0.640982 
0.754584 
0.324590 
0.284552 
-0.597062 
0.356956 
0.723091 
0.059932 
-0.414839 
-0.454527 
0.303526 
0.217056 
0.055133 
0.865236 
1.096711 
-0.034696 
0.109307 
-1.191090 
0.977819 
-0.411196 
0.189383 
0.694216 
0.194861 
0.089160 
-0.010306 
-0.032428 
0.003974 
0.037640 
0.077717 
0.051009 
-0.135659 
-0.164806 
-0.223410 
-0.109225 
0.615960 
0.285483 
0.048551 
0.018597 
0.151149 
0.306271 
-0.595176 
0.034857 
-0.079978 
-0.708166 
-0.079946 
0.150102 
0.044078 
-0.013286 
0.049463 
0.059955 
0.058200 
-0.022377 
-0.016419 
-0.014999 
0.043363 
0.049168 
-0.009763 
0.044708 
-0.046954 
0.036984 
-0.451757 
0.302715 
-0.035277 
0.034073 
-0.212599 
-0.041287 
0.402126 
0.019036 
0.061508 
0.038384 
0.402796 
0.013788 
-0.047891 
-0.062302 
0.002421 
0.045689 
0.780613 
-0.017564 
0.133848 
0.084237 
0.464810 
-0.022771 
-0.091930 
0.070919 
-0.003017 
0.107979 
0.113816 
0.738275 
0.020630 
0.685634 
0.390307 
0.702081 
0.254058 
0.044000 
-0.811916 
0.037073 
1.130000 0.267813 0.416101 
