*************************************************************************************************************************************
|      ITER |        MB |        LE |        VM |       BVM |        IF |        IB |       MAW |       MAB |        LR |        ET | Wed Mar 13 13:23:05 2024 
-------------------------------------------------------------------------------------------------------------------------------------
|         1 |       143 |  5.71E-01 |  0.924394 |  0.924394 |     19.37 |     18.98 |  1.416570 |  0.978047 |  9.99E-03 |      0.90 | 
|         1 |       286 |  4.63E-01 |  0.923057 |  0.924394 |     20.19 |     19.38 |  0.435195 |  0.430256 |  9.97E-03 |      6.09 | 
|         1 |       429 |  4.64E-01 |  0.938337 |  0.938337 |     20.69 |     19.74 |  1.209954 |  1.078305 |  9.93E-03 |     11.99 | 
|         1 |       572 |  4.19E-01 |  0.946596 |  0.946596 |     20.42 |     19.59 |  0.579726 |  0.467646 |  9.88E-03 |     17.22 | 
|         1 |       715 |  4.19E-01 |  0.944768 |  0.946596 |     20.56 |     19.74 |  3.181817 |  0.850217 |  9.82E-03 |     22.32 | 
|         1 |       858 |  4.22E-01 |  0.945226 |  0.946596 |     20.88 |     20.18 |  1.480959 |  1.118797 |  9.74E-03 |     27.96 | 
|         1 |      1001 |  4.06E-01 |  0.939764 |  0.946596 |     21.33 |     20.68 |  1.367701 |  0.999467 |  9.65E-03 |     33.79 | 
|         1 |      1144 |  3.95E-01 |  0.947806 |  0.947806 |     22.37 |     21.65 |  6.299723 |  0.771661 |  9.54E-03 |     40.65 | 
|         1 |      1287 |  3.94E-01 |  0.948682 |  0.948682 |     24.72 |     23.96 |  0.577660 |  0.430365 |  9.42E-03 |     48.66 | 
|         1 |      1430 |  3.76E-01 |  0.942894 |  0.948682 |     26.09 |     25.27 |  3.396506 |  1.134520 |  9.29E-03 |     58.32 | 
|         1 |      1573 |  3.75E-01 |  0.936978 |  0.948682 |     27.12 |     26.35 |  0.963581 |  0.633523 |  9.15E-03 |     66.47 | 
|         1 |      1579 |  3.74E-01 |  0.939371 |  0.948682 |     27.11 |     26.35 |  0.762648 |  0.522207 |  9.14E-03 |     73.89 | 
|         2 |       143 |  4.84E-01 |  0.929535 |  0.948682 |     20.10 |     16.58 |134995301629952.000000 |  0.538097 |  8.98E-03 |     74.80 | 
|         2 |       286 |  5.93E-01 |  0.930136 |  0.948682 |     14.55 |      9.79 |134668783452160.000000 |  0.402954 |  8.82E-03 |     77.94 | 
|         2 |       429 |  6.73E-01 |  0.928361 |  0.948682 |     12.70 |      7.53 |134332609986560.000000 |  1.190984 |  8.64E-03 |     81.16 | 
|         2 |       572 |  6.30E-01 |  0.928986 |  0.948682 |     11.78 |      6.40 |134004271480832.000000 |  0.354922 |  8.45E-03 |     84.24 | 
|         2 |       715 |  6.34E-01 |  0.928387 |  0.948682 |     11.22 |      5.72 |133684103479296.000000 |  0.460303 |  8.25E-03 |     87.68 | 
|         2 |       858 |  6.25E-01 |  0.923405 |  0.948682 |     10.85 |      5.26 |133372391194624.000000 |  0.718551 |  8.05E-03 |     90.95 | 
|         2 |      1001 |  6.39E-01 |  0.926261 |  0.948682 |     10.59 |      4.94 |133069486948352.000000 |  0.579517 |  7.83E-03 |     93.99 | 
|         2 |      1144 |  6.32E-01 |  0.928470 |  0.948682 |     10.39 |      4.70 |132775524958208.000000 |  0.555154 |  7.61E-03 |     97.00 | 
|         2 |      1287 |  6.22E-01 |  0.928763 |  0.948682 |     10.23 |      4.51 |132490765271040.000000 |  0.494130 |  7.38E-03 |    100.02 | 
|         2 |      1430 |  6.16E-01 |  0.931345 |  0.948682 |     10.11 |      4.36 |132215434379264.000000 |  0.719944 |  7.14E-03 |    103.12 | 
|         2 |      1573 |  6.12E-01 |  0.928584 |  0.948682 |     10.01 |      4.23 |131949641334784.000000 |  0.380400 |  6.90E-03 |    106.14 | 
|         2 |      1579 |  6.12E-01 |  0.929094 |  0.948682 |     10.01 |      4.23 |131938685812736.000000 |  0.426723 |  6.89E-03 |    108.79 | 
|         3 |       143 |  6.83E-01 |  0.927825 |  0.948682 |      9.00 |      3.00 |131682992652288.000000 |  0.455588 |  6.65E-03 |    109.51 | 
|         3 |       286 |  6.08E-01 |  0.928113 |  0.948682 |      9.00 |      3.00 |131437097385984.000000 |  0.412727 |  6.40E-03 |    112.96 | 
|         3 |       429 |  6.01E-01 |  0.928152 |  0.948682 |      9.00 |      3.00 |131201050345472.000000 |  3.142851 |  6.14E-03 |    116.21 | 
|         3 |       572 |  5.98E-01 |  0.930277 |  0.948682 |      9.00 |      3.00 |130974935416832.000000 |  1.061084 |  5.89E-03 |    119.43 | 
|         3 |       715 |  5.88E-01 |  0.927784 |  0.948682 |      9.00 |      3.00 |130758719045632.000000 |  2.411879 |  5.63E-03 |    122.79 | 
|         3 |       858 |  5.81E-01 |  0.928003 |  0.948682 |      9.00 |      3.00 |130552451563520.000000 |  0.336761 |  5.38E-03 |    125.91 | 
|         3 |      1001 |  5.82E-01 |  0.927697 |  0.948682 |      9.00 |      3.00 |130356023918592.000000 |  0.688917 |  5.12E-03 |    128.99 | 
|         3 |      1144 |  5.94E-01 |  0.928644 |  0.948682 |      9.00 |      3.00 |130169394167808.000000 |  0.634503 |  4.87E-03 |    132.01 | 
|         3 |      1287 |  5.91E-01 |  0.929118 |  0.948682 |      9.00 |      3.00 |129992478425088.000000 |  0.551328 |  4.62E-03 |    135.00 | 
|         3 |      1430 |  5.90E-01 |  0.929805 |  0.948682 |      9.00 |      3.00 |129825117306880.000000 |  0.437321 |  4.37E-03 |    138.04 | 
|         3 |      1573 |  6.00E-01 |  0.927488 |  0.948682 |      9.00 |      3.00 |129667193372672.000000 |  0.382304 |  4.12E-03 |    141.15 | 
|         3 |      1579 |  6.00E-01 |  0.927638 |  0.948682 |      9.00 |      3.00 |129660759310336.000000 |  0.379004 |  4.11E-03 |    143.64 | 
|         4 |       143 |  5.69E-01 |  0.928833 |  0.948682 |      9.00 |      3.00 |129512390000640.000000 |  0.333378 |  3.87E-03 |    144.23 | 
|         4 |       286 |  5.67E-01 |  0.927925 |  0.948682 |      9.00 |      3.00 |129373030055936.000000 |  0.500950 |  3.63E-03 |    147.53 | 
|         4 |       429 |  5.44E-01 |  0.928109 |  0.948682 |      9.00 |      3.00 |129242444595200.000000 |  0.381947 |  3.40E-03 |    150.87 | 
|         4 |       572 |  5.81E-01 |  0.925266 |  0.948682 |      9.00 |      3.00 |129120398737408.000000 |  0.363449 |  3.18E-03 |    154.29 | 
|         4 |       715 |  5.66E-01 |  0.929137 |  0.948682 |      9.00 |      3.00 |129006565326848.000000 |  0.628481 |  2.97E-03 |    157.68 | 
|         4 |       858 |  5.72E-01 |  0.928875 |  0.948682 |      9.00 |      3.00 |128900650762240.000000 |  0.590924 |  2.76E-03 |    161.02 | 
|         4 |      1001 |  5.73E-01 |  0.927610 |  0.948682 |      9.00 |      3.00 |128802302722048.000000 |  0.867959 |  2.56E-03 |    164.30 | 
|         4 |      1144 |  5.73E-01 |  0.928906 |  0.948682 |      9.00 |      3.00 |128711152107520.000000 |  0.865604 |  2.37E-03 |    167.55 | 
|         4 |      1287 |  5.85E-01 |  0.928283 |  0.948682 |      9.00 |      3.00 |128626913705984.000000 |  0.367424 |  2.19E-03 |    170.86 | 
|         4 |      1430 |  5.93E-01 |  0.928748 |  0.948682 |      9.00 |      3.00 |128549126144000.000000 |  0.979917 |  2.02E-03 |    174.22 | 
|         4 |      1573 |  5.93E-01 |  0.928211 |  0.948682 |      9.00 |      3.00 |128477336436736.000000 |  0.598129 |  1.87E-03 |    177.56 | 
|         4 |      1579 |  5.93E-01 |  0.928353 |  0.948682 |      9.00 |      3.00 |128474467532800.000000 |  0.523550 |  1.86E-03 |    180.39 | 
|         5 |       143 |  5.10E-01 |  0.928753 |  0.948682 |      9.00 |      3.00 |128408507908096.000000 |  0.723623 |  1.72E-03 |    181.01 | 
|         5 |       286 |  5.89E-01 |  0.927915 |  0.948682 |      9.00 |      3.00 |128347690500096.000000 |  0.505817 |  1.58E-03 |    184.28 | 
|         5 |       429 |  5.63E-01 |  0.927079 |  0.948682 |      9.00 |      3.00 |128291520380928.000000 |  0.634217 |  1.46E-03 |    187.57 | 
|         5 |       572 |  5.63E-01 |  0.928576 |  0.948682 |      9.00 |      3.00 |128239628451840.000000 |  0.428767 |  1.36E-03 |    190.93 | 
|         5 |       715 |  5.56E-01 |  0.928858 |  0.948682 |      9.00 |      3.00 |128191469453312.000000 |  0.729052 |  1.26E-03 |    194.22 | 
|         5 |       858 |  5.59E-01 |  0.928118 |  0.948682 |      9.00 |      3.00 |128146540068864.000000 |  0.698820 |  1.18E-03 |    197.49 | 
|         5 |      1001 |  5.61E-01 |  0.929336 |  0.948682 |      9.00 |      3.00 |128104278261760.000000 |  0.975127 |  1.12E-03 |    200.81 | 
|         5 |      1144 |  5.64E-01 |  0.928727 |  0.948682 |      9.00 |      3.00 |128064197492736.000000 |  0.270936 |  1.07E-03 |    204.05 | 
|         5 |      1287 |  5.72E-01 |  0.928661 |  0.948682 |      9.00 |      3.00 |128025727336448.000000 |  0.599690 |  1.03E-03 |    207.29 | 
|         5 |      1430 |  5.94E-01 |  0.928474 |  0.948682 |      9.00 |      3.00 |127988389642240.000000 |  1.273557 |  1.01E-03 |    210.59 | 
|         5 |      1573 |  5.92E-01 |  0.928811 |  0.948682 |      9.00 |      3.00 |127951043559424.000000 |  0.567248 |  1.00E-03 |    213.87 | 
|         5 |      1579 |  5.91E-01 |  0.929207 |  0.948682 |      9.00 |      3.00 |127949474889728.000000 |  0.349693 |  1.00E-03 |    216.62 | 
-------------------------------------------------------------------------------------------------------------------------------------
