*************************************************************************************************************************************
|      ITER |        MB |        LE |        VM |       BVM |        IF |        IB |       MAW |       MAB |        LR |        ET | Wed Mar 13 12:47:09 2024 
-------------------------------------------------------------------------------------------------------------------------------------
|         1 |       143 |  5.35E-01 |  0.929109 |  0.929109 |     17.69 |     17.46 |  0.717274 |  0.724521 |  9.99E-03 |      0.88 | 
|         1 |       286 |  4.80E-01 |  0.930102 |  0.930102 |     18.44 |     18.06 |  5.214752 |  1.016695 |  9.97E-03 |      5.61 | 
|         1 |       429 |  4.49E-01 |  0.938295 |  0.938295 |     18.98 |     18.34 |  2.953685 |  0.845378 |  9.93E-03 |     10.79 | 
|         1 |       572 |  4.30E-01 |  0.944516 |  0.944516 |     19.29 |     18.59 |  3.467628 |  0.834075 |  9.88E-03 |     16.03 | 
|         1 |       715 |  4.11E-01 |  0.939550 |  0.944516 |     19.65 |     19.04 |  0.646169 |  0.546570 |  9.82E-03 |     21.33 | 
|         1 |       858 |  3.93E-01 |  0.946896 |  0.946896 |     20.28 |     19.74 |  0.537637 |  0.329153 |  9.74E-03 |     27.23 | 
|         1 |      1001 |  3.87E-01 |  0.943287 |  0.946896 |     20.50 |     20.01 |  2.917529 |  0.401507 |  9.65E-03 |     33.11 | 
|         1 |      1144 |  3.77E-01 |  0.941820 |  0.946896 |     20.99 |     20.48 |  1.401727 |  1.110007 |  9.54E-03 |     39.12 | 
|         1 |      1287 |  3.61E-01 |  0.944318 |  0.946896 |     21.39 |     20.92 |  1.804602 |  1.259068 |  9.42E-03 |     45.58 | 
|         1 |      1430 |  3.83E-01 |  0.942175 |  0.946896 |     22.27 |     21.83 |  1.182587 |  1.063022 |  9.29E-03 |     51.92 | 
|         1 |      1573 |  3.71E-01 |  0.931084 |  0.946896 |     23.17 |     22.79 |  1.482213 |  2.012545 |  9.15E-03 |     59.59 | 
|         1 |      1579 |  3.73E-01 |  0.931022 |  0.946896 |     23.23 |     22.85 |  1.957101 |  1.246033 |  9.14E-03 |     67.33 | 
|         2 |       143 |  5.37E-01 |  0.940214 |  0.946896 |     31.60 |     32.83 |  2.750371 |  1.086486 |  8.98E-03 |     68.52 | 
|         2 |       286 |  5.05E-01 |  0.939176 |  0.946896 |     31.83 |     31.95 |  0.816851 |  1.664030 |  8.82E-03 |     77.31 | 
|         2 |       429 |  4.43E-01 |  0.943370 |  0.946896 |     31.03 |     31.11 |  1.511084 |  1.094121 |  8.64E-03 |     83.92 | 
|         2 |       572 |  4.06E-01 |  0.938317 |  0.946896 |     30.20 |     30.22 |  2.010052 |  1.315292 |  8.45E-03 |     91.07 | 
|         2 |       715 |  3.94E-01 |  0.939404 |  0.946896 |     28.67 |     28.61 |  2.765892 |  1.777678 |  8.25E-03 |     98.58 | 
|         2 |       858 |  3.72E-01 |  0.937359 |  0.946896 |     27.74 |     27.63 | 48.665668 | 23.315790 |  8.05E-03 |    105.93 | 
|         2 |      1001 |  3.73E-01 |  0.927847 |  0.946896 |     28.10 |     27.87 |  1.944890 |  0.996834 |  7.83E-03 |    114.96 | 
|         2 |      1144 |  3.98E-01 |  0.928421 |  0.946896 |     26.72 |     26.09 |  2.239551 |  1.416358 |  7.61E-03 |    119.80 | 
|         2 |      1287 |  4.19E-01 |  0.928475 |  0.946896 |     25.49 |     24.67 |  2.234749 |  1.756897 |  7.38E-03 |    124.23 | 
|         2 |      1430 |  4.35E-01 |  0.928663 |  0.946896 |     24.40 |     23.40 |  2.230104 |  0.660679 |  7.14E-03 |    128.32 | 
|         2 |      1573 |  4.54E-01 |  0.929196 |  0.946896 |     23.52 |     22.39 |  2.225621 |  0.974157 |  6.90E-03 |    132.40 | 
|         2 |      1579 |  4.54E-01 |  0.928484 |  0.946896 |     23.48 |     22.35 |  2.225436 |  0.827114 |  6.89E-03 |    136.04 | 
|         3 |       143 |  6.40E-01 |  0.928948 |  0.946896 |     16.89 |     12.68 |  2.221123 |  0.895113 |  6.65E-03 |    136.84 | 
|         3 |       286 |  6.05E-01 |  0.929695 |  0.946896 |     17.07 |     13.03 |  2.216976 |  0.643521 |  6.40E-03 |    141.32 | 
|         3 |       429 |  5.99E-01 |  0.929487 |  0.946896 |     15.90 |     12.23 |  2.212995 |  0.699711 |  6.14E-03 |    145.27 | 
|         3 |       572 |  6.01E-01 |  0.930603 |  0.946896 |     15.30 |     11.84 |  2.209180 |  0.791405 |  5.89E-03 |    149.16 | 
|         3 |       715 |  6.29E-01 |  0.928986 |  0.946896 |     14.87 |     11.56 |  2.205534 |  1.014172 |  5.63E-03 |    153.14 | 
|         3 |       858 |  6.19E-01 |  0.927620 |  0.946896 |     14.55 |     11.34 |  2.202055 |  0.534518 |  5.38E-03 |    156.97 | 
|         3 |      1001 |  6.20E-01 |  0.930563 |  0.946896 |     14.28 |     11.14 |  2.198742 |  0.694506 |  5.12E-03 |    160.78 | 
|         3 |      1144 |  6.06E-01 |  0.928479 |  0.946896 |     14.13 |     11.02 |  2.195594 |  0.485407 |  4.87E-03 |    164.64 | 
|         3 |      1287 |  6.10E-01 |  0.931006 |  0.946896 |     14.01 |     10.93 |  2.192610 | 17.416307 |  4.62E-03 |    168.57 | 
|         3 |      1430 |  6.15E-01 |  0.928908 |  0.946896 |     14.02 |     10.98 |  2.189786 |  0.446235 |  4.37E-03 |    172.49 | 
|         3 |      1573 |  6.10E-01 |  0.929646 |  0.946896 |     14.01 |     10.98 |  2.187122 |  0.343395 |  4.12E-03 |    176.41 | 
|         3 |      1579 |  6.09E-01 |  0.928964 |  0.946896 |     14.01 |     10.98 |  2.187013 |  1.013856 |  4.11E-03 |    179.72 | 
|         4 |       143 |  5.43E-01 |  0.929965 |  0.946896 |     15.13 |     12.52 |  2.184511 |  0.526568 |  3.87E-03 |    180.51 | 
|         4 |       286 |  5.38E-01 |  0.929586 |  0.946896 |     16.50 |     13.16 |  2.182160 |  1.102293 |  3.63E-03 |    185.64 | 
|         4 |       429 |  5.66E-01 |  0.930264 |  0.946896 |     16.81 |     13.05 |  2.179959 |  0.739788 |  3.40E-03 |    190.45 | 
|         4 |       572 |  5.90E-01 |  0.929003 |  0.946896 |     17.03 |     13.16 |  4.369762 |114.886337 |  3.18E-03 |    195.55 | 
|         4 |       715 |  5.80E-01 |  0.929103 |  0.946896 |     18.56 |     13.91 |  2.175980 |  1.161197 |  2.97E-03 |    201.40 | 
|         4 |       858 |  5.70E-01 |  0.929391 |  0.946896 |     20.42 |     14.83 |  2.174193 |  0.463730 |  2.76E-03 |    208.68 | 
|         4 |      1001 |  5.59E-01 |  0.931568 |  0.946896 |     20.92 |     14.76 |  2.172534 | 52.360229 |  2.56E-03 |    214.45 | 
|         4 |      1144 |  5.51E-01 |  0.929669 |  0.946896 |     21.45 |     14.79 |  2.607112 |  1.652864 |  2.37E-03 |    220.27 | 
|         4 |      1287 |  5.81E-01 |  0.930149 |  0.946896 |     22.04 |     14.91 |  2.199781 |  7.624438 |  2.19E-03 |    226.17 | 
|         4 |      1430 |  5.80E-01 |  0.929853 |  0.946896 |     22.40 |     14.77 |  2.168270 |  7.051277 |  2.02E-03 |    232.28 | 
|         4 |      1573 |  5.80E-01 |  0.931017 |  0.946896 |     22.37 |     14.72 |  2.167053 | 40.904476 |  1.87E-03 |    238.16 | 
|         4 |      1579 |  5.80E-01 |  0.931839 |  0.946896 |     22.37 |     14.75 |  2.167006 |  2.127227 |  1.86E-03 |    243.22 | 
|         5 |       143 |  6.16E-01 |  0.930619 |  0.946896 |     26.76 |     16.52 |  2.165893 |  0.365256 |  1.72E-03 |    244.19 | 
|         5 |       286 |  5.59E-01 |  0.931289 |  0.946896 |     32.05 |     13.67 |  2.164868 |  0.473950 |  1.58E-03 |    252.58 | 
|         5 |       429 |  5.51E-01 |  0.929754 |  0.946896 |     33.85 |     12.63 |  2.163920 | 34.249817 |  1.46E-03 |    261.05 | 
|         5 |       572 |  5.99E-01 |  0.929776 |  0.946896 |     34.84 |     12.05 |  2.163046 |  0.619699 |  1.36E-03 |    269.62 | 
|         5 |       715 |  5.94E-01 |  0.926782 |  0.946896 |     32.57 |     11.05 |8104981823488.000000 |  1.029971 |  1.26E-03 |    277.90 | 
|         5 |       858 |  6.03E-01 |  0.925878 |  0.946896 |     28.47 |      9.71 |8105785032704.000000 |  0.962112 |  1.18E-03 |    280.75 | 
|         5 |      1001 |  6.00E-01 |  0.925865 |  0.946896 |     25.55 |      8.75 |8103117979648.000000 |  0.543131 |  1.12E-03 |    283.57 | 
|         5 |      1144 |  5.93E-01 |  0.926533 |  0.946896 |     23.35 |      8.03 |8100581998592.000000 |  0.549707 |  1.07E-03 |    286.42 | 
|         5 |      1287 |  6.06E-01 |  0.926180 |  0.946896 |     21.64 |      7.47 |8098132525056.000000 |  1.036768 |  1.03E-03 |    289.25 | 
|         5 |      1430 |  6.13E-01 |  0.926516 |  0.946896 |     20.28 |      7.02 |8095799443456.000000 |  1.157862 |  1.01E-03 |    292.09 | 
|         5 |      1573 |  6.04E-01 |  0.926063 |  0.946896 |     19.16 |      6.66 |8093465313280.000000 |  0.594092 |  1.00E-03 |    294.96 | 
|         5 |      1579 |  6.05E-01 |  0.926454 |  0.946896 |     19.12 |      6.64 |8093367271424.000000 |  0.892181 |  1.00E-03 |    297.32 | 
-------------------------------------------------------------------------------------------------------------------------------------
