0.080989 0.626860 0.338595 -0.625554 0.797935 -0.020576 -0.401718 0.259274 0.822173 -0.335002 -0.210996 -0.016864 0.204158 -0.204609 0.291529 -0.632649 -0.303547 0.130174 0.069646 -0.131049 -0.406292 -0.086960 0.575844 0.006044 -0.180995 -0.349591 -0.353780 0.423790 -0.763856 0.282900 0.256154 -0.131171 
-0.376335 0.409010 0.143279 -0.563640 1.096489 -0.377973 -0.412632 0.734944 0.432362 0.244821 0.140313 -0.296390 -0.214577 -0.084185 0.100967 -0.001482 0.187183 -0.393472 -0.440349 -0.061865 -0.069496 -0.143435 -0.302343 0.173103 -0.289621 -0.175448 0.177361 0.433130 -0.805041 0.393593 -0.471925 -0.153461 
-0.151431 0.336915 -1.123174 -0.771991 0.329365 -0.602416 0.060637 1.106877 0.612846 0.269830 -0.580426 -0.082957 0.192312 -0.231166 0.125487 2.299742 0.145697 -0.032522 -0.002660 -0.211009 0.673890 -0.212652 0.453650 -0.311302 -0.611395 0.560953 0.007952 -0.491151 0.167240 -0.601073 0.054709 -0.036043 
1.137475 0.863769 -1.896343 -1.094221 0.219615 -0.729788 -0.402121 2.225229 0.088923 -0.043679 -0.091674 0.223165 -0.384157 -0.299622 0.567005 4.007239 0.321571 -0.169549 0.103678 -0.327175 1.438369 0.299314 -0.213057 -1.438024 -0.990571 -0.071091 -0.368601 0.329513 -0.383795 1.125100 -1.017986 0.173891 
0.230157 0.237878 0.010182 0.374765 0.371710 -0.547003 -0.416651 -0.043584 0.014246 0.403998 -0.132612 0.325489 -0.362248 0.501464 -0.607815 0.282551 -0.096536 -0.199536 0.408382 -0.372611 0.310154 0.443626 -0.389311 0.042101 0.197268 0.296950 0.201711 -0.592805 0.210174 0.409237 -0.079356 0.178292 
-0.138427 0.394471 -0.175130 -0.099614 0.537648 -0.064755 -0.785579 -0.195855 0.552521 0.276972 -0.403400 0.538858 -0.103412 -0.251100 -0.303519 0.207790 -0.163658 0.431125 -0.046428 -0.149750 0.117738 -0.284814 0.067145 0.097482 -0.054031 -0.110160 0.320725 -0.684878 0.120246 0.120269 0.713237 -0.121901 
-0.003228 -0.322068 0.271942 -0.235222 -0.462323 -0.273672 0.288387 -0.184929 0.382641 0.077362 -0.090588 -0.386083 0.050468 0.452312 0.401357 -0.315907 0.280941 -0.088200 0.297973 0.202263 -0.244636 0.059183 0.169156 -0.352615 0.196488 0.345760 -0.131897 0.027288 -0.234389 0.018243 -0.096864 0.014241 
0.076356 -0.017087 0.031315 -0.071540 -0.068518 -0.125384 -0.142364 -0.194171 0.246131 0.091780 0.134097 -0.182048 -0.229099 0.083262 0.382844 -0.056042 -0.338765 -0.045381 0.236925 0.349765 -0.463800 0.121053 -0.162281 -0.361243 -0.155280 0.252134 -0.275428 -0.001176 -0.279905 -0.004280 -0.267428 0.146486 
0.146436 0.189324 -0.111974 0.178801 0.053116 -0.099706 0.153916 0.078909 0.164664 0.155213 0.126863 0.018945 -0.198241 0.052165 -0.153266 -0.095845 
0.055379 0.129958 0.431581 0.465265 -0.086063 -0.109024 -0.056265 0.105764 -0.136785 0.017326 -0.145993 0.252397 -0.174910 -0.678737 -0.109333 -0.047420 
-0.030807 0.060875 0.247483 0.371497 -0.036384 -0.024866 -0.130197 0.093601 -0.049737 0.009443 0.042273 0.030627 -0.367433 -0.135027 -0.094471 -0.183823 
0.007721 0.237218 0.021507 0.058960 -0.052011 0.083401 -0.088217 -0.030919 0.196371 0.185341 0.052131 0.131986 0.122405 -0.300553 -0.421391 0.333260 
0.269024 -0.035248 0.873625 0.164494 -0.158224 0.133906 -0.185307 0.134160 0.133888 -0.156216 -0.327016 0.423804 -0.097801 -0.183156 -0.340400 -0.549026 
-0.026641 0.196417 -0.255695 0.096962 0.386803 -0.260119 0.055349 -0.143780 0.006479 -0.089987 -0.078560 -0.166767 0.358481 0.433121 -0.226571 0.297844 
-0.105358 -0.107094 -0.348083 -0.185787 0.212780 0.000655 0.171443 -0.283749 -0.214744 0.202668 -0.206429 -0.224889 0.030724 0.416672 0.646401 0.302111 
0.020329 0.109411 0.324965 0.523231 -0.087132 0.039322 0.108709 0.111149 0.087114 0.035694 -0.088196 0.585257 -0.339681 -0.224691 -0.067913 -0.237541 
0.321703 -0.028655 0.402464 0.078908 -0.170740 -0.089936 -0.261330 0.169533 0.145262 -0.111336 -0.088559 0.303965 0.126241 -0.596573 0.207802 -0.397186 
-0.342291 0.114995 0.250814 -0.026350 -0.041069 0.258303 -0.356108 0.108342 0.138401 0.049034 0.107934 0.172942 -0.307191 0.038223 -0.167059 -0.118106 
-0.112500 -0.394401 -0.149971 0.255953 -0.119946 -0.179804 0.308495 -0.104656 -0.083880 -0.107863 -0.090203 0.133622 -0.289814 -0.126041 0.065278 0.012562 
0.039372 0.271855 -0.051402 -0.133553 -0.111040 -0.045389 0.381841 -0.328890 -0.018071 -0.007818 0.369411 -0.313236 0.217534 0.258255 -0.382914 0.279749 
0.357619 -0.212423 -0.043401 0.058462 0.170806 0.214501 0.042101 0.182338 0.359797 -0.033810 -0.117564 0.289011 -0.026549 0.184618 0.185078 -0.290634 
0.034849 -0.209839 -0.230935 0.040170 -0.421949 0.050269 0.160661 0.038622 -0.120081 -0.156971 0.217830 0.152832 -0.407293 -0.134920 0.323372 -0.143277 
-0.192361 -0.022060 -0.084552 -0.025712 0.446901 -0.216830 -0.351750 0.231001 0.075247 -0.010086 -0.019471 -0.037214 0.267167 0.186846 -0.006790 -0.209613 
0.037646 0.023499 0.038819 0.478144 -0.116765 0.063768 0.007539 0.178333 0.128878 -0.009647 0.050059 0.368169 -0.239981 0.037290 -0.012444 -0.256587 
-0.412738 -0.057197 0.116838 -0.277963 0.135389 0.073596 0.132403 -0.261696 -0.188540 0.217722 -0.171198 -0.165645 0.182649 0.099637 0.017331 0.043743 
0.243177 0.089303 -0.117005 0.173727 0.050311 0.012520 0.042344 -0.264191 0.345395 -0.118731 0.264585 -0.162345 0.157288 0.220567 -0.007706 0.053771 
0.279759 0.039874 -0.101720 0.139582 -0.182074 -0.186393 -0.176074 0.438792 0.311446 -0.061585 0.569861 0.021081 -0.190249 -0.156656 0.267275 0.172905 
0.248215 -0.281489 -0.215737 -0.197588 -0.036348 -0.153645 0.036951 -0.300753 -0.115664 -0.403296 0.016975 -0.330142 0.197292 0.149089 0.347337 0.199319 
-0.021164 -0.049736 0.068841 0.111361 0.027969 -0.009606 -0.025636 0.024378 0.072391 0.083402 0.037787 0.102396 -0.111908 0.277234 -0.281568 0.143253 
-0.121312 0.098331 0.164122 0.047060 -0.060931 0.083778 0.067014 0.299399 0.388612 0.021195 0.301022 0.309373 -0.422588 -0.062447 0.086088 0.116964 
0.466720 0.232892 0.099680 -0.104863 0.128572 -0.208068 -0.184168 0.212238 0.292405 0.073865 -0.223537 -0.027499 0.424392 0.134447 0.179842 0.073949 
0.103052 -0.002361 0.327194 -0.120618 -0.075350 0.110770 -0.018198 0.123566 0.018060 0.109420 -0.036610 0.091343 0.037679 0.243800 -0.095553 0.081501 
0.093001 -0.164833 0.048685 0.206599 -0.295564 -0.097913 -0.019195 0.036991 -0.067721 -0.254072 0.051635 0.015776 -0.353389 -0.014310 -0.068889 0.045018 
0.000468 -0.140139 0.050962 -0.373247 -0.073512 0.291621 -0.480187 0.308664 -0.028113 0.204765 0.154946 -0.105179 -0.107566 0.314935 0.225908 0.125933 
-0.048427 -0.264176 0.037873 -0.236077 -0.202221 0.194953 0.312959 -0.687205 -0.411336 -0.249579 -0.141878 -0.230903 0.136766 0.189058 -0.155272 0.332798 
-0.067824 -0.116092 -0.108878 0.662349 0.244073 -0.306203 0.105566 0.051858 0.363252 -0.092787 -0.305465 0.597321 -0.257060 -0.198443 -0.007360 -0.348058 
0.026251 0.118779 -0.237904 -0.383136 0.094430 -0.068980 0.018192 -0.308399 -0.205092 0.137422 0.135589 -0.721040 0.185009 0.557071 -0.187259 0.354307 
-0.085558 0.095059 0.182330 0.439858 0.071232 -0.217072 0.145275 -0.006192 0.138013 -0.364041 0.053472 0.224699 -0.216668 -0.279876 -0.075947 0.278800 
0.101575 -0.014291 -0.052214 -0.079245 -0.088215 0.109955 -0.024227 -0.073674 -0.026549 -0.093773 0.060455 -0.248557 0.655602 0.067407 -0.050114 0.273912 
0.093291 -0.031739 -0.183221 -0.137943 -0.141614 -0.365912 0.299446 0.136747 -0.354885 -0.070015 0.167936 -0.339437 -0.089660 -0.137762 0.269231 0.294688 
0.104232 -0.373559 -0.336159 -0.345348 0.555861 0.064242 -0.270638 -0.110512 0.551564 0.032433 0.209452 -0.451295 -0.077476 0.233811 -0.004408 0.279478 
0.045429 -0.558079 0.138586 -0.189200 -0.045337 -0.144548 0.181126 0.092752 -0.160058 0.165389 0.680852 0.197965 0.045793 -0.046270 -0.361580 0.542533 
0.273563 -0.285120 0.324407 0.029664 -0.268932 -0.409250 0.045271 -0.353956 0.005921 0.003861 0.077262 -0.187414 -0.579309 0.162313 -0.127445 -0.192932 
0.205064 0.170512 -0.395598 0.042326 -0.296840 -0.026543 0.564704 0.000494 -0.212574 -0.001432 0.225422 0.145144 -0.148761 0.561629 0.090440 -0.181731 
0.395609 -0.493641 0.100325 -0.433814 -0.604058 0.248816 0.587464 0.160150 -0.366227 -0.635937 0.425526 0.689247 0.405171 -0.000849 0.073138 0.180750 
-0.423117 -0.268798 0.653197 -0.321840 -0.375645 0.064007 -0.026010 -0.156919 -0.057273 0.357654 -0.288766 -0.165793 -0.085368 -0.409042 -0.391460 -0.340219 
0.081171 -0.193663 -0.167285 0.685556 0.305546 0.313143 -0.210045 0.642572 -0.296946 -0.013828 -0.050247 -0.437187 0.446852 0.279301 -0.523933 0.115773 
0.016648 0.186341 -0.083646 -0.214069 -0.123338 -0.561836 0.293370 -0.313133 0.198453 -0.116719 0.246364 0.370885 -0.307603 -0.139460 0.401906 0.063821 
0.035278 0.042732 -0.268809 -0.143214 -0.147416 0.000832 0.617027 0.121738 0.061415 0.045650 0.391668 0.251613 -0.016057 0.186708 0.071370 0.574674 
-0.226782 -0.264476 0.416360 -0.002882 -0.358657 -0.034480 0.082731 0.255565 -0.078399 -0.199696 0.042239 0.048017 0.090382 -0.379027 -0.042869 0.285248 
-0.616662 0.248084 -0.180984 0.253836 0.010734 -0.611508 -0.179749 -0.020514 -0.159329 0.537220 0.386142 0.255365 -0.061445 -0.170074 0.329967 0.365528 
0.003745 0.011329 -0.072070 -0.008836 -0.347083 -0.173782 0.490763 -0.268892 -0.246221 -0.019408 0.025468 0.241690 -0.429694 0.523388 0.070831 -0.239637 
0.247805 -0.240850 0.155888 -0.370450 0.136215 0.363453 -0.227436 0.239014 0.276579 -0.159981 -0.222983 -0.449340 0.364085 -0.215302 -0.216222 0.132419 
-0.204053 -0.095198 0.144005 0.021401 0.103676 0.234201 -0.215884 0.268284 -0.178517 -0.263758 -0.173422 -0.176475 0.347394 -0.378048 0.036358 0.107548 
-0.338336 0.516017 -0.210239 -0.082146 0.166885 0.524552 0.089838 0.048421 0.421011 -0.560600 -0.169570 0.387651 0.308528 -0.288363 0.651649 -0.014407 
-0.204833 0.041719 -0.010257 0.443194 0.348079 -0.020103 -0.172211 0.501982 -0.211932 0.076831 0.099455 -0.228044 0.211128 -0.234015 -0.126868 0.271862 
0.065177 -0.011099 0.336469 -0.482173 -0.602722 0.492917 0.526077 -0.584020 0.185154 0.198914 0.302257 0.157638 0.495785 -0.092335 0.186531 -0.355896 0.023666 -0.041468 0.064977 0.180825 -0.004149 -0.213001 -0.012618 -0.019662 0.043641 -0.227096 0.080128 0.117006 -0.055638 -0.075689 0.015184 
0.223719 0.316021 0.182654 1.079669 0.245594 0.071885 -0.122170 0.138031 0.636066 -0.436387 0.431848 -0.427812 -0.422393 -0.363084 0.108069 0.290556 0.041080 0.270766 -0.062927 -0.091888 -0.095811 -0.209363 -0.091806 0.057051 -0.064777 0.005007 -0.186709 -0.038687 -0.019342 0.129330 0.063292 
-0.665465 -0.201261 0.293153 -0.432023 0.182471 -0.139230 -0.358010 0.522073 -0.614347 0.270855 -0.131798 -0.246269 -0.271500 0.314161 -0.289295 -0.272771 0.035527 0.002314 0.059034 -0.067491 -0.170865 0.124173 0.101968 -0.069362 0.082082 0.176250 0.111770 0.013364 -0.100142 0.129516 0.021748 
0.680759 -0.301839 -0.488487 0.309858 0.185254 0.358975 -0.030707 0.113911 0.344831 -0.397731 -0.446209 -0.508186 -0.340382 0.481433 -0.063619 0.425603 0.058543 -0.025228 0.106048 -0.079994 -0.120497 0.340671 0.143668 -0.252326 0.023271 -0.141263 0.070724 -0.076408 0.263921 -0.130713 -0.046400 
0.459625 0.107000 -0.321429 0.122015 0.616703 0.030841 0.720126 -0.225419 0.437107 0.094198 0.025619 0.281253 -0.222612 0.212973 -0.180337 0.380294 0.406005 0.052179 0.118395 -0.208823 0.142764 0.300127 0.005125 0.131813 0.050618 0.048341 0.183030 -0.105953 0.167394 0.010754 -0.343665 
-0.050368 -0.398587 0.086202 -0.448086 0.110202 0.333405 0.268770 0.264129 0.319986 0.336329 0.807513 0.297946 0.240487 0.036258 -0.460552 0.044048 0.025606 0.132202 0.157241 -0.100720 -0.010814 0.038143 -0.085182 0.140116 -0.071304 0.273371 -0.047348 0.032225 0.105710 0.124032 -0.005881 
-0.226938 -0.361897 0.331751 -0.353231 -0.837395 -0.123629 -0.460159 -0.036361 -0.485272 -0.399150 0.132752 0.435241 0.373909 -0.464828 0.420250 -0.012069 -0.241416 0.158092 -0.218217 0.295956 0.220380 0.144009 -0.164718 0.005309 0.142567 -0.176226 -0.255550 -0.046460 0.096461 0.034913 -0.047340 
0.322811 -0.317602 0.009914 -0.407263 0.653657 0.136008 -0.108620 0.098845 0.092870 -0.363587 0.000405 0.264086 -0.137363 0.413065 -0.000909 0.455741 0.264409 -0.048774 -0.060567 -0.181467 0.025562 -0.172070 0.192905 -0.013157 -0.178017 0.108664 0.319535 0.124768 -0.075394 0.008231 0.027558 
-0.197415 0.345969 0.149604 0.488295 -0.016305 -0.379948 0.644310 -0.404663 0.194070 0.211388 0.249290 -0.206770 0.158798 -0.264817 -0.044500 0.367465 0.011380 0.063711 0.333887 -0.100200 -0.011695 -0.123196 -0.180862 0.040702 -0.133644 0.078875 0.088270 -0.112136 -0.043691 -0.071301 -0.043220 
0.152150 0.547708 -0.606346 -0.007406 0.007147 0.104114 -0.004868 0.258802 -0.113461 0.316976 -0.684106 -0.377517 -0.128162 0.183055 0.271947 -0.552456 -0.227212 0.134489 -0.117354 0.181681 -0.062136 -0.208196 -0.086764 -0.110239 -0.262508 0.033750 -0.025415 0.061077 -0.136945 0.007249 -0.009606 
0.425297 0.229176 -0.188040 -0.162189 -0.598697 -0.456907 -0.099638 -0.099533 -0.433764 -0.278550 -0.298389 0.488514 0.288019 0.105552 0.395947 -0.159162 -0.119094 0.069110 -0.086023 0.012818 0.227627 0.109167 -0.144454 0.078962 0.020647 -0.084430 -0.096777 -0.074995 -0.034310 -0.011712 0.003560 
-0.164735 -0.253278 0.535866 0.083109 -0.436110 0.184122 -0.610541 -0.303963 -0.657709 -0.485713 -0.051797 0.259819 0.054232 -0.393647 0.258195 0.217406 0.180264 0.145701 -0.014967 0.193816 0.113010 -0.074203 -0.229117 -0.081848 0.032344 0.063522 0.090074 0.102277 -0.107116 -0.029251 -0.066561 
0.098400 -0.335883 0.217201 -0.120633 0.458764 -0.030364 -0.160375 0.010867 0.309088 -0.357425 0.702628 0.570935 0.165567 0.330112 -0.122754 0.348834 0.138892 -0.055365 -0.056574 -0.069166 0.072492 -0.168975 0.056799 -0.105547 0.212298 0.040185 -0.072999 0.139090 -0.115258 0.042009 0.056025 
0.625091 0.066028 0.055268 -0.169100 -0.742600 0.511935 0.225172 -0.087858 0.096805 0.068331 -0.279370 -0.013976 0.404066 -0.137017 0.320951 -0.103836 -0.096149 -0.063007 0.196383 0.191143 -0.105579 0.092689 0.023680 0.057716 0.017809 -0.061203 -0.157366 -0.070103 0.075649 -0.001741 -0.038436 
-0.214081 0.204125 0.248147 0.431281 -0.094290 -0.216936 -0.224031 -0.353000 0.374498 -0.537156 0.107475 -0.224092 -0.435197 -0.133555 -0.044574 0.187749 0.071347 0.053973 -0.069728 -0.076181 0.152508 0.040177 -0.040210 0.150608 0.074491 -0.115746 0.037208 -0.137365 -0.061436 -0.049331 0.124560 
0.422285 0.000603 -0.473778 -0.143493 0.180891 -0.640895 0.121484 -0.085981 -0.614952 -0.219457 0.203672 0.757031 0.074535 0.455471 0.234771 0.337269 0.191799 -0.010546 -0.026540 0.072723 0.170586 -0.019279 0.120988 0.096184 -0.134936 0.190062 -0.083369 0.071991 -0.027545 -0.004681 0.030332 
-0.638035 -0.329501 -0.457647 0.004548 0.212662 0.120842 0.122109 0.169977 0.072574 -0.316640 0.363875 -0.601710 0.422371 0.329387 0.395630 -0.109061 0.451076 0.209849 -0.457542 0.259852 0.034957 0.352670 -0.202243 -0.077531 0.365353 -0.149503 0.235006 -0.410939 0.097948 -0.094759 -0.389338 -0.035757 
-0.082152 0.146440 -0.270821 -0.266527 -0.485739 0.232461 0.269909 -0.041362 0.016582 0.129985 0.320733 -0.176735 0.058209 0.276222 0.204511 -0.177532 0.019021 0.371215 0.179441 -0.396268 0.045386 -0.184333 -0.278158 -0.189912 -0.025842 -0.374333 -0.228383 0.414345 -0.216676 0.127813 0.231472 -0.032960 
0.541895 -0.406545 0.122155 0.079092 0.098103 -0.045083 -0.215032 -0.170584 0.101781 0.095669 0.239264 0.180634 -0.275491 -0.216021 -0.608383 -0.117906 -0.566649 -0.427423 0.228428 0.016982 -0.034792 -0.085199 0.184587 -0.041599 -0.207212 -0.041801 0.095427 0.077258 0.240906 -0.018187 0.168672 0.129922 
-0.296619 0.249496 -0.224027 -0.677463 0.049010 0.241240 -0.383278 -0.435411 -0.598296 -0.025472 0.217043 -0.437157 0.192357 0.530203 0.226495 0.385596 0.790994 -0.179537 0.250678 -0.310060 0.473291 0.101652 -0.200710 -0.462251 -0.478758 -0.361317 -0.039759 0.558962 0.425175 0.652805 0.244690 -0.300386 
-0.281144 0.029150 -0.073857 -0.269126 0.093473 0.752919 -0.151457 0.150122 -0.159980 0.667207 -0.030952 0.210637 0.751731 0.404431 0.034565 0.498449 -0.014830 -0.496228 -0.189527 -0.397405 0.549621 -0.205480 -0.072964 -0.086478 -0.174421 0.078856 0.092520 -0.574295 0.193715 -0.008896 -0.036525 -0.399977 
0.241127 -0.169884 -0.313064 0.065458 0.596008 0.080124 0.246550 -0.183964 -0.137348 0.196733 -0.084594 -0.269250 0.194638 0.100604 -0.340730 -0.362370 -0.241024 -0.226922 -0.259509 0.101643 0.326292 0.315825 0.235714 -0.300199 0.150422 0.159610 -0.177222 -0.319209 -0.059032 -0.181667 0.037277 -0.048489 
-0.334404 0.255458 -0.464072 0.000367 -0.087155 0.558212 -0.495595 -0.263727 0.349905 0.235424 0.266470 -0.161035 0.194714 0.397113 0.005458 -0.180315 -0.369090 0.203470 -0.355277 -0.359835 -0.095395 -0.354209 -0.290418 -0.264618 0.333400 0.209240 -0.030859 -0.473612 -0.075566 -0.160994 -0.164985 -0.559700 
0.142345 0.106274 0.392743 -0.075208 0.094889 0.215337 0.454234 -0.023468 -0.468577 -0.077552 -0.420907 0.202259 -0.089961 -0.314534 0.070502 0.274084 0.036852 0.068093 -0.187846 0.103645 0.197559 -0.134787 -0.304858 0.200343 -0.022548 0.318341 0.133798 -0.231597 0.012068 -0.171946 -0.072374 0.276537 
-0.064538 -0.338152 -0.546836 -0.380191 0.560906 0.679880 -0.163189 -0.515702 -0.130705 0.463117 0.164025 -0.514543 0.268085 -0.013279 0.000996 -0.323291 -0.163307 -0.607025 -0.521736 -0.408344 0.086419 -0.111446 0.118078 -0.236429 -0.146965 0.011194 -0.203986 0.035667 0.523588 0.208136 0.140139 -0.313866 
0.118315 0.548071 -0.137871 -0.017816 0.240291 0.065355 -0.303311 -0.553759 -0.236610 0.372461 -0.133526 -0.143596 0.083642 -0.100725 0.130379 -0.117747 -0.165309 0.430978 -0.127582 -0.116029 -0.259522 -0.524050 -0.474789 -0.270153 0.059831 0.381028 -0.415288 -0.329659 -0.350526 -0.478662 0.016127 -0.135752 
-0.238348 -0.456298 0.285932 -0.033721 -0.391433 0.030866 -0.500227 -0.200957 -0.486642 0.127779 0.064177 -0.254913 0.370103 -0.304487 0.066742 0.147931 -0.779705 -0.317405 -0.015118 0.034081 -0.290051 -0.049408 0.434366 -0.204970 -0.041072 0.517864 0.340734 0.134455 0.366426 0.427108 0.185598 -0.610663 
-0.377208 -0.225834 0.403264 0.110198 -0.407975 -0.324289 -0.074172 0.432403 0.230101 -0.267975 0.233220 0.130518 0.068687 -0.205881 0.334646 0.282211 -0.733368 0.481883 -0.013295 0.240814 -0.413717 0.248364 0.118098 0.354069 0.367301 0.373651 0.602971 0.054988 0.079777 -0.087707 -0.107616 -0.539495 
0.183995 -0.005645 -0.244601 -0.130788 0.182901 -0.151818 -0.277395 -0.079142 -0.057538 -0.234015 0.384944 -0.091530 -0.259980 0.102176 -0.267588 -0.070190 -0.391535 0.294660 0.147063 0.327041 -0.383912 0.023646 0.169218 0.103503 0.185839 0.278527 0.172634 -0.114744 -0.318657 -0.372401 -0.168799 -0.298088 
-0.369234 0.255809 0.002075 0.440349 0.052373 0.396908 0.274852 0.212959 -0.025838 -0.083017 -0.101935 0.135561 0.440366 -0.022043 0.321380 0.146182 0.247116 0.079156 -0.217803 -0.101174 -0.052501 -0.181394 -0.327507 0.107570 0.136904 0.219569 -0.146629 -0.552284 -0.215158 -0.159387 -0.260434 -0.188627 
-0.205851 -0.094403 -0.270602 0.108583 -0.061486 -0.177678 0.074969 0.137685 0.247221 -0.214588 0.349491 -0.059709 -0.237517 0.212240 -0.113416 -0.261088 0.079615 0.305827 -0.040684 0.178994 0.045392 0.354582 -0.148107 0.075207 0.177756 -0.214237 0.130589 0.450402 -0.025482 0.227846 -0.118916 0.197113 
-0.250323 -0.025520 0.052601 0.071275 -0.078108 0.241176 -0.353888 0.196953 0.299549 0.295608 -0.177938 0.166994 0.260875 0.079797 0.292264 0.292339 -0.115072 -0.437748 -0.005263 0.410910 -0.276646 0.116083 0.192017 0.139941 0.219532 -0.117437 0.177071 -0.253928 0.668106 0.251903 -0.368949 -0.281447 
-0.404711 0.863800 0.600761 0.236472 0.207628 -0.018332 -0.140045 -0.321427 
0.154923 -0.017807 0.131117 -0.845918 0.623136 0.422482 -0.290940 -0.183991 
-0.877608 -0.326178 0.911092 0.136978 -0.188488 -0.001496 0.061986 0.094821 
-0.108396 -0.237641 0.299812 0.568243 0.153437 -0.055756 -0.116442 -0.578403 
-0.116057 0.613558 -0.724446 0.081635 0.124682 -0.208238 -0.371409 -0.137843 
0.300159 0.314363 -0.636948 -1.041635 0.506750 0.178795 0.061635 0.567940 
-0.821554 0.231607 0.181850 0.586063 -0.025754 0.646149 -0.146462 -0.200711 
-0.292506 -0.543677 0.234877 0.788040 0.689696 0.217661 -0.238672 0.117652 
0.498831 -0.176939 0.158179 0.664241 0.684247 0.042094 0.102846 -0.261494 
0.211593 0.443991 0.064430 -0.860318 0.152703 -0.196281 0.029674 0.184692 
0.841104 -0.059244 -0.194307 0.321737 0.015546 0.155628 0.145957 0.299159 
-0.422173 -0.151495 0.843502 0.505366 0.778049 -0.009209 -0.135103 0.142755 
0.506297 0.101795 -0.831664 -0.737272 0.151380 -0.072139 0.047060 0.335453 
0.458232 -0.036769 -0.536530 -0.379000 0.469024 0.006891 0.123382 0.328317 
-0.102587 -0.808108 -0.245286 -0.425736 -0.122395 0.166499 0.006662 -0.123887 
-0.365004 -0.402333 0.194595 -0.549750 -0.145561 -0.230923 0.092100 0.468681 
0.635111 -0.089671 -0.613469 -0.975305 0.904747 -0.994784 -0.160201 -0.270747 
0.232105 -0.490353 -0.069854 0.642947 0.357490 0.975962 -0.277785 -0.015332 
-0.049140 0.041367 0.792836 0.268087 0.191471 0.142127 0.239505 0.444340 
-0.135385 -0.123191 -0.109055 0.563723 -0.348959 -0.507750 -0.529412 -0.374220 
-0.514104 0.417841 -0.362240 -0.119276 0.386703 0.213426 0.317563 0.548647 
-0.206460 -0.014985 -0.310817 0.934714 -0.029086 0.009610 0.202489 0.145827 
-0.062865 0.026571 0.341275 0.669809 -0.314245 -0.545745 0.087202 0.215176 
-0.315343 -0.462480 0.210223 0.225465 0.056227 -0.098998 -0.059558 -0.389700 
0.342572 -0.332554 -0.190811 0.305202 0.067759 0.102548 -0.395544 -0.533517 
-0.336358 0.077279 0.080353 -0.581472 -0.806817 0.317928 -0.117375 -0.583189 
-0.016758 -0.696438 0.092408 0.491896 -0.296476 0.083693 0.059021 0.363823 
-0.415368 -0.466075 0.507129 0.539761 -0.418726 0.104826 0.317909 0.973203 
-0.133079 -0.345975 -0.402453 -0.240172 0.033144 -0.603949 0.657188 -0.035862 
-0.228531 -0.158381 -0.337839 -0.054972 -0.556263 0.048063 0.716344 0.834581 
-0.059677 0.423077 0.223814 -0.023674 0.003818 0.194148 0.344547 0.252987 
-0.168367 0.057877 0.756118 0.542277 0.638100 -0.497494 -0.200112 -0.264074 









0.000000 
0.000000 
0.000000 
0.000000 
0.000000 
0.000000 
0.000000 
0.000000 
-0.729895 
-1.433578 
0.457039 
-0.173640 
-0.742130 
1.116295 
1.382278 
-1.640405 
-1.203931 
-0.767734 
-0.031391 
0.630127 
-0.443845 
-0.039215 
-0.028104 
-1.789928 
0.980117 
0.125056 
-0.861083 
1.410502 
-0.318633 
-1.505568 
0.196464 
0.019944 
0.373660 
0.032620 
1.419171 
-0.672017 
1.443459 
-0.682072 
1.368800 
1.165080 
0.085906 
0.126009 
-0.527610 
-1.260139 
0.338656 
-0.133672 
0.072186 
-0.591077 
-0.503365 
0.180166 
-0.343970 
-1.510922 
0.888543 
0.934465 
-0.164700 
0.942569 
0.092425 0.297886 
-0.245639 0.336530 
0.020058 0.190617 
-0.540803 0.274943 
0.019581 0.213761 
0.099750 0.071202 
-0.569114 0.338692 
0.312317 0.012665 
-0.164016 0.259598 
-0.403944 0.139416 
0.005198 0.204974 
0.097965 0.245020 
0.416010 -0.058112 
-0.186863 -0.055056 
0.224796 0.154308 
0.154303 0.299797 
-0.181742 
0.284187 
0.364712 
-0.938595 
0.812072 
0.044859 
-0.154401 
-0.149542 
0.330413 
-0.738878 
0.386244 
0.462616 
0.073223 
0.055761 
0.174239 
-0.340948 
0.073608 
-0.492926 
0.185085 
0.321370 
-0.058327 
0.491037 
0.537026 
0.588742 
0.553265 
0.015688 
0.376292 
0.529594 
0.398163 
-0.052290 
-0.432555 
-0.282563 
-0.696630 
0.030700 
0.292051 
-0.306338 
0.277098 
0.474632 
0.460144 
-0.281114 
0.215087 
-0.843538 
0.276888 
-0.126102 
-0.171054 
-0.371105 
0.241099 
0.174612 
-0.246268 
0.528002 
0.516720 
1.638710 
0.969447 
0.066110 
-0.025088 
0.610528 
1.970000 0.145298 0.100486 
