0.390143 0.190963 -1.907999 0.755453 2.466750 -0.829142 3.303432 -0.058172 -0.745706 -0.715329 -1.151528 -0.485533 -0.246304 -0.745447 2.163954 -0.206427 -0.179175 0.458026 -2.181717 0.058558 -0.174957 2.443030 0.285907 -2.087762 0.819257 0.333497 -0.859076 1.281059 -1.014373 -2.065765 -2.717234 -0.999641 
-0.340614 -0.007106 0.188369 -0.133218 -0.255986 0.321027 0.601958 -0.072915 0.044370 -0.036864 -0.102009 -0.044226 0.122351 -1.558074 0.122730 -0.122989 0.973657 0.065558 -0.009260 0.684161 0.640779 0.367773 -0.102719 -0.015510 -0.053160 0.061295 0.273896 2.234090 -0.365282 0.266881 -0.077921 -0.184620 
0.009681 -0.488849 -1.518725 -0.010992 0.226571 -0.839261 -0.842184 0.083072 -3.021548 -1.090858 -0.426868 0.774721 0.994581 -0.810405 0.448087 -4.829303 0.516880 -0.058640 0.816450 -0.615947 -0.300399 -0.454996 -1.059447 0.330173 -0.863250 -0.102966 -0.413315 0.054288 1.958450 -0.433561 -1.624477 0.974660 
0.517372 -13.710231 -0.067812 -0.232029 -0.065462 0.444863 0.053593 0.008132 -0.434087 0.132874 -0.056977 -0.087114 0.031645 -0.766356 -0.454028 -0.119314 0.051720 -0.333278 -1.521151 -0.121960 -0.037550 0.078299 0.104033 -0.252474 0.085516 0.233370 0.420939 -0.432762 -0.409787 0.147860 1.229993 0.703055 
-0.077280 -0.000567 -0.027426 -0.072680 0.080921 0.062947 0.005864 0.025044 0.018408 -0.061405 -0.017914 0.082284 0.050402 -0.043587 -0.075858 -0.021410 0.071299 -0.028503 0.003138 -0.028869 0.059195 0.081421 -0.051797 0.033142 0.029421 0.057780 0.002243 0.032338 -0.007377 0.065768 -0.085111 0.002928 
-0.533082 2.728098 -4.360882 -0.141189 0.477757 0.399536 0.796075 -16.371523 0.445833 0.471681 -64.847694 -0.178230 0.373209 1.774081 -1.583370 -0.427613 -0.684157 2.350300 0.533311 -0.269556 0.486492 -0.466665 0.052600 -0.748839 -0.033944 0.981855 0.432190 3.491334 -0.586063 -1.606485 0.133298 -1.764419 
2.142117 0.760581 1.208404 -0.329191 0.577354 0.342008 -2.337990 0.028222 -0.355195 -0.304475 -0.796538 0.314239 -0.407946 0.033960 -0.490912 0.640143 -0.565884 0.243432 0.403419 -1.230699 0.028036 -0.734463 1.635667 0.423684 0.468798 -0.564374 0.311558 -0.254584 0.175205 -0.101543 -0.346275 -0.069763 
-0.664326 2.208298 -1.213615 -0.967605 1.721819 -0.762944 0.258698 0.397380 -0.776817 -0.289781 1.244163 1.617658 -0.179845 0.362871 0.093963 0.149915 -0.960967 -0.429331 -0.647934 -0.248850 2.970706 -0.491348 0.328442 0.782452 0.330136 -0.482978 -0.616355 0.915208 0.458278 -0.455092 0.061163 -1.614147 
-0.152528 0.169587 -0.601629 0.097335 -0.600561 -0.176629 -2.203369 0.163993 1.180065 -0.930353 -0.437077 0.805524 0.306262 -0.103431 -0.878683 -0.407185 -0.001815 -0.708206 -0.049369 0.666902 1.040434 0.348320 -2.187888 -0.134560 1.680078 -0.899958 0.063428 -0.691467 0.587856 0.769628 0.459275 -0.613461 
1.744365 0.082816 -0.134261 -0.109214 2.011892 0.194560 0.055311 1.176786 -28.053959 -0.109443 -1.581908 -0.119980 0.189622 0.250480 -0.594761 -0.416302 -0.132104 0.245009 0.710719 0.558886 -0.133049 -0.130508 -0.093508 -1.120697 2.198648 -0.526120 0.786447 0.561839 -0.363816 -3.310263 0.090922 -0.449409 
-0.447305 -0.431049 -2.093186 -1.293820 3.897326 0.714325 1.278911 0.534114 0.751832 -2.441846 -15.345202 1.893971 0.921694 0.821484 -1.180803 -0.598486 -1.796965 1.269562 1.523964 1.415074 -0.761875 -2.640471 2.337454 -2.988799 0.745171 -0.531715 0.797942 0.562303 -0.761613 -2.327558 -0.658729 1.044373 
-0.817615 1.259788 -2.756193 0.057174 5.346686 0.713501 1.288960 -0.400645 -0.658068 -0.500808 -21.371853 0.267694 0.720088 0.502500 -0.368150 -0.824154 -2.236162 1.705987 1.976179 0.763613 -0.865024 -0.389006 0.016870 -3.132003 0.403012 -0.003391 1.907802 2.467197 -0.885891 0.203118 0.673318 -1.073424 
1.836578 0.110615 -0.166642 -0.088721 2.087777 0.094869 0.079832 1.152526 -27.481915 -0.112009 -1.522653 -0.021632 0.210098 0.148708 -0.752735 -0.297758 -0.068200 0.273072 0.756559 0.472974 -0.146414 -0.104515 -0.046365 -1.288673 2.146273 -0.551509 0.888486 0.633888 -0.404363 -3.334015 0.019168 -0.583171 
0.663557 0.400399 -0.867357 0.743019 -1.360739 -0.151231 -0.260946 0.276557 -0.179395 -0.339185 -7.563366 -0.346146 0.294439 -0.209384 0.206759 -0.122819 1.366542 -0.112087 0.851190 -0.016852 -0.697307 0.380052 0.206553 1.341249 0.503467 -0.204721 -1.119555 1.034614 -1.404602 -0.448816 1.125488 -0.846396 
-0.507502 0.099192 -0.643675 -0.539804 0.138987 -0.105263 0.380092 0.137419 0.452865 0.027939 0.226514 -0.128681 0.103208 -1.032683 0.066207 0.181598 0.180693 0.216499 -2.211675 0.088399 0.243513 0.220922 -0.081887 -0.171732 0.082226 0.005287 -0.275045 -0.354161 -0.163632 0.121870 -0.095785 -0.181880 
-0.117752 -0.267788 -0.562778 0.150725 -0.684459 -0.347768 -0.052573 -0.212209 0.305406 0.221076 -0.009461 0.376365 -0.281671 0.026888 0.172494 -0.724286 -0.211457 -0.022382 1.292798 1.155119 0.131344 0.311776 -0.847107 -0.978890 0.405584 -0.282469 0.696921 1.644557 -0.312136 0.038588 -0.197329 -0.558983 
0.042102 -0.024738 0.021187 0.086004 0.040230 -0.066326 -0.014944 -0.031281 -0.039363 0.062167 -0.063519 -0.045476 0.041178 0.003109 0.073120 0.017187 -0.073502 -0.022991 0.008043 0.063898 0.081077 -0.072012 0.025644 -0.049066 -0.075830 0.051272 -0.044085 0.008339 0.059933 -0.003598 -0.059408 0.014449 
0.059250 0.049365 0.012867 0.011894 0.070624 0.085509 0.068199 -0.056325 0.060090 -0.082906 -0.014215 0.013682 0.007789 -0.028681 -0.056717 0.021873 0.035914 0.038912 -0.001815 0.029405 0.054486 -0.063756 0.067924 0.066242 0.075102 -0.063746 -0.013005 0.047449 0.020241 0.015172 -0.025688 -0.008095 
1.684018 1.190874 0.696305 -0.534513 0.690632 0.202544 -2.513265 0.050021 -0.295161 -0.300611 -0.204118 0.539430 -1.148900 0.680061 -0.911963 0.747276 -0.009237 0.311548 0.568693 -2.300339 0.574124 -0.922267 1.126600 0.357866 0.492761 -0.578048 1.095230 -1.568652 0.333178 0.400231 -0.203307 -0.455466 
-0.516587 0.232407 0.286932 0.254328 0.432142 0.934961 -1.137197 0.314384 0.122092 -0.204830 -0.114454 -0.537014 -0.320301 -0.317910 -0.602186 -0.639220 0.108542 0.635408 0.142924 -0.651612 -0.310387 0.336947 -0.219502 0.020164 0.290639 0.150869 1.073800 -0.497564 0.458158 -0.129064 0.525837 -0.567440 
-0.288294 0.440236 0.484319 0.303632 0.697142 0.964328 -1.275041 0.256266 0.195031 -0.642883 -0.082488 -0.292666 -0.288236 -0.382975 -0.519196 -0.422259 0.310768 0.750866 0.195281 -0.135241 -0.119686 0.474569 -0.352756 0.104267 0.307000 0.357693 0.903593 -0.524362 0.536460 -0.052196 0.487051 -0.632299 
-1.603063 -1.849773 -0.827548 -2.664474 -0.647324 0.086101 4.442047 0.967396 -0.543342 -0.216685 -0.262875 -0.824734 -0.577243 0.075032 -0.379285 -1.429546 0.661962 -1.913088 -1.702153 -1.844162 -0.167951 -3.032129 4.942340 -0.698691 -2.233821 0.201244 -0.903878 -1.287381 -9.144422 -0.198552 0.429257 3.963847 
-1.611840 -1.871482 -0.733043 -3.081682 -1.435329 0.467738 5.091378 0.789683 -0.905741 0.314753 -0.741853 -2.106601 -0.345998 0.194769 -0.420389 -1.744159 4.865022 -1.908487 -3.117458 -1.353427 -0.096560 -3.621259 5.747727 -0.455029 -2.297937 0.699971 -1.732916 -1.523234 -10.865993 -0.378358 0.064080 4.426503 
-0.225949 -0.504079 0.415000 -0.702971 0.648852 1.439280 -0.645582 -0.765708 -0.882626 0.213051 -1.597377 0.673079 -0.167726 0.548715 0.994878 0.244343 0.598655 0.880967 -0.583348 -0.762490 -1.073818 -0.765750 -0.789824 0.340473 -0.474327 1.195752 0.136681 -0.227125 -0.142217 -0.447351 0.557530 0.197005 
-0.330050 -0.618449 0.377363 -0.727902 0.553285 1.321684 -0.153863 -0.759470 -0.634359 0.368788 -1.680889 0.764525 -0.490547 0.551833 0.502423 -0.000366 0.555859 1.018280 -0.322727 -0.889768 -1.018257 -0.870222 -0.629367 0.419169 -0.266072 0.967043 0.081389 -0.312433 0.261181 -0.330153 0.415564 0.158452 
-0.835062 0.234784 0.576225 -0.170790 -0.075572 0.296974 -2.284550 0.461683 0.823884 -0.390514 -0.895808 0.706420 0.568654 0.221077 -0.190120 -1.087342 -1.294250 2.287272 -0.276431 -0.788804 -0.230598 0.365748 -0.932508 0.079588 -0.649507 1.238812 0.710460 -0.922935 -0.031179 1.331418 0.128292 0.438844 
0.551805 -0.434758 -0.347660 -0.011972 -0.344690 0.062786 0.636096 -0.651923 -0.185002 -0.263238 0.583143 -0.534238 0.037025 0.311972 0.093555 0.637942 0.353454 -2.297965 -0.221070 0.934699 0.224096 0.385984 -0.301147 -0.181226 -0.186740 -0.496019 -1.747735 1.679509 0.213927 0.406931 -0.406237 0.073494 
0.404041 0.007131 -0.160658 0.110956 -0.556279 -0.040327 -0.186455 0.332916 0.644816 0.425436 1.002705 0.330169 0.002068 0.085578 -0.444404 0.302153 -0.169205 0.205251 -0.295896 0.088120 -0.379467 0.337412 -1.189304 -0.232294 -0.102427 -0.028896 -0.105791 0.214869 0.679590 0.077597 -0.431351 0.148134 
0.076910 0.006585 -0.914037 0.617260 0.397593 -0.041135 -0.556687 -0.453827 -0.122902 -1.293361 -0.411615 -0.326262 -0.568883 -0.984656 0.689610 -0.209227 0.275838 -0.260344 -0.173380 -0.436183 -0.520557 0.359588 -1.017296 -0.695124 0.183406 -0.007352 0.048147 0.966104 -0.624529 -0.765031 -0.230601 -0.520876 
1.230218 -0.055094 -0.313040 0.803678 -0.583824 0.126944 -2.800768 0.412155 1.145387 0.182285 1.440388 0.506474 -0.541876 0.356211 -0.474642 -0.464497 -0.585000 0.676530 1.017808 -0.178732 0.738899 0.394341 -1.701739 0.280172 0.845796 0.802570 0.324884 -0.680768 -0.121715 0.165499 0.516557 -1.160378 
-0.150111 -0.336447 0.236114 0.515739 -0.253218 0.621806 -0.675528 0.584987 1.129550 0.513853 1.408498 0.263930 -0.433182 0.699944 -0.892681 -0.902898 -0.463432 0.936630 1.033443 -0.229119 0.353286 0.137381 0.181409 0.081494 0.036890 0.518957 -0.292209 -0.403854 -0.517678 0.163537 0.357237 0.761677 
-0.046057 0.294284 -0.569372 -0.882109 -0.719031 -0.784292 -0.086454 -0.040015 -0.515561 -0.411234 -0.202829 0.494337 -0.221744 0.079871 0.498416 0.573694 -0.482574 0.168374 -0.665308 -0.471979 -0.124571 0.758223 -0.028440 -0.710757 -0.447626 0.474365 -0.168608 -0.298163 -0.384610 -0.047738 -0.782432 0.201308 
-1.403229 -0.000681 1.033677 -0.371500 0.754364 0.050629 0.240414 -0.290830 -0.346973 -0.300102 -0.592389 -0.490310 -0.331531 0.087915 0.094047 0.377897 0.046116 -0.016458 -0.118770 0.591162 -0.827032 0.479378 -0.028352 0.085154 -0.818748 1.271217 -0.121080 0.509752 -0.244915 -0.015432 -0.580827 -0.868060 
-6.238245 -0.247623 0.194807 -1.272732 -1.164459 1.251197 0.651511 -0.891967 0.424866 -0.003252 0.819829 -1.196073 0.122349 2.182369 -0.751410 -0.636998 -0.705308 -1.064295 -1.168221 0.084128 -1.243097 0.402970 0.055816 0.465796 -0.733228 -0.708696 -0.289256 -1.625865 -0.648923 -0.550024 1.140053 -0.270622 
-0.870065 -1.405391 0.697475 0.386258 0.526716 -1.849637 1.556028 1.826165 0.185277 -1.364336 1.206242 -1.061990 -0.296461 -3.359356 0.454756 -0.353018 0.485540 -4.133174 -2.807304 -1.902645 -0.731865 0.518144 0.518803 -1.012568 -1.139805 -2.188232 -0.734710 0.225012 0.234475 -0.200781 -0.256613 0.821091 
-1.590356 -2.857892 0.095814 -2.515224 0.064288 -0.139143 2.100197 1.022426 1.065168 -0.766523 -0.140815 -0.217904 0.538927 -5.467513 0.440753 -0.516464 7.213921 -3.319651 -3.756137 -0.833888 -2.554721 -5.745924 1.057410 -0.701200 -1.895299 -2.133565 -1.029632 -0.259078 1.687096 0.938185 -0.539457 1.194977 
0.111583 -0.042986 -0.045733 -1.362620 0.794757 0.389267 -0.122883 -0.558945 0.340838 -0.019125 -0.705568 0.342226 0.201981 0.385033 0.434540 -0.152028 0.390278 0.104176 -0.280810 -0.615350 0.479227 0.241502 -1.048743 0.370681 -0.029849 0.213984 0.121012 -0.260532 0.172857 0.042152 0.192681 -0.521944 
-0.392662 -0.336120 -0.065218 -1.238730 0.109326 -0.641387 -0.105744 -0.145256 -1.069289 0.893795 -1.967342 0.243089 0.041749 0.626136 -0.017063 -0.169807 0.315673 -0.182549 -0.993850 0.305247 -0.100882 -0.542830 -0.542714 0.400857 -0.356235 0.240133 -0.234319 -0.292479 -0.014453 0.279413 0.310614 -0.355816 
-0.011091 1.907260 -1.543105 1.624834 -1.392368 0.100785 -3.925344 -0.232360 1.399007 0.500770 1.695372 0.534986 0.433277 1.791435 -0.748372 -0.008262 -2.521360 2.121211 2.555897 0.809261 2.741000 2.984425 -2.964255 0.937028 2.230626 0.035216 1.038610 0.012809 1.599930 -0.614045 -0.111965 -2.237768 
0.747577 -0.547383 -0.229717 -0.397966 0.698843 -0.693163 3.612269 -0.409563 -0.760999 0.780830 -0.454101 0.000992 -0.424606 -0.642386 2.028626 0.533985 -1.229032 0.228483 -0.641051 1.458172 1.349507 0.588810 1.319813 0.885101 -0.322953 -0.999943 -0.413909 1.854598 -0.537652 -1.399033 -0.389645 -0.685243 
-0.423367 -0.720302 -0.549741 -0.610380 -0.112337 0.261231 -0.034940 -0.029160 0.676156 -0.611175 -0.760604 0.899772 0.865353 0.826343 0.147371 -0.495542 0.301265 -0.981193 -0.457143 0.267359 0.546852 -0.182305 -0.671513 0.045720 0.463005 -0.517726 -0.683999 -0.326816 -0.432577 1.454329 0.428532 0.826654 
0.212928 0.885816 0.528441 0.823183 -0.228694 0.026423 -1.119656 0.310193 -0.429744 0.365932 0.921978 -0.860033 -0.729635 -0.575871 -0.870086 0.416980 0.214782 0.863418 0.694557 -0.930474 -1.123674 -0.058811 0.188083 -0.344399 -0.336549 0.943696 0.884641 -0.402241 0.712079 -0.924560 -0.319936 -0.714002 
-0.500738 0.010915 -0.916088 0.432181 0.236857 0.587719 1.268145 -0.675094 0.836145 -0.706985 0.018708 0.857076 1.371204 -0.689902 0.241808 0.438365 0.175845 1.888472 -1.507206 -1.298900 -0.158600 -0.368340 -0.726673 -0.332425 3.056716 -0.580161 -0.944349 0.999885 -0.695874 0.778390 0.261144 0.804006 
-0.653057 -0.140769 0.825041 -0.589630 0.137061 0.758121 0.372224 -0.907492 -8.801432 0.304874 0.674127 0.683789 0.290018 -0.835072 0.266472 -1.820864 1.091916 0.744589 -0.379467 -0.675416 -7.321421 0.273097 -0.447235 -1.651326 -0.209614 0.563661 -0.709467 1.792387 -0.950451 0.792942 -0.353392 0.458648 
-0.014456 0.022178 -0.019469 0.052007 -0.003631 0.059568 -0.053780 -0.015408 -0.046476 0.001520 0.063268 0.055987 -0.002771 0.008346 0.043074 -0.065595 0.006883 -0.040125 -0.038875 0.063864 -0.000884 -0.050244 -0.035143 0.049345 -0.068132 -0.025688 0.069541 -0.030995 -0.012210 -0.082046 0.017766 0.060920 
-1.438901 -0.644596 -0.255845 -0.936429 -0.580358 2.332231 0.041515 -0.673617 -0.456729 -1.049013 0.594870 0.706526 0.425241 0.469720 0.992720 1.466686 0.427063 -4.147357 1.590536 1.305089 0.432915 0.260460 -2.154413 0.725909 0.178324 -5.311967 -0.209581 0.803273 -1.510132 -0.697371 -0.366249 0.590168 
-0.004711 0.076673 0.070498 -0.034432 0.048234 -0.008409 -0.023044 -0.066272 0.063537 -0.043255 0.079210 0.056243 0.067195 0.071511 -0.031753 0.049934 -0.062650 0.031701 -0.055798 0.015705 -0.027574 -0.024599 -0.061659 -0.024952 -0.011445 -0.082432 0.053046 0.007249 0.002146 -0.070793 -0.033925 0.085022 
-0.081706 -0.051013 -0.036997 0.054114 0.028164 0.027545 0.075429 0.004115 0.071876 0.067053 -0.027228 0.051485 0.050977 0.028605 0.013833 0.075914 -0.027280 0.045621 0.004033 0.032732 -0.066564 0.029960 -0.079806 0.009577 0.035113 0.060826 -0.070760 -0.050326 0.077619 -0.017100 -0.052891 0.083499 
0.019474 -0.002302 0.050028 -0.039948 -0.062343 0.037871 0.051752 -0.078053 0.017337 -0.063061 0.061019 -0.019271 0.053130 -0.012734 -0.030943 -0.061736 -0.054699 0.060675 0.058582 -0.033677 0.003049 0.066362 0.063486 -0.049424 0.039602 0.080311 -0.012165 0.029636 -0.024374 0.022531 0.025549 0.082685 
-0.067357 -0.012009 -0.044849 -0.042114 -0.061725 -0.080683 -0.032581 0.043199 -0.056158 -0.059148 -0.063658 0.084558 0.015704 -0.007016 -0.064763 0.048591 -0.033926 0.081405 -0.072672 0.056708 0.060181 0.078399 -0.080302 0.012197 0.071125 -0.004880 -0.045753 -0.040835 -0.069936 0.067382 -0.045736 -0.049707 
-0.032213 -0.002999 -0.004235 -0.006352 0.003905 0.050770 -0.050739 0.035332 0.079209 -0.026811 0.032305 0.007327 0.053759 0.055127 -0.031668 -0.067753 0.048946 -0.016755 0.076541 0.021541 -0.025941 0.083825 -0.053848 -0.042403 -0.008641 -0.012015 0.004348 0.009009 -0.032219 0.046198 0.046888 0.023154 
-0.044387 -0.044933 -0.070784 0.047104 -0.081748 -0.033937 -0.005150 0.085046 0.026838 -0.060431 0.004787 -0.006989 0.082282 0.060704 0.012843 0.043642 -0.043636 0.001798 -0.022403 0.018008 -0.001963 0.011335 0.063191 0.076982 0.086906 -0.020047 -0.001595 -0.032899 -0.061435 -0.042293 0.077840 -0.018236 
0.312828 -0.223899 0.436095 0.358015 -0.706888 -0.116285 -1.038587 0.308806 -0.159322 0.249862 0.318887 -0.280260 0.192937 -0.233520 -0.543966 0.081983 -0.821196 0.914894 0.507384 -0.567962 0.482899 -0.072836 0.232804 -0.162839 -0.152069 -1.568958 2.786124 0.293155 -0.277974 0.180924 -0.277305 -0.268527 
-0.047072 1.100357 0.451774 0.616309 -0.377506 0.498448 -1.018960 0.508072 -0.265934 0.709121 0.698186 -0.661207 -0.410119 -0.768351 -1.093452 -0.530031 0.944261 1.117743 0.006017 -1.298203 -0.637779 0.391770 0.074962 -0.257765 -0.118009 1.108642 1.190165 -1.055739 0.665507 -0.491845 0.543055 -0.430482 
-0.068474 -0.036566 -0.009213 -0.008894 0.012388 0.005735 0.013973 0.069786 -0.073934 -0.005177 -0.066425 0.027378 0.064884 -0.001952 0.048714 -0.061006 0.018455 0.075695 0.066418 -0.029598 -0.077453 -0.079040 -0.078573 0.025603 0.082822 0.072855 0.079813 0.016744 -0.031482 -0.002050 0.080124 -0.012370 
0.467686 -0.267244 -0.719604 0.763599 0.273613 -0.489676 -0.016020 -0.354800 -0.515078 0.449644 -0.724172 1.200235 -0.529219 -0.054317 0.434644 0.217715 0.719958 0.370506 -0.669646 1.432052 0.371850 0.554869 -0.438791 0.391262 -1.060376 1.019155 -0.134720 0.246137 -0.339040 0.482523 -0.240315 -0.223607 
0.266520 -0.034938 1.194726 -0.250294 0.393198 0.053509 0.185635 0.312706 -1.045487 -1.015265 -0.613931 -0.598076 -2.582581 -0.168891 0.034289 0.369704 -0.721437 0.569344 -0.328660 0.988777 1.775774 0.144339 0.298375 0.490222 -0.069109 -3.025039 -0.255357 -0.615132 1.887872 -1.634169 -1.075587 -0.634602 
0.085343 -0.029298 -0.000513 0.058843 -0.045344 -0.042109 0.019875 0.003329 0.033972 -0.054262 0.027184 0.013685 0.038184 -0.042911 0.060312 -0.074300 0.026204 0.008813 -0.032824 0.068371 -0.027623 -0.017324 0.068857 -0.056768 0.076532 0.083768 0.006913 0.066108 0.013148 -0.050367 0.022316 0.010905 
0.007921 -0.065783 -0.017838 0.050163 -0.020306 -0.085549 -0.034094 -0.073920 -0.052225 0.080676 0.027351 0.073545 -0.049821 0.000078 0.086830 0.063968 -0.078695 -0.033580 0.044753 -0.018732 0.036682 0.026024 0.012086 0.025628 0.022207 -0.068586 0.004150 -0.052231 -0.031367 -0.061120 0.046260 0.064140 
-0.289117 -1.750772 -0.625824 -0.520903 -0.865621 -1.430594 0.675126 0.258217 0.023169 -0.411627 0.799042 0.542967 0.415393 0.442696 0.718704 1.233276 0.271297 -0.199298 -1.130681 -0.145617 -0.629256 0.230055 -1.613768 0.921439 -0.416270 1.871343 -0.151934 0.524438 -0.907008 0.523712 0.289232 0.204062 
1.864808 1.311182 0.952327 -0.521059 0.660092 -0.160181 -2.668470 0.145745 -0.333914 -0.388526 0.263453 0.562268 -1.349964 0.656589 -0.717746 0.800983 -0.062272 0.385499 0.569804 -2.010410 0.761954 -0.933492 0.923044 0.576202 0.523434 -0.556156 0.880248 -1.429143 0.866095 0.083916 -0.542331 -0.456925 
-0.956444 -0.552828 1.014853 -0.750003 0.906012 -0.292116 0.221105 0.888921 0.293449 -0.753749 -0.817943 -0.523113 1.029142 0.626274 0.860304 -1.039267 -0.094935 -0.331790 -0.508012 0.164614 0.557604 0.712245 -0.062856 -0.659032 -1.068919 1.361635 0.382249 -0.757363 -1.117413 1.347595 -0.240417 -1.349699 
0.061001 0.075840 0.083778 0.068208 -0.015555 0.037353 0.022277 0.068809 -0.032645 0.079849 0.029611 0.048814 0.056116 -0.028121 0.063585 0.010292 -0.050264 0.082302 -0.073905 -0.044652 -0.064951 -0.018589 0.072616 0.012781 0.060004 0.061564 -0.035562 0.022191 0.080826 -0.007102 0.017760 0.054241 
-0.018848 0.013952 0.034864 0.053183 -0.036281 -0.030446 0.034406 0.018660 -0.038182 -0.023569 -0.020112 -0.069652 0.035896 -0.044113 0.028226 0.073218 -0.049397 0.041906 -0.059020 -0.026762 -0.064268 -0.073989 0.073605 0.083322 0.075160 -0.049542 0.017927 0.068400 0.030942 -0.051899 0.035055 -0.075492 
0.580643 -0.139266 -0.639848 0.226086 -0.828325 -0.235153 -1.429524 -0.269365 0.947040 0.002955 0.544654 0.778658 -0.440010 0.447714 -0.336539 -0.638473 -0.696699 0.163085 0.872931 0.548007 1.037275 -0.043786 -1.594174 0.349264 0.358233 -0.037000 -0.090890 -0.653551 -0.597671 0.285283 0.511051 -0.542813 
0.037994 0.024009 -0.037736 -0.010119 -0.051481 0.081868 -0.008828 -0.062954 -0.081398 0.010396 0.049055 -0.026019 -0.029740 -0.028476 0.067549 0.059616 -0.077440 0.046769 -0.002883 0.062364 0.012007 -0.069646 0.014570 0.015290 -0.030896 -0.052409 -0.038072 0.043542 0.003252 -0.079340 0.080033 -0.046340 
0.010215 -0.060127 0.115013 0.009087 -0.097439 -0.052913 -0.095024 -0.010013 -0.144085 0.021951 0.106483 -0.066810 -0.062679 0.212278 0.078151 0.040691 0.012331 -0.095549 -0.068557 0.080554 0.021821 -0.219488 -0.089572 0.097900 0.063492 0.038865 -0.157511 0.093937 0.202352 0.382443 -0.142178 1.060129 
0.037431 -0.038892 -0.033608 0.074009 -0.016592 -0.028203 -0.058396 -0.071483 -0.061329 0.045937 -0.068527 -0.035344 -0.044938 0.081630 0.000786 -0.001459 -0.033854 0.011694 -0.033559 0.043774 -0.050414 0.037218 0.002921 -0.077345 -0.017664 -0.081977 -0.013439 -0.064300 0.000744 -0.083458 0.008905 -0.049411 
-0.034763 0.062882 -0.062987 0.036230 -0.052906 -0.033798 0.052334 -0.026649 -0.075447 0.071392 0.025593 -0.032799 0.065436 -0.061207 0.053328 -0.056004 0.038073 -0.067817 0.075356 0.075245 0.056986 -0.009310 0.085485 -0.048264 -0.003700 -0.015539 -0.024978 0.084630 -0.011411 0.071513 -0.052367 0.041411 
0.046809 -0.027768 -0.009944 0.081489 0.026020 -0.045196 -0.032746 0.038159 -0.061390 0.080433 -0.082226 -0.083540 -0.068360 0.058688 -0.051959 0.057299 0.078456 -0.064189 0.044958 0.047857 0.014087 0.042857 0.087179 -0.077199 -0.060268 -0.025385 -0.080155 0.015907 -0.041458 -0.044936 -0.030268 -0.082234 
0.014882 0.047374 0.086841 -0.046684 -0.085409 -0.033491 0.079061 -0.059213 -0.040644 0.084422 -0.055167 -0.021418 0.055523 -0.019540 -0.051705 0.046394 0.003857 0.080838 0.006665 -0.069641 0.036110 0.006258 -0.059254 0.063427 0.068460 -0.051823 -0.008252 -0.060584 -0.009173 0.049066 -0.055232 -0.081877 
0.008853 -0.055978 -0.040975 0.011030 -0.001883 -0.049500 0.039403 0.045059 -0.052664 0.071822 -0.063945 -0.084727 -0.035304 -0.028065 0.049253 0.056140 -0.034813 -0.031667 0.074084 -0.086289 0.062177 -0.072756 0.064724 0.043051 -0.036993 -0.031114 0.070053 0.041420 -0.069634 -0.072765 0.047128 0.026805 
-0.041157 -0.081433 -0.049751 0.044546 -0.043346 0.077239 0.002019 -0.008425 0.061475 0.025659 -0.005565 -0.061414 0.085180 -0.043898 0.082311 -0.037219 0.012021 0.068810 -0.035922 -0.013388 0.083640 -0.058784 -0.057923 -0.040939 -0.002312 -0.075457 -0.087106 0.015640 -0.060636 0.047609 -0.045141 -0.014207 
0.053762 -0.007306 -0.057247 -0.077171 -0.017653 0.032358 0.001991 -0.043764 -0.029569 0.084011 -0.017592 -0.031975 -0.047472 -0.022867 0.018393 0.052135 -0.041643 0.070057 -0.048839 -0.045589 -0.076313 -0.019177 0.001057 0.008961 -0.007047 0.001537 -0.062986 0.019903 -0.038440 -0.020541 -0.081890 -0.072264 
0.059739 -0.051551 -0.061849 -0.045500 0.068393 0.027728 -0.001678 -0.048762 0.024154 0.068316 0.006849 0.064267 -0.042137 -0.062344 0.028816 0.003806 -0.079873 0.067563 0.045802 -0.068601 -0.039200 -0.040727 0.027946 0.041339 0.048397 0.052547 -0.026345 -0.077630 -0.055580 -0.020649 -0.062308 -0.083427 
0.015386 -0.036571 -0.041341 -0.003808 0.078743 0.044567 0.035016 0.015311 0.025297 -0.045721 -0.008008 0.070747 -0.020479 -0.066778 -0.013033 -0.012767 -0.086801 -0.054817 0.006219 -0.038415 -0.007957 -0.053421 -0.084663 -0.047147 0.086711 -0.023421 -0.037190 -0.056455 0.043516 -0.011912 -0.052296 -0.028685 
0.039103 -0.006051 0.055093 0.030260 -0.049070 0.002523 -0.042015 0.063814 0.044388 0.037563 0.046974 -0.063677 0.058372 -0.053645 0.011142 0.059156 -0.020876 -0.070226 -0.066845 0.058753 -0.036061 -0.063921 -0.075980 -0.036936 0.000243 -0.025585 -0.005805 -0.043827 0.050089 0.029485 0.015074 0.001606 
-0.064152 -0.017418 -0.055719 -0.025635 0.072691 -0.010148 -0.049408 0.029493 -0.060170 0.085152 0.053401 0.085787 -0.056079 -0.023043 0.057358 0.010631 -0.005683 0.078099 -0.018202 0.045841 -0.073408 -0.006596 -0.078680 0.014421 0.055405 0.003101 0.058180 0.017908 -0.054999 -0.014332 -0.068071 -0.031565 
0.055836 -0.036204 0.030385 0.040941 0.041234 0.068564 -0.017152 0.068649 0.066130 -0.051337 0.066850 -0.077534 0.013205 0.036622 0.020683 -0.080064 0.027135 -0.085105 0.053363 0.041312 -0.004115 0.062269 -0.031853 -0.036296 -0.022216 -0.061259 0.069198 0.010371 0.011996 -0.086459 0.066391 -0.019754 
-0.035078 0.009191 -0.066399 -0.081430 -0.009831 0.004035 0.074805 -0.031287 0.040283 0.054070 -0.021235 -0.034098 0.003106 0.087033 -0.026576 -0.057345 -0.085658 -0.060799 0.071553 -0.002187 -0.086116 -0.047885 0.049102 -0.020746 -0.021558 0.030714 0.077210 0.078024 0.031841 0.056016 -0.029316 0.084350 
-0.022379 -0.008129 -0.084666 0.055376 0.083492 0.077725 -0.063497 0.036189 0.044209 0.002853 -0.085495 -0.040271 0.002301 -0.024485 -0.010030 0.004229 0.002302 -0.026062 -0.085544 0.003771 0.013639 0.051144 0.070611 0.079667 -0.005727 0.060235 0.070105 -0.061472 0.028665 -0.046797 -0.064708 -0.081300 
0.618933 0.506888 0.501655 -0.632084 0.339673 -0.117087 0.128248 0.751259 -0.200697 0.389838 0.418142 -0.233849 1.130729 0.737671 0.419933 0.312096 -0.750124 0.327528 0.455429 -0.408836 -0.463299 -0.928108 0.210248 0.575374 0.471969 0.364512 -0.106016 -0.224718 0.167247 -0.311376 -0.368278 -0.132148 
0.558081 0.198671 0.532492 1.071260 0.930369 0.671164 -0.676379 -0.103421 -0.375044 -0.610958 -1.738321 -1.021983 -0.961915 -0.687038 0.423999 0.953409 1.718470 0.928932 -0.753119 0.388037 -0.734158 0.210650 0.144367 -0.250264 0.193521 0.680742 0.283191 1.254768 0.243800 -1.189124 -1.221414 -0.575144 
-0.063897 0.047886 -0.003958 -0.052599 -0.076082 0.026746 0.047302 0.041967 0.077325 -0.024651 -0.060382 0.050164 -0.001472 0.057103 0.006787 -0.056290 -0.039738 0.048417 -0.050375 -0.017535 -0.008035 -0.077041 -0.078810 -0.004880 0.064997 0.067859 -0.076501 0.048273 0.078413 0.072521 0.073758 -0.073070 
0.032820 -0.017786 -0.038083 0.044324 -0.078626 -0.078367 -0.001295 0.086286 -0.015433 0.025910 0.048864 0.070681 -0.004574 -0.031935 -0.073194 0.043274 -0.071103 -0.035983 -0.061846 0.008448 -0.025439 -0.053070 -0.084018 -0.048028 -0.072797 -0.072933 -0.087340 -0.081970 0.087174 0.074003 -0.067454 0.032408 
-0.619751 0.934666 1.934499 -0.204764 -0.302087 0.118250 0.016743 0.343982 1.023646 0.578307 0.433416 -1.403099 0.399172 0.462761 0.650229 1.536821 -0.907582 -0.606928 -2.926059 0.545109 -3.324193 2.128397 0.667634 0.600606 0.091538 -0.966612 -0.172590 1.920551 -1.136087 -1.373995 0.724674 0.587949 
0.047717 -0.030072 -0.028070 -0.048601 -0.042220 0.035807 -0.072767 0.059127 0.060962 0.061335 0.068315 -0.033403 0.034657 0.033191 0.063886 0.059583 0.023806 0.082037 -0.028517 0.048938 -0.071416 -0.077058 -0.086314 -0.035044 0.049818 -0.040778 0.000915 -0.012060 0.024890 -0.018303 -0.017722 -0.014979 
1.737904 -1.585320 0.726342 -0.638004 -0.815044 -0.600848 -0.381398 -0.328230 -0.047905 0.585609 0.790856 -0.425263 -0.749488 1.017786 -0.952616 1.237129 0.106377 -2.431690 3.021516 0.544472 -0.501794 -2.423755 0.382664 -0.167822 -0.517210 -1.562537 -0.600361 0.444207 0.582331 -0.883402 -0.129814 0.029277 
0.063069 0.049605 -0.011738 -0.034503 0.000844 -0.043206 0.016473 -0.074168 0.081226 -0.053540 -0.026937 -0.023910 0.027919 -0.007709 -0.017653 -0.071343 0.070588 -0.050044 0.020737 -0.015758 -0.081163 -0.009812 0.035300 -0.065474 0.048139 -0.013289 0.062690 0.000200 0.007987 -0.086882 0.079059 -0.016530 
0.050309 -0.020265 0.036553 -0.036433 0.024115 -0.034560 -0.023016 0.017755 -0.000515 0.037633 0.081431 -0.060182 -0.057662 -0.023808 -0.043939 -0.074660 0.013735 0.064384 -0.002832 0.020158 -0.033014 -0.055118 0.042270 -0.072461 0.019179 0.017374 0.015325 -0.060420 0.018078 0.006798 0.010635 -0.019199 
-2.061696 0.814772 -2.746711 0.832353 0.843075 -0.018418 -0.152257 -0.323871 -0.582111 0.117427 -0.490517 0.212601 0.103482 -0.202386 -0.305190 -0.623362 -0.229629 -0.733268 0.420459 -0.101933 -0.568393 -0.241663 -2.382442 -1.054618 -0.096838 3.183708 -0.172607 1.260362 -0.089585 -0.117696 -0.600752 -0.274981 
1.013923 0.392679 -0.326105 1.185712 -0.348004 -0.098451 -0.307017 -0.639159 0.138507 0.014712 0.993851 0.756898 0.587976 0.364183 -0.132093 0.489008 -0.250031 -0.347951 -0.488124 -0.085018 -0.474671 0.434453 -0.836073 -0.657184 0.732290 -0.674076 -0.294628 1.019726 1.019573 0.686706 -0.343950 1.024254 
0.032168 0.032647 -0.000339 -0.011259 -0.052744 -0.015131 0.079470 0.059284 0.009593 -0.016064 0.082166 -0.057691 0.065408 -0.057949 -0.065012 0.058296 -0.078145 0.042202 -0.004931 -0.023739 -0.071268 -0.017510 0.035057 0.047832 0.047727 0.028735 -0.031628 -0.061345 0.025682 0.027227 0.052808 -0.029736 
0.123353 -0.067246 0.150266 -0.225519 0.145067 -0.277476 0.068799 -0.533438 -0.146255 0.707896 0.234875 -0.174296 0.125183 -3.008533 0.088685 -0.086745 -0.230971 0.338822 1.494338 0.004828 -1.053262 0.014379 0.015590 -0.147292 -0.033115 -0.123483 -0.101179 0.245664 -0.188979 -0.162802 -0.037585 -0.152262 
0.040164 -0.080096 -0.081989 -0.010084 0.045965 -0.015576 0.036848 0.068377 0.045418 -0.061498 0.068610 -0.039123 0.037903 0.039555 0.060950 -0.083253 -0.082018 0.049696 -0.012918 0.041657 -0.014086 0.017662 -0.049699 0.038454 -0.070972 0.060359 0.029089 -0.044794 -0.039533 0.077574 0.041259 -0.086955 
0.085063 0.046855 -0.009453 0.043442 -0.056306 -0.060192 0.024233 0.076698 -0.034103 0.005257 -0.050011 -0.083787 -0.042774 -0.076647 -0.079453 -0.037206 0.060635 -0.004786 -0.083135 -0.041036 -0.074710 -0.045247 0.085003 -0.058096 -0.072474 0.026506 -0.015304 -0.024422 0.016494 -0.061632 -0.023791 0.013971 
0.072809 0.054342 -0.030172 -0.071083 0.081736 0.081647 -0.081971 -0.039953 -0.000682 -0.044396 -0.036154 0.044130 -0.033457 -0.028021 -0.080662 -0.060408 0.054779 -0.076210 -0.013858 0.067655 -0.033871 -0.016441 -0.078027 -0.018760 -0.077521 -0.005745 0.044404 0.026559 0.020209 -0.066973 -0.047056 0.005432 
-5.699207 -0.509151 -1.978526 -3.843549 2.247743 0.362251 0.705048 -0.664316 0.210285 -0.771505 -4.755815 -1.284401 1.398938 -1.979096 0.198643 -0.933329 0.053504 -1.874836 -1.663248 0.460463 0.188180 -2.144351 -0.186995 0.874408 -0.350474 -0.384976 -0.500933 -0.622511 2.264308 -0.125205 1.925802 -1.440243 
-0.026697 0.455036 -0.401785 -0.057209 0.217975 -0.190614 -0.068250 2.543027 0.030539 -0.144187 0.240300 0.129068 0.129401 -0.080560 0.313929 0.117626 0.418763 0.115442 0.378875 0.099921 0.503878 0.062588 -0.094495 0.191659 0.128380 -0.135167 -0.058202 0.226024 -0.132105 -0.042583 -0.124214 0.067487 
0.110209 -0.025227 0.239221 -0.152124 -0.005780 0.616018 1.098892 0.223287 -0.083164 0.088084 0.191970 -0.120785 -1.526405 -0.254478 0.066077 -0.082537 -0.128475 0.127086 0.747007 0.068068 1.094167 0.498745 0.238331 -0.105536 -0.096950 0.052750 -0.791320 0.398243 0.027271 -0.122154 -0.093532 0.133871 
-3.197206 -0.052811 0.331460 0.645195 -0.378104 0.621314 25.332386 1.273472 -0.414387 0.486965 1.109143 -0.511793 0.365599 0.451249 -0.405802 -0.444279 0.149089 5.418197 1.150928 0.355692 1.674362 -0.298695 28.711639 -0.312737 -7.451867 -0.291673 -5.393369 -1.033888 -0.993928 -1.253888 -4.293046 20.475498 
0.357371 -0.509406 -0.242878 -0.980061 0.440208 -0.130700 4.663291 -0.563526 -0.105665 0.843531 0.688640 -0.337311 2.034088 -0.834780 2.723828 0.580737 -2.697197 0.815736 -0.226472 0.162659 0.562426 0.328505 2.319576 0.527177 1.220278 -0.649806 -0.452293 2.963362 -1.314630 -1.921090 0.058198 -0.505042 
0.078906 0.081416 0.075793 -0.069189 0.084798 0.077880 0.051512 -0.032981 -0.031818 -0.034990 -0.055617 0.081668 0.022663 0.024580 0.033224 0.035976 -0.071519 0.044978 0.021510 -0.030359 -0.046789 0.008913 -0.060479 -0.012405 0.064645 0.012631 -0.038742 0.063310 0.009466 0.018906 0.076503 0.000786 
0.012737 0.064710 0.019183 0.009948 0.055004 -0.016891 0.064554 -0.064399 0.035705 -0.078649 -0.070317 -0.029218 0.033517 0.050493 -0.080829 0.049584 0.007885 0.028267 -0.068361 0.048682 -0.050405 -0.041254 -0.051308 -0.073346 0.058963 -0.002465 0.077550 -0.019157 -0.071144 0.066467 0.069215 0.029178 
0.043591 0.000812 -0.048459 0.011010 0.071507 -0.071492 0.034197 0.019626 -0.062555 0.051466 0.077993 0.058548 0.014373 0.084750 0.020547 -0.065328 0.025432 0.039772 0.070941 0.062612 0.086104 -0.067954 0.076852 0.057482 0.017168 0.066816 -0.049261 0.033609 0.045697 -0.067632 -0.024798 0.001703 
0.020766 0.014328 -0.074874 0.004686 0.030423 0.046909 -0.063274 0.055454 0.010789 -0.072867 0.026416 -0.062424 -0.075702 -0.040623 -0.040166 0.037316 0.086735 -0.056812 0.012342 0.085253 -0.037179 0.001608 0.055149 0.067575 -0.019161 -0.081698 0.013598 -0.061050 -0.061744 0.076385 0.028239 0.046608 
-0.172531 -0.469560 0.150924 -0.148715 0.266094 -0.568158 -0.078496 0.079964 -0.014207 0.182084 0.102963 -0.683393 0.088452 -0.130880 0.161636 2.200157 -1.457996 0.199199 0.107426 0.283029 0.327756 -0.068173 0.034544 0.211931 -0.371257 -0.241885 0.212259 0.016721 -0.136620 -0.084107 -0.161428 -0.362628 
-0.698277 -0.479338 0.459724 -1.343714 0.448473 1.432093 -0.466232 -0.069319 -0.820721 1.197148 -1.755907 0.301054 0.956020 0.843028 0.646847 -0.267824 0.272884 1.028709 -0.409426 -0.431806 -1.538104 -0.321754 -0.603444 0.755190 -0.951258 0.426957 0.464791 0.252328 -0.415313 -0.447953 0.507181 0.323421 
1.523308 -0.028366 0.802543 1.476586 0.808588 0.890377 -0.812970 -1.859079 -0.791930 -1.846112 0.395780 1.083383 -1.638614 0.252495 0.207279 0.158614 -0.076317 -1.170105 -0.441264 -0.488087 0.185873 -1.751970 0.837565 -1.274838 -1.042932 3.607621 -0.277805 -1.674169 1.441843 -1.049527 0.718529 -0.505694 
0.024980 0.023570 -0.083159 -0.028703 0.076887 0.057172 0.043168 -0.030127 -0.066237 0.052634 -0.038659 -0.051103 -0.013945 -0.009461 0.079270 0.002630 0.047118 0.040427 0.053949 -0.074453 -0.033319 -0.077681 0.046995 0.018884 -0.058596 -0.054430 -0.051807 0.053547 -0.053218 -0.015351 0.077211 0.059348 
-0.623876 -0.208065 -0.841308 0.908814 0.701580 0.665193 1.741497 -0.358476 1.956333 -1.273281 -0.601043 0.264133 -1.839429 -1.520449 1.072284 1.275620 1.074871 3.025821 -1.968154 -1.376740 -0.455077 0.063755 -2.121259 1.545650 3.411011 -0.327814 -1.025302 1.170273 -0.982927 0.948807 0.049930 0.822823 
0.817639 -2.409001 -0.951171 0.600996 -0.196918 1.545001 11.087180 0.628861 -0.171316 1.033844 1.424149 -1.758766 0.388674 0.606966 0.911208 -0.049807 0.190203 -1.994412 -0.379085 -4.080017 -0.912133 1.124166 12.991131 -0.382891 -3.880940 2.788021 -2.845935 0.347563 -0.791897 -0.906105 -1.670955 9.875949 
-0.650672 -0.528408 -0.523226 -4.576951 -1.786044 0.818105 -0.447297 0.031196 -0.569847 -1.124011 -0.877677 0.056033 0.724505 0.536795 -1.178606 -1.105465 5.855775 -0.681686 -1.142325 -1.029366 -0.845430 -6.071356 -0.252423 -0.458976 -0.017770 -2.086033 -0.200192 0.199868 -11.694400 -0.463055 0.636336 0.444010 
-3.335376 0.479413 -0.334121 0.440322 -0.128049 0.434425 -0.347877 0.566379 -0.076111 0.348445 -0.298518 -0.330863 -1.155280 -0.096993 -0.369299 -2.059291 0.122929 -0.079391 0.057870 0.472862 -0.345332 -0.744687 -0.494494 -0.691035 0.226824 0.978617 -0.163953 -4.236562 -0.099276 0.283671 0.830845 0.185000 
-0.410863 -0.198446 -0.047202 -0.393592 -0.225734 1.519254 -0.438300 -0.551760 0.886666 0.291126 -0.137962 -0.598421 0.815645 0.101645 -0.281864 0.366560 0.146405 0.015980 0.642018 0.360523 -0.515536 1.186248 0.498908 -1.450710 -0.224270 0.847681 -0.103047 -0.392195 0.460249 0.963435 0.470736 0.134459 
0.838606 1.414406 -0.002000 1.837758 -0.081155 -2.600441 -3.103443 0.470420 0.547653 -0.383597 1.399587 0.170509 -0.238611 -0.864475 -0.692534 0.433731 -2.318610 -0.452487 1.277073 2.213993 1.863894 2.476435 -3.336468 -0.113945 1.594367 -1.582797 0.951404 0.558917 4.042931 0.681073 -0.467299 -3.562251 
-0.076284 0.925241 -0.291888 0.156054 0.017958 -0.103674 0.041320 -0.067287 -0.058228 0.043186 -0.067621 -0.092886 0.073404 0.041590 -0.052643 -0.086961 0.033186 -0.048162 0.075604 0.012133 -0.008075 -4.938380 0.068356 -0.076554 0.084883 0.011655 0.545233 -0.086882 -0.019610 0.086057 0.053809 0.076755 
1.796265 -0.153347 -2.024064 0.101589 -0.696321 -0.700821 -1.400505 -0.870342 2.948349 0.632052 -0.843090 1.093572 -0.305443 -2.003456 -1.403771 1.074046 
0.000224 0.433257 4.122625 0.814035 1.423722 0.396197 0.430084 -0.221722 -2.235379 1.519179 0.593888 0.687631 -0.014392 -2.561980 0.282799 -0.378536 
-0.372231 -0.388828 -1.098357 -1.651906 0.531626 -0.468606 -0.932959 -0.139772 -0.947014 -0.168055 1.255648 0.736481 -0.557286 -1.887923 -0.495844 0.101995 
1.062193 -0.017411 -0.041803 -0.759806 -0.424486 -0.505366 -0.437311 -0.044793 0.868538 3.074006 1.456307 -1.108394 -1.223607 -0.659117 -0.135966 0.846880 
0.682776 -0.511979 4.258430 -0.360114 2.328274 1.530957 -0.219141 0.347414 -0.593650 -1.262189 -1.339492 -0.558363 -0.764578 -0.593928 0.869229 -0.551656 
1.450040 0.755852 3.326785 3.418373 -0.575577 0.283297 3.311841 2.149072 -1.052401 -1.348946 -0.921224 -0.936239 1.825677 -1.277257 0.552185 -0.465435 
0.643600 0.038540 1.057851 0.734236 -0.428596 0.734450 1.663447 -0.706298 0.820983 -0.419221 -0.087327 -0.031921 -0.302394 0.471788 2.359900 -0.853497 
-1.406857 -0.034651 0.885053 1.749815 -0.962145 2.408810 0.466220 -1.489130 0.783935 -0.488579 0.339993 0.483379 0.388427 -0.840502 -0.138469 0.105088 
-0.908973 -0.369525 -3.067213 -1.701558 0.820161 -0.126580 0.577427 -0.126218 -3.941461 1.081346 3.061710 -0.241125 0.286636 2.078432 1.456345 -1.106116 
1.411822 -0.813362 -2.948303 0.901490 -1.495128 -2.489545 -0.223589 -2.040334 2.606886 -0.795644 1.812787 -0.210105 0.420999 1.654250 1.266545 0.570791 
-0.961508 0.888946 0.849059 -0.934372 -0.099653 -1.689880 -0.085115 -0.938735 0.692324 -0.040719 -0.401564 1.032092 1.037174 0.496265 1.811367 0.216678 
-0.345470 1.187292 3.121565 0.846976 0.919655 -2.631368 1.806027 2.166463 0.476824 0.338537 -2.483405 -0.352183 -0.995636 -0.260159 -1.271435 -2.697864 
0.572291 1.239508 -5.144685 1.143905 -2.398352 2.328527 2.703917 -1.396307 0.930021 -2.211944 2.652224 -0.577017 1.445505 1.932583 1.855582 -0.489766 
-0.790074 0.049854 2.520857 1.797118 -1.848731 -0.195469 2.975228 1.375458 0.547755 -1.890443 -1.681527 0.175048 0.915879 -0.080528 -1.335224 -1.013122 
-0.806455 1.695534 -2.674104 -2.612580 1.235740 -0.280530 -1.439543 -0.567548 -0.238907 1.393368 0.516280 -0.116821 2.224308 -0.272882 3.498085 -0.753848 
-0.514230 1.499654 4.091216 -1.312300 1.587259 -0.783792 -2.222065 0.241777 -0.313770 -0.229408 -0.770656 1.128367 0.734081 0.091581 -0.131415 -1.898142 
-0.012946 -0.909118 -2.411631 -0.961852 -1.272122 -0.120713 -0.361772 0.131650 0.677132 0.108782 0.829284 -1.845180 0.946147 1.449465 0.098236 0.936272 
0.917737 -0.658139 3.800837 3.228012 -0.917104 -0.650289 1.367977 0.058441 1.849652 -0.420288 1.113288 0.766901 0.902170 -0.239410 0.692509 -1.332015 
0.207810 -0.098979 2.660056 3.698469 -1.926894 -0.717730 0.224753 0.751445 0.611528 -1.374434 -0.321212 0.739221 0.415495 0.430866 -1.419215 -0.087966 
-1.273667 -0.458864 -4.491086 -1.640884 -0.102133 -0.789066 1.099810 -1.057640 1.159793 -1.240670 0.816333 1.298749 -1.141624 -0.160725 -0.447962 -1.339915 
-2.104169 -3.462068 0.689608 0.295164 -1.736055 -0.472691 0.280285 2.107304 3.762074 -0.114650 -1.942788 -0.078787 -0.793813 0.278761 0.344547 -1.267570 
-1.938945 -2.262208 -5.139972 -2.575097 -1.980890 0.536422 -2.457479 -4.014318 2.922638 2.127996 3.376460 0.034774 0.242331 0.913040 1.844062 -0.340538 
1.143348 0.520552 1.870534 -0.182489 -0.421914 0.949864 0.755833 -1.090940 0.193876 -1.455965 -0.772459 0.654594 -0.174805 0.115241 -0.352595 1.032179 
-2.771909 -0.910535 3.064269 -1.061176 2.330044 0.404686 -2.363911 1.355405 -0.570815 -1.907090 -0.182288 0.650883 0.960918 -0.330708 1.757866 -2.248395 
1.139043 0.892497 2.865891 1.430742 0.854615 1.101640 2.040284 2.116997 1.949465 0.179610 -1.392545 0.848267 -0.128092 -1.096227 -0.573496 -0.253016 
2.259616 -1.211049 -1.912512 0.807670 -0.714266 -2.710899 -0.010368 -0.544315 0.089731 3.217810 2.005813 -1.478458 0.507075 -0.266856 1.992623 -0.185807 
-0.345265 -1.619205 5.351727 4.049190 -0.256713 1.248616 0.184870 0.246368 -1.156123 -0.799871 -0.269915 -0.042850 1.029155 -1.691358 -0.979783 -0.108503 
1.915522 1.979794 -2.774642 -1.060826 0.692784 -0.247248 3.046847 -0.235651 -0.213029 -1.065768 1.035225 0.072421 0.023235 1.727896 1.286227 -0.314612 
-3.421604 -0.623690 2.507703 -1.850138 0.788772 -1.673397 -4.074112 0.853049 -1.365406 2.078072 -2.142074 -0.398800 -1.642347 -0.758240 0.123645 0.987934 
-1.687080 -2.045760 -2.202336 -2.951435 -1.558146 -0.340647 -1.973773 -0.396569 -0.448102 1.836766 1.221304 -1.267670 0.074562 0.691168 -1.399548 -0.862858 
-0.868841 -0.391310 -3.360456 -2.170301 0.102270 0.865110 1.345939 -0.190922 -1.146766 -1.044999 1.286324 -1.981921 1.213561 -0.110472 0.682107 0.313136 
-0.511576 1.452591 -1.242821 -2.762009 -0.473590 -1.663577 0.344613 -0.811134 -1.685033 0.408349 -0.175217 -0.170888 1.309966 0.127979 0.326461 0.798495 
3.170367 -0.277415 -0.289370 0.543983 -1.295406 0.375069 1.423523 -1.328829 
2.779609 1.096348 -2.058804 -1.025386 -0.499669 -1.780960 2.662221 1.469351 
2.661937 0.005700 -1.100217 0.135440 -2.835219 -1.943718 0.820400 -0.571703 
2.398098 -2.127396 -1.127881 1.162895 -0.910539 -2.013618 -1.325913 0.117286 
-1.867881 1.093002 -0.494792 -1.145402 -1.279044 -2.954920 1.138358 -0.033986 
-0.877203 1.462154 -2.132355 0.006538 0.275896 -2.949649 -2.455277 -0.776875 
2.721768 0.265020 -0.219450 -0.997536 0.490058 2.516519 -0.507917 1.545187 
2.227385 1.296867 -3.192605 -0.166122 0.291002 -1.433609 -1.234060 2.139047 
-1.139729 -0.557339 1.299392 1.989915 -0.332482 -2.215892 0.785192 0.681400 
1.346223 2.245792 2.362334 -0.574845 0.384585 1.093427 0.609286 0.166278 
1.616124 -0.652199 0.338375 -1.681241 -0.477658 0.209886 -1.006827 -1.340645 
-1.167874 0.216101 -0.759175 -0.121744 -2.921313 -1.047001 0.873288 0.100673 
0.677924 -0.404106 -1.412212 -2.675093 0.654903 2.391742 1.524974 -2.445843 
-0.980105 -0.570981 0.045285 0.265011 3.231365 4.491720 0.615195 0.323099 
-1.493691 0.112193 -0.345454 -0.352746 1.475707 -0.246832 1.435066 -2.919821 
1.324883 1.508611 1.894362 0.357832 -1.296607 2.294392 1.056502 1.306393 
1.765618 -0.612233 -0.604272 2.794115 -0.156297 0.179095 2.167887 1.659047 -0.908464 1.936553 -0.592237 0.750884 0.791460 -1.234436 -1.063272 1.515467 -0.110841 -0.063724 -0.586815 0.419020 0.690471 1.267756 0.114311 
1.331843 -0.659183 -1.259629 1.077812 -1.833769 1.417500 -0.260424 0.853545 -1.498314 -1.654019 1.170273 -0.106800 0.914012 0.725369 2.289938 0.141703 0.158357 -0.273834 -0.424706 -0.532250 0.613361 0.671155 0.167242 
-2.259117 -1.761803 1.121813 0.235623 -1.485821 0.311973 0.706686 1.643721 -1.212017 -0.585847 -0.705401 0.412738 -0.155925 -1.738611 -0.530193 -0.620859 -1.306350 0.483247 -0.349083 -0.723225 2.688164 0.660611 -0.287044 
-1.773580 -0.508791 -0.164211 -0.797771 -1.390842 -0.718272 -0.476357 0.815822 -0.399232 -0.077564 0.095248 1.206278 -1.424332 -1.097446 0.576431 -1.140153 -0.282916 0.121267 -0.917047 0.353229 -1.216250 -0.808334 -0.106415 
-1.533306 0.383539 0.293997 1.665209 0.033835 -0.974696 -1.250338 0.300294 -0.324272 0.686346 0.630119 -2.239347 2.871278 -0.722782 -0.106145 0.843904 -0.616660 0.206436 -0.436128 0.311263 1.561264 -0.131218 -0.618418 
0.024980 -1.279728 0.731296 0.969372 1.066453 -0.333243 -1.140110 0.093207 0.492416 1.085571 -1.290933 1.165773 1.518247 0.161115 -0.925001 -1.084444 -1.955438 -0.129868 0.503373 0.278042 0.896507 -0.640649 0.374276 
-0.661293 -1.802371 -2.123088 -0.039234 -1.347296 -0.785518 0.709939 -0.559981 2.472341 0.271554 1.558207 0.886155 -1.219690 0.481253 0.302163 -1.046586 0.350118 0.168039 0.198699 -0.768855 -0.496699 0.691112 -0.570113 
2.323996 -1.219378 0.346864 0.183723 0.551831 -1.991920 -1.668341 0.309610 -0.283994 -1.730001 1.434602 0.560214 0.810508 -1.021208 -1.190345 0.050896 -0.838967 0.497267 0.064863 1.052373 -1.382706 -0.886632 0.217845 
-0.810190 -0.385158 -0.422654 -0.088845 0.601558 -1.320356 1.124336 1.089653 0.700202 -0.910708 -0.311687 2.281949 -0.633988 -0.436030 0.684481 0.388720 1.849152 -0.087083 -0.239118 1.165663 -0.334396 -0.813220 -0.802569 -1.038070 1.417755 -1.516255 -0.219134 -0.130724 -0.066747 -0.927867 -0.377156 1.792420 
0.211055 0.589091 0.624665 0.755493 -0.322039 -0.336456 -0.277359 -0.877899 0.767166 -0.099838 -0.524187 0.934955 -0.967665 -0.317586 -0.214716 0.249446 -0.028989 -0.232228 -0.161886 0.569971 0.832491 0.689673 -0.964499 -0.978204 0.912811 -0.391381 0.459738 0.186982 -0.172734 -0.365408 0.012850 -0.745989 
0.707936 -0.048882 0.168645 1.190783 -0.188071 -0.042805 -0.745417 0.021421 -0.047025 0.200770 -1.537548 0.378332 -0.092812 0.560299 0.078401 0.807841 0.118943 0.170477 0.316047 -0.327698 0.540002 0.271606 0.939896 -1.623281 -1.071847 0.265674 0.496551 0.459182 -0.021664 0.329630 -0.486105 -0.648325 
-2.076496 0.002529 -0.167973 -0.914683 0.687237 -0.748227 -0.157480 -0.509864 -0.054764 0.581211 -1.139325 -0.034894 -0.135999 -0.220626 0.773530 -0.661256 -0.553179 -0.939189 -1.365722 1.080446 -0.259027 -0.696262 -0.632614 -0.714040 -0.181886 1.159363 -0.080807 -0.517954 -0.031727 -0.674134 0.255396 -0.246903 
-0.484012 -0.290136 -0.070243 -0.445649 -0.418233 0.554925 0.761006 -0.016653 0.644889 1.117407 0.784666 0.811936 -0.657851 -0.840823 0.056814 1.623319 0.224217 -0.273569 1.028086 -0.147614 0.791156 -1.283595 -0.828028 -1.246134 -0.594187 -0.911362 0.818011 -0.243095 -0.292527 -0.806862 -0.504039 0.131783 
0.536598 0.491181 0.082376 0.136519 -0.626994 0.260167 0.542567 -0.120462 -1.438027 0.133838 0.683929 -0.228325 0.657827 -0.957302 -1.050624 -1.561309 -1.236675 -1.232221 -0.051110 -1.352075 -0.566180 -0.273774 0.670298 -1.032499 1.230698 0.296621 -0.445229 0.845457 -0.120155 -1.120257 -0.583895 0.486849 
-0.321366 0.071195 0.326086 0.081920 -0.346153 0.722885 -0.198711 -0.608941 -0.838265 -0.891447 1.907308 0.834300 -1.363123 -0.509576 -0.922707 -0.351843 -0.661521 -1.122206 -0.053641 0.268128 -0.895502 0.578064 0.007160 0.360791 0.792375 0.880344 0.151462 -0.817659 0.142140 -0.357780 1.396620 0.519243 
0.492140 0.424975 0.707714 -0.035888 0.177573 -0.520177 -0.558259 1.419041 -0.060748 0.640666 1.037793 -0.731639 -0.057283 -0.311557 -0.586612 0.113613 -1.045243 -0.664383 1.359845 -0.701768 -0.721393 -0.882267 0.193976 -0.870920 -1.058385 0.280669 -0.286735 0.494510 -0.101806 0.320133 0.580458 -0.521689 
0.818533 0.497060 -0.517063 -1.419197 -0.210394 0.148693 1.733691 -0.464163 -0.135462 -0.067894 0.236161 -0.698619 -0.396575 0.738030 -0.902655 0.068660 -0.299296 1.651853 -0.008649 1.023195 -1.327978 0.068306 -1.054163 0.068996 0.465837 -0.922460 -0.377345 -1.222537 -0.605998 -1.491331 1.440295 0.104925 
0.882857 0.364039 0.306503 0.050918 -0.507745 -0.113423 -0.431548 0.117045 -0.660426 -0.873592 0.514717 -0.661390 0.746975 1.316456 -0.720110 -0.201170 -0.036769 0.256009 -0.678299 0.049842 -0.036170 0.133766 1.413224 -0.324824 1.048012 0.298814 0.484440 0.175714 -0.561945 -0.063933 0.468206 0.088596 
0.297924 -0.584624 -0.065416 -1.862220 0.584170 -0.144622 -0.194671 0.032078 -0.759450 -0.062821 -0.651200 -0.038902 1.314608 0.696189 0.169949 0.489298 0.995617 0.980948 -0.603345 -0.144549 0.161622 0.645459 -0.626194 0.109842 0.047744 -0.673672 -0.033530 0.334284 0.291750 0.079062 -0.632278 0.152428 
-1.037567 -1.218731 -0.529635 0.011216 0.289400 -0.694718 0.614936 -0.139310 0.329760 -0.603455 1.487076 -0.255196 -0.760780 -0.679405 0.049535 -0.730509 -1.218952 -0.594723 -0.005310 0.958288 -0.649610 -0.176890 0.634077 -0.386439 0.175580 -0.574821 -0.959658 0.295142 -0.708979 0.401035 0.729067 0.667281 
0.624889 -0.080522 1.035182 0.257185 0.412088 0.504291 -0.423977 0.143116 -0.370144 0.649975 -0.167706 -0.453096 1.332574 0.726249 1.184517 1.052266 0.996170 0.469487 -0.594784 -0.811050 1.084306 -1.047488 1.144088 0.424507 -0.820759 0.378618 0.842211 -0.701832 -0.129588 -1.061663 -0.952367 -0.522249 
-0.421501 0.815874 -0.482700 -0.140861 -0.725739 -0.062027 -0.667142 1.249007 0.057740 0.614799 -0.510864 -0.016809 -0.357132 0.114242 0.404197 -0.577058 -0.014940 0.418978 -0.516692 0.514423 0.195524 1.304478 -0.258293 -0.158022 0.834491 -0.777774 -0.755452 -0.724720 0.281933 -0.847462 0.364689 0.092398 
0.292897 -0.208317 0.247172 0.414904 -0.250526 0.331753 -2.019687 0.122562 0.322168 -0.678093 -0.352180 1.026765 0.027996 -0.267855 -0.719204 -0.451982 0.587222 -0.056495 -0.551845 -0.075129 0.551516 0.575648 0.509080 0.215933 -0.095440 0.073900 0.374931 1.116546 -0.290817 -0.552180 0.050989 0.191960 
0.062556 -0.546583 0.694152 -0.516311 -0.227725 -1.125364 0.809075 -0.596045 -0.197716 1.070463 0.399533 0.349754 -0.680096 -0.682112 0.403797 0.178123 0.273749 -0.209998 0.169622 0.573417 0.095662 0.036993 -0.418284 -0.912387 0.467282 -0.086798 -0.110656 -0.131668 0.812003 -0.060581 -0.195004 -0.119534 
0.176422 -0.220028 0.006716 0.077954 0.002964 0.249806 -0.541562 0.405329 0.192320 0.572984 0.945518 0.960358 0.611139 0.473569 -0.079742 0.641347 0.000620 -0.003198 -0.687449 0.511826 0.426793 -0.659608 -0.555820 0.089686 0.059924 0.463399 -0.364558 0.021171 0.049882 0.057105 0.103187 -0.486616 -0.182425 0.286217 0.474984 0.406792 -0.118022 -0.095188 -0.521917 0.200873 -0.008274 -0.095024 -0.197664 -0.279434 -0.021723 0.644745 -0.000052 0.005498 0.002047 0.003603 0.013667 0.010157 0.328441 -0.221829 0.005128 -0.109103 -0.032163 0.014389 -0.010372 0.100092 -0.589199 -0.317710 -0.013399 -0.008385 -0.089725 0.010148 -0.006491 0.026780 -0.003080 -0.007658 -0.002097 0.011917 0.006465 -0.020457 0.007659 -0.001100 -0.019342 -0.013831 0.006456 -0.028623 0.000615 0.831161 -0.466834 -0.008533 0.001039 0.047786 0.007077 0.294854 0.012664 -0.016534 0.035507 0.441966 -0.003366 -0.034018 -0.007909 0.014695 0.016428 0.863672 -0.111889 -0.061796 0.057600 0.443031 0.010141 0.005109 0.012763 -0.011067 0.001549 -0.221082 1.456495 -0.000989 -0.296075 -0.865889 -0.876869 -0.161147 0.260183 0.439587 0.010993 
-0.388200 0.115695 -0.079952 0.031509 0.027442 -0.087644 0.007534 -0.437249 -0.119148 -0.052702 -0.043644 -0.073790 -0.078372 -0.180920 0.028295 -0.045794 0.015800 -0.000394 0.067065 -0.318284 -0.262862 -0.062631 -0.115821 -0.053502 -0.062788 0.144954 -0.278815 0.250724 0.296514 -0.105728 -0.196779 -0.077323 -0.191005 0.112557 0.172020 0.382921 -0.124698 -0.225265 -0.076160 0.084840 0.214257 -0.192615 -0.674894 0.099108 0.002418 -1.353509 -0.015870 -0.006633 0.018735 0.003569 0.004523 -0.023565 -0.254247 -0.050080 -0.016526 -0.886836 0.231037 0.001238 0.003381 1.372608 0.047889 0.583299 -0.010366 0.026419 0.007054 -0.000513 0.007383 0.001067 -0.011179 0.014133 0.031760 0.024013 0.010987 0.027074 -0.019805 0.000191 0.018871 0.005130 0.001936 0.004352 -0.032675 -0.567316 -0.192520 -0.017624 -0.003017 0.371397 0.004680 -0.063863 -0.008451 -0.021541 0.040526 -0.507266 -0.023701 -0.009028 -0.003185 -0.016249 0.010723 0.182061 -0.072654 0.031016 0.212083 0.789473 -0.000386 -0.012016 0.006047 0.011702 0.049446 -0.046057 0.911978 -0.012398 -0.990899 0.150497 -0.355807 0.026466 0.177114 0.051280 0.052376 
-0.163909 0.047847 0.010902 0.028551 -0.005178 -0.124851 -0.305117 0.158994 0.002333 -0.116801 -0.037912 -0.097062 -0.109954 -0.080649 0.076842 -0.078597 -0.002364 0.007647 -0.334639 0.663224 0.562231 0.072108 0.036527 -0.048898 -0.034172 -0.223114 0.152438 -0.695130 0.587115 0.189062 0.101155 -0.254264 0.167595 -0.127270 -0.384169 -0.438828 0.007744 -0.008939 -0.122582 -0.360537 0.011595 0.098759 0.065878 0.185590 -0.010813 -0.171359 0.000962 0.002159 0.001332 0.001992 0.014352 0.015896 -0.265703 -0.103541 0.006304 -0.286975 -0.240133 0.006580 -0.006863 -0.617124 -0.333384 0.680952 0.002888 -0.005642 0.183757 -0.009855 0.012985 0.010569 -0.005776 -0.001313 -0.014481 0.005717 0.010549 -0.020913 0.001538 -0.002400 -0.010405 0.004329 0.006627 -0.010489 0.008987 0.537327 0.234573 0.000418 -0.000578 0.088730 0.002365 0.244903 -0.000853 -0.005209 -0.056237 -0.561236 -0.007024 -0.040316 0.008476 -0.005660 0.007323 0.054283 0.116753 0.014338 -0.543819 -0.088856 -0.013643 0.015595 0.020708 0.012031 0.028788 0.015011 -0.509925 0.003329 0.309893 0.594601 -0.123757 -0.164316 0.050187 -0.076829 -0.044710 
0.069000 0.080106 0.193865 -0.088356 -0.003145 0.184561 0.473759 0.665621 -0.037656 0.292781 0.490908 0.525171 0.302453 0.112720 -0.059757 0.392995 -0.009351 -0.001415 0.519169 -0.219917 -0.171479 0.224159 0.152261 -0.506035 -0.516934 0.608561 -0.556650 -0.124929 0.290738 0.096779 0.056677 0.138123 -0.205497 0.262933 0.491306 0.348834 -0.235746 -0.337568 0.074428 -0.223331 -0.095688 0.188007 -0.651325 0.147190 -0.018371 -1.857695 -0.021889 -0.000849 -0.008470 -0.000765 -0.005973 -0.005153 -0.087141 -0.068814 -0.007539 0.325449 -0.516396 -0.004082 0.026889 0.912094 0.583344 -0.470229 0.005345 -0.016551 0.062259 0.015509 -0.051230 0.006566 0.023630 -0.021177 -0.002588 0.007700 -0.010913 -0.007359 -0.013366 0.006854 -0.009983 0.004318 -0.017816 -0.021387 0.004225 0.712461 -0.200149 -0.001027 -0.009314 1.450707 0.004800 0.383262 0.031645 0.017348 0.079241 0.091546 0.016557 0.000903 0.012804 0.002562 0.010760 0.063680 -0.126897 0.023308 -0.470946 -0.358875 0.029864 -0.008759 -0.012604 0.006306 0.118260 -0.195199 -0.918972 0.008542 -0.574352 0.628682 0.540423 -0.271269 -0.371973 0.192905 -0.005735 
-0.309425 -0.036089 -0.046510 0.014965 0.006130 -0.029097 -0.273610 -0.212751 0.163020 -0.090625 -0.027263 -0.066516 -0.102127 -0.131989 -0.049692 -0.025996 0.000958 0.008981 -0.312452 0.294650 0.235947 -0.021797 -0.063330 -0.058867 -0.044611 0.001919 -0.091169 0.369690 0.348069 0.417770 0.382046 -0.332206 -0.490983 -0.100657 -0.474136 -0.251747 -0.101662 -0.118691 0.245894 0.119942 0.056128 -0.090903 -0.220653 0.160602 -0.007794 -0.972958 -0.007269 -0.004525 0.003196 -0.000173 0.012293 0.002862 -0.173473 -0.135829 0.000307 -0.306894 0.213067 0.001704 -0.007285 0.058910 -0.327817 -0.875409 0.003861 0.004915 0.129052 -0.007601 0.006955 0.006417 -0.009471 0.004943 -0.003715 0.013230 0.016264 -0.004779 -0.006801 0.000563 -0.000562 0.009344 0.002940 -0.003692 -0.002893 0.177324 -0.039974 -0.004293 -0.004476 0.388998 0.003345 0.044378 -0.003599 -0.008217 -0.021315 0.840502 -0.014516 -0.026263 0.009103 -0.012832 0.010313 0.170972 0.031757 0.003451 -0.356568 0.362601 -0.018596 0.015407 0.016685 0.019675 0.065679 -0.032216 0.040425 -0.000775 -0.160745 0.616517 -0.166355 -0.145009 -0.029561 -0.068708 -0.037117 
-0.113867 -0.387010 -0.566451 0.055088 -0.010372 0.288171 0.075171 -1.017490 0.122250 0.070142 0.366592 0.229116 0.053675 -0.054665 -0.084393 0.085359 -0.001225 -0.030911 0.098921 -0.593275 -0.576999 -0.691687 -0.562258 -0.084818 -0.153018 -0.142258 0.171213 0.029704 0.171210 0.065442 0.002296 0.218267 0.327487 0.023591 -0.199276 -0.230382 0.111260 -0.080982 0.735738 0.227456 -0.068015 0.019759 -0.915262 0.098517 0.003490 -0.008262 0.000972 0.011057 -0.001459 0.028478 0.008837 0.031953 -0.324119 -0.157962 0.031203 -0.521421 1.003863 -0.019318 -0.018616 -0.808949 -0.127393 -0.203459 0.008551 0.022305 0.273468 0.000631 0.024685 0.012991 0.023334 0.013277 -0.020982 -0.018437 0.012422 -0.012558 0.007711 -0.015007 0.016645 -0.004058 -0.009537 -0.004850 0.016004 -0.305255 0.399284 0.013537 0.012385 -0.283116 -0.021445 0.018517 0.013398 -0.016442 0.022358 0.078367 -0.010204 -0.054373 0.000657 0.028518 0.000553 0.429683 0.108389 0.007912 -0.634124 0.199024 -0.004298 -0.029566 0.004543 -0.014870 -0.045744 0.217808 -0.527706 0.019132 -0.823736 0.936070 -1.261447 -0.909696 0.145762 0.392193 -0.088882 
0.102386 -0.080654 0.039617 -0.047829 0.006300 0.106244 -0.412098 -0.065484 -0.250773 0.765912 1.314186 1.219014 0.797897 -0.150791 0.042909 0.806759 -0.004146 0.019834 -0.467362 -0.036484 -0.034822 0.045827 0.086255 0.140046 0.083448 0.176499 -0.341110 -0.131816 0.447172 0.117919 0.090874 0.151039 0.177276 -0.298604 0.463877 0.250904 0.296108 0.157744 -0.109620 0.079488 -0.176155 0.164294 -0.641366 -0.124160 -0.008073 0.245579 -0.010284 -0.002852 -0.002188 -0.003704 0.020532 -0.001915 -0.234582 -0.274051 -0.007135 0.446890 0.280368 0.007776 0.003146 0.054221 -0.483032 0.358226 0.009241 -0.002226 0.016106 -0.008122 -0.021401 0.006837 -0.002939 0.000172 0.002669 0.019852 0.012422 -0.001971 -0.011712 0.002774 -0.007123 0.023491 -0.002562 -0.003875 0.000748 -0.751690 0.160834 -0.000675 -0.008812 -0.527464 0.007188 1.144417 -0.003991 0.004428 0.066270 -0.052181 -0.014516 0.009287 0.014100 -0.014024 0.015569 -0.195842 -0.058834 -0.088845 -0.499809 -0.422512 -0.004470 0.012013 0.023915 0.026470 0.018238 0.381956 -0.270425 0.004239 -0.841411 -0.407640 0.897627 -0.560101 -0.145708 -0.124825 -0.021245 
0.161853 0.073464 0.039024 -0.022183 -0.002815 0.062405 0.223143 0.024917 -0.070265 0.120091 0.169028 0.127900 0.122793 0.070902 -0.017243 -0.066027 0.004022 -0.003070 0.224301 -0.302129 -0.226746 -0.000745 0.003145 -0.042915 -0.057883 0.095977 0.003708 -0.547373 1.141435 0.047916 -0.097017 0.161963 -0.284505 -0.139342 0.220584 0.016828 0.000487 -0.088236 0.052936 -0.165834 0.083017 -0.022626 -0.079729 -0.132642 0.006478 0.582769 0.004218 0.000352 0.002310 0.000133 -0.003299 -0.001470 0.021105 -0.016058 -0.001884 -0.020832 -0.082517 -0.001787 0.001892 0.563490 0.212734 -0.069483 -0.002223 0.001692 0.203928 -0.000774 0.011685 -0.004601 0.000523 0.000831 0.003044 -0.004131 -0.004763 0.004024 0.002389 -0.001695 0.005687 -0.004564 0.001295 0.005804 -0.001462 0.171014 -0.048892 0.000458 0.004294 -0.181213 -0.001621 -0.097409 -0.004197 0.000781 0.020844 -0.409730 0.002771 0.009259 0.000163 -0.001335 -0.006269 -0.183084 -0.052530 0.011867 0.354706 -0.175156 0.002563 -0.006536 -0.006780 -0.004199 -0.026268 -0.011716 0.014802 -0.001915 -0.174731 -0.178605 0.008223 0.053421 0.027731 0.090417 0.025709 
-0.350069 0.186007 0.169312 -0.086277 0.022554 0.221228 -0.444128 0.066052 -0.163779 0.322108 0.188816 0.369284 0.319010 0.085024 0.109045 0.232571 0.006037 -0.018062 -0.548574 -0.469340 -0.445258 -0.022068 -0.105582 0.129808 0.120807 -0.213958 0.125912 -0.527275 -0.223386 -0.193870 -0.065842 -0.089206 0.259363 0.422601 -0.596838 -0.626209 0.032377 -0.062217 0.228695 0.666796 -0.174475 -0.021915 -0.549937 -0.819278 0.011934 0.133741 -0.015901 -0.011347 -0.028525 -0.012822 -0.018273 -0.029134 0.705926 -0.097001 0.011928 0.100070 1.057634 -0.048661 -0.018458 -0.331233 -0.516656 0.247885 -0.005056 0.019917 -0.001599 0.027334 0.016928 -0.002558 -0.003951 0.012343 -0.006222 -0.013019 -0.000089 0.015387 0.003431 0.006710 0.012013 -0.005027 -0.027882 0.035197 0.000868 0.661396 -0.265212 0.018244 -0.012265 0.824823 0.005776 0.266994 0.001242 0.004517 0.035379 -0.419999 0.013482 0.060669 -0.010594 0.018970 -0.008141 0.326067 -0.136040 0.249006 0.693114 0.257016 0.000021 0.010263 -0.039913 -0.008051 0.026171 -0.063873 1.198200 0.013938 -0.728839 -0.484771 0.408290 0.240810 -0.500265 -0.057822 -0.049342 
-0.272258 0.103627 0.105855 0.054777 -0.007248 -0.154924 -0.161724 0.025339 0.002785 -0.590059 -0.927266 -0.890340 -0.607279 0.154838 0.018456 -0.440528 -0.019131 0.030205 -0.158972 0.043942 -0.013833 0.198456 0.152822 0.089330 0.085232 0.065353 -0.133467 0.023728 -0.071249 -0.022335 -0.032422 0.072869 0.004725 0.328675 0.685597 0.521374 0.095732 0.066255 -0.244136 -0.113493 -0.096549 0.098328 -0.345867 -0.174220 -0.004724 0.262574 -0.000064 -0.006338 -0.013480 -0.011377 -0.005256 0.005372 0.089065 -0.062937 0.004412 0.174539 -0.168637 0.009538 0.003157 -0.121362 -0.119953 -0.639884 0.020775 -0.024036 0.165811 -0.005653 -0.034115 -0.015562 0.003265 -0.010657 -0.013135 0.001169 -0.003469 -0.005394 0.001334 0.012306 -0.014389 0.021541 0.000297 -0.001593 0.015358 0.229433 0.224456 0.006730 -0.009315 0.431704 -0.000050 0.031476 0.003972 0.020773 -0.031226 0.003040 0.003262 0.005491 0.002868 -0.002385 -0.002401 0.634526 -0.021773 -0.006355 -0.219624 -0.179205 -0.013577 0.029596 0.014423 0.015070 0.066029 0.204303 0.046834 0.002190 -0.602061 -0.482766 0.429007 0.365664 0.092281 -0.129161 -0.056176 
0.125493 0.186424 0.330571 -0.081767 0.006240 0.254936 -0.285082 0.476671 0.095684 1.067730 1.558880 1.410792 1.080240 0.245646 0.060944 0.900347 0.014206 0.011472 -0.393966 0.264920 0.187350 -0.150100 -0.239437 0.166516 0.173256 -0.010727 -0.033022 0.085447 0.000204 -0.095913 -0.049355 0.074315 -0.173146 0.089046 -0.011523 -0.245134 0.200239 0.083841 0.007159 -0.604877 0.297873 -0.053417 -0.717697 0.100505 -0.012543 -0.333013 -0.036789 -0.031519 0.010669 -0.007899 -0.033951 -0.006155 0.433650 0.069436 0.004089 0.008905 -1.543431 -0.018288 0.016503 -0.273019 -0.330662 -0.099339 0.008484 -0.005574 -0.046222 0.011617 0.027969 -0.025499 0.007759 -0.022739 -0.006184 0.021129 -0.009733 0.000502 -0.010206 0.014838 0.027727 -0.013531 -0.002372 -0.008510 -0.009443 0.683241 0.051324 -0.022062 -0.000327 0.229113 0.001542 -0.713881 0.033274 -0.010125 0.051680 0.288632 0.008283 0.049685 0.019387 -0.025488 -0.013679 0.981327 0.080689 0.077157 1.119871 -0.128711 -0.019359 0.016834 -0.023236 0.028058 -0.058712 0.206694 0.658209 -0.019399 -0.855303 0.375013 -0.698958 0.118043 -0.264872 -0.050702 0.108386 
0.860581 -0.057543 0.210979 0.059448 0.000534 0.208567 -0.176300 0.412961 0.102131 0.411593 0.580205 0.525238 0.415758 0.093132 -0.032136 0.327751 0.012047 0.000009 -0.247837 -0.466734 -0.360273 -0.421085 -0.265510 0.117734 0.142642 0.244377 -0.180572 -0.151179 -0.029478 -0.047686 -0.004771 0.109939 0.019906 0.208840 -0.268556 -0.152853 -0.101661 0.084115 0.042501 0.518773 0.104921 -0.272570 0.729524 0.195502 0.004897 -0.251196 0.000544 0.003686 0.017763 0.008214 0.001530 -0.000088 0.076443 -0.219231 -0.006689 0.703585 1.327206 0.007765 0.008317 -0.136636 -0.218883 -0.320937 -0.007903 0.007886 0.053045 -0.010155 0.028194 -0.003577 -0.004512 0.004889 0.010485 0.006613 -0.001473 0.002853 -0.007138 -0.005233 0.011019 -0.002410 0.013044 -0.001769 -0.015107 -0.390176 -0.231133 -0.008611 0.007948 -0.490810 -0.002168 0.127525 -0.007609 -0.012772 0.018218 -0.235172 -0.010192 -0.035171 0.004176 -0.014510 -0.002241 1.757451 -0.022052 -0.043547 0.069848 -0.650698 0.001970 -0.011609 0.004750 0.002570 -0.058612 -0.225016 0.795804 -0.008462 0.787437 0.574846 -0.589869 -0.643806 0.032940 -0.036362 0.062516 
0.728880 0.124003 0.325327 -0.075784 -0.004258 0.017002 -0.459543 0.039336 -0.070064 0.328509 0.422299 0.313930 0.323008 -0.125785 0.040601 0.149529 0.012182 0.003153 -0.510234 -0.423784 -0.499602 0.339204 0.349947 -0.167301 -0.111006 -0.294211 0.293682 -0.313320 0.131477 -0.420286 -0.429700 0.628628 0.301875 0.016053 -0.282735 -0.183022 -0.329406 -0.122870 0.184198 0.390474 -0.124433 0.015260 1.001584 0.316306 -0.006265 -0.008431 -0.010951 -0.025067 0.002644 -0.006653 -0.009332 0.010080 0.142616 -0.464096 0.008907 0.857629 -1.788074 -0.017639 -0.006542 -0.150169 -0.492761 0.225530 0.012309 -0.003194 -0.036896 0.009067 0.013470 -0.012342 0.008252 -0.013818 -0.012715 0.011653 0.001990 0.002167 0.008413 0.006200 0.025282 -0.017762 -0.004616 -0.000246 0.006302 -1.190012 0.437511 -0.011171 0.006705 0.174059 -0.003629 0.806069 0.013824 -0.007373 0.018563 -0.412881 0.002023 0.043800 0.018388 -0.012876 -0.012145 0.389376 -0.098996 -0.040826 0.840478 0.714987 -0.026094 0.008248 -0.019898 0.014179 -0.118706 -0.432129 0.079096 -0.010772 1.176574 0.278399 0.266352 0.252163 0.005060 -0.095408 0.041567 
0.107296 0.017125 0.297756 0.087617 0.021324 0.193085 -0.382732 0.342898 -0.003646 0.250113 0.293726 0.377413 0.254764 0.219287 -0.070823 0.183855 -0.005231 -0.003451 -0.438490 -1.266543 -0.938939 0.650056 0.619347 -0.088764 -0.055272 -0.308099 0.208981 0.484242 0.165473 -0.019166 0.063070 -0.510631 -0.807110 -0.105794 0.180838 0.534384 0.033517 0.092488 0.233188 -0.155338 -0.106696 0.172826 0.612769 -0.048925 -0.001822 -0.328079 -0.014292 0.013241 0.000973 0.008737 -0.010334 -0.018840 -0.154761 0.957572 -0.004710 -0.120692 -0.725643 0.007052 0.020460 -0.507155 -0.394199 0.083044 -0.011166 0.004870 -0.192998 0.010550 -0.016652 0.002049 0.010405 0.002104 0.020545 0.003827 -0.015088 0.009654 -0.017393 0.003033 -0.009838 0.013767 -0.005728 -0.008133 -0.015669 0.203531 -1.095628 0.001263 -0.011012 -0.384880 0.002192 -0.183945 0.012508 -0.002282 -0.029267 -0.023714 -0.001661 -0.023279 -0.027001 0.021228 0.009000 0.757468 0.101165 -0.003012 0.066607 0.303075 0.040204 -0.021404 0.007698 -0.017991 0.010666 0.018098 -1.026449 0.005893 0.678535 -0.329953 0.850979 0.447025 0.231609 -0.200623 0.020785 
0.544983 0.178615 0.068328 0.157642 -0.001409 0.020061 0.479122 0.289635 0.128100 0.067149 0.461691 0.482494 0.098259 0.246965 0.026174 0.392231 -0.014838 -0.003338 0.496948 -0.244427 -0.246353 -0.122915 -0.197074 0.503666 0.542129 0.389602 -0.401159 0.103448 -0.200479 -0.143225 -0.017199 -0.133142 -0.535165 0.111992 0.893447 0.480162 0.215465 0.314260 -0.496291 -1.414659 0.659590 -0.221411 0.286752 0.377158 0.010926 -0.107370 0.002946 0.016861 -0.018790 0.005679 -0.027458 -0.007020 0.354385 -0.146774 0.021055 -1.469021 -0.122275 -0.001866 -0.000836 0.243138 0.542273 0.346662 -0.004948 -0.005776 -0.114252 0.007391 0.012667 -0.013120 -0.002367 0.006865 -0.011785 -0.028189 -0.014495 -0.007635 0.002993 0.002292 -0.014554 0.008197 0.006370 0.004894 0.001462 -0.742156 -0.494095 0.019201 -0.004810 -0.169178 -0.007055 0.874853 0.007860 0.007540 -0.048925 0.183110 0.013197 -0.014604 -0.025679 0.026262 -0.008712 0.499326 -0.085949 -0.076773 0.682717 -0.588080 0.015648 0.011313 -0.014086 -0.027606 -0.008395 0.176946 0.835548 0.009432 0.581762 0.758378 -1.469752 0.409940 0.440696 -0.376249 -0.035253 
-0.059145 -0.071489 0.032641 0.029795 -0.002609 -0.174716 0.144710 -0.147956 0.095475 -0.323099 -0.315258 -0.411907 -0.327673 -0.130164 -0.041035 -0.348071 0.000318 0.002413 0.239457 -0.389996 -0.287351 -0.059708 0.108290 0.017875 -0.008513 0.440724 -0.235063 0.155007 0.353144 0.048073 0.055063 0.417271 0.058519 0.182367 -1.706483 -0.810874 0.093620 -0.003088 1.119944 -0.658325 0.116960 0.111686 -0.158073 -0.069303 -0.002082 0.682819 0.002935 0.003181 0.012951 0.005555 0.003054 0.005048 -0.300226 0.021481 -0.008742 -0.197330 -0.457810 0.016811 0.015333 0.679944 0.201039 0.026769 0.000160 -0.005354 0.022187 -0.002407 -0.015147 -0.001341 0.012908 -0.008881 0.014839 0.007310 -0.010236 0.005164 -0.001678 -0.001571 0.000859 -0.000758 0.002764 -0.011704 -0.001700 -0.213635 0.213166 -0.008890 0.005285 0.154746 -0.002326 -0.101664 0.004701 -0.000801 -0.001627 -0.091147 -0.002145 -0.013211 -0.004268 0.002451 0.000244 -0.337439 0.013370 -0.012182 0.035389 -0.527386 0.016970 -0.022971 0.011292 -0.005976 -0.002576 0.158265 -0.189596 -0.005394 -0.335232 -0.773398 0.196270 0.310676 0.285939 0.079625 0.046820 
0.283447 -0.420370 -0.097916 -0.151027 -0.030428 0.177589 -0.383972 -0.090676 0.203801 0.390624 0.989580 0.815295 0.416516 0.002939 -0.052230 0.591944 -0.016648 -0.005869 -0.387935 0.403739 0.394564 -0.438306 -0.434663 0.205741 0.162407 -0.059878 0.205119 0.175001 -0.291889 0.159973 -0.088648 -0.139232 -0.241153 0.429458 0.160722 0.127055 -0.002908 -0.027742 0.039807 -0.162779 0.084542 -0.050587 -0.168511 -0.230914 -0.000373 -0.186886 0.005259 0.019362 -0.000181 0.019318 -0.006857 0.027515 -0.980435 0.407906 0.013365 0.453007 -1.718033 0.007841 0.016327 0.662217 -0.448603 -0.273390 0.010709 -0.012343 0.043158 -0.015301 -0.011520 -0.002832 0.018858 -0.004254 -0.025962 -0.024184 -0.007575 -0.026794 -0.005078 -0.008105 -0.008780 0.009949 0.005972 -0.017579 0.012296 -0.462360 0.005684 0.013821 0.006041 0.299678 -0.016038 -0.805486 0.014466 0.012424 0.164732 0.258937 0.010386 -0.023321 0.011807 0.004620 -0.001947 0.493614 0.017726 -0.146881 -1.464330 0.308721 0.008689 -0.010063 0.006788 -0.004555 0.026889 -0.052188 1.148228 0.012932 -0.203686 -0.488878 0.732179 -0.797535 -0.464283 -0.048109 -0.062050 
-0.330220 0.204064 -0.017491 0.062064 0.018474 -0.141981 0.330843 0.109234 -0.069441 0.115779 -0.276888 -0.174247 0.086372 0.040745 0.052918 -0.200512 0.007875 0.006474 0.254081 0.849391 0.653373 -0.376575 -0.338652 -0.097770 -0.050789 -0.444404 0.352210 -0.130117 -0.164840 0.105827 0.253242 -0.214695 0.181181 -0.032036 -0.334013 -0.423706 0.093536 0.099791 -0.092669 -0.064542 0.025553 0.017154 -0.098386 0.199459 0.014519 -0.828893 -0.003826 -0.018684 0.009575 -0.015337 -0.027302 -0.024277 0.076904 -0.379291 -0.014156 1.204778 -0.939632 -0.009547 0.003359 0.178594 0.286663 -0.221097 -0.001500 0.011791 0.161525 -0.001306 0.012918 -0.026039 -0.010350 0.006503 0.016923 0.000417 -0.008875 0.031757 -0.007482 0.010750 0.018512 -0.003291 -0.002404 0.025579 -0.020507 1.897388 0.361829 -0.009052 -0.006005 -0.542998 0.002049 0.093764 -0.013313 -0.000293 -0.074572 -0.210300 0.002176 0.047546 -0.012677 -0.012753 -0.016585 0.030772 0.220578 0.158934 0.351248 -0.758753 -0.019595 0.005704 -0.009316 0.005206 -0.014964 0.187779 -0.965546 -0.016870 -0.058854 0.311902 -0.944195 -0.090080 -0.088953 0.294863 0.060158 
0.430713 -0.194744 -0.232583 -0.073537 0.001701 -0.137845 0.312759 -0.098965 -0.007413 0.198859 0.380290 0.275643 0.196049 -0.261051 0.021617 0.136123 0.012887 -0.004857 0.376032 -0.030942 0.009226 -0.598059 -0.634670 -0.032281 0.032351 0.087274 -0.109235 -0.071895 -0.110603 0.295779 0.297636 -0.135814 -0.398670 -0.115432 -0.506544 -0.562894 -0.140321 0.042027 0.570164 -0.270505 -0.065697 0.194212 1.129121 -0.196824 0.002444 -0.437525 -0.011345 -0.006165 0.005204 0.004905 -0.008311 0.002708 -0.001122 0.343798 0.011997 -0.283410 -0.529360 -0.015109 -0.003001 0.379973 0.325709 -0.142096 -0.001262 0.010339 0.211713 -0.001053 0.044940 -0.007548 -0.004749 0.002531 -0.009772 0.001610 0.002807 -0.006275 -0.001677 -0.002824 0.017877 -0.006703 0.004479 0.005237 -0.002983 -0.851434 -0.278734 -0.002631 0.004730 -0.141226 -0.002755 0.363078 0.004389 -0.014428 -0.026273 -0.499226 -0.002999 0.007240 0.008864 -0.011135 -0.008113 -0.330390 -0.020614 -0.079910 0.202929 0.144075 -0.014091 0.005151 -0.010684 0.008365 -0.075622 -0.234461 -0.529842 -0.003379 1.593138 -0.180528 -0.745317 -0.153569 -0.146177 0.350859 0.019911 
-0.446055 -0.063046 -0.216145 -0.100870 -0.026524 -0.149912 0.448683 -0.283102 0.050005 -0.582468 -0.640964 -0.931555 -0.618420 -0.154709 -0.034678 -0.631880 0.002188 -0.000611 0.603997 -0.160240 -0.278361 -0.043495 0.010041 0.333759 0.325155 0.210907 -0.192359 0.036512 0.234616 -0.058679 -0.037266 -0.175288 -0.182772 -0.560610 0.157444 0.144006 0.012071 0.080980 0.003421 -0.027671 -0.010271 0.044494 0.639140 0.138704 -0.025653 -0.260798 -0.012516 -0.026103 0.011888 0.008167 0.008826 0.045006 -0.003488 -0.244836 0.012271 -0.679897 -0.464279 -0.003084 0.005001 -0.286837 0.513995 0.189149 0.032267 -0.017922 0.033987 0.010882 -0.046570 0.000022 0.048299 -0.038509 -0.013841 0.021675 0.001019 -0.010441 0.016173 0.002032 0.026570 -0.022124 -0.015019 -0.035629 0.032117 1.255748 -0.428335 -0.021452 0.019343 -0.125001 -0.013808 0.477493 0.045496 -0.004359 0.071453 0.070203 0.001320 0.017283 0.033817 0.000330 -0.004000 -0.528917 -0.055379 -0.015298 -0.005648 0.756522 -0.013080 -0.024561 0.000213 0.017935 -0.011539 0.000340 0.912755 -0.006584 0.698476 -0.150828 0.162017 -0.234966 0.138753 -0.308373 0.026583 
0.105434 0.177138 0.173574 -0.100731 0.001853 0.074675 0.059864 0.215021 0.149947 0.400633 0.695440 0.473133 0.428215 0.333757 -0.047673 0.397428 0.019126 0.020981 0.044086 0.044355 -0.066796 0.298289 0.142172 -0.023513 0.000472 -0.528423 0.351421 0.123894 0.077629 -0.175703 -0.071783 -0.074978 0.335955 -0.521720 0.122509 -0.084451 0.250828 0.172815 -0.118470 0.800590 0.257661 -0.554194 0.114469 0.213094 -0.046989 -0.386654 -0.031395 -0.016008 0.028718 -0.001146 0.021924 0.016602 0.989343 -0.389960 -0.004120 0.267082 1.693218 0.027690 0.013793 -0.146224 0.044106 0.245471 -0.008539 -0.020944 0.114140 -0.001670 0.040292 0.022478 -0.013294 -0.036708 -0.000696 0.056144 0.011881 -0.043735 -0.005313 0.000600 -0.009783 -0.018383 0.022559 -0.054360 0.000396 -0.496029 0.286256 -0.043721 0.004581 -0.424077 0.022235 -0.587855 0.033120 -0.032784 -0.109909 0.028200 -0.009652 -0.018605 0.031085 -0.039522 0.020805 -0.526093 0.092557 -0.032585 0.737223 -0.038237 -0.008724 0.026090 0.026001 0.042347 -0.065405 0.265750 -1.232572 -0.024680 0.268942 -0.261764 -0.124837 0.441885 0.310775 0.019050 0.144021 
0.159240 -0.120759 -0.221961 -0.032119 0.001238 -0.308220 0.102701 -0.200966 -0.026380 -0.381645 -0.510798 -0.621105 -0.404197 -0.127554 0.056250 -0.452459 -0.002421 0.019308 0.077573 0.107231 0.079841 -0.427707 -0.503183 0.029987 0.085898 0.199566 -0.105418 -0.160063 0.384018 -0.440528 -0.476059 0.334307 -0.296075 0.199104 -0.184651 -0.469620 0.031183 0.068124 0.419466 -0.684908 -0.108820 0.359338 0.733957 -0.322952 -0.007684 -0.063669 -0.021513 -0.012726 -0.010832 -0.003039 -0.008671 0.009429 -0.036215 0.192143 0.022285 -0.495027 -0.606673 -0.016006 -0.001446 0.275801 0.039336 -0.023961 0.017465 -0.007976 -0.560143 -0.000524 0.018717 -0.013893 0.004260 -0.008492 -0.026342 0.007485 0.001007 -0.018071 -0.001882 0.008175 0.004947 0.014551 -0.003723 0.001827 0.016154 -0.283156 0.082592 0.006788 -0.006679 0.563985 -0.000452 0.531237 0.016025 0.000239 -0.065272 0.432067 -0.001486 -0.002253 0.012145 -0.005902 -0.006318 0.326645 -0.030644 -0.053447 -0.161216 -0.228519 -0.021429 0.029964 0.006312 0.024570 0.007866 -0.019517 -0.638083 0.006465 1.015017 -0.615619 -0.141408 0.122430 0.002370 0.185348 -0.057956 
0.749086 -0.042062 -0.099471 -0.150467 -0.016817 0.241848 -0.583172 -0.673305 0.096918 0.174023 0.646578 0.389579 0.165526 0.054090 -0.020762 0.308398 -0.012106 0.008093 -0.645902 0.599126 0.530794 -0.132181 -0.056966 -0.039911 -0.027701 -0.167265 0.140475 0.046888 0.060506 -0.025992 -0.066988 0.208962 0.134016 -0.307284 -0.393199 0.054368 -0.284052 -0.111670 -0.052274 -0.616212 0.035487 0.206265 1.146308 0.141182 0.011035 0.506724 -0.003309 -0.007206 0.007566 0.006262 -0.011208 0.009082 -0.136944 -0.022101 -0.002291 -1.097205 1.460235 0.005690 0.019614 0.481918 -0.764833 0.117985 0.028271 -0.001986 -0.153715 -0.013000 -0.031793 -0.027448 0.023101 -0.007224 0.005587 -0.005834 -0.006217 0.015292 -0.006939 0.000950 0.018983 0.016089 -0.004564 0.001681 0.008429 1.023456 0.410436 -0.003745 0.006343 0.345876 -0.015762 -0.113880 0.010690 0.017183 0.094923 -0.143406 0.000786 0.058296 0.014548 -0.010662 -0.010690 -0.104627 0.203861 0.028366 -0.140000 -0.766556 -0.008378 -0.017983 0.004277 0.016824 0.062134 -0.294067 0.085483 -0.004438 1.113512 -0.679526 0.653981 -0.159940 -0.074850 0.054388 0.020790 
0.093704 0.037521 -0.110409 -0.025357 -0.007600 -0.561382 -0.123547 0.963142 -0.094986 -0.479019 -0.779859 -0.772192 -0.483085 -0.314304 0.092955 -0.460289 0.000155 0.034007 -0.167759 -0.470341 -0.346646 -0.849992 -0.838573 0.421072 0.422365 0.511301 -0.450622 -0.162002 -0.165100 0.144317 0.061494 0.186309 -0.000028 -0.281124 -0.089398 -0.429208 0.211546 0.255312 0.371125 -0.298010 0.220570 -0.123226 0.339612 -0.145451 -0.017636 0.461109 -0.012358 -0.010430 -0.000450 -0.016549 0.021844 -0.006331 0.081876 -0.114025 -0.027022 -0.427246 0.928436 0.016008 0.029213 0.188591 0.015080 0.264136 0.010882 -0.030386 0.224870 -0.003738 -0.052542 0.001379 0.005252 -0.027823 0.009420 0.034491 -0.004800 -0.006552 -0.009298 0.008726 -0.011648 0.015147 -0.002797 -0.013623 0.008725 -0.170788 -0.194193 -0.010876 -0.005129 0.744539 0.017969 0.034276 0.004486 0.023061 0.032470 -0.158392 0.002519 0.002912 0.035753 -0.034614 0.010528 -1.003998 -0.155812 -0.073695 -0.359683 -0.514896 0.014400 0.012125 0.008925 0.039073 0.080903 0.113312 0.959350 -0.003331 0.408550 0.447076 -1.021598 -0.785005 -0.299250 -0.076223 0.048018 
1.359684 -0.018919 0.176050 0.014227 -0.013066 0.144787 -0.211556 0.521008 -0.031710 0.271301 0.810029 0.721182 0.309782 0.114032 0.013767 0.512775 -0.013831 0.004312 -0.309635 -0.101935 -0.052338 -0.086665 -0.094623 -0.039931 0.022753 0.309093 -0.212515 -0.182600 0.231048 0.112409 -0.015666 0.481239 -0.138068 -0.223026 -0.144908 -0.265501 -0.025998 0.080384 0.391085 0.091941 -0.118353 0.052788 0.652435 -0.301688 0.020000 -0.651897 0.011928 0.022211 -0.012127 0.004825 -0.022465 -0.006052 -0.005338 -0.219391 0.009314 -1.004898 0.425947 0.003981 0.009982 -0.112183 -0.234754 -0.272048 -0.003157 -0.007644 0.150556 -0.013847 0.027664 -0.020377 -0.011137 0.011920 -0.013686 -0.033132 -0.014762 -0.010613 -0.004293 -0.002247 -0.014570 0.018058 0.015443 0.014388 -0.000899 0.690924 0.062268 0.022904 -0.002597 -0.208361 -0.006853 0.148691 -0.011256 0.017686 -0.032808 0.071247 0.012588 -0.021926 -0.009885 0.001830 -0.013011 0.199379 -0.024013 -0.106487 0.032109 0.912261 0.008512 0.014689 -0.008044 -0.013155 0.037684 -0.029909 -1.044862 0.008952 1.131686 0.041823 -0.112273 0.243057 -0.207834 0.045041 -0.037647 
-0.075310 -0.026653 -0.206101 -0.012714 0.007240 -0.165653 -0.290324 -0.447974 -0.186172 -0.317465 -0.758923 -0.718263 -0.334576 -0.053272 0.060645 -0.516544 0.011122 -0.007108 -0.282198 -0.412277 -0.417812 -0.173315 -0.140247 0.570932 0.603534 0.710498 -0.551458 0.168262 -0.286884 0.009318 0.170003 -0.017052 0.402854 0.000164 0.036207 -0.152858 0.338053 0.390677 0.369189 0.290294 0.002035 -0.109061 0.515543 -0.079287 0.002819 -0.991647 0.003998 -0.004531 0.000504 -0.002347 -0.002805 0.001734 0.333113 -0.143907 0.011617 1.231893 -0.020336 -0.010449 -0.020444 0.593078 -0.291765 0.335561 -0.009583 0.009578 0.118778 0.003582 0.036346 0.002509 -0.013584 0.007130 -0.007089 -0.003020 0.004828 -0.003648 0.011190 -0.001967 0.006084 -0.015289 0.004655 0.009550 -0.001157 0.011513 -0.216141 0.000151 0.003153 -1.282060 0.001454 0.032697 -0.007614 -0.016836 -0.046056 -0.002279 -0.002029 0.007188 -0.009479 0.005155 -0.006622 -0.175919 -0.209080 0.029310 0.243923 -0.730602 -0.015895 0.010452 -0.005039 -0.008385 -0.079536 0.285613 0.793846 -0.003581 0.587429 -0.859201 0.248691 0.110310 0.185319 -0.375469 -0.003419 
0.048146 0.228832 0.073135 0.101801 0.028172 -0.019353 0.480386 -0.334314 -0.179936 0.449660 0.694367 0.848426 0.438681 -0.304395 0.055525 0.471898 -0.025256 0.018740 0.507330 0.013046 0.005066 -0.095982 0.021169 0.096486 0.142223 0.260506 -0.220889 -0.158309 0.288697 -0.099475 -0.144805 -0.131888 -0.173765 -0.124560 0.180314 0.019027 -0.060372 0.120419 -0.086822 0.859235 -0.011493 -0.265139 0.597597 0.302555 0.027883 0.340522 -0.014073 -0.025220 -0.052361 -0.027736 -0.019920 -0.035397 0.208455 -0.008348 0.011058 0.795657 0.106575 -0.048487 -0.022110 0.139232 0.457310 -0.222977 0.039491 0.014787 -0.140868 0.018765 -0.067435 -0.033949 0.011355 0.020720 -0.004433 -0.015292 0.005133 0.052967 -0.003543 0.023819 0.014176 0.046684 -0.048063 0.062505 0.014887 -0.521879 -0.407687 0.036284 -0.030935 0.309798 -0.004848 -0.584204 -0.011485 0.041617 0.006474 0.134045 0.000554 0.123794 -0.014757 0.024129 -0.010498 -0.412775 -0.052836 0.049474 0.286371 0.473752 -0.025371 0.025331 -0.017755 0.012948 0.047483 -0.028681 -0.243748 0.023790 0.687031 0.614828 -0.287323 -0.246604 0.129374 -0.158631 -0.157351 
-0.039797 0.175618 0.332869 0.061755 -0.014303 -0.105543 0.080164 -0.014780 -0.056860 -0.060026 0.114065 0.144015 -0.050646 -0.039536 0.006303 0.171975 -0.025970 0.024150 0.087867 0.032301 0.031758 -0.261565 -0.199582 0.307435 0.272550 -0.320091 0.069864 0.389648 0.609661 0.182981 0.243335 0.012714 0.045503 -0.557152 0.023559 0.388329 0.282160 0.171721 -0.010520 0.324139 -0.197629 0.050345 -0.426496 -0.644059 0.003670 -0.680861 0.011434 -0.005813 -0.007038 -0.009356 -0.010825 0.003222 0.160123 0.166150 -0.005534 0.336797 -0.067794 0.023023 0.007115 -1.047860 0.073557 0.414385 0.026314 -0.022413 -0.034548 -0.006684 -0.058135 -0.024265 0.007731 -0.009464 0.002101 -0.005950 -0.003628 0.016776 0.001436 0.010805 -0.008354 0.018257 0.003167 -0.003707 0.007900 -1.481362 0.172247 -0.001786 -0.004440 -0.367574 -0.008960 0.179057 0.002132 0.027391 0.002389 -0.084713 0.004251 0.051212 -0.001446 -0.003383 -0.003661 0.155198 0.041074 0.004798 0.275145 0.215878 -0.012977 0.011915 0.004685 0.005003 0.004996 0.396979 0.091146 -0.008632 -0.502454 -0.593881 -0.335436 0.263777 -0.028843 -0.014278 -0.003036 
0.160978 -0.318505 -0.188425 -0.007898 0.052871 0.112791 -0.275978 -0.106574 -0.017047 0.305844 0.118718 0.203833 0.263813 -0.162458 -0.127840 0.025262 0.018881 -0.044405 -0.300037 0.273470 0.337185 -0.081903 -0.066250 0.138493 0.144179 -0.222717 0.105302 0.075753 -0.257205 0.077146 0.062879 0.276848 -0.126593 0.171210 0.067996 0.346142 0.063576 0.150366 -0.339186 -0.231147 -0.159721 0.360777 0.195456 0.155734 -0.006859 -0.373579 -0.051587 -0.001593 0.002555 0.017972 -0.012487 -0.037029 -0.179335 0.215210 -0.002502 -0.671297 -0.059831 -0.039527 0.021460 0.139570 -0.356224 -0.445970 -0.021660 0.042061 -0.161229 0.049080 -0.031227 0.021019 0.041340 0.001665 0.040932 0.019571 -0.016878 0.032027 -0.024714 0.001142 0.026076 -0.007982 -0.047431 -0.003371 -0.024372 -0.186890 0.287259 -0.005387 -0.011042 -0.228100 0.004495 0.161563 0.042638 -0.024410 0.079870 0.297754 -0.001691 0.006614 -0.030732 0.047693 0.014562 0.446784 0.023389 0.045143 -0.136290 0.223397 0.071496 -0.073119 -0.020508 -0.027379 0.022214 0.019612 0.382129 0.016025 0.126238 -0.910941 0.356940 -0.200541 0.210539 0.032928 0.049473 
-0.298401 0.273174 0.097008 0.156396 0.015612 -0.176833 0.224636 -0.110673 -0.088618 -0.256398 0.001795 -0.296838 -0.256354 -0.218167 0.124836 -0.136779 -0.004541 0.023369 0.296444 -0.117788 -0.140857 0.555694 0.496924 -0.507472 -0.501269 -0.169163 0.060070 -0.235603 0.133775 -0.241934 -0.367158 0.066461 0.067665 -0.544108 0.163663 -0.377236 -0.331385 -0.503934 -0.198479 0.275958 0.044189 -0.145851 -1.089043 0.662894 0.003007 0.241750 -0.021581 0.005631 -0.002227 0.006932 -0.012927 -0.004063 -0.297115 -0.269409 0.015318 -0.326557 -0.031049 -0.001123 0.015517 0.513975 0.280272 0.341841 0.004501 0.000103 -0.001087 -0.008780 0.023994 -0.016949 0.004862 0.002818 -0.004373 0.004926 -0.014095 -0.011415 -0.015742 0.006202 -0.003537 0.033188 0.002304 0.005311 0.000245 1.028842 0.015583 0.012387 -0.010487 -1.877565 -0.000023 -0.041685 0.007458 -0.002988 -0.075368 -0.137507 -0.009223 -0.052597 -0.012849 0.007151 -0.004584 0.016114 0.054399 -0.091063 -0.200148 0.784249 0.009004 0.011289 0.030883 0.010860 0.024111 -0.309404 0.327677 0.010966 -1.353828 0.693811 0.189924 0.130321 0.500032 0.084533 -0.038162 
0.265974 0.206271 0.357511 0.090334 0.005349 0.063667 -0.204374 -0.149383 -0.515574 0.024595 0.320382 0.284575 0.035341 0.230678 -0.118989 0.201984 -0.022239 0.005476 -0.224818 0.340826 0.299984 0.015975 0.084134 0.352811 0.367878 -0.575934 0.472245 -0.334413 0.586645 0.129491 0.208418 -0.220802 -0.001191 0.376873 -0.879153 -0.365118 0.182893 0.212205 -0.066613 0.741457 -0.315357 0.032518 0.094804 0.503281 -0.000724 -0.234515 -0.008202 0.007494 -0.014913 0.001884 -0.017889 -0.002828 0.147353 -0.001895 0.012551 1.294124 0.073086 0.004776 0.009529 1.190032 -0.274061 -0.714817 0.008666 -0.009456 0.135300 0.007731 -0.027819 -0.008410 0.014208 -0.004847 -0.004248 -0.011976 -0.013659 -0.001812 -0.004612 0.006923 -0.017156 0.019132 -0.008530 -0.005096 0.008732 -1.018614 0.295890 0.011791 -0.012715 0.129494 -0.003930 0.427518 0.019092 0.013792 -0.036878 -0.515028 0.009912 0.013974 -0.023270 0.028104 0.001016 0.252868 0.021831 0.003071 -0.007969 -0.141755 0.017842 0.001067 0.008511 -0.013420 0.020680 0.285271 0.177748 0.010406 0.113996 -0.137441 -0.225577 0.332488 0.552635 -0.329375 -0.042711 
0.278240 -0.066413 -0.121541 0.183987 0.046322 -0.021208 0.052641 -0.046247 0.052723 0.550730 0.820666 1.054566 0.571398 0.109663 0.015342 0.680630 -0.016301 0.016077 0.015515 -0.524501 -0.532828 -0.317530 -0.243278 0.135001 0.162123 -0.039581 -0.143433 0.266486 -0.227502 -0.472040 -0.395521 -0.125937 0.473118 0.018710 0.060361 0.241366 -0.053859 0.120630 0.237304 -0.254204 -0.002072 0.085423 0.599664 -0.000016 -0.018487 -0.011362 -0.021299 -0.007218 -0.024620 -0.013858 0.021793 -0.022188 0.073072 0.019648 0.001752 0.284046 -0.484567 -0.003142 -0.023646 0.008341 0.030708 0.356605 0.003926 0.009831 -0.094417 0.019559 -0.061354 0.025932 -0.006315 0.011189 0.010996 0.025977 0.022704 0.013304 -0.009924 0.014584 -0.026059 0.031780 -0.025775 0.000603 -0.000424 0.766921 0.228117 0.006343 -0.032823 0.109919 0.017066 -0.415146 0.002153 -0.002392 -0.059172 -0.298000 -0.021641 0.017594 -0.028189 0.029786 0.033675 0.015361 0.057711 0.072528 -0.499387 -0.317297 0.000162 0.024164 0.035766 0.007979 0.094867 -0.134627 0.362908 0.015706 0.658572 -0.674102 -0.375372 -0.181588 0.573315 0.144140 -0.113507 






















































































































0.000000 
0.000000 
0.000000 
0.000000 
0.000000 
0.000000 
0.000000 
0.000000 
0.000000 
0.000000 
0.000000 
0.000000 
0.000000 
0.000000 
0.000000 
0.000000 
0.000000 
0.000000 
0.000000 
0.000000 
0.000000 
0.000000 
0.000000 
0.000000 
0.000000 
0.000000 
0.000000 
0.000000 
0.000000 
0.000000 
0.000000 
0.000000 
0.000000 
0.000000 
0.000000 
0.000000 
0.000000 
0.000000 
0.000000 
0.000000 
0.000000 
0.000000 
0.000000 
0.000000 
0.000000 
0.000000 
0.000000 
0.000000 
0.000000 
0.000000 
0.000000 
0.000000 
0.000000 
0.000000 
0.000000 
0.000000 
0.000000 
0.000000 
0.000000 
0.000000 
0.000000 
0.000000 
0.000000 
0.000000 
0.000000 
0.000000 
0.000000 
0.000000 
0.000000 
0.000000 
0.000000 
0.000000 
0.000000 
0.000000 
0.000000 
0.000000 
0.000000 
0.000000 
0.000000 
0.000000 
0.000000 
0.000000 
0.000000 
0.000000 
0.000000 
0.000000 
0.000000 
0.000000 
0.000000 
0.000000 
0.000000 
0.000000 
0.000000 
0.000000 
0.000000 
0.000000 
0.000000 
0.000000 
0.000000 
0.000000 
0.000000 
0.000000 
0.000000 
0.000000 
0.000000 
0.000000 
0.000000 
0.000000 
0.000000 
0.000000 
0.000000 
0.000000 
0.000000 
0.000000 
0.000000 
0.000000 
0.000000 
0.114392 
-2.033983 
-0.724649 
-0.179936 
-0.898270 
-2.302664 
2.335495 
-0.312552 
-1.383649 
-0.067789 
-0.507916 
1.065671 
-0.620706 
1.045939 
-1.056657 
-0.602064 
2.769400 
-2.331695 
-0.743975 
2.051557 
0.781301 
1.923517 
1.129341 
-1.468010 
-2.270905 
-0.793586 
-2.357186 
0.329999 
0.173660 
0.427687 
-1.108985 
1.851390 
0.385835 
-1.100530 
-0.371439 
0.770697 
-2.414325 
-0.735885 
-0.153334 
-0.594648 
4.547353 
0.215596 
-0.396585 
-0.904924 
-1.819319 
2.027685 
-0.901302 
-0.499263 
-2.026819 1.098714 
-1.632998 0.599277 
1.346115 1.121096 
2.302109 -0.050438 
0.897959 0.619829 
-0.771013 -0.524537 
-0.084712 0.706789 
-0.549629 0.447238 
-1.531823 
-1.268762 
0.594466 
-1.265425 
-1.803540 
-2.773215 
-0.645890 
-1.723152 
-2.648335 
0.818552 
-0.842373 
0.656985 
0.637532 
0.398214 
0.982466 
-0.347894 
-0.119936 
-1.705132 
-0.081528 
0.743057 
-1.286338 
0.109495 
-0.023045 
-0.325850 
0.800793 
0.055653 
-0.289913 
0.156621 
0.933686 
0.274106 
1.317600 
-0.867991 
1.518084 
-0.174033 
-1.374035 
-0.230939 
0.848840 
-0.200005 
0.778522 
0.876768 
-0.027384 
0.395308 
1.086169 
0.295048 
1.212974 
0.943064 
0.985046 
-0.249091 
0.637939 
-0.177857 
0.203950 
0.037377 
-0.018816 
0.246793 
0.609968 
0.252371 
-0.302561 
0.546437 
0.777836 
0.962635 
0.605319 
0.224526 
-0.073720 
0.615214 
0.036970 
0.014443 
0.691501 
0.541091 
0.415743 
0.725648 
0.786840 
0.321906 
0.290594 
0.049950 
-0.076975 
0.167871 
0.511115 
-0.415149 
-0.559588 
0.314995 
0.270425 
0.525191 
0.295577 
0.980244 
0.150016 
0.275833 
-0.828857 
0.459678 
-0.374944 
0.168233 
0.298396 
-0.239929 
0.007036 
0.328601 
0.095926 
0.012249 
0.061870 
-0.010034 
0.089359 
0.021739 
-0.665932 
-0.439064 
-0.052103 
-0.473682 
-0.149803 
0.078776 
-0.073735 
-0.317650 
0.767860 
-0.447722 
-0.044662 
0.020824 
-0.194604 
-0.076167 
0.096042 
0.046117 
-0.120625 
0.055043 
0.022857 
0.022998 
0.081243 
-0.000036 
0.022303 
-0.030738 
-0.014181 
-0.036744 
0.093180 
0.001514 
-0.052022 
-0.141111 
0.780278 
-0.042733 
0.031700 
0.684039 
0.014997 
0.407086 
-0.130593 
-0.054998 
-0.034029 
-0.495328 
-0.066748 
-0.115872 
0.024898 
-0.093416 
0.026300 
1.350016 
-0.035531 
-0.110223 
-0.067779 
1.316632 
-0.103114 
0.051614 
0.053491 
0.020257 
-0.061654 
0.265217 
0.522456 
-0.055927 
-0.009126 
0.245918 
0.906834 
0.245658 
-0.131909 
-0.681232 
0.062747 
1.068000 0.265932 0.412501 
