-0.269119 0.008240 0.201471 0.117996 -0.066405 0.158639 0.057540 -0.049870 -0.052836 0.291938 -0.214424 0.140344 -0.286605 0.159227 0.305965 0.201709 -0.254962 -0.221725 -0.094057 0.206928 -0.260294 0.102407 -0.159350 -0.319576 -0.229866 0.190492 -0.185121 -0.225908 -0.318725 -0.274253 -0.148845 -0.151075 -0.031552 -0.222276 0.233892 0.246821 0.204256 0.005479 -0.118838 -0.126813 -0.064952 -0.076394 -0.169275 0.039902 -0.182590 -0.281128 -0.140903 -0.119675 -0.139464 -0.004714 -0.208064 -0.062759 -0.084030 -0.068223 -0.110747 0.075194 -0.219267 0.208164 0.113087 -0.141592 0.163535 0.403938 -0.038264 -0.241221 
-0.348350 -0.074765 -0.286763 0.186614 0.199838 -0.067553 -0.134019 -0.062885 -0.056831 -0.097738 0.163477 0.169941 0.022458 0.182721 -0.124459 0.295699 -0.015739 0.020112 -0.094742 0.232328 -0.210406 0.189634 -0.083077 -0.093153 0.057180 -0.165931 -0.050320 -0.221566 -0.258993 -0.308162 -0.103427 -0.156311 -0.088191 -0.041889 -0.346931 -0.289273 0.188422 -0.119854 -0.079175 0.029302 0.228174 -0.326781 -0.002407 -0.032838 -0.314170 0.150751 -0.051593 -0.100820 0.027140 0.028843 -0.024452 0.199902 0.059145 0.216339 -0.249979 -0.300305 -0.254695 0.261928 -0.240760 -0.147541 0.116177 0.169992 -0.066522 -0.214936 
-0.250992 -0.004548 -0.087874 0.213468 0.233150 0.064591 -0.069377 -0.066155 0.214308 0.272165 -0.336698 0.217459 0.281569 0.023685 -0.072328 0.021734 -0.146260 0.168727 -0.093821 0.212068 0.113337 0.121541 0.248431 -0.346406 -0.075199 -0.292496 -0.203868 -0.205891 0.038087 0.072113 -0.074404 0.085885 -0.209753 0.085688 0.067416 0.252774 -0.078316 0.228611 0.096069 -0.179492 0.299390 0.148234 0.265963 0.190434 -0.225045 -0.075739 -0.113945 0.059597 -0.162780 0.251557 -0.137479 -0.146173 -0.160863 -0.234108 -0.146326 0.131044 -0.210665 -0.135374 0.310003 0.178820 -0.350539 -0.169557 0.020080 -0.207517 
-0.196974 -0.280751 -0.207265 0.026346 -0.310176 0.123542 0.142101 0.161275 0.047411 0.111656 0.130835 0.161606 -0.268409 -0.100860 -0.139444 -0.075398 0.279678 -0.066264 -0.003172 -0.000726 -0.055693 0.244613 -0.161334 0.211088 -0.251130 -0.238136 0.152442 -0.194160 0.030451 -0.190845 -0.058728 0.051449 -0.174910 0.001330 -0.134827 -0.171922 -0.104974 0.130465 -0.090496 0.207551 0.043608 -0.279889 -0.030206 0.003582 -0.188638 0.105544 0.204505 -0.033178 -0.266013 0.067806 0.088479 0.155313 -0.251242 0.160466 0.063544 -0.092567 0.281072 -0.317879 0.030528 0.085088 -0.026860 0.138146 -0.225677 0.032707 
0.012465 -0.045560 0.374196 0.306089 -0.303065 -0.182550 0.142490 0.039505 -0.173468 -0.327332 -0.231564 0.031739 -0.039142 -0.279184 0.220494 0.108345 0.039286 -0.125122 -0.140308 0.138508 -0.267302 0.260362 -0.291211 -0.259741 0.433443 0.317221 0.130765 -0.188052 -0.036798 0.362967 0.215069 -0.188975 -0.190657 0.157078 0.374333 -0.223962 0.312962 0.072769 0.312417 -0.224660 0.027125 -0.306809 -0.017932 -0.224528 -0.333201 -0.095151 0.141947 0.073541 0.255718 -0.256074 -0.101882 -0.382325 0.449921 -0.102045 -0.173954 0.267564 -0.261498 0.504691 -0.308343 0.121858 0.267420 0.432739 -0.337531 -0.317209 
0.056686 0.389057 -0.121230 0.023798 -0.029699 -0.111667 0.120620 -0.364836 -0.170047 -0.153532 -0.156504 -0.066290 -0.071212 -0.227695 -0.271875 -0.034933 -0.178027 -0.211673 -0.026874 -0.282989 0.018497 0.182633 0.237924 0.284550 0.259261 0.475698 0.128251 0.056707 -0.044089 0.274030 0.031572 -0.083852 0.243295 0.189326 0.167115 -0.089741 -0.269727 -0.044028 0.051956 -0.067179 0.080153 0.154793 0.034418 -0.153155 0.203388 0.096589 0.051918 -0.294849 -0.281856 -0.208728 -0.256001 0.310947 0.423612 -0.339310 0.265773 0.120829 0.242618 0.233574 -0.204770 0.034141 -0.045338 0.278167 -0.321634 -0.128152 
0.132425 0.218850 0.058292 0.232764 -0.161459 -0.427945 -0.308752 0.077921 0.267289 0.238876 -0.304642 0.064562 0.190249 0.150705 0.072879 0.148431 0.289133 0.147649 0.141746 0.218711 0.185095 0.026894 -0.029977 0.079883 -0.209662 -0.001826 0.034274 0.129737 -0.009029 -0.031687 0.372845 -0.359852 -0.184027 0.093245 0.307220 -0.109895 0.054686 0.273796 -0.251457 -0.142735 0.211915 -0.152008 0.304606 -0.016383 -0.330129 0.136525 -0.091967 0.341292 -0.116972 0.342260 0.239566 -0.296543 -0.087075 -0.190982 0.254311 0.061048 0.185143 -0.249188 -0.126775 -0.239644 0.161144 -0.136140 -0.114725 0.252524 
0.271000 -0.223433 -0.063927 0.007830 -0.200709 -0.016598 0.114410 -0.516724 0.387262 0.090367 0.022291 0.283445 -0.152975 0.188311 0.260294 -0.021888 0.147201 0.012228 0.082466 -0.228817 0.171911 -0.093359 0.292238 -0.014811 0.085132 -0.170577 0.322552 -0.138693 0.101698 -0.248807 -0.086369 -0.075310 -0.172220 0.171518 0.346478 -0.153618 -0.153122 0.017903 -0.118081 -0.283837 -0.231728 0.289541 -0.369909 -0.062775 0.112348 0.352471 0.373337 -0.024146 -0.006934 0.087913 0.123636 -0.150151 0.207319 -0.039622 0.355436 -0.084824 0.135523 0.139862 0.147053 -0.161413 0.317865 -0.315968 0.295047 -0.331663 
0.065953 0.021218 0.011361 0.053522 -0.059352 0.103732 -0.137075 0.003953 0.067373 -0.117239 0.112005 -0.001862 0.076065 0.098358 0.241601 -0.045868 -0.025300 0.014068 0.024968 -0.056706 0.055977 0.010713 0.070620 0.033036 -0.065094 0.088880 0.117089 -0.023712 0.040734 0.146188 -0.001836 -0.071374 
-0.018856 0.133290 -0.123530 0.073202 0.035239 -0.100822 -0.035569 -0.026782 -0.029769 -0.049392 0.055642 -0.110078 -0.057719 0.056931 -0.062115 0.022383 -0.093787 0.085065 0.099607 0.049388 -0.029374 -0.038618 0.012537 0.022183 -0.154171 -0.003286 0.055898 0.091060 -0.072256 -0.089412 -0.085160 0.065376 
0.084968 -0.000694 0.019734 -0.015793 -0.001653 0.133513 0.113437 0.053857 -0.039537 0.077558 0.111112 0.002437 0.018074 -0.095358 -0.088608 0.060478 -0.108540 -0.073140 0.046074 0.063142 0.153076 -0.072624 -0.035956 -0.060083 0.049274 -0.063764 -0.093559 -0.080273 -0.043155 -0.071020 -0.115375 -0.072806 
-0.001732 0.092045 0.069565 -0.118998 0.018872 0.050446 0.052328 0.096864 0.035484 0.006099 0.005299 -0.095443 0.041815 0.005274 0.042534 0.088325 0.026425 0.042122 -0.030910 0.020175 0.158709 -0.000636 0.026772 0.067799 -0.129359 0.033292 0.105909 -0.063206 0.085825 0.103192 0.006956 -0.005917 
0.022620 0.040136 0.046565 0.013201 -0.136703 -0.075880 -0.114441 0.001137 0.108467 0.003375 -0.061382 -0.001069 -0.101485 0.008895 -0.141092 0.013740 -0.100811 -0.036521 -0.090759 0.044320 -0.054613 0.033281 0.028885 -0.053988 0.024647 -0.043206 0.009296 -0.049486 -0.058139 0.001476 -0.125219 -0.123326 
0.060451 0.047473 -0.005847 0.154530 -0.093077 -0.039741 -0.032065 0.117848 0.073588 -0.107145 -0.023690 0.063708 0.061478 0.077747 -0.070585 0.058680 0.007619 0.023226 0.051079 -0.147381 0.000428 -0.035967 -0.000440 -0.069907 -0.047352 -0.160687 0.103499 -0.111818 0.055171 -0.155148 -0.040462 0.036412 
0.059643 0.187348 -0.001653 0.139170 -0.042873 0.073583 0.112516 -0.088245 0.135589 -0.012871 0.144647 -0.003677 -0.019065 -0.003277 -0.170939 0.095431 -0.076250 -0.107858 0.078236 0.060154 0.068100 -0.108901 -0.105442 0.023699 0.038712 0.031562 -0.051892 -0.081604 0.097813 0.045496 -0.152864 0.080978 
0.066674 -0.088920 0.134798 0.012399 -0.039138 0.013350 -0.067802 -0.085548 -0.115844 -0.045791 0.002367 -0.047912 0.083342 -0.105844 -0.117779 -0.120488 -0.088533 -0.145220 0.044345 -0.037936 -0.111845 0.069396 -0.056799 -0.110433 0.162280 -0.187222 0.010218 -0.109349 -0.093255 0.005501 -0.061782 -0.069091 
-0.070489 -0.048888 -0.039921 -0.112413 -0.115511 0.032883 0.038048 -0.072509 -0.122199 0.019793 -0.003071 0.095627 -0.031213 0.088837 0.341788 0.064737 0.101141 0.124962 -0.036161 -0.092649 -0.002452 -0.057423 -0.027677 0.023025 -0.166556 0.203646 -0.024030 0.082584 0.002786 0.043927 0.121168 0.014129 
0.017505 -0.108415 -0.041570 -0.038347 0.051583 -0.103513 0.078055 0.066077 0.044822 0.026472 0.014409 -0.047132 -0.047295 0.002468 0.067305 -0.016180 -0.059240 0.054556 0.044379 -0.156256 -0.117565 -0.191178 0.029630 -0.044067 -0.138763 -0.049908 0.078178 0.093864 -0.069452 0.113392 0.052528 0.068542 
0.029784 0.088779 0.056418 -0.017253 -0.111515 0.036705 -0.077501 0.054949 -0.065344 0.084397 -0.115762 0.059095 -0.033849 -0.099582 -0.084813 0.030251 0.014029 0.112309 0.038296 0.064264 -0.110517 -0.036748 -0.094196 -0.072057 -0.025180 0.102871 0.097793 0.045121 -0.001008 0.010270 0.028940 -0.097161 
-0.030463 -0.040489 0.021391 -0.076731 0.097175 0.048962 -0.077246 -0.061396 0.024233 -0.041507 0.117581 0.099297 -0.054735 -0.082823 0.109801 -0.116654 -0.102262 -0.007380 0.047119 -0.081599 -0.019517 -0.097374 -0.020487 0.099058 0.028937 -0.034999 0.026125 -0.023235 0.034752 0.038191 0.018387 -0.090322 
0.045840 -0.049372 0.120452 0.055253 0.076114 -0.125331 0.095231 -0.037284 0.011405 0.126562 -0.105657 0.113047 -0.103808 0.090171 0.102926 -0.045970 -0.097945 0.014199 -0.029068 -0.041757 0.056063 0.039827 0.008794 0.002229 -0.061621 -0.084843 0.081651 -0.088469 -0.013980 0.037677 0.060014 -0.082119 
0.058314 0.022967 -0.078175 -0.065595 0.061010 0.097903 0.067540 -0.011564 0.120321 -0.065877 -0.055543 -0.100189 -0.116576 -0.042724 0.053432 -0.071336 -0.123077 0.142967 0.102017 0.019414 -0.021077 -0.068107 -0.055077 -0.118397 0.056134 0.028624 -0.036357 0.030088 0.062642 0.069468 0.029379 -0.022314 
0.112274 0.023290 -0.072636 0.003163 -0.000548 0.112727 -0.079499 0.024461 -0.057441 0.026024 0.060214 -0.040107 -0.133608 0.108884 0.124263 -0.099330 0.049940 0.050335 0.108469 0.026410 0.035543 -0.149286 0.065231 -0.008699 0.011603 0.010639 0.064522 0.053334 -0.018139 0.074888 0.123335 -0.044978 
0.106232 -0.056447 -0.052854 -0.022434 -0.138104 0.018443 -0.097280 -0.061851 -0.055090 0.064970 0.059815 -0.075214 0.051190 -0.100628 -0.066237 0.024482 -0.014705 -0.021433 -0.061645 -0.007053 0.025761 -0.177503 0.069928 0.108813 -0.079180 0.033496 -0.072823 0.079072 -0.145615 -0.034197 -0.079868 0.101569 
-0.077873 -0.048709 0.027556 -0.151823 -0.141334 0.055487 -0.038236 -0.092366 -0.016914 -0.117774 -0.017109 -0.064028 -0.136318 0.045217 0.263031 0.037369 0.086917 -0.008675 -0.144267 -0.075864 -0.138487 -0.022263 -0.084101 -0.002008 -0.049319 -0.007560 -0.065405 0.035063 0.006422 0.065193 0.053122 0.051509 
0.100226 -0.142488 -0.062282 0.078107 0.075504 -0.026280 -0.124763 -0.064785 0.005470 0.023430 -0.089016 0.057038 -0.118058 -0.024568 0.101640 -0.100771 0.000560 -0.032065 -0.075187 -0.067292 -0.127854 -0.024011 -0.112559 0.094144 0.096186 -0.072160 -0.005092 -0.027635 0.025395 -0.019965 0.013422 -0.002142 
-0.043967 0.033941 0.038350 -0.094261 -0.062646 0.082688 0.005254 0.091748 -0.035276 -0.097758 0.038751 0.024466 -0.000600 -0.119027 0.097766 -0.112534 -0.013906 -0.080012 0.039432 0.072270 0.030004 0.037350 0.059439 0.029938 0.102142 -0.033491 -0.072443 0.078760 -0.010842 0.081306 0.004284 0.068754 
-0.020563 -0.034567 -0.104399 0.042914 0.096152 -0.004956 -0.008933 -0.044826 0.047618 -0.080776 0.068471 -0.080780 -0.095437 0.013901 -0.120261 0.028768 0.024972 0.091446 -0.022747 -0.066351 0.039251 -0.095873 0.072847 0.016509 0.018924 -0.111103 -0.065576 0.079019 0.058601 0.099799 0.031331 -0.076639 
0.085416 -0.033449 0.141598 0.032253 -0.069366 -0.051688 -0.127392 0.078373 -0.009742 -0.099270 -0.171352 0.057378 -0.005063 -0.050220 0.171374 -0.039808 -0.073342 0.098812 -0.006829 -0.024490 0.027872 -0.022518 -0.020363 -0.017198 -0.005201 0.045534 -0.054611 -0.053723 -0.003313 -0.026522 0.076250 -0.036108 
0.044581 0.150177 -0.059632 -0.131130 -0.112192 0.038771 -0.118467 0.034266 0.081629 -0.092647 0.054733 -0.078260 -0.003194 0.058142 -0.105206 0.069990 -0.011576 -0.047550 -0.013743 0.017806 0.188764 0.013399 0.067604 -0.032088 -0.027113 -0.146952 0.087181 -0.145967 -0.092384 -0.053670 0.006177 -0.128352 
-0.113100 -0.113065 -0.097244 -0.145330 0.001100 -0.098051 0.050706 -0.099333 -0.056201 -0.089009 -0.031226 0.053496 0.088342 0.099377 0.068167 -0.012498 -0.102860 0.110715 0.098562 0.047908 0.061969 0.030814 -0.110629 -0.016464 0.053702 0.114735 0.027424 -0.051542 -0.057552 -0.002704 -0.051445 -0.061498 
-0.043598 -0.065620 0.010791 0.065169 -0.050151 -0.078040 0.103272 0.013088 -0.030983 -0.047928 -0.029735 -0.074155 -0.057788 0.036151 0.068108 -0.045967 -0.010893 0.036472 -0.100911 -0.080695 -0.037968 -0.109423 0.028806 -0.077365 0.090394 -0.085698 -0.046133 -0.096646 0.002853 -0.037379 -0.006132 0.074731 
-0.027384 0.275519 -0.016582 0.022303 -0.093804 0.036004 -0.025588 -0.015604 0.174096 0.049063 0.154495 -0.092476 -0.046628 -0.054643 -0.087358 0.119078 0.061681 0.049812 -0.137794 -0.079220 0.187176 -0.179052 -0.085626 0.041707 -0.059921 -0.055835 0.057215 -0.055904 0.019868 -0.111555 -0.089490 -0.071563 
-0.147604 0.241460 -0.173556 -0.150206 -0.005278 0.029657 0.058327 -0.019895 0.022568 -0.056936 0.081727 0.016418 0.013444 0.106752 -0.063777 -0.020348 -0.044038 0.021449 -0.013607 -0.126457 -0.032295 -0.144251 -0.001332 0.089453 -0.315289 -0.080764 -0.063387 -0.126988 -0.102132 -0.018190 -0.050807 -0.075812 
-0.035950 0.045029 0.036669 0.018985 0.108675 -0.033060 -0.070423 -0.073734 0.069085 0.074277 0.137197 -0.053997 0.051888 -0.083225 0.168362 -0.060431 -0.005572 0.013523 -0.058855 0.027198 -0.021610 -0.032132 -0.001733 -0.024147 -0.211362 0.105942 -0.042046 -0.007626 -0.062978 0.089500 0.102541 0.010813 
-0.109747 -0.014912 0.008650 -0.112403 0.058320 0.073994 -0.054045 -0.034082 0.026988 -0.101568 0.031930 -0.028422 -0.056793 -0.031097 0.027102 0.087691 0.045392 0.091427 -0.003952 0.068376 0.043219 -0.119025 -0.097466 0.045476 0.085699 -0.017107 -0.112403 -0.080857 -0.110899 0.085050 0.088097 -0.097020 
-0.078358 -0.050643 -0.041512 -0.136049 -0.078738 -0.043229 -0.049838 0.061500 0.007809 -0.121400 -0.066672 0.065124 -0.019755 0.071089 0.053296 -0.083464 0.040984 -0.064816 0.077946 -0.095775 -0.085257 0.049577 -0.116241 -0.103576 -0.039780 -0.152939 -0.075739 -0.061062 0.086085 -0.097754 0.000513 -0.067650 
-0.040547 0.168382 -0.067642 0.031697 -0.089880 0.012954 -0.025706 0.032727 0.095023 0.031890 0.071708 -0.132446 0.048308 -0.101020 -0.203992 -0.045114 -0.071313 0.108171 -0.002767 -0.047243 0.218896 -0.092905 -0.026956 -0.031667 -0.017019 -0.012934 0.094980 -0.031485 0.031884 -0.079984 0.024473 -0.072906 
0.118084 0.127740 0.038996 -0.135051 0.000889 -0.079125 0.045021 -0.102359 0.080610 -0.072404 -0.074055 -0.070293 -0.062067 -0.082984 0.017369 0.030335 -0.106859 0.081897 0.103474 0.113183 -0.010104 -0.037168 -0.070112 0.084709 0.091051 0.140380 -0.061065 0.050808 -0.071708 0.127840 0.079015 -0.101672 
0.066178 -0.059130 -0.018902 0.025381 0.014743 0.101058 -0.033666 -0.049003 -0.094165 0.006983 -0.013984 -0.035447 0.091242 0.081166 0.029276 0.085335 0.015606 0.073449 0.076490 0.031188 -0.059486 -0.055056 0.006009 -0.059068 0.212251 -0.040095 0.124479 -0.207525 0.035153 -0.010355 -0.145673 0.017348 
-0.123707 0.003586 0.041876 0.039370 -0.040384 -0.104003 0.112699 -0.014276 0.058651 -0.014041 0.043666 -0.030002 -0.048376 0.087936 -0.095627 0.055125 0.066939 0.087695 0.025165 -0.140147 -0.165588 -0.091347 -0.029249 0.081851 0.031139 -0.049738 -0.117831 0.003563 0.081886 -0.047743 0.110363 0.087407 
0.031373 0.120855 0.008691 -0.139907 0.078076 -0.036185 -0.016701 -0.017265 0.129193 -0.018295 0.127803 -0.092799 -0.035009 -0.107902 0.126403 -0.058086 -0.110302 0.056196 -0.082578 -0.147656 0.143776 -0.057082 -0.108316 0.053275 0.047380 -0.083580 -0.068090 0.057128 -0.000323 -0.068488 0.062472 -0.057001 
0.089426 0.009564 -0.054934 -0.064844 0.014824 0.093915 -0.100939 -0.006648 -0.008072 -0.130170 0.092701 0.018796 -0.111849 0.016274 0.187634 -0.064980 -0.097739 0.169163 -0.048244 0.103658 0.043764 -0.171958 0.012098 -0.046761 -0.053291 0.136493 -0.103727 -0.016924 0.073597 0.143992 0.031426 0.012575 
0.084712 0.070546 -0.042790 0.032500 0.003505 -0.042317 0.105915 0.071108 -0.002852 0.013292 -0.121537 0.017500 -0.072592 0.108806 0.124141 -0.054495 0.063993 -0.162351 -0.061284 -0.146628 -0.079172 0.085017 -0.031944 -0.147702 0.028259 -0.046890 -0.113564 -0.044257 -0.120900 0.020530 -0.085949 0.105226 
-0.102927 0.060104 -0.013581 -0.001402 0.096474 0.007136 -0.005880 -0.006041 -0.099906 0.072951 -0.024099 -0.079215 0.060017 0.071098 -0.024164 0.025864 0.067919 0.164876 0.055287 0.029062 0.164762 -0.162829 -0.052068 0.027023 -0.062657 -0.019591 0.103244 0.012394 0.073165 -0.087759 -0.014312 -0.122213 
0.000362 -0.176401 0.100144 -0.003508 -0.029250 -0.044297 -0.146794 -0.031710 -0.104940 -0.110811 0.036951 0.083239 0.091381 -0.080349 0.029881 0.076251 -0.106077 -0.013908 -0.099390 0.081017 -0.067323 -0.026216 -0.040803 0.088569 -0.107243 -0.108976 0.002700 0.060679 -0.045996 0.116925 -0.123726 0.116801 
0.085902 0.175022 0.010638 -0.022421 -0.108711 0.014264 0.067822 -0.097535 0.073868 -0.016543 -0.051641 -0.013184 0.069393 -0.002341 -0.113726 0.083807 0.046397 -0.017823 0.014721 -0.098166 0.218043 0.045098 0.090424 -0.094683 -0.100760 -0.079216 0.157220 -0.012957 -0.071369 -0.125380 0.004943 -0.057539 
0.094361 -0.111253 0.039303 0.119513 0.044551 -0.029125 -0.102264 -0.053024 0.077050 -0.094267 0.054381 -0.028586 0.033638 -0.113524 -0.114231 -0.033145 -0.011925 0.020883 -0.020024 -0.027460 0.008937 -0.070426 -0.014883 0.051278 0.035348 -0.083775 -0.049710 0.031247 -0.031308 0.082337 -0.149030 -0.045315 
-0.139986 0.071915 -0.030442 0.063245 -0.106874 -0.011813 0.116158 0.095907 0.023004 0.069216 -0.023538 -0.088293 0.090391 -0.021841 -0.060219 -0.041146 -0.105069 -0.119441 0.043680 0.048088 0.002944 -0.136810 -0.035513 -0.107944 0.036434 -0.008615 0.129023 -0.162760 -0.000307 -0.122722 -0.042995 0.025108 
0.065556 0.068149 -0.043521 0.059611 -0.072766 -0.041876 0.054972 0.061162 -0.103273 -0.112301 0.109978 0.098475 -0.017108 -0.003796 -0.026760 0.008560 0.001820 0.107292 -0.079158 0.096282 -0.113670 0.011555 0.108780 0.032351 -0.071786 0.125104 0.044676 0.116261 0.119251 -0.064290 0.021837 0.052237 
0.094629 0.060063 0.054146 -0.046247 -0.089410 -0.053333 0.091324 -0.074519 -0.033164 0.085390 -0.090396 0.061604 -0.016732 -0.059073 -0.139975 0.096386 -0.091010 -0.012494 0.049233 -0.097489 -0.111471 0.016645 0.062588 -0.045891 0.066952 -0.095531 -0.052805 -0.070797 0.007756 0.017646 -0.111333 0.022622 
-0.005636 0.076095 0.050382 0.043872 -0.087518 0.025028 0.086125 -0.004612 -0.019621 0.114553 -0.047112 0.056376 -0.071566 0.034841 0.004618 -0.035218 -0.085822 -0.048794 -0.006289 -0.072036 0.107125 -0.080392 0.013051 0.002144 0.054394 0.028767 -0.112941 -0.084365 -0.025368 -0.055839 0.060950 0.107579 
-0.079916 0.025842 0.034568 0.035267 -0.087948 -0.051793 0.075999 -0.006370 -0.008446 -0.100568 -0.161981 0.031422 0.100094 0.083869 -0.078375 0.060939 -0.090617 -0.096624 -0.105954 -0.198787 -0.026108 0.072495 0.025711 -0.042640 -0.060634 0.017120 0.033853 0.052849 0.108791 0.050013 0.067864 -0.091832 
-0.081142 -0.011192 -0.009594 -0.110147 0.068669 -0.073132 0.069149 -0.060881 -0.039756 -0.079255 0.091840 -0.105326 -0.143968 0.101278 0.206387 -0.076486 -0.026962 -0.067641 -0.058537 -0.092813 0.043457 0.036372 0.037504 -0.093816 -0.048799 0.037250 0.096649 0.042370 -0.101607 0.145523 0.065844 -0.086861 
-0.080980 -0.059364 0.055567 -0.127799 -0.061198 0.027244 -0.053191 0.015699 0.059495 -0.061660 0.129549 0.032382 -0.056711 0.020633 0.100965 0.059989 0.024253 -0.012852 0.094089 -0.004219 0.000685 -0.016135 -0.001239 0.060196 -0.101035 -0.000478 -0.058413 -0.075748 -0.043188 0.069421 0.013500 0.014808 
0.094489 -0.110169 0.025383 -0.150687 0.012323 0.075429 0.016671 -0.071861 -0.090915 -0.036207 0.031303 -0.035013 0.065474 0.045250 0.238353 0.012909 0.073459 0.075383 0.103203 0.034933 -0.093790 -0.014427 -0.018769 -0.052887 0.111509 0.074652 -0.001314 -0.010728 -0.048036 -0.031829 0.105496 -0.123976 
-0.064416 -0.030073 -0.078382 0.092063 -0.080846 0.083209 -0.131673 -0.037781 -0.087759 0.099031 0.059046 -0.120259 0.017086 0.026366 -0.008152 -0.017814 -0.046126 0.000368 -0.050839 0.069302 0.113876 0.071169 -0.118727 0.094191 -0.044958 0.030991 -0.115709 -0.005977 0.031483 0.112015 -0.004133 0.091491 
-0.066330 0.034068 0.037448 -0.094210 -0.004814 0.023794 0.056163 0.028739 0.017922 0.023953 -0.022867 -0.065928 -0.125408 -0.075423 0.203158 0.036898 0.043299 0.122190 -0.046189 -0.029623 -0.006139 -0.073438 -0.006960 0.088917 -0.143626 0.073229 -0.042079 0.115260 -0.033034 -0.030069 0.091891 -0.007205 
0.070808 -0.036231 -0.087803 -0.100744 -0.105735 0.117669 0.087127 0.039371 -0.001285 0.021452 0.088002 0.060461 0.049661 0.004536 0.104370 -0.001779 -0.012847 0.102377 -0.099387 -0.101783 -0.091007 0.030531 -0.107584 -0.021106 -0.103435 0.067718 -0.067988 0.096625 0.028036 0.170521 0.014212 -0.060920 
-0.050086 0.116658 0.035640 0.045754 -0.030503 -0.012766 -0.072270 0.102947 -0.034514 -0.120562 -0.026278 0.081308 0.059412 -0.118463 -0.144650 -0.152599 0.050259 -0.065427 -0.080365 -0.198560 -0.138305 -0.147529 -0.039270 -0.120565 -0.052157 -0.047157 0.048964 -0.124735 -0.042847 -0.068092 -0.028470 0.079257 
0.035695 0.092938 -0.081666 -0.176676 0.054190 0.036631 -0.096433 0.078653 0.093581 0.075305 0.199621 -0.081247 0.057228 -0.108693 -0.103372 0.069365 -0.003234 0.059347 0.016388 0.083010 0.236664 -0.298218 0.085798 0.024026 -0.086963 0.063685 0.072888 -0.066713 -0.129374 -0.066869 -0.055740 0.065934 
-0.011500 0.060643 -0.089790 -0.096800 -0.092640 -0.067734 -0.123442 0.084166 0.128652 0.056491 -0.096875 0.075491 0.049116 -0.078379 -0.044009 -0.051667 -0.006065 -0.076327 -0.132453 -0.057800 -0.105782 0.025177 0.006806 0.076339 0.014764 -0.090167 -0.135713 0.072562 -0.044903 0.014309 0.032164 -0.152218 
-0.086559 0.072813 -0.043919 -0.128566 -0.118134 -0.034001 -0.094628 -0.107090 -0.113379 -0.084977 0.134243 0.093151 -0.044337 -0.045208 0.122687 0.114943 -0.032625 0.019583 -0.071159 0.024783 -0.085773 0.024523 -0.026003 -0.102163 -0.148004 0.092477 0.116861 0.129028 0.114476 0.150915 0.121676 -0.134139 
0.017797 0.134148 -0.017629 0.050923 -0.058460 0.010526 0.059516 -0.051562 0.071148 0.044972 -0.030128 -0.114650 0.139508 -0.027074 -0.156301 -0.000408 0.036570 -0.040222 0.098585 0.081483 0.169411 -0.090416 0.092770 -0.088069 0.087669 0.046837 0.071921 0.052910 0.011696 -0.037615 0.089380 -0.054910 
-0.048365 -0.092849 0.158089 0.025615 0.075148 0.061722 0.098153 0.000557 -0.024814 -0.094180 0.036713 -0.031317 0.002288 0.032940 0.079954 -0.072542 0.082019 0.107898 -0.127936 0.058586 -0.129345 0.009389 0.098695 0.123509 0.065633 -0.067910 0.077535 -0.125606 0.076221 0.046155 -0.036657 -0.056330 
-0.169831 0.226937 0.013130 -0.020784 -0.069545 0.126142 -0.019474 0.043829 0.213617 -0.133917 0.043001 -0.000174 -0.006293 0.087598 -0.061384 0.015695 -0.005771 0.153465 -0.075589 0.091650 0.227223 -0.302657 -0.006647 0.006132 -0.181204 -0.063145 0.029120 0.033819 -0.152298 -0.091966 -0.123007 -0.126796 
0.034020 -0.145689 -0.124171 0.052087 0.092973 -0.027977 0.012582 0.086510 -0.024340 0.058902 -0.033747 -0.113656 0.001350 -0.105372 0.120925 -0.049482 0.068844 0.125825 0.095803 -0.056694 -0.110088 -0.037261 0.058674 0.107658 -0.163799 -0.042332 0.042508 -0.115658 0.009012 0.097601 -0.039536 -0.064948 
0.022429 0.025237 -0.001212 0.070802 0.051864 0.087504 0.000292 -0.108421 0.090032 0.119644 -0.012534 -0.068003 -0.040755 0.052433 -0.070162 0.137123 0.014873 0.036844 -0.070442 0.004472 0.029197 -0.000104 0.011878 -0.033082 -0.015379 -0.185765 0.020100 -0.240583 -0.158921 0.034747 -0.102957 0.087511 
-0.118719 0.081295 0.016590 -0.038677 -0.015083 -0.077584 0.085830 -0.056360 -0.075122 -0.122634 0.146984 -0.092301 0.049416 -0.093849 0.190484 -0.033293 0.011298 0.075795 -0.095852 0.172663 0.000972 -0.102390 -0.092955 0.055867 0.026022 0.072243 0.033152 0.152174 -0.071611 0.199605 0.041566 -0.069651 
-0.021898 0.123665 -0.141856 -0.142253 -0.082381 -0.073778 -0.002878 -0.062967 0.001445 0.087121 0.054212 0.098839 -0.107885 -0.056204 -0.176150 0.068238 -0.030392 0.027969 0.060371 0.088868 0.255882 -0.257250 -0.047082 0.098019 -0.178727 -0.134432 0.050781 -0.155710 -0.156412 -0.074321 -0.039528 -0.011853 
0.006537 0.005725 0.072004 0.032910 0.024245 -0.090677 0.094249 0.057698 -0.107693 -0.061848 0.031923 -0.085263 0.018813 0.115570 0.168683 -0.088135 -0.041068 0.079957 0.112775 -0.052223 0.058554 -0.027865 -0.078080 -0.018283 -0.009396 0.127692 -0.014391 0.008436 -0.050293 0.115758 -0.097118 0.065816 
-0.008011 0.009869 -0.004867 -0.115332 0.106136 -0.029190 0.041049 0.104030 0.007115 -0.010428 -0.114683 -0.077442 -0.034204 -0.098728 0.063412 0.056011 0.090841 -0.063685 -0.115316 0.028801 0.001120 0.066040 -0.095411 -0.105425 -0.068135 0.051362 -0.003666 -0.001505 0.018996 0.035225 -0.034402 0.106277 
-0.098244 0.075578 0.070260 -0.202224 -0.082944 0.116092 -0.048514 0.068979 -0.151453 -0.144888 0.020691 0.034308 -0.101147 -0.129866 -0.195352 0.014178 
-0.021120 -0.182436 -0.268914 -0.303136 0.177785 -0.182094 -0.178920 0.038888 -0.077718 0.207454 -0.041478 -0.194999 -0.330849 -0.030917 -0.022213 -0.042986 
-0.152876 0.145471 -0.074317 -0.250945 0.006242 0.076748 0.058154 0.026283 -0.157867 0.063990 -0.220757 0.020190 -0.002277 -0.076071 -0.299772 -0.103036 
-0.024606 -0.140042 -0.189850 -0.377348 0.028047 0.008885 0.080525 0.164615 -0.161192 -0.126767 -0.171371 -0.071301 -0.237249 -0.158240 -0.097872 0.014561 
0.140453 -0.001091 0.164064 -0.021498 -0.062693 0.116405 0.139829 0.023036 0.048441 0.177260 -0.067513 0.018949 -0.070023 -0.055864 -0.164280 0.116745 
-0.006920 0.071789 -0.113383 0.139764 -0.130295 0.191153 0.021695 -0.025513 -0.104664 0.111623 0.149937 0.003317 0.143870 0.045062 -0.043351 0.099360 
-0.143908 -0.073772 -0.127521 -0.029685 -0.106794 -0.139059 0.186511 0.095129 -0.152173 -0.095196 -0.059425 -0.057994 0.036758 -0.052246 -0.108930 -0.139946 
0.133009 -0.100995 0.088247 -0.163059 -0.113854 -0.018668 0.004912 -0.086321 -0.101835 -0.079869 0.136706 -0.148520 0.146772 -0.077459 0.105579 -0.161931 
0.028385 0.074358 -0.065401 -0.002441 0.250387 -0.059139 -0.012881 -0.179467 0.006217 0.224687 -0.008956 -0.095508 -0.150445 0.000717 -0.097933 -0.128841 
0.080281 -0.142074 -0.100027 0.146072 0.006020 0.061549 -0.117819 0.079175 0.168296 -0.148041 0.096494 0.138933 -0.052177 0.022786 0.141154 0.160972 
0.010085 0.102417 0.129719 0.201100 0.013681 0.007739 -0.042159 -0.022533 -0.059472 0.182532 0.093691 -0.092864 -0.003941 -0.151014 -0.014796 -0.062870 
-0.119575 0.129622 -0.164722 0.056637 0.029668 -0.099987 -0.031116 0.017847 -0.076441 -0.110607 -0.020356 0.052620 0.084500 -0.053137 0.034339 -0.084684 
0.029402 -0.086110 -0.048338 -0.202832 0.113341 -0.105942 0.115433 0.118370 -0.189562 0.064384 -0.038692 -0.018411 -0.102252 -0.170324 -0.071076 0.094430 
0.138841 0.057662 0.006768 -0.006107 0.130583 0.151329 -0.163620 -0.117519 -0.137973 -0.019057 0.097970 0.124414 0.110753 -0.028780 -0.137994 0.005365 
0.080590 0.415115 0.354831 0.421459 -0.403771 0.133602 -0.308857 -0.104553 0.119076 -0.213415 -0.164640 -0.291423 0.282618 -0.074213 0.199011 -0.069079 
0.168073 -0.036210 0.134980 0.075871 -0.034682 0.162384 -0.173868 -0.016078 -0.041273 0.160976 -0.015888 -0.099070 -0.125680 -0.031719 0.076299 -0.163304 
-0.090251 0.073164 -0.044166 -0.067932 0.003451 0.028340 -0.007526 0.147264 -0.110449 -0.087587 -0.148856 0.092210 0.002319 0.158825 -0.074418 -0.009675 
-0.037173 0.055501 0.001239 0.249606 -0.168853 0.048425 -0.151853 0.068722 -0.074259 -0.076716 0.051666 -0.087970 0.160894 0.080132 -0.081315 -0.081637 
-0.043288 0.099629 -0.103767 0.049768 0.034217 0.160249 0.128427 0.067742 -0.146990 0.104337 -0.044632 0.056145 0.011252 0.100945 -0.182439 -0.112226 
-0.142418 0.124286 0.175712 0.032358 0.128480 -0.061833 0.180628 -0.103040 0.082266 0.198287 0.132626 -0.023462 0.098632 -0.118073 0.033454 -0.050196 
-0.162733 -0.195219 -0.234236 -0.191301 -0.092214 -0.231930 -0.155831 -0.097355 0.013467 0.273470 0.359527 -0.001001 -0.201530 -0.118945 0.049941 -0.012014 
0.002067 0.185734 -0.243412 -0.288398 0.154622 0.100277 0.009636 0.051127 0.048876 -0.136799 -0.309081 -0.092719 -0.349985 0.011026 -0.277025 -0.028605 
0.103211 0.117004 -0.054772 0.121871 0.120121 0.030589 -0.137143 0.085378 -0.061886 -0.146080 -0.001037 0.121542 -0.098534 -0.029514 -0.026143 0.167632 
-0.064648 0.008251 0.056721 0.008859 -0.168272 0.076778 0.096962 -0.169125 -0.087535 0.134097 -0.016282 -0.194852 0.014860 -0.066993 0.060841 -0.002612 
-0.210161 -0.071930 -0.365289 -0.186011 0.189692 -0.103546 -0.013433 -0.100838 -0.118675 -0.207763 -0.273475 0.014259 -0.317238 -0.038749 -0.244435 0.033283 
0.065811 0.093044 -0.075682 0.312158 -0.291223 -0.189567 -0.012032 -0.060702 0.187161 -0.153383 -0.193114 -0.099846 0.172720 -0.078821 0.144537 0.061655 
-0.006002 -0.100909 0.040655 -0.128237 0.103840 0.015314 -0.017086 -0.146805 0.045702 0.067527 0.148125 -0.077943 0.052723 -0.021732 -0.136882 0.053782 
0.099233 0.106400 0.064447 0.291577 -0.114722 0.020956 -0.192633 -0.037955 -0.128275 -0.109113 -0.008907 0.026508 0.165912 0.138624 0.058055 -0.096286 
-0.155743 0.066667 -0.032424 0.000069 -0.115738 -0.082000 0.062785 -0.161178 0.106760 0.001188 -0.065013 0.048395 -0.262203 0.084081 -0.088841 0.116133 
-0.107566 -0.032368 0.158851 0.199948 0.025708 -0.148322 -0.192018 0.101505 0.083405 -0.276733 -0.079286 -0.012624 0.202844 -0.049748 0.142963 -0.170071 
0.158809 0.212127 0.180887 0.079291 -0.273770 0.090208 -0.194497 0.127974 0.016503 -0.074796 -0.089392 -0.081626 0.061987 -0.096322 -0.021418 0.015046 
-0.062896 -0.060760 -0.150515 -0.243369 -0.051457 -0.026820 0.081803 -0.165205 -0.002953 0.012562 0.032226 -0.050179 0.013230 0.004989 -0.051056 0.085952 
-0.194743 0.126003 -0.189425 -0.130904 -0.144358 0.068458 -0.143732 0.144575 
-0.391235 0.395839 -0.171378 -0.063101 -0.210559 0.474260 -0.057389 0.296452 
0.001693 0.449671 0.060947 -0.165013 -0.138827 0.331644 -0.001621 0.362656 
-0.439478 0.508942 -0.097104 -0.338731 -0.016389 0.628360 0.302290 0.408639 
-0.062301 -0.462787 -0.236460 0.057440 -0.058778 -0.354057 -0.156868 -0.165131 
-0.325310 0.111176 -0.222167 -0.266911 0.219196 -0.135274 0.057461 -0.100703 
-0.281851 -0.249756 -0.116298 -0.134656 0.106214 -0.244825 -0.233494 -0.151671 
0.037513 -0.078126 0.175368 -0.216367 -0.116748 0.102015 0.136798 0.083974 
0.069608 0.216596 -0.165426 -0.171039 0.231305 -0.055748 0.089937 0.127045 
0.273574 0.051541 -0.201063 0.400796 -0.234675 -0.254888 -0.008773 -0.143160 
0.295713 0.192422 -0.082584 0.337251 -0.018340 -0.210887 -0.053384 0.070440 
0.105885 -0.159255 -0.204455 -0.239400 -0.217388 0.033181 0.064463 0.051827 
-0.143063 0.465513 -0.243923 -0.000056 -0.176550 0.385904 0.146204 0.407456 
-0.078826 0.114120 -0.017396 -0.062212 -0.048586 -0.228859 -0.035906 -0.110566 
0.104265 0.317953 0.188121 -0.020786 -0.169712 0.145100 -0.018983 0.419216 
0.025654 0.012037 0.235052 0.100221 -0.106127 -0.159938 0.053283 -0.114816 
-0.178129 0.076274 0.060289 0.052524 -0.328220 -0.197009 0.009681 -0.000580 0.487852 0.282447 0.301231 -0.124270 0.441722 0.292163 0.106331 0.191256 
0.307159 -0.117727 -0.713333 -0.260999 0.959323 0.046350 -0.140227 0.720507 0.399410 -0.549422 -0.273038 0.120308 -0.000867 -0.340061 -0.221123 -0.248036 
-0.012496 0.227353 0.258319 0.155424 -0.285830 -0.145786 -0.136511 -0.286255 -0.225551 -0.173373 -0.006450 -0.283821 0.088184 -0.238837 0.258896 0.182429 
-0.211423 0.333252 -0.302275 0.092151 -0.263693 -0.160218 -0.099022 -0.272527 0.007019 0.025520 0.083856 -0.258217 0.079515 0.684556 0.059111 0.210103 
0.071406 -0.007418 0.043618 0.134196 0.194955 0.254664 0.196566 0.318969 -0.268226 -0.157392 -0.313998 0.169667 -0.048718 0.293836 0.002968 -0.253211 
0.229446 -0.094708 -0.088743 -0.189128 0.599280 0.239862 0.133346 0.032243 -0.168218 -0.358714 0.056172 0.155799 -0.442186 -0.476828 0.032012 -0.087262 
0.185996 -0.281256 -0.148820 0.058142 0.351121 -0.278586 0.038316 -0.297687 -0.083264 0.052536 0.240209 0.202365 0.016099 -0.104358 0.306241 -0.071382 
0.063385 -0.314485 0.085437 -0.261293 0.024222 -0.390741 -0.378648 -0.441801 -0.256806 -0.238828 -0.189424 0.028079 -0.364778 -0.882473 -0.127118 -0.611078 
-0.079797 0.077191 -0.049034 -0.520128 -0.108426 -0.366631 -0.213976 -0.192278 -0.086028 -0.233435 0.196346 -0.183466 -0.421333 0.263053 -0.126944 -0.211399 0.071001 -0.223747 -0.075125 -0.375529 0.018871 0.046108 -0.463243 -0.169120 -0.314597 0.169562 -0.108040 -0.036641 0.139492 0.015024 0.004649 -0.173294 
-0.159657 0.232121 0.019808 -0.272152 -0.321939 -0.156030 -0.269409 0.172457 -0.229572 0.309593 -0.199457 0.168637 -0.029130 0.172509 -0.019263 0.014109 -0.181909 -0.085782 -0.004600 0.161748 -0.231542 0.095024 0.038153 -0.063340 -0.029697 0.178469 0.323633 -0.151414 -0.144949 -0.109356 -0.070351 -0.079335 
-0.146479 -0.215297 -0.154318 -0.805871 -0.303341 -0.164283 -0.224320 -0.065249 -0.300089 -0.213259 -0.145335 -0.237746 -0.034151 0.184304 -0.096604 -0.295560 -0.169300 -0.057068 -0.242738 -0.090758 0.016061 0.116024 0.111982 0.107556 -0.234743 0.287808 0.329740 -0.078852 0.258340 0.057207 0.026660 -0.178064 
0.008666 -0.240713 -0.033649 -0.375445 -0.156424 0.041339 0.200132 0.086595 0.049352 -0.148548 0.142458 0.048184 0.094818 -0.042343 0.098639 -0.101517 -0.183516 -0.012750 0.171710 0.151867 -0.116479 0.207557 0.031181 -0.073552 0.014183 0.163749 0.182130 0.016726 -0.183488 0.029026 0.052948 0.036203 
-0.027342 -0.143527 -0.078155 0.428284 0.215677 -0.469993 -0.077722 0.057565 -0.082547 -0.333824 -0.109937 0.011243 -0.219941 -0.201242 -0.228703 -0.102049 0.367576 -0.040878 0.145791 -0.280108 -0.311005 -0.061608 -0.156721 -0.019350 -0.423701 -0.204324 -0.276396 -0.188903 -0.083976 -0.283550 0.277982 -0.239614 
-0.103592 0.205956 0.257640 -0.191921 -0.161654 -0.198969 0.122292 -0.006544 0.047111 -0.297799 0.146187 -0.163394 -0.122505 -0.032431 -0.275602 -0.127118 0.192579 0.184667 -0.184827 -0.091090 -0.086519 0.034983 0.261824 -0.065631 0.082841 -0.084690 -0.099874 -0.076989 -0.008670 -0.163551 0.025549 0.102605 
-0.217593 -0.133906 0.170991 -0.212139 -0.003157 0.069242 0.065730 -0.171165 0.079614 -0.046852 -0.069589 0.132658 0.188251 -0.023489 0.229160 0.247483 -0.114081 0.237551 0.240417 0.129558 0.047478 0.232519 0.205247 -0.086685 -0.063978 -0.094954 0.128905 0.117683 -0.013040 -0.230734 -0.050319 0.006889 
-0.114482 -0.110003 0.081660 -0.209310 -0.005331 -0.339469 0.051193 -0.007145 -0.044638 -0.259058 -0.047232 -0.003064 -0.213513 -0.071169 -0.340843 -0.343004 -0.050104 -0.248049 0.111457 -0.042297 -0.268592 0.102812 -0.395334 -0.057306 -0.001882 0.127438 -0.037754 -0.075569 0.052819 0.154094 0.185147 0.185118 
-0.190382 -0.003153 0.210887 0.479833 0.403711 -0.019157 -0.052796 0.047255 -0.191510 0.148135 -0.184015 0.369653 -0.121848 0.030302 0.048562 -0.356563 0.384080 -0.006384 -0.232837 -0.202093 -0.191110 -0.207102 0.132394 -0.165861 0.058588 -0.142748 -0.085940 0.007841 -0.215290 -0.147795 0.330797 -0.146766 
0.182121 -0.081047 -0.230319 -0.851778 -0.392594 0.075870 -0.237626 -0.116675 -0.242917 -0.070115 -0.194138 -0.071945 -0.124824 -0.063948 0.131102 0.105364 0.000575 -0.154757 -0.243715 -0.275120 0.163937 0.354288 -0.200592 0.101310 -0.198609 0.320840 0.074575 -0.131615 -0.185993 0.202898 -0.140091 0.164476 
-0.199388 0.059334 0.019632 -0.117151 -0.100107 0.135796 -0.011566 0.144989 -0.155813 0.064985 -0.078861 -0.202937 0.111878 -0.161910 0.169750 0.018940 -0.241498 0.199174 0.070350 0.182812 0.134161 0.163004 0.073765 0.190959 0.004226 0.214602 -0.187899 0.029000 0.078552 0.051501 -0.040726 0.140988 
-0.140112 -0.223729 -0.160110 -0.067096 0.133917 -0.197958 -0.176785 -0.226877 -0.179021 -0.102777 -0.188881 0.171712 0.011580 -0.233654 -0.179949 0.131290 0.175354 -0.190366 0.149808 0.079676 0.208166 -0.026873 -0.062051 -0.030802 -0.189014 0.090452 -0.292263 -0.182749 -0.098748 0.019504 0.247992 0.032445 
0.042878 0.215848 -0.251631 -0.007021 -0.023933 0.037814 -0.005736 0.087152 0.243112 0.181423 0.025424 0.184352 0.068541 -0.212093 0.110800 0.040682 -0.088631 -0.067104 -0.095734 -0.185801 0.173753 0.221995 0.156992 -0.130917 0.210655 0.171669 0.017398 -0.167138 -0.078416 -0.075630 0.081364 0.216964 
-0.101714 0.179392 -0.163263 0.069647 -0.218403 0.390988 -0.053500 -0.058318 0.009809 0.423350 -0.220219 -0.167078 -0.237846 0.075255 0.319730 -0.048089 -0.223757 -0.208227 -0.031157 0.168102 -0.226409 -0.162635 -0.084904 0.107433 0.408285 0.064700 0.335953 -0.081042 0.185902 0.130191 -0.224210 -0.162705 
0.062686 0.081255 0.215488 0.200361 0.022837 -0.088602 -0.156945 -0.211614 -0.112150 -0.132830 -0.123870 -0.109457 0.178441 -0.235823 0.000652 0.169479 -0.196863 0.218195 0.105409 -0.193521 -0.191176 0.170038 0.201119 -0.202237 -0.061445 0.182385 -0.040034 -0.118077 0.041328 0.103330 -0.034047 -0.140032 
-0.064235 -0.056667 -0.339375 -0.455071 -0.127511 -0.054359 0.127337 0.242904 -0.173001 -0.074714 -0.114761 -0.111995 -0.379573 0.220961 -0.113753 -0.202146 0.008737 -0.011768 -0.006478 0.018426 0.026966 0.073661 0.060062 -0.199567 -0.150440 0.078711 0.188704 0.172754 -0.199670 0.214098 -0.305532 -0.078888 
-0.083211 -0.107924 -0.059454 0.160011 -0.001025 -0.065252 0.149463 -0.162985 0.015828 -0.112320 -0.024299 0.104600 0.150997 0.066145 -0.120213 0.045197 0.056657 0.049426 -0.021316 -0.007064 -0.159663 -0.054478 0.063318 -0.068632 0.062876 -0.124261 -0.120945 0.077921 -0.161447 -0.097807 -0.126924 -0.070190 -0.031262 -0.011909 -0.084647 0.142181 0.097307 -0.109653 0.153664 -0.061333 -0.047505 -0.045104 -0.131201 -0.070976 -0.153427 -0.076946 0.148690 0.077699 0.146949 -0.047095 -0.103834 0.161754 0.072896 0.133952 -0.081347 -0.038696 -0.164777 -0.027823 -0.135244 -0.151756 0.048838 -0.087699 -0.047477 -0.156893 
0.074861 0.042344 0.153454 -0.005042 0.106840 0.123928 0.107187 -0.118823 -0.081935 0.154102 -0.011321 -0.078497 -0.097313 -0.048370 -0.114899 -0.124716 0.078011 -0.125667 -0.120552 -0.011299 -0.106427 -0.050031 0.102185 -0.116539 0.103565 0.136337 -0.095387 -0.023411 -0.055351 0.055834 -0.063469 0.149902 -0.112053 -0.015057 -0.028737 -0.166280 -0.026559 -0.094443 -0.106615 0.037785 -0.109910 0.056537 0.131100 -0.032754 -0.225014 0.170562 0.000868 0.162987 -0.087625 0.081098 -0.076061 -0.011047 -0.165058 -0.126056 -0.005766 0.101759 -0.148918 0.096584 -0.086281 -0.047592 -0.053633 0.069855 -0.067991 0.032061 
-0.112524 0.059392 0.020863 0.005497 0.155105 0.045449 -0.193843 -0.161506 -0.021427 -0.152735 -0.011825 -0.009436 -0.156242 -0.240200 -0.085545 -0.022538 0.066519 -0.006414 0.056914 0.043062 0.117036 -0.136169 0.018972 -0.014543 -0.171121 0.161051 -0.111984 -0.053524 -0.034851 0.041872 0.131255 0.123371 -0.153564 0.019584 -0.098289 -0.161740 -0.043118 -0.122350 -0.120316 0.126716 -0.052224 -0.022898 -0.025204 -0.024706 0.115299 -0.030692 0.086404 -0.159710 -0.053662 -0.113122 -0.094446 -0.172836 0.069126 0.085422 0.275119 0.001547 0.021208 -0.118449 -0.154733 -0.157683 0.051481 -0.164488 0.144611 0.052432 
-0.146026 -0.135018 -0.013496 -0.168324 0.214423 -0.298800 0.196089 -0.192684 0.066430 -0.079998 -0.069474 -0.167219 -0.181559 -0.227224 0.100334 -0.144101 0.053256 -0.315303 -0.195570 0.072952 0.190859 -0.069691 -0.247757 -0.031098 0.041373 -0.197688 -0.011224 0.010131 -0.293990 0.087007 -0.383141 0.093234 0.098857 0.245246 0.093171 -0.058929 -0.074480 -0.105619 -0.112615 0.025948 0.068041 -0.289993 -0.238034 0.192978 -0.333512 -0.486796 -0.177128 0.023373 -0.104297 0.004571 -0.139994 -0.116113 0.012145 -0.137463 0.134835 0.006350 -0.149838 -0.124007 -0.121611 -0.021785 -0.237635 -0.124395 -0.052684 -0.032691 
-0.155638 -0.103890 -0.109894 0.148166 0.267545 -0.025495 -0.043568 0.153912 -0.064589 0.013044 0.097779 -0.094883 -0.001147 -0.334044 -0.173082 0.023480 -0.148282 -0.258688 0.015209 -0.032073 0.128986 -0.033531 -0.151919 0.096377 -0.165919 -0.086353 -0.042614 -0.039724 -0.002656 0.133247 -0.260087 0.127866 -0.232119 0.087848 -0.009055 -0.159383 -0.057209 -0.042059 0.118651 0.060209 -0.023180 0.025709 -0.165985 -0.125797 -0.210328 -0.164144 0.043222 -0.290679 0.074249 -0.098616 0.058264 -0.129683 -0.101493 0.119075 0.138442 -0.188909 -0.143850 0.076269 -0.042896 0.077511 -0.000466 0.007418 0.081978 -0.002077 
-0.139222 -0.093390 0.034657 -0.068298 -0.063802 0.024763 0.156898 0.121105 0.042145 -0.122942 -0.138552 0.125791 0.015865 0.333557 -0.050874 -0.065826 -0.010755 0.218468 -0.015266 0.092697 0.065386 0.061786 0.182203 -0.180443 0.027350 -0.010719 -0.183655 -0.120677 0.237038 0.153950 0.125166 -0.153345 0.167289 -0.000885 -0.054021 -0.094550 -0.026173 -0.098901 -0.095136 0.148501 -0.003009 -0.090308 0.099666 -0.162198 -0.092179 0.082373 -0.049857 0.322235 0.078976 0.213055 0.039513 0.102269 0.095026 0.026337 -0.111298 -0.044971 0.222194 0.041471 -0.003812 0.226485 -0.098026 -0.070109 0.142015 -0.077933 
0.142383 -0.051838 0.025126 -0.105720 0.073793 0.101104 -0.127376 -0.107121 -0.128636 0.135505 -0.100984 -0.038507 0.103562 0.017280 -0.092529 -0.000502 -0.005099 0.119835 0.170313 -0.080813 -0.012966 0.017942 0.036176 -0.025769 -0.106261 -0.141256 -0.052539 0.022119 -0.024353 -0.051457 0.126315 -0.056634 0.058824 -0.012466 0.007709 -0.040700 -0.087020 0.057935 0.020185 -0.044596 0.011916 0.095377 0.092492 -0.051597 -0.057003 0.172691 0.127353 0.109206 0.121693 0.117081 -0.145032 -0.072413 -0.034972 0.062191 0.082408 0.031439 0.097589 -0.148983 -0.123712 -0.101035 -0.033145 -0.171865 0.020848 -0.139721 
-0.018139 -0.143565 -0.009166 0.066468 0.086162 -0.160624 -0.152668 -0.072697 0.114142 0.113994 0.048136 -0.119159 0.113822 -0.004821 0.169916 0.059621 -0.054946 -0.153848 0.162921 0.083088 0.088310 0.062217 -0.060766 0.012804 0.084178 -0.008985 0.087648 -0.125866 -0.006074 -0.068727 -0.098113 0.149856 -0.037124 0.069468 0.041242 -0.125799 0.082835 0.064458 -0.023142 0.022973 0.003572 -0.150448 0.078777 -0.056979 0.022686 0.072889 -0.169893 0.141383 0.098852 0.164469 0.053268 0.012868 0.055084 0.167518 -0.146485 -0.036224 -0.017626 0.114425 0.012989 0.150576 -0.127752 0.092241 0.128254 0.007728 
-0.016518 -0.004387 0.053546 -0.103237 -0.113777 -0.139729 0.099666 0.053083 -0.116713 -0.000387 -0.168026 0.085666 -0.100212 -0.165133 0.050639 0.162974 -0.171259 -0.075035 -0.007951 0.071350 -0.094540 0.039100 -0.151362 0.050598 -0.020870 0.021330 0.073287 0.026632 -0.052786 0.001916 -0.148015 0.113759 -0.147072 0.081587 -0.154999 -0.102322 0.115339 0.108251 0.138441 -0.165430 -0.069435 0.156357 0.086246 -0.000869 0.144751 -0.011106 -0.006099 0.156075 0.080522 -0.157324 0.039900 -0.167395 0.058386 0.061667 0.064444 -0.132745 -0.076220 -0.017108 0.060466 0.053164 0.161467 0.092490 -0.010746 -0.175269 
0.009844 0.006023 -0.138565 -0.043116 -0.067681 -0.188762 -0.041918 0.022835 -0.166691 -0.112546 -0.124303 0.149108 0.034888 0.206512 0.256668 -0.042955 0.032050 0.038991 -0.048066 -0.047740 -0.052179 -0.180399 -0.029135 -0.030913 0.029177 -0.126288 -0.151003 0.021371 0.277569 0.165774 -0.031760 -0.021556 -0.141711 0.115816 0.104238 -0.019124 0.230338 -0.130165 -0.140427 -0.172745 -0.029749 -0.145592 0.154981 -0.169078 0.051524 0.079718 -0.064649 0.288252 -0.017251 0.158164 0.169711 0.204919 0.106147 -0.022072 -0.228940 -0.067435 0.059591 -0.076593 0.153359 0.078640 0.101488 -0.008315 0.171843 -0.147760 
-0.044751 0.100941 0.012164 -0.057148 -0.142540 0.064273 -0.058020 0.004555 0.133273 -0.061837 -0.018504 0.099648 -0.095266 0.088497 -0.028301 -0.015663 0.000592 -0.065055 -0.060418 -0.063976 0.125302 -0.000662 0.067424 -0.028215 0.105934 -0.010023 0.178292 0.084414 -0.119594 0.120983 0.086662 0.018612 0.072923 -0.025938 0.132583 0.091675 -0.162785 -0.074909 -0.102681 0.150122 0.017405 0.074201 0.074278 0.090419 -0.031712 -0.110059 -0.043630 0.151861 0.019792 0.086482 -0.074282 -0.032577 -0.079970 0.167027 0.121689 -0.149441 0.041737 0.142447 0.108642 0.101743 0.092235 0.043375 -0.063644 0.020872 
-0.168347 -0.106734 -0.084181 -0.157001 0.025083 -0.021819 0.159884 0.156492 -0.104311 0.074643 0.055509 0.013159 0.127853 -0.215904 0.055230 -0.053580 0.141624 0.050239 0.135939 -0.118982 0.219426 0.057798 -0.112414 0.033728 0.036908 -0.174313 -0.053732 -0.005156 0.087011 0.085836 -0.256402 0.118351 0.069658 -0.012745 0.072371 -0.091149 0.148958 0.127720 -0.122823 -0.149936 -0.037264 0.072262 0.064554 -0.040668 -0.225109 -0.079536 0.074746 0.112709 -0.064369 -0.006754 -0.117549 -0.075972 -0.049963 -0.045462 0.168673 0.105943 -0.055811 -0.113734 -0.039904 -0.132105 0.095537 -0.037670 0.172509 0.020149 
-0.156053 -0.008341 -0.020343 0.030912 -0.025071 0.003559 0.099795 -0.495557 0.138036 -0.033690 -0.106346 0.074061 0.103679 -0.286116 0.028099 -0.157503 0.044763 -0.215338 -0.230325 0.209879 -0.258013 -0.140918 -0.013708 -0.069232 -0.094749 -0.171583 -0.198509 0.213533 -0.361640 -0.233426 -0.055136 -0.191255 0.108485 -0.072594 -0.206671 -0.090465 -0.421640 -0.457057 -0.107901 -0.116928 -0.222558 -0.278369 -0.224066 0.171886 -0.050690 -0.478443 -0.288536 -0.365490 -0.153165 -0.249929 -0.102972 -0.072626 0.131724 -0.131210 -0.037904 0.017245 -0.102091 -0.179239 0.065493 -0.203934 0.018226 -0.100527 0.029542 -0.249855 
-0.013714 0.072223 0.170345 0.105538 -0.033025 -0.093306 0.175189 -0.042863 0.095436 -0.153090 -0.033600 -0.061988 -0.154513 -0.017980 0.015867 -0.131106 0.104236 0.087462 0.058602 -0.054792 0.138120 -0.103797 -0.150645 -0.042367 0.149090 0.096688 0.013565 0.100123 0.152398 -0.078312 -0.013539 -0.012475 0.162092 -0.018211 -0.069341 -0.046068 0.037984 -0.122901 0.133366 -0.020834 -0.059350 -0.108623 0.093351 -0.032600 0.072914 -0.134284 0.001299 0.014599 -0.160972 -0.109005 0.114888 0.155556 -0.037780 0.138706 -0.069873 -0.070137 0.058219 0.119664 -0.146394 0.054719 -0.116464 0.014652 -0.120164 -0.149515 
0.171487 -0.017550 -0.026532 0.059398 0.068230 -0.060553 -0.147860 -0.186838 0.057037 0.131636 -0.023875 -0.046157 -0.113182 0.240609 0.214543 -0.105974 -0.169388 0.088779 -0.114085 -0.006875 0.073941 -0.062135 0.089827 -0.088138 -0.045703 0.104371 0.140384 0.007502 0.055035 -0.059600 0.016590 -0.034619 0.002519 -0.102412 -0.155121 -0.094059 0.065152 -0.112424 -0.070221 -0.090398 -0.152051 0.053663 0.033217 -0.087232 -0.006808 -0.030277 -0.011038 0.240999 -0.087238 0.075514 -0.075630 0.221573 -0.155976 -0.155279 -0.170429 -0.047229 0.170356 -0.155963 0.148486 -0.005137 -0.138403 0.017608 0.097868 0.065292 
0.092080 0.122307 0.169129 -0.057289 -0.194309 -0.082382 -0.040376 -0.174923 -0.177974 -0.107170 -0.046504 0.135389 0.076885 0.161794 -0.048904 0.193115 -0.035864 0.171525 0.112071 -0.026993 0.077669 0.131316 0.189818 -0.006557 -0.148600 0.215458 -0.106433 -0.107055 -0.098627 0.106011 0.235636 -0.092269 0.141123 0.129777 0.009618 0.100743 -0.127885 -0.233926 0.166719 -0.094085 -0.068317 0.027549 0.240665 -0.186583 0.012034 0.049833 0.152843 -0.064134 -0.112029 0.010665 -0.127127 -0.193186 0.105866 -0.161129 0.117480 0.143264 0.175401 0.123087 -0.138039 -0.067450 0.144709 -0.142774 -0.028137 0.048243 
-0.169123 -0.136027 -0.030108 -0.092509 0.067839 -0.102975 -0.091837 0.178644 0.056004 -0.039069 -0.046390 -0.237335 0.084229 -0.300619 0.016169 -0.106370 -0.082432 -0.109362 0.177233 -0.199626 0.134389 0.047520 0.121277 0.086301 0.104375 -0.238174 -0.121976 0.084098 -0.182001 -0.037967 -0.192667 -0.024637 0.020077 0.207362 -0.069579 -0.163750 0.039800 0.253943 -0.051751 -0.039039 -0.133174 -0.229840 -0.067080 -0.181952 -0.066308 -0.195659 0.114264 -0.122657 0.154474 0.023836 0.150552 0.020927 0.097791 0.091525 0.092393 -0.066636 0.044283 0.054829 -0.072954 0.070815 -0.057963 0.043315 -0.134874 -0.050724 
-0.234956 -0.031512 -0.084752 -0.089222 -0.070089 0.152677 0.153511 -0.629075 0.191823 -0.147567 -0.011101 -0.007301 -0.102240 -0.018641 -0.065109 -0.199691 -0.030249 -0.064453 0.102959 0.024846 -0.248208 0.025804 0.085042 -0.161560 -0.059887 -0.182860 -0.363586 0.063709 -0.240407 -0.181646 -0.179489 -0.154266 0.155937 -0.089238 0.118129 0.097056 -0.536343 -0.517552 -0.066614 -0.101683 -0.008135 -0.297588 0.051238 0.096265 -0.114078 -0.941618 0.110906 0.048244 -0.015765 0.111441 0.123697 0.022665 0.051155 0.050301 -0.090974 0.087225 0.086094 -0.258585 0.021051 0.038909 0.090608 0.043979 -0.139914 -0.359922 
-0.170434 0.171025 -0.082467 -0.080845 0.004000 0.007891 -0.011160 0.181253 -0.062763 -0.100638 0.064154 0.030812 -0.062816 0.036451 -0.088878 0.053590 -0.009855 -0.142100 -0.020878 0.149183 0.105843 -0.133707 0.071510 -0.018246 0.126636 -0.077987 -0.161038 0.082707 0.140912 -0.083044 -0.115480 0.153144 -0.116002 -0.005730 -0.112966 0.066123 -0.150278 0.058375 0.034453 -0.022640 0.125233 -0.064529 -0.164714 -0.102862 0.159184 -0.106104 -0.180443 -0.022863 -0.036480 -0.022794 -0.051889 -0.136436 0.021952 -0.149138 0.046040 -0.028054 -0.053226 0.036944 -0.119961 -0.099586 0.128919 -0.070904 -0.113731 -0.112093 
0.102890 -0.066403 0.133280 0.124764 -0.177393 -0.003024 -0.101520 0.114650 0.134957 -0.061140 -0.141046 0.155313 0.036522 0.018638 -0.092665 0.122750 -0.003842 0.202301 -0.230730 -0.159849 -0.048070 0.042796 0.021146 -0.198034 -0.041680 0.069098 -0.053331 -0.072431 -0.228739 -0.019700 0.116386 0.106816 0.141739 -0.099891 0.050796 0.113963 0.134258 0.105781 0.097075 0.115242 -0.083531 0.162000 0.105268 0.123801 0.253420 -0.156766 0.119832 -0.013057 0.061511 0.108386 0.030638 -0.023895 0.046931 -0.135371 -0.125567 0.187311 0.147475 0.087889 -0.077665 0.101533 -0.054205 0.105840 -0.009345 -0.117164 
-0.312975 -0.118900 -0.242015 -0.136209 -0.132626 0.014145 0.261740 -0.504827 0.104488 0.048331 -0.043639 -0.022718 0.049382 -0.035420 -0.150990 -0.167079 -0.117546 0.091521 -0.040610 0.148756 -0.176792 -0.100590 0.030228 -0.075521 -0.157742 -0.306508 -0.154473 0.007304 -0.123243 -0.248040 -0.072192 -0.329297 -0.010410 0.023234 -0.122367 -0.003577 -0.304918 -0.581451 -0.161013 -0.103213 0.069831 -0.302588 0.038177 -0.025558 -0.015479 -0.402195 -0.001688 0.129724 0.071199 -0.046447 0.036468 -0.003218 0.141272 -0.044018 -0.279298 0.021796 -0.013132 -0.127867 -0.155022 -0.068791 -0.031017 0.053826 -0.095193 -0.052305 
-0.083766 0.004976 -0.002232 0.120520 0.039633 0.011173 -0.137046 -0.106967 0.170108 0.138936 0.080241 0.039756 0.132797 -0.029879 -0.022365 0.028765 0.111549 -0.160715 -0.132089 -0.011911 -0.033826 -0.074578 -0.140274 0.121630 0.133083 -0.121878 -0.143087 0.014564 0.083204 0.004578 -0.010421 -0.140013 -0.162079 0.163313 0.169271 0.046090 -0.029953 -0.212472 0.172354 -0.006986 0.151127 0.038044 -0.141893 0.121703 -0.125940 -0.064096 -0.035147 0.160302 0.026176 0.006364 -0.036266 0.170683 0.116622 -0.002132 0.119765 0.065869 0.051423 -0.195354 -0.101944 -0.015782 0.006866 0.064314 0.032758 -0.010460 
0.055650 0.026416 -0.100369 -0.112985 0.042674 -0.133232 0.022657 -0.024057 0.136597 0.088200 -0.055405 -0.134188 -0.074539 0.038702 -0.129473 0.157194 -0.108150 -0.038910 0.157500 -0.161613 0.137614 0.004837 0.098083 -0.079083 0.070804 0.196991 -0.178290 -0.103127 0.047458 0.096012 0.079539 -0.054522 -0.068457 0.174012 -0.015740 0.088884 -0.099628 -0.168225 -0.064275 -0.156779 0.119068 -0.002755 -0.094803 -0.113187 0.001627 -0.232282 -0.100612 0.036698 0.001442 0.077136 0.108992 -0.023190 0.036706 0.008790 0.263374 -0.100536 0.013116 0.133795 0.006235 -0.118299 0.062995 -0.082125 0.016764 0.079504 
-0.084365 -0.171206 0.004770 -0.034599 -0.129672 0.137443 -0.071712 -0.167155 -0.002771 0.015713 -0.071728 -0.150188 0.055066 -0.048003 0.048420 -0.075711 -0.087033 0.045412 0.022845 0.112511 -0.161526 0.003349 -0.118465 0.011573 0.005713 0.086209 0.183184 -0.171411 0.093073 0.041877 0.145972 -0.097287 0.001588 -0.062683 0.034098 0.069661 -0.121049 -0.149495 0.113149 0.095408 0.033048 -0.038998 0.104845 -0.108346 0.028573 0.100417 -0.033919 -0.012317 -0.145849 -0.234630 0.044615 -0.127276 0.028164 0.100693 0.115010 -0.112584 -0.011628 0.077087 -0.117958 -0.036498 -0.074088 0.176298 0.076713 0.090527 
-0.054445 -0.047242 -0.000051 0.018889 -0.044027 -0.108192 -0.075782 -0.187101 0.002977 -0.133810 -0.052355 -0.168935 0.051098 0.153309 0.173565 0.137410 0.074990 -0.024431 0.190569 -0.029142 -0.106258 0.051608 0.012751 -0.042535 0.084679 0.125439 -0.147491 -0.158221 0.127347 0.256215 0.093778 -0.149533 -0.035531 0.002567 0.029959 0.052750 0.166984 0.077107 0.094607 -0.049847 -0.166760 -0.200238 -0.043512 0.075943 0.152071 -0.229557 0.049000 0.193195 0.004013 -0.024131 -0.080546 0.131069 -0.077204 0.094133 0.000790 -0.208604 0.036090 -0.019561 -0.159732 -0.053400 -0.022837 0.137318 -0.048956 0.048720 
-0.045577 0.146749 -0.057982 -0.097664 0.147785 -0.130294 0.041818 -0.171394 -0.071649 0.156681 0.080593 -0.128175 -0.147227 -0.130593 -0.141912 -0.000593 0.029025 -0.076372 -0.078080 0.113806 -0.181773 0.051577 0.085525 0.093655 -0.111625 0.063535 0.171675 0.029082 0.105836 -0.055102 -0.124304 -0.087553 -0.041730 0.018293 -0.004834 -0.084986 0.084575 -0.149534 -0.080367 -0.164369 -0.165286 -0.159754 -0.121788 -0.140696 -0.173925 -0.056158 0.080817 0.097327 0.075845 0.154211 0.048832 0.135537 0.043349 0.005804 -0.038589 0.106747 -0.025520 0.018558 -0.048977 -0.065755 0.139888 0.026823 0.013793 -0.076534 
-0.167219 -0.151578 -0.029749 0.146213 -0.131517 0.042440 0.184037 -0.282484 0.112325 -0.091662 -0.087977 0.168093 0.036023 0.282125 0.147072 -0.086631 0.112310 0.022808 -0.127706 0.031161 0.129717 0.069086 -0.062828 -0.092587 -0.031863 0.051435 -0.017047 -0.052782 -0.078226 -0.034478 0.017334 -0.050781 -0.053920 -0.147774 -0.050527 -0.039361 0.086665 -0.220602 0.035448 0.066927 0.022887 0.017784 0.054600 -0.099081 0.070962 -0.231863 -0.007132 0.222185 0.106080 0.107657 -0.100040 0.150162 0.009764 0.003726 -0.252347 0.122874 -0.070534 0.001366 -0.107748 0.032471 0.124001 0.089116 0.132679 -0.155118 
0.137393 -0.073515 0.077088 0.102752 0.040066 -0.062703 -0.004789 -0.112485 -0.116002 -0.121332 -0.054808 0.156992 0.022004 0.113229 0.048277 -0.049354 0.001308 0.122705 -0.155134 0.167241 -0.042935 -0.139252 0.120266 0.026282 0.109635 -0.161107 -0.160691 0.095897 0.112235 0.158730 -0.157567 0.075159 -0.089253 0.093989 0.003443 0.125281 -0.143183 0.173122 -0.161672 -0.084716 -0.122678 -0.042012 -0.102193 0.073794 -0.103252 0.120552 -0.150028 0.072525 0.068789 -0.130694 0.065298 -0.148615 -0.095478 0.011096 0.052135 -0.160311 0.024457 0.065912 0.110054 -0.037776 0.050174 0.126955 -0.137085 0.135389 
0.056123 0.009143 0.047145 0.078848 0.034604 0.023253 0.076334 0.058944 -0.150744 -0.109148 -0.017695 -0.070258 -0.162503 -0.051935 -0.179220 0.099704 0.054763 0.031624 0.089868 0.083650 -0.080196 -0.022894 0.092876 -0.067292 -0.124747 0.055163 -0.065480 0.062690 -0.045659 -0.012969 0.024503 -0.094327 0.124279 0.000967 0.144227 0.029781 -0.105900 0.106160 -0.055793 -0.046031 -0.157951 0.097936 0.024940 -0.175862 -0.090248 0.025178 0.098709 -0.278536 0.027074 -0.000352 0.151733 0.087852 -0.114371 0.125039 0.093005 -0.112187 0.013244 0.127149 -0.145158 -0.128137 -0.113698 0.087348 -0.005672 -0.099985 
-0.234185 -0.041723 0.084560 -0.040879 -0.041838 -0.166143 0.206482 -0.307977 -0.097963 -0.003702 0.073183 -0.047098 -0.070139 0.030288 -0.003554 0.069500 -0.064113 -0.029511 -0.002569 0.049013 -0.238965 -0.009696 0.044868 0.093502 -0.013098 0.018601 -0.228319 0.164798 -0.095862 0.019644 -0.185663 0.027400 -0.116110 -0.206726 -0.108018 -0.005402 -0.232513 -0.116122 -0.152094 -0.016786 -0.027093 -0.087570 0.077191 0.128350 -0.093910 -0.390618 0.024071 0.072703 0.139891 -0.063001 -0.109061 -0.116709 0.167362 0.161881 -0.210908 -0.077844 0.109622 -0.121661 -0.143307 -0.019441 -0.217357 -0.095998 -0.108627 -0.264953 
-0.060621 -0.042807 -0.009396 0.049389 0.084800 -0.044918 -0.235330 0.196496 -0.089806 -0.166327 -0.029510 0.054292 -0.025414 -0.366755 -0.026556 -0.167388 -0.002412 -0.100310 0.019382 -0.081961 0.108924 0.052223 -0.029733 -0.125275 -0.138997 0.018162 -0.172533 -0.143017 0.052210 -0.040050 -0.205129 -0.041821 -0.045078 0.173722 0.088508 -0.142738 0.056668 0.259728 0.084430 -0.155969 0.109799 -0.060262 0.072656 -0.085097 -0.063225 -0.098015 0.039096 -0.390930 -0.070033 -0.184896 -0.021541 -0.245371 -0.121535 -0.180311 0.098832 -0.144778 -0.003160 -0.026107 -0.053155 -0.041523 0.031352 -0.005348 0.145302 -0.001657 
-0.016791 0.079493 0.051517 -0.166954 0.062626 0.012636 -0.126194 0.048048 -0.153756 -0.173374 -0.138873 0.054055 0.006364 0.146063 0.095486 0.107229 -0.060523 -0.099560 0.116023 0.007265 -0.099879 -0.025999 0.088614 0.161225 -0.164052 -0.133549 0.047338 0.154201 0.071510 0.002730 -0.008198 -0.119532 -0.092800 -0.123501 -0.111969 0.145056 0.078320 -0.093733 0.024901 0.091767 -0.084867 0.064598 -0.028703 0.113454 0.032093 -0.099242 0.029205 0.146120 -0.032740 -0.029178 -0.031569 0.056592 0.129396 -0.117743 0.051296 0.137085 -0.076650 -0.056368 0.094733 0.169582 0.102879 -0.087865 -0.124414 -0.158190 
-0.010861 -0.047148 0.073758 -0.085453 -0.033524 -0.018214 0.052489 0.025946 
-0.073159 -0.046092 0.023619 0.065711 -0.001853 -0.075804 0.049969 0.099018 
0.003444 -0.063188 0.060115 -0.004949 -0.116390 -0.073669 -0.078624 -0.029523 
-0.001122 -0.100522 0.008428 -0.051942 -0.030462 0.038879 -0.040806 0.059093 
-0.120833 -0.119894 0.006199 -0.061809 0.047186 0.190669 0.073702 0.368360 
-0.112076 -0.080957 0.176278 0.148385 -0.131076 -0.103247 -0.047971 -0.043063 
0.292146 0.305215 -0.160905 0.400864 -0.242851 -0.007870 -0.222169 -0.246576 
-0.094553 -0.118843 0.185325 0.215073 -0.107072 0.026899 0.171311 0.141772 
0.189997 0.139683 -0.180943 0.148125 -0.219810 0.007465 -0.203553 -0.200784 
0.040975 -0.096572 0.096818 0.093485 0.019063 -0.046312 0.048816 -0.084332 
-0.051425 0.106326 -0.122847 -0.003800 0.012449 -0.011274 -0.081161 -0.050372 
-0.061496 -0.113284 0.034259 -0.035867 0.028692 0.241642 -0.020148 -0.072510 
0.024674 0.095710 -0.032016 0.107196 0.006620 0.051544 -0.046243 -0.074413 
0.016376 0.012136 -0.041480 0.093224 0.684370 0.781613 -0.362886 0.003883 
0.088505 0.037699 -0.105742 -0.051294 0.291629 -0.143940 0.011291 -0.000755 
0.209205 0.232937 -0.005995 0.023115 -0.036795 0.012819 -0.196307 -0.149785 
0.106805 -0.016787 -0.042963 -0.013058 -0.088880 0.021561 0.038261 0.104164 
0.049202 0.089764 0.008531 0.047317 0.120211 0.493055 -0.293066 -0.063486 
0.061884 -0.044775 -0.046096 0.173074 0.004628 -0.210239 0.213670 0.033888 
0.159485 0.023650 0.068770 0.188666 0.008859 0.083242 0.005587 -0.124588 
0.043604 -0.068452 -0.003078 -0.086857 0.254429 -0.079182 0.384696 0.397371 
-0.056274 -0.005976 -0.172024 -0.019421 0.022183 0.022929 -0.023361 -0.030820 
-0.019184 0.011297 -0.040437 0.022239 0.016967 0.138028 0.010392 -0.128441 
-0.156790 -0.048543 0.236193 0.244809 -0.009156 0.119812 0.182596 0.228602 
0.120008 -0.065894 0.043511 0.075645 0.043580 -0.015295 0.001985 -0.009719 
0.281442 0.176352 -0.199206 -0.131216 0.000729 0.266808 -0.153588 -0.148892 
-0.123863 -0.025215 0.007893 0.047566 -0.028781 -0.068570 -0.041571 -0.041508 
0.374721 0.195257 -0.033322 0.232883 -0.291474 -0.034698 -0.204314 -0.180991 
0.050588 -0.015469 0.026072 -0.023069 0.315600 -0.068860 -0.067575 -0.023103 
0.196123 0.180935 -0.105285 0.167593 0.259795 0.076715 0.075035 0.041653 
-0.100859 -0.046390 -0.007868 -0.033327 -0.019719 0.501270 -0.237525 -0.093669 
-0.105504 0.047743 0.087838 -0.161207 -0.098433 0.097153 -0.110258 0.174946 
0.028343 0.039592 0.038626 0.084479 -0.309757 -0.077592 -0.008388 -0.212735 
-0.120257 -0.047070 -0.011920 0.096730 0.055077 -0.171567 0.286001 0.473284 
-0.117658 -0.047737 0.115031 -0.074156 0.123994 0.024767 -0.004704 -0.071116 
-0.033383 -0.028978 -0.138636 -0.023196 0.041694 -0.089511 -0.121496 -0.001648 
-0.096112 -0.066554 -0.026296 -0.035014 0.306618 -0.114510 -0.024910 0.160788 
-0.107129 -0.105721 0.082546 0.240720 -0.215387 0.127370 0.072549 0.132571 
-0.084320 -0.013327 0.068498 -0.096266 -0.086319 -0.079951 -0.081658 -0.007222 
-0.006311 -0.079064 0.046362 -0.042853 -0.036538 0.090507 -0.115309 -0.018031 
0.076057 -0.008777 0.069635 0.057870 0.113568 -0.082090 0.035875 -0.059294 
0.185150 0.051916 -0.158029 0.305791 -0.324205 -0.151747 -0.372301 -0.538616 
0.094518 0.006899 -0.057950 0.069032 0.149380 0.231097 -0.239494 0.061152 
0.176111 0.261154 -0.144247 0.317991 -0.049008 -0.087491 -0.261885 -0.174937 
0.099508 0.183424 -0.011025 0.025771 -0.086442 0.465425 -0.170008 -0.130801 
0.128697 0.112237 -0.093269 0.502002 -0.360221 -0.191646 -0.365211 -0.557254 
0.032477 0.106013 0.057140 0.120916 -0.193119 0.013849 0.114317 0.056821 
0.036579 0.114499 -0.061149 0.110499 0.918740 0.318296 -0.231627 -0.084849 
-0.061957 0.074819 -0.115899 -0.046597 0.078228 0.071007 0.005006 0.104761 
-0.018455 0.047732 0.011345 -0.074561 0.428053 0.142682 0.054933 -0.111508 
0.041287 0.028190 0.058646 0.063615 0.021925 -0.065225 -0.024628 0.027760 
0.049473 0.046474 -0.083472 0.012102 0.482930 0.196244 -0.015188 -0.085295 
0.083485 0.166323 -0.089996 -0.062504 -0.031232 0.081042 -0.128607 -0.178423 
-0.037607 0.110250 -0.032896 -0.110594 0.017277 -0.047740 -0.086400 -0.068029 
0.101499 0.029906 0.033254 0.011032 -0.176131 -0.253603 0.407288 0.391880 
0.199607 0.050633 -0.045273 0.198539 -0.112235 -0.070813 -0.334336 -0.289755 
-0.111079 -0.041843 0.068311 -0.037935 0.180269 0.203817 -0.097196 0.096380 
0.189568 0.014183 -0.125183 0.111525 -0.206930 0.045820 -0.206180 -0.156331 
0.095290 0.034256 -0.038730 -0.108940 0.109783 -0.040999 -0.118102 0.075537 
-0.044983 -0.018039 0.046383 0.003513 0.210818 0.128235 -0.000496 -0.087179 
-0.055286 -0.040271 -0.080476 0.054854 -0.158183 -0.128277 -0.039351 0.045308 
0.077572 -0.086734 -0.034853 0.032002 -0.071519 0.097258 0.004770 -0.108453 
0.039727 0.089304 -0.144619 -0.025759 0.165124 -0.050284 -0.018854 0.105371 
0.092628 0.046626 -0.033221 0.193576 -0.173263 -0.044512 -0.064045 -0.048596 









0.000000 
0.000000 
0.000000 
0.000000 
0.000000 
0.000000 
0.000000 
0.000000 
0.046670 
0.019202 
-0.222512 
0.024546 
0.247856 
-0.022008 
-0.045052 
0.243967 
0.090289 
0.186884 
-0.089688 
0.130621 
0.235553 
0.163980 
0.144870 
-0.071788 
0.151052 
0.321283 
-0.314902 
0.163544 
0.332443 
-0.075228 
-0.080095 
0.034529 
-0.074972 
-0.119668 
0.284619 
-0.336839 
-0.016165 
-0.132158 
0.136563 
-0.284122 
-0.353628 
0.271825 
0.200401 
0.372313 
-0.096575 
-0.171367 
0.075998 
-0.213081 
-0.209307 
-0.291197 
-0.423456 
-0.323065 
0.294976 
0.202573 
0.011956 
0.087831 
0.122985 
0.027497 
-0.046927 
0.164645 
-0.359930 
0.309611 
-0.121534 
-0.105715 
-0.308314 
-0.100900 
0.014347 
0.159102 
-0.010290 
-0.169090 
-0.316354 
0.092011 
-0.079567 
0.161583 
0.037645 
0.102470 
-0.080238 
-0.110015 
0.061262 
-0.033637 
-0.010243 
0.114844 
-0.152469 
-0.049169 
0.079214 
-0.112875 
0.207883 
-0.026843 
0.029317 
-0.092743 
-0.069229 
-0.073026 
-0.171736 
0.092634 
-0.072979 
-0.046382 
0.079509 
0.097361 
-0.080793 
0.002681 
-0.151536 
0.120195 
-0.053028 
-0.083533 
-0.025027 
0.254559 
0.170690 
0.245895 
-0.107521 
0.229593 
-0.041717 
-0.023392 
0.071235 
-0.102829 
-0.151016 
0.060338 
0.124651 
0.044889 
-0.258521 
0.116049 
-0.223448 
0.043240 
-0.011527 
0.214150 
-0.189091 
0.277635 
-0.113965 
0.059565 
0.220473 
-0.079218 
0.109630 
0.039482 
0.001350 
0.194023 
0.379763 
0.047859 
-0.132075 
0.017410 
-0.101095 
0.350662 
-0.047909 
0.182139 
-0.128491 
-0.394049 
-0.031741 
-0.189581 
0.335024 
-0.508666 
0.076292 
0.251522 
-0.244558 
-0.142172 
-0.067485 
0.026826 
0.125371 
-0.087409 
-0.187562 
-0.223993 
0.072500 
0.547151 
0.123584 
-0.245552 
-0.033549 
0.426383 
-0.056821 
-0.177911 
0.150609 
0.245714 
0.227693 
-0.275403 
0.191223 
-0.065820 
0.089166 
-0.184832 
0.162461 
-0.209764 
-0.099135 
-0.031520 
-0.049493 
-0.109604 
-0.182860 
0.029674 
-0.342753 
-0.043224 
-0.262854 
-0.116853 
-0.059901 
0.047461 
-0.103291 
0.358090 
-0.202456 
0.312971 
-0.155404 
0.204366 
0.029271 
-0.147228 
-0.086625 
-0.122907 
-0.103581 
-0.364855 
-0.007924 
0.402275 
0.208157 
-0.277755 
-0.075674 
0.186237 
0.063057 
-0.155984 
0.086072 
-0.058546 
-0.107081 
-0.066838 
-0.172670 
-0.081251 
-0.083226 
-0.103234 
0.090896 
0.126114 
0.152414 
-0.307676 
0.237489 
0.091932 
0.021366 
-0.081738 
-0.183694 
-0.098957 
-0.143262 
0.087459 
-0.101238 
-0.135086 
-0.127697 
0.039242 
-0.145240 
-0.372152 
0.070162 
0.079334 
-0.068101 
-0.166355 
-0.108975 
-0.216532 
-0.227330 
-0.254251 
0.054427 
-0.115072 
-0.237659 
-0.386944 
-0.300728 
-0.546061 
3.836000 0.604212 0.358277 
