-0.441492 0.036213 -0.009834 0.825121 0.266127 0.043050 0.612072 0.563006 0.060930 0.281082 -0.072295 -0.119509 -0.487372 0.269795 0.415071 0.720370 0.094421 1.368209 -0.079429 -0.063139 0.491188 0.096477 0.541385 0.447902 0.162825 0.021271 -0.047703 -0.082773 0.410207 -0.018225 0.029255 -0.082846 
-0.544246 0.034479 0.443973 0.546156 0.559012 -0.180478 1.098791 0.268123 0.290092 -0.064605 -0.486851 -0.199366 -0.710930 0.565396 0.479534 0.300599 0.270063 -0.141816 0.133910 -0.058223 0.303615 -0.146264 0.341490 0.059267 0.609479 -0.343371 0.310872 -0.161737 -0.043237 0.393234 0.326005 -0.030528 
0.597767 0.064620 -0.317267 -0.674838 0.071044 -0.119167 0.209425 -0.346832 -0.310906 0.193088 -0.558827 -0.291239 0.259344 -0.348663 -0.452647 -1.405815 -0.139038 -0.884808 -0.319971 -0.123191 -0.405470 -0.186446 -0.516136 -0.245129 -0.244335 -0.331447 0.097005 -0.261909 0.395277 -0.305048 0.044523 -0.106024 
0.778785 -0.278853 -0.776569 -0.151146 -0.305804 -0.139822 1.585979 -0.687814 -0.921593 -0.083274 -0.250834 -0.156848 0.393978 -0.335477 -0.883715 -2.281223 -0.286749 -1.019598 -0.384583 -0.212931 -0.145946 -0.331548 -0.022851 -0.072138 -0.032919 -0.372009 -0.357172 -0.077756 -0.055823 -0.354334 -0.098791 -0.016741 
-0.533638 -0.123749 -0.227366 -0.002381 -0.091470 -0.442487 0.723686 -0.581490 0.615043 -0.297091 -0.151873 -0.607702 -0.177960 -0.618743 -0.126341 -0.470133 -0.331438 -0.528252 -0.143686 -0.311604 -0.070276 0.430678 -0.079877 -0.211402 -0.103636 -0.398299 0.900305 0.128807 0.483974 -0.208482 0.103533 -0.163670 
-0.613047 0.041861 -0.017981 -0.082219 -0.057634 0.009368 0.819808 -0.494095 -0.324070 0.309989 -0.242732 -0.197761 -0.448015 -0.359010 0.087305 -1.063755 -0.168714 -0.308250 -0.070358 0.134650 -0.068380 0.299321 0.119859 -0.189246 -0.237037 -0.002561 0.047932 -0.432523 0.687359 0.159528 -0.105490 0.011055 
0.556890 -0.114882 -0.006093 0.149456 0.544825 0.144084 0.188683 -0.024100 0.326543 0.324111 0.100993 0.142825 0.355827 0.256712 -0.017517 1.037874 0.256795 0.490790 0.129710 0.008841 0.183702 -0.160886 -0.021619 0.282271 0.104835 0.390549 -0.261792 -0.119591 -0.377264 0.100273 0.272981 0.026842 
0.727013 0.252556 0.300343 0.388702 0.348329 -0.095700 0.091665 -0.383389 0.006727 -0.060755 0.560804 -0.132337 0.429959 0.026616 0.053478 0.639730 -0.074689 -0.080415 0.152317 -0.060335 0.019361 0.162057 -0.294265 -0.289257 0.095682 0.265386 -0.174259 0.274373 -0.106658 -0.404789 -0.082959 -0.151552 
0.019330 -0.452105 1.174844 -0.257726 -0.004610 -0.481744 -0.274740 -0.026610 -0.005139 -0.403992 -0.107133 -0.029725 -0.096206 -0.044103 -0.431238 -0.193742 
-0.143784 -0.119667 0.233476 -0.156787 -0.304445 -0.037038 -0.100662 -0.034897 0.160496 -0.342086 -0.070734 -0.122226 0.090667 0.164576 -0.085638 -0.016911 
-0.379557 0.112367 0.589230 0.067310 -0.618597 -0.392115 -0.343953 -0.137050 -0.154142 -0.319883 0.071698 -0.079561 0.196717 -0.803881 -0.591247 -0.305056 
-0.049312 0.561155 0.421080 -0.016706 -0.013590 -0.539880 -0.101004 0.512496 -0.230857 0.014953 -0.165456 0.136943 0.289972 -0.809809 -0.271623 0.084330 
-0.004363 0.060078 0.685180 0.105481 -0.027565 0.121126 -0.157292 0.091694 -0.043292 0.202730 -0.065379 0.118588 -0.128020 -0.450021 -0.059902 0.051603 
-0.070375 -0.028465 -0.079065 -0.069113 -0.270215 -0.468384 -0.015143 -0.156162 0.020152 -0.350106 -0.399603 -0.264488 -0.003173 -0.157612 0.512658 -0.140287 
-5.927927 7.423380 7.451372 0.030756 -0.113252 8.165608 -0.058017 -1.153701 2.973558 -1.796978 -0.036787 -0.155077 -0.544702 -0.270172 -0.464867 -0.040646 
-0.325903 -0.293255 0.296240 -0.189557 -0.141811 -0.318133 -0.512663 0.271148 -0.171290 -0.076461 -0.255727 -0.302127 -0.341043 -0.494859 -0.529639 -0.083760 
0.417872 0.043553 0.176710 -0.084970 -0.036292 -0.098342 -0.089856 -0.089539 -0.060098 -0.281559 -0.150626 -0.185522 0.172353 -0.464002 -0.210155 0.037824 
0.029733 0.037447 0.051169 0.068789 -0.145988 -0.072065 -0.030281 -0.069030 0.140651 0.066719 0.032039 -0.089323 -0.045482 0.111602 0.005719 -0.094860 
-1.221165 1.362418 1.689510 -0.192654 -0.159486 1.568213 -0.417392 -0.500377 0.602873 -2.490043 -0.140424 -0.141811 -0.132820 0.076655 -0.693048 -0.034563 
-0.176704 0.157235 -0.124061 0.039962 -0.091705 -0.255073 0.180876 -0.191503 -0.236600 -0.404207 -0.304920 -0.236022 -0.034940 -0.014148 0.514614 -0.131142 
-0.138336 -0.713870 0.698157 -0.187681 -0.252372 -0.192994 -0.260274 -0.093214 -0.111150 -0.323029 -0.193500 -0.041495 -0.246300 -0.354421 -0.225609 0.230408 
-0.074478 -0.157199 0.925991 0.155792 -0.038881 -0.547515 -0.285198 0.406334 -0.135179 -0.589533 -0.093389 -0.133472 -0.196673 -1.049751 -0.403531 -0.264568 
-0.101920 -0.259929 0.380376 0.267091 -0.093007 -0.196388 -0.202261 0.306156 0.057843 -0.566545 -0.350779 -0.217799 -0.456423 -1.287476 -0.695144 -0.228244 
-0.235761 -0.140660 1.303970 -0.168960 -0.336011 -0.459858 -0.600500 -0.289979 -0.068700 -2.835265 -0.149859 0.048275 -0.694743 -1.070717 -0.765733 -0.191114 
-0.047978 -0.027474 0.209679 0.172687 -0.014406 -0.083066 0.064818 -0.034445 0.015590 0.041521 -0.083686 0.152759 0.091268 -0.233315 0.061815 -0.142630 
-0.093240 -0.297911 0.708392 -0.014774 -0.183278 -0.917719 -0.507521 -0.142633 -0.111039 -2.544112 -0.056955 -0.147256 -0.317525 1.222178 -0.506863 -0.702124 
-0.061069 0.009412 0.146829 -0.143034 -0.357797 -0.327178 -0.056228 -0.116060 -0.194033 0.181640 0.227143 -0.080844 -0.038123 -0.237867 -0.152201 -0.063611 
-0.346591 0.140501 0.183667 -0.121325 -0.497423 -0.080149 0.018821 0.008263 -0.041530 0.040957 0.166822 -0.102650 -0.081547 -0.043445 -0.161814 -0.012458 
-0.067382 0.321508 0.354099 0.071151 -0.095670 -0.162469 -0.229777 0.409889 -0.126605 0.299320 -0.129662 0.011739 0.020871 -0.493374 -0.164936 0.106688 
0.017261 0.071069 -0.299377 0.089706 0.067238 0.025312 -0.156920 -0.316030 0.034641 -0.090044 -0.017024 -0.128943 0.155583 -0.017630 -0.096312 -0.213108 
-0.294489 0.425022 0.135760 -0.084565 -0.087881 -0.560987 -0.267353 0.255082 -0.130625 -0.020793 -0.098428 0.005215 0.236193 -0.333905 -0.315042 -0.177620 
-0.340675 0.312932 -0.367978 -0.188122 0.023433 0.140505 -0.132898 -0.767239 -0.086930 -0.566193 -0.107579 -0.194772 -0.132986 1.045797 -0.051091 -0.254634 
0.104143 0.153142 0.329216 0.105984 0.038925 -0.140970 -0.233294 0.233309 0.120375 0.057971 -0.180006 0.053529 0.006548 -0.434878 -0.184111 0.071393 
-0.171440 -0.059564 0.357991 0.099250 -0.057619 -0.164116 -0.041287 0.040733 0.003278 0.006135 -0.356937 -0.130963 -0.007122 -0.095616 -0.037808 -0.173220 
-0.349507 -0.164942 -0.346219 -0.117121 -0.240439 0.424561 -0.433474 -0.277798 -0.063317 0.110853 -0.239261 -0.108827 0.197068 -0.432397 -0.443772 0.038180 
-0.044481 -0.006371 0.111397 0.120655 -0.116550 0.190171 -0.100757 0.082152 -0.066974 0.019715 -0.044555 0.060778 0.255325 -0.036157 0.041657 0.161723 
0.003087 0.327479 -0.225790 -0.023569 -0.018226 0.372308 0.441215 -0.202298 -0.159108 -0.797539 -0.029282 -0.201761 -0.191031 0.823521 0.939994 -0.140916 
-0.122075 -0.028096 0.212072 0.118338 -0.023321 -0.187049 -0.103746 0.136109 0.033636 0.180325 -0.102839 0.031891 -0.128980 -0.461964 -0.351569 -0.139315 
-0.034336 0.062161 0.235782 -0.156880 -0.232374 0.126659 0.029280 -0.027061 -0.108223 -0.105729 -0.061597 0.082987 -0.003344 -0.198037 0.032721 0.033218 
-0.106934 -0.144252 0.239039 0.008444 0.141634 0.049151 -0.164473 -0.084066 -0.012227 0.038163 -0.076168 -0.165737 0.012403 0.084128 0.029616 -0.095508 
-0.158626 -0.417465 -0.007541 -0.385338 -0.333094 -0.359747 -0.362409 -1.776267 
-0.174813 -0.067222 -0.105099 -0.551087 -0.064473 -19.619127 -55.478851 -0.595355 
-0.171016 -0.549713 -0.530361 0.590579 -0.406488 -0.938240 -1.560310 -0.529315 
-0.071758 -0.100190 -0.043309 -0.179032 0.002125 -0.100214 0.057192 -0.182098 
-0.133334 -0.465523 0.112750 0.317327 -0.066221 0.100605 0.265707 0.116266 
-0.122512 -0.211742 -0.168233 -0.809136 -0.432540 -16.617121 -48.776230 -0.767291 
0.012158 -0.219610 -0.242310 -0.874531 -0.542358 -0.162590 -0.734025 1.526140 
0.029786 0.078349 -0.060838 -0.061804 0.033407 -0.943791 -0.951238 -0.646796 
-0.102461 0.023429 0.106946 -0.020930 -0.049777 -3.172560 -9.518877 -1.471765 
-0.061151 -0.555122 -1.888092 1.767372 -0.306612 -0.359121 2.633995 -1.025770 
0.024937 -0.317939 -0.205483 -0.806553 -0.239391 -0.005154 -0.249801 -0.199584 
-0.131753 -0.149455 0.002207 -0.592974 0.068373 -0.264970 -0.108779 -0.234406 
0.088200 -0.081308 -0.101657 -0.429679 0.038800 0.357947 0.064033 -0.203797 
-0.490832 -0.082517 -0.151938 0.078451 -0.197614 0.186346 0.587237 -0.653751 
-0.241492 -0.170394 -0.041344 -1.334673 -0.122461 -0.643152 -1.667245 2.197169 
-0.048490 -0.150017 -0.148630 -0.025188 -0.097275 0.338020 0.305575 -0.203941 
-0.162257 0.125928 -0.152854 0.312404 0.295290 -0.276174 -0.101310 -0.002923 0.009533 -0.123860 -0.266877 0.071437 -0.183701 -0.041182 -0.173555 -0.227929 
0.021660 0.036625 -0.235899 0.105340 -0.264441 0.229080 0.161343 0.101833 -0.139004 -0.300822 -0.244307 0.142597 -0.064032 -0.002128 -0.059785 0.106293 
-0.075886 -0.198934 -0.415364 -0.153145 -0.324269 -0.143261 1.286897 -0.415408 -0.029168 -0.059146 -0.127768 -0.886005 -0.183768 -0.114940 0.069611 -0.243752 
0.187734 -0.979282 -0.354508 0.042519 0.564860 -0.657897 -0.329453 -0.257156 -0.026954 0.075363 -0.671298 -1.188754 -0.319031 -0.415596 -0.121017 -0.852330 
-0.280707 -0.393815 -0.016100 -0.127146 -0.110534 -0.445726 -0.289517 -0.441704 -0.178830 -0.116103 -0.113120 0.087878 0.025058 -0.145031 -0.326384 0.097448 
-0.256731 -0.320780 -0.119358 0.029123 1.497171 -0.130671 -40.925343 -0.088500 -0.150681 -4.640571 -0.485590 -0.050790 -0.113039 -0.714227 -0.353875 0.298440 
-1.705770 -0.573774 -0.461433 -0.188769 2.106232 -0.747219 -23.849070 -0.411915 -0.096835 -3.459882 -0.587820 -0.824088 -0.573534 -0.923697 -0.479086 -0.653621 
-1.315636 -0.789067 -0.102767 -0.075296 -0.525968 -0.690994 -0.620475 0.003961 -0.125449 -0.214337 -0.014769 -0.103212 -0.032861 1.927340 -0.014173 -0.605257 
-0.406889 -0.010020 -0.142711 -0.347554 0.233688 -0.140609 0.040480 -0.644474 -0.199776 -0.359358 -0.311106 -0.867735 -0.620663 -0.235009 0.080168 -0.261901 -0.025541 -0.050706 0.508735 -0.099447 0.078056 -0.054528 0.122926 0.004239 -1.110343 -0.095218 0.113141 -0.164758 -0.568843 -0.252687 -0.392081 -0.248352 
0.281972 -0.124633 0.000169 0.123224 -0.002449 -0.217142 0.083025 -0.156886 -0.047112 -0.252037 0.079751 -0.000417 0.025356 -0.116978 -0.174190 0.099040 -0.176669 -0.038422 0.042747 -0.054441 -0.497063 -0.016347 -0.039266 -0.028363 -0.648094 -0.042549 0.454171 -0.143791 0.047119 -0.295417 -0.183598 0.076847 
-0.047766 0.072134 -0.057840 0.045521 0.137029 -0.093559 0.126000 0.081515 -0.008622 0.026046 0.010044 -0.005298 -0.217688 0.113982 0.120262 -0.063691 0.043865 0.106702 -0.028048 -0.195303 -0.012980 -0.039862 -0.089013 0.212744 -0.157985 -0.054947 -0.203578 0.037859 -0.044309 -0.146180 -0.214111 0.086339 
-0.212205 0.002513 -0.047747 0.165590 0.119660 -0.100368 0.081845 -0.095015 0.151466 -0.081465 -0.004064 0.164688 -0.181192 -0.095681 0.225402 0.073217 0.151142 -0.011947 0.103445 0.141697 0.159309 -0.136189 0.128584 0.079404 0.052784 0.175607 -0.146716 0.185532 -0.154841 -0.086609 0.040699 -0.141284 
0.181816 -0.423474 -0.806408 -0.187958 0.290212 -0.097196 0.366386 -0.384398 -0.571236 -0.504646 -0.005226 -0.807214 0.012202 0.018108 -0.026029 -0.193099 -0.101668 -0.189502 -0.761535 -0.132426 -0.967512 -0.159461 -0.040776 -0.069675 -0.793932 -1.153785 -0.173660 -0.166758 -0.158778 -0.221119 -0.685205 -0.101886 
-0.235528 -0.074918 -0.162901 -0.440497 -0.244868 0.031962 -0.243746 -0.183483 -0.197976 -0.289882 -0.227023 0.139412 -0.222746 -0.351461 -0.106666 0.121440 0.052911 0.014910 -0.031556 -0.196832 0.231288 0.031347 -0.345594 -0.112451 0.073077 -0.092939 0.175687 0.042410 0.017286 -0.258744 -0.091679 0.059510 
-0.315601 -0.301364 -11.678195 -3.500566 -0.470006 -0.083280 -0.308444 -0.337321 -0.314011 -0.280221 -0.736961 -0.460783 -0.448079 -0.393598 -0.079140 -0.054988 -0.018742 -0.066087 -0.143907 -0.112623 -0.351321 0.001133 -0.538360 -0.081618 -0.729571 -38.626663 -0.015765 -0.078830 -0.168753 -4.736960 -14.430771 -0.102027 
-0.050047 0.006948 0.051037 -0.336163 -0.181230 -0.128759 -0.016018 -0.280855 -0.046040 -0.372891 0.055342 -0.021591 -0.291382 -0.014319 -0.218782 0.085169 -0.363394 -0.209072 -0.202470 -0.032424 0.080463 -0.182828 0.177260 -0.131113 -0.349002 -0.054972 0.028036 0.187410 -0.196551 -0.015019 -0.383768 0.108084 
-0.183424 -0.187898 0.206360 0.097106 0.042533 -0.031030 -0.133421 -0.204387 0.215395 0.200147 0.014138 0.147170 -0.034514 0.054540 0.006196 -0.018745 0.068766 0.074892 0.169117 -0.086337 0.166136 0.066899 0.012237 0.197404 -0.127629 -0.203654 0.159217 -0.211828 -0.010542 -0.186813 0.152354 0.049658 
-0.154286 0.170714 -0.284705 -0.061243 -0.139690 -0.015733 0.144586 -0.138390 -0.020424 -0.159865 -0.190135 -0.170540 0.203078 0.018661 -0.109937 0.051460 -0.117269 -0.152809 0.387533 -0.176354 -0.051959 -0.014990 -0.212755 0.187592 -0.074182 -0.419251 0.173055 -0.222830 0.231857 0.088135 -0.170938 -0.178399 
-0.143721 0.096089 -0.138838 -0.223809 -0.087883 -0.140762 -0.233830 0.083223 -0.172422 -0.215533 0.054288 0.192793 -0.029651 0.114261 0.077725 0.104127 0.232873 -0.028417 0.006257 0.114379 0.011128 0.198657 0.024167 -0.023037 0.424722 -0.230748 -0.013620 0.273680 -0.054889 -0.397469 -0.038308 -0.170289 
-0.118224 0.286316 -0.091533 -0.405474 -0.066518 0.063524 0.166176 -0.172467 0.136437 -0.308263 -0.044894 0.378075 -0.397841 -0.120903 -0.080063 -0.121843 0.097738 -0.083848 -0.034085 -0.068303 0.272341 -0.001620 -0.063276 -0.156394 -0.151878 -0.163273 0.088841 0.149680 -0.083620 0.129652 -0.155341 0.072413 
-0.029859 -0.058250 0.083583 -0.272269 -0.236091 0.095246 -0.195620 -0.234695 -0.112043 -0.262847 0.108300 -0.005811 -0.179428 -0.127931 0.016664 0.062426 -0.067714 -0.020300 -0.153765 0.064912 0.220551 0.014319 0.257451 -0.173423 -0.343658 0.125928 0.138684 -0.222729 -0.063361 -0.109284 -0.086163 0.087186 
-0.060892 0.032862 -0.338120 -0.237087 -0.021813 -0.218247 -0.279152 0.061114 0.145652 -0.288934 -0.399627 -0.525331 -0.201985 -0.049231 -0.004494 0.282600 -0.029286 0.026513 -0.103929 -0.071229 -0.872761 -0.036106 -0.445442 0.045019 -1.108765 -0.344631 0.365369 0.091942 -0.024461 -0.271472 -0.324050 -0.152422 
-0.208851 -0.088170 -0.226107 -0.138483 0.085553 0.037212 -0.036808 -0.314105 0.024411 0.038987 -0.000283 -0.276076 0.072944 0.092934 0.244412 -0.185910 0.021980 0.107133 -0.166039 -0.144431 -0.331717 -0.163268 -0.143423 -0.130054 -0.033367 0.010704 -0.144532 -0.052523 -0.098239 -0.100733 -0.029884 0.257099 
-0.013407 -0.084694 -0.024411 -0.141716 -0.613284 -0.177085 -0.371737 -0.286255 -0.179801 0.180549 -0.090666 0.001084 -0.051196 -0.093748 0.046590 -0.181681 -0.233022 -0.281511 0.283843 -0.292859 0.598022 -0.156603 -0.570211 -0.056773 -0.128946 -0.208295 -0.176531 -0.198065 -0.240540 0.189410 -0.207237 -0.119649 
-0.335379 0.013907 0.303252 -0.021467 0.092159 0.458860 -0.473938 0.156417 
0.000736 0.445444 0.295434 0.010591 -0.070695 -0.097839 0.309589 0.256717 
-0.605091 -2.143152 0.124453 0.594058 -8.956051 -3.002702 1.581891 0.189570 
0.100570 -1.729781 -0.770667 0.269544 -8.018537 -2.584536 1.456984 0.088758 
0.453080 0.114647 -0.499698 -0.035244 0.265893 -0.887841 0.533164 0.274889 
0.139779 0.317262 0.220301 0.176391 0.075312 0.061358 -0.122090 -0.092011 
-0.119513 0.069003 0.206550 0.014936 -0.218320 0.684909 0.190682 0.558762 
0.021208 -0.144260 0.039877 0.104708 -0.184117 -0.179073 0.098658 0.055110 
-0.021840 0.236095 0.129564 0.185908 0.166784 0.171701 -0.382788 -0.383042 
-0.000150 -0.023024 -0.343842 -0.060435 0.196725 0.270833 -0.125317 -0.088400 
-0.011310 -0.047140 -0.177960 -0.038039 0.189281 0.313530 0.021506 0.081059 
0.355725 0.722339 0.040233 -0.282751 -0.327755 -0.339475 -0.063844 -0.216827 
-0.119669 0.029797 0.203674 0.196746 0.048248 -0.019394 0.045864 0.026685 
-0.106004 0.002034 0.208275 0.108552 0.056185 0.308291 -0.140208 0.435486 
0.142791 0.005782 -0.017775 -0.135428 0.027787 -0.150512 0.092599 0.245899 
0.185028 0.225549 0.079644 0.164808 -0.171780 0.131606 -0.165279 -0.131538 
0.130390 0.183095 0.038195 0.019566 -0.179874 -0.076901 0.108897 -0.035482 
-0.044058 -0.042959 0.113536 0.118741 -0.051431 0.159273 -0.255334 -0.052002 
0.041492 0.160700 -0.319542 -0.144254 0.367113 -0.981860 0.078478 0.000382 
0.079651 0.046282 -0.079141 -0.154995 -0.092650 -0.107153 0.102058 0.063337 
-0.030763 0.257666 0.066305 -0.106728 1.232655 0.817056 -0.203372 0.035102 
0.045003 -0.016988 0.079823 0.053333 -0.131065 0.005468 0.093663 0.151159 
-0.081590 -0.000955 0.188679 0.093724 0.130297 0.575825 0.182715 0.435632 
-0.055347 0.055214 -0.052609 0.101245 -0.089083 0.030608 -0.013969 0.049480 
0.453140 0.204625 -0.501885 -0.043770 0.574622 0.371970 -0.348088 -0.207658 
-1.161859 -5.055649 -0.652369 1.158834 -19.802591 -6.425907 3.795513 0.496733 
0.249903 0.794112 0.244045 -0.154752 -0.060839 0.196830 -0.200840 -0.278660 
0.140801 0.257566 -0.031689 -0.023913 -0.143596 -0.167310 0.001007 -0.062606 
-0.084279 -0.164221 0.003005 -0.045564 0.339130 0.274054 -0.180991 0.015320 
0.125805 -2.158911 -0.965384 0.398519 -10.139233 -3.303676 1.800191 0.197347 
-0.561086 -1.945225 -0.152746 0.402492 -7.850325 -2.774237 1.416957 0.028635 
0.096151 0.162267 -0.034114 -0.003582 -0.066979 0.049319 0.077696 0.008823 









0.000000 
0.000000 
0.000000 
0.000000 
0.000000 
0.000000 
0.000000 
0.000000 
1.645535 
-0.371257 
1.210383 
0.436393 
0.008803 
-0.569876 
-1.210083 
-0.498867 
-0.801634 
-0.408302 
-0.140702 
-0.497040 
0.649299 
1.703827 
1.452775 
0.018389 
-0.354111 
-3.515055 
-0.254073 
-0.476648 
0.452134 
-0.361976 
0.096011 
-1.306423 
-0.573744 
-0.357808 
-0.162405 
-0.343656 
-1.685625 
0.029121 
-0.235126 
-0.326159 
-0.366133 
0.318016 
0.553746 
-0.009244 
-0.355160 
-0.051834 
-0.349266 
0.283827 
-0.046820 
-0.222042 
-0.198768 
0.050560 
-0.130525 
-1.362791 
-0.900806 
-0.201544 
-0.396310 
-0.061488 
-0.583568 
0.199821 
-0.170255 
0.264702 
-0.027023 
-0.778915 
0.113155 
-0.022566 
-0.568672 
-0.342828 
-0.224678 
0.464714 
-0.994071 
-0.345564 
-0.035847 
-0.480069 
-0.371788 
0.345220 
-0.415646 
-0.126847 
-0.361744 
0.380431 
-0.976128 
0.136779 
-0.025229 
-0.494948 
0.946905 
-0.250456 
-0.653777 
-0.199758 
0.074675 
0.078362 
0.408479 
0.212397 
-0.227512 
-0.665585 
-0.297563 
-0.349171 
-0.113287 
-0.268595 
-1.605216 
0.072404 
1.022005 
-0.162924 
-0.759214 
-0.271792 
2.430287 
-1.194958 
-0.578630 
-0.212612 
-0.249195 
-0.794593 
-0.529661 
-0.207428 
-0.991148 
-0.396125 
1.015638 
-0.019687 
-0.779956 
1.254560 
-1.212966 
-0.967779 
3.930000 0.655373 0.410947 
