0.159344 0.074821 -0.118692 0.246125 -0.125929 -0.227920 0.095191 0.363346 0.196245 -0.245361 0.035699 0.129866 0.217678 0.371508 0.512299 0.122304 0.150637 0.310843 -0.135110 -0.431301 0.182406 0.078113 0.158847 0.167359 0.147536 -0.128098 0.324560 -0.070309 -0.315657 0.165861 -0.049723 -0.130531 
0.074157 0.210141 0.508981 -0.477862 0.104098 0.157757 -0.282670 0.168433 0.292640 0.197741 0.209418 -0.248152 0.273482 0.161745 0.041021 0.588828 0.008815 0.000269 0.345267 0.221713 0.143535 0.421345 0.545012 -0.123981 0.168309 0.180113 -0.084213 0.394094 -0.042117 0.248922 -0.380056 -0.128259 
0.109693 0.040590 0.249055 -0.034793 0.301768 -0.006334 -0.103188 -0.110665 -0.106033 -0.275447 -0.149350 -0.412719 -0.355464 -0.269792 -0.529206 -0.312812 -0.175113 0.003264 0.419897 0.048669 -0.178600 0.119054 -0.110158 -0.392418 -0.246633 -0.260830 -0.371549 -0.006524 0.426712 -0.238409 -0.194207 -0.226322 
-0.125980 0.160912 -0.081511 -0.199612 -0.202861 -0.227600 -0.217941 0.011111 -0.130281 0.056071 0.064967 0.580597 -0.065585 -0.410986 0.221727 -0.371297 -0.124663 0.412932 -0.332935 -0.222830 -0.869008 0.039583 -0.040435 0.043442 -0.067273 0.008402 -0.030658 0.297683 0.096830 0.008705 0.003257 -0.734685 
-0.425729 -0.057176 -0.146462 -0.293495 0.079750 0.143662 0.263381 0.250652 0.398745 -0.249868 -0.049558 0.327336 0.483031 0.163363 -0.142584 -0.031122 0.056099 -0.195677 0.016289 -0.017308 0.378391 0.116465 -0.101517 0.292368 -0.015380 0.214829 -0.021362 0.104497 -0.082283 0.148951 -0.049105 0.372008 
-0.137577 -0.109342 0.202006 -0.085992 -0.286298 -0.418847 0.350200 0.245362 0.050685 -0.089428 0.241014 -0.200816 0.015892 0.135460 0.045039 -0.043862 -0.437862 -0.114571 0.300224 -0.201290 0.091485 -0.446118 0.237378 -0.273850 0.042867 -0.315283 -0.201794 -0.229304 -0.267538 -0.201501 0.396481 0.234475 
0.200733 -0.106717 0.219719 0.204108 0.022158 0.395714 0.088699 0.160294 -0.226766 0.017186 0.214538 0.198548 -0.275502 0.126148 -0.077894 -0.016970 0.075645 -0.054608 -0.090080 -0.160583 0.003770 -0.095421 0.275554 0.038065 0.118270 -0.073983 0.139771 0.266727 0.077255 -0.094890 -0.303052 -0.192847 
0.371953 0.102278 -0.100686 -0.040707 -0.068647 0.335104 -0.086520 0.190204 -0.019280 -0.047823 0.012302 0.060091 0.043808 -0.108982 -0.196616 -0.187451 -0.169521 0.105471 -0.063895 0.064993 0.371076 -0.090286 0.185251 0.198821 0.068839 -0.109188 -0.075278 -0.158996 0.176985 -0.164102 -0.106838 0.088660 
-0.062196 -0.264928 -0.155698 0.458244 -0.383546 0.354571 0.234170 -0.038065 -0.031911 -0.164719 0.075056 0.016972 -0.237806 0.146139 -0.253571 0.604852 
-0.165022 0.017247 -0.060807 0.136383 -0.026821 0.041744 0.081704 -0.081577 0.017532 -0.350708 -0.257538 -0.116811 0.063565 -0.076327 0.040530 0.100080 
0.074616 -0.245770 0.106960 -0.002933 0.067583 0.292950 0.315199 0.117415 0.047933 -0.230551 -0.273785 -0.341592 -0.102922 0.218461 -0.057653 -0.193021 
-0.064378 -0.097011 0.099602 0.266674 -0.082152 -0.114319 -0.094993 0.052447 -0.157997 0.065571 0.024292 -0.089052 -0.066394 0.181008 0.044900 0.246180 
-0.103767 -0.073990 0.110757 -0.039270 -0.209056 -0.017749 0.141833 -0.050303 0.176240 -0.142515 -0.171100 -0.206649 -0.260369 -0.124547 -0.041309 -0.231158 
-0.117720 -0.220098 0.128853 0.422724 -0.221590 0.184801 0.125869 0.206616 0.125692 -0.377870 -0.063486 -0.117456 -0.427098 -0.154627 -0.442490 0.292825 
0.125454 0.059471 -0.008669 -0.146268 -0.186472 -0.197498 -0.121594 -0.064746 -0.160997 -0.079866 0.175547 -0.266958 -0.252318 0.161009 -0.056001 -0.064756 
0.078424 -0.146014 -0.049772 0.121487 -0.079321 0.203196 -0.037544 -0.091358 -0.130894 -0.210648 0.099407 -0.089198 -0.013805 0.188959 0.125775 0.002766 
0.363153 -0.091463 0.031469 0.134455 -0.300746 -0.156143 0.105407 -0.096086 -0.040825 -0.102550 0.295592 -0.028643 -0.118445 0.290613 -0.177745 0.251646 
0.040152 -0.040730 0.090771 -0.104567 -0.077157 -0.082876 0.060810 -0.017943 -0.013907 -0.042719 0.068813 -0.128093 -0.060428 0.045088 0.029802 -0.082385 
-0.022724 -0.080073 0.035086 0.001333 -0.071940 -0.022950 0.131039 -0.076480 0.044825 -0.036793 0.112433 -0.116527 0.024269 -0.108137 -0.117688 0.000678 
-0.239909 -0.200615 -0.030215 0.072838 -0.283263 -0.280323 -0.362771 -0.222586 -0.151140 -0.328969 -0.112799 0.253803 -0.182863 -0.139910 -0.223530 0.077982 
0.260631 -0.192840 0.077759 0.303366 -0.058791 0.051209 -0.011974 -0.048605 -0.213645 -0.120651 0.284028 -0.186951 -0.316934 0.408215 -0.030111 0.050321 
0.160400 -0.100579 -0.204336 -0.092692 -0.211142 -0.321027 0.067286 -0.423995 -0.135867 -0.060725 -0.056324 -0.273217 0.005163 0.052582 -0.046689 -0.331879 
-0.107622 -0.138941 -0.185392 0.067178 -0.229291 -0.081064 0.072732 -0.165242 -0.070245 -0.114448 0.192058 0.188484 0.127223 0.278526 -0.037829 0.360900 
0.318990 -0.347831 -0.054962 0.414356 -0.055183 0.138987 0.331058 -0.092259 -0.151474 -0.018361 -0.140381 -0.206270 -0.175101 0.125457 -0.123968 0.058885 
-0.132710 0.040502 0.001692 0.015033 0.103093 -0.145974 -0.006296 -0.049655 0.043675 0.180753 -0.212020 0.092237 0.135711 -0.066286 0.139787 -0.087145 
-0.360801 -0.264779 -0.083943 0.115429 0.031701 -0.041380 0.023209 -0.414240 -0.031207 -0.023726 -0.242885 0.038787 0.238836 -0.036757 -0.125434 -0.067660 
0.456467 -0.100754 0.032424 -0.091216 0.059960 0.295067 0.196148 0.090603 0.270051 -0.234552 -0.063931 -0.348672 -0.191331 0.120092 -0.125624 -0.111870 
0.139689 -0.065264 -0.009170 0.108116 0.055383 0.104429 0.340347 0.144231 0.249740 -0.234662 -0.034453 -0.057573 0.018670 0.110060 -0.174979 -0.004175 
0.185747 -0.022581 -0.187983 -0.052495 -0.007031 0.041175 -0.130948 0.029606 0.119758 0.050464 -0.021367 -0.297711 -0.406505 0.173403 -0.119394 0.133150 
-0.236746 0.006957 0.020460 -0.187407 0.063176 -0.133700 0.341151 0.129754 0.124503 -0.004937 -0.084097 -0.045010 0.224259 0.057585 0.128445 -0.230859 
0.212846 -0.110034 -0.007174 0.232430 -0.063465 0.063520 0.233575 0.042979 0.188305 -0.113628 -0.326189 -0.226908 -0.245335 -0.070122 -0.202159 0.053226 
-0.121503 -0.095204 -0.079750 -0.022980 -0.261302 -0.192798 -0.131520 0.016744 0.063336 -0.141973 0.135224 0.109484 -0.131290 0.114959 -0.170443 -0.021807 
-0.035825 0.086927 0.070979 0.027963 0.042364 -0.254115 0.070559 -0.193465 0.095927 0.074636 0.053060 -0.008598 0.102283 0.124545 -0.051809 -0.106477 
-0.043710 -0.104069 0.113301 -0.039710 -0.000043 0.098413 0.216321 -0.087705 0.086114 0.213852 0.204540 0.188492 -0.055230 0.231778 0.100559 0.016006 
0.037232 -0.200644 -0.063766 0.194225 -0.160296 -0.017563 0.125556 -0.144204 -0.171881 -0.044989 0.106811 0.156183 0.000690 0.201773 -0.154373 0.270708 
-0.200852 -0.221182 -0.037974 -0.140575 0.168029 -0.238818 0.120547 -0.407899 0.222186 -0.035187 -0.213711 0.061095 0.260115 -0.050512 -0.034827 -0.342724 
-0.409520 -0.740570 -0.138381 -0.228205 -0.113887 0.275779 0.054913 -0.288901 -0.334807 -0.499082 -0.185073 -0.437395 -0.381131 -0.447994 -0.141032 -0.089737 
0.029996 -0.268059 -0.100906 0.201682 -0.076987 0.100177 0.213701 -0.025961 -0.194893 0.061900 0.101712 0.006117 -0.185968 0.102541 0.027783 -0.050393 
-0.029429 0.088378 -0.086080 -0.094026 -0.074426 -0.014350 -0.294378 -0.307470 -0.160908 -0.177707 0.118579 -0.144713 0.043601 0.242157 0.034811 -0.212358 
0.363686 -0.073706 0.098989 -0.217411 -0.024633 -0.131769 -0.186573 -0.174079 -0.183574 -0.116990 -0.069515 -0.127717 -0.112992 0.137890 -0.100935 -0.137115 
-0.182359 -0.212532 0.230365 -0.084836 0.003199 -0.093370 -0.121182 -0.398698 0.298268 0.431247 -0.229562 0.649022 0.110426 -0.070525 -0.443297 0.254445 
-0.181424 -0.398147 -0.515236 -0.168435 0.014615 -0.178229 -0.464284 0.045471 -0.691380 -0.097783 -0.329864 -0.223503 -0.177455 0.416051 -0.336917 -0.276572 
0.138030 -0.084659 0.039594 -0.117220 0.098128 0.216084 -0.057244 0.115915 0.288735 0.128917 -0.059424 -0.031078 0.036370 0.060780 -0.034081 -0.100945 
-0.354923 0.306376 0.199169 -0.010074 0.097450 -0.045725 0.669256 -0.391662 -0.083153 -0.163957 -0.244950 0.091799 0.148966 0.026248 -0.496766 -0.214072 
0.346868 0.101720 0.070149 -0.024420 0.099023 -0.112462 -0.161910 0.672191 -0.167693 -0.092643 -0.008587 -0.248127 -0.181370 0.161831 0.232760 -0.056208 
-0.121332 0.192834 0.215782 -0.116672 -0.106963 -0.033818 -0.184425 -0.060166 0.272502 0.172352 -0.013073 -0.289051 -0.117850 -0.194204 -0.689792 -0.291678 
0.045412 0.442316 0.611285 0.009296 -0.195263 0.142233 0.038073 -0.378219 0.151927 0.083248 0.042200 0.165446 -0.182283 0.029343 -0.355006 -0.386136 
-0.131749 0.063066 -0.136849 0.041839 -0.019259 -0.220941 -0.216787 -0.363618 -0.143696 0.141666 0.131587 -0.199345 0.285637 0.195006 -0.067094 -0.279311 
-0.806843 0.210868 0.236447 0.034268 -0.073250 -0.066127 0.007695 0.035325 0.234184 0.054543 -0.158698 -0.250662 -0.180759 -0.111324 0.283716 -0.123616 
0.536228 -0.053329 -0.330918 -0.118083 0.017893 -0.228551 0.047401 0.073676 0.193235 -0.196970 0.315648 -0.226357 -0.190661 0.313849 0.065228 0.086422 
0.284589 -0.231208 -0.154198 -0.030185 0.029688 -0.201336 0.152358 -0.163206 -0.209834 -0.309998 0.177854 0.399050 -0.244224 -0.038661 -0.253502 0.227358 
-0.097168 -0.254277 -0.255170 -0.188070 -0.099579 0.058528 0.142516 -0.113626 -0.380541 -0.023376 0.128081 -0.719440 -0.051334 0.104811 -0.012278 -0.214554 
0.414305 -0.249412 0.013616 -0.112682 -0.106563 -0.195338 -0.218020 0.347800 -0.235529 0.006054 0.309095 -0.172874 -0.079424 0.343930 -0.219124 -0.199492 
-0.331347 -0.328164 -0.029761 -0.056982 -0.244075 0.015476 0.035962 -0.603358 -0.083127 0.057442 -0.117562 0.603849 -0.168029 -0.343938 -0.057179 0.386278 
-0.152582 0.035938 0.152372 -0.028151 -0.165559 -0.015363 -0.112977 -0.088073 -0.138488 -0.211503 0.005743 -0.005034 -0.220264 -0.123629 0.230476 -0.136866 
0.002390 0.303128 -0.172769 0.378263 -0.114300 0.067456 0.750710 -0.136463 -0.015125 -0.192369 0.048129 0.019783 -0.193928 -0.319702 -0.507789 -0.096233 
-0.696150 0.467006 0.057785 0.040415 -0.283300 -0.078340 -0.029728 0.052979 0.549572 -0.235037 -0.147667 0.086599 0.058769 -0.191094 0.086729 -0.078475 
0.472545 -0.091127 -0.277150 -0.071058 0.194112 0.062599 0.292983 -0.233731 -0.136944 0.358610 0.122481 -0.179864 -0.062882 -0.239957 -0.062512 -0.039905 
0.374988 -0.338211 0.190327 -0.553274 0.199159 -0.124163 -0.069912 -0.214797 -0.148112 0.382499 0.096010 -0.396723 0.303889 -0.024253 -0.259585 0.141967 
0.145496 0.045806 -0.002265 0.184533 -0.213467 0.137240 0.180593 0.115988 0.006738 -0.089362 0.184326 0.139934 -0.173465 -0.157572 0.167193 -0.144642 
-0.076108 -0.045718 -0.138041 -0.182656 0.067977 0.141854 -0.091526 -0.151282 0.104991 -0.165899 0.006721 0.002731 0.023410 0.024874 -0.126654 -0.178282 
-0.087596 0.180310 0.039145 -0.046022 0.054206 -0.042452 -0.081514 -0.153225 0.129779 -0.154418 0.113886 -0.184327 -0.092482 0.001750 -0.075875 0.145385 
0.863478 -0.216212 0.050769 0.174365 -0.171127 -0.184749 0.197682 0.060895 -0.589005 -0.691673 -0.055160 0.666204 0.029070 -0.002633 -0.386342 0.249837 
-0.229359 0.358794 -0.199047 -0.289308 -0.299653 0.087962 -0.127139 -0.047674 -0.140508 0.408367 -0.202187 -0.257141 -0.111928 -0.029978 0.208127 -0.080329 
0.156576 0.079306 0.115439 0.004375 0.183737 0.076263 -0.198698 -0.157644 -0.023231 0.068372 -0.303019 -0.422620 -0.241276 -0.124746 -0.194676 0.097804 
-0.102620 0.192507 0.146912 -0.242849 -0.011803 0.190120 -0.269237 -0.094916 0.308026 0.157562 -0.082397 -0.297978 -0.000944 -0.126816 0.222073 0.044299 
-0.420701 -0.122457 -0.051357 -0.002726 0.145722 -0.194263 -0.114545 0.056012 0.262708 -0.101257 -0.124597 0.283927 0.164305 0.112000 0.003749 0.068951 
-0.122117 -0.306089 0.693790 -0.837258 -0.116808 0.161755 -0.548318 -0.037327 -0.268748 -0.298832 -0.362246 0.322455 0.218146 0.009333 -0.520398 -0.117311 
-0.230144 -0.188721 0.211929 0.238572 -0.161177 -0.149927 0.081325 0.216795 0.108406 0.221077 0.211162 -0.081506 0.077626 -0.011792 -0.151981 -0.132676 
-0.242659 -0.446726 -0.340578 -0.348908 0.027086 0.006577 -0.019044 0.206356 0.055303 0.144094 -0.030620 -0.265853 -0.164452 0.089706 0.459864 -0.152744 
-0.460424 -0.194745 -0.454855 0.359134 -0.060690 0.151791 0.225237 0.147848 0.569671 0.358587 -0.182909 0.133244 -0.169105 -0.096639 0.403284 0.105605 
-0.443026 0.044169 0.104940 -0.207007 -0.291497 -0.188495 -0.160051 0.046782 -0.002338 -0.441059 -0.120611 0.242271 -0.375878 -0.021339 -0.002540 -0.276531 
-0.115767 -0.219183 -0.232412 -0.568893 -0.233940 -0.147013 0.094097 0.305407 -0.381296 -0.237730 -0.451442 0.289170 -0.573182 0.576142 0.164457 0.491541 0.391588 -0.528081 0.129090 -0.699603 -0.185777 -0.146764 0.204444 0.001396 -0.073632 -0.223563 0.169044 -0.115161 0.207001 0.305627 -0.099268 -0.335265 
0.166091 -0.002854 -0.049930 0.152614 -0.106244 -0.437247 0.050808 -0.049545 -0.007650 0.247001 0.063651 -0.156271 0.142174 -0.183293 -0.158015 -0.113720 -0.106598 -0.376730 -0.262816 -0.232486 -0.084501 0.130222 -0.267679 -0.083317 -0.106251 0.129187 -0.144782 -0.155732 0.091096 0.204426 -0.075407 -0.031063 
-0.150416 0.088839 -0.090559 0.435714 -0.222001 -0.357010 -0.158830 0.049488 -0.249238 -0.176332 0.471341 0.120112 -0.277256 -0.441636 0.161378 -0.525872 -0.357497 -0.410923 -0.169214 0.307876 -0.076263 0.228756 0.082338 0.053931 -0.353781 -0.491021 0.112336 0.061243 0.140922 0.256122 -0.266714 -0.363276 
-0.210649 -0.102846 -0.011326 -0.197036 -0.058725 0.517115 -0.097849 -0.272327 0.425478 -0.055946 -0.471294 0.021981 0.040410 0.189826 -0.067116 0.247929 0.111160 0.187385 -0.049434 -0.145613 -0.068992 -0.048197 0.100884 0.021333 -0.197453 0.442556 -0.216489 -0.187350 -0.136620 -0.283815 -0.087059 -0.148222 
-0.042875 0.051513 -0.055030 0.087686 -0.010096 0.188642 -0.128188 -0.089110 -0.137772 0.007096 0.099343 0.231973 -0.051317 -0.054744 0.075328 -0.164250 0.068037 -0.096457 -0.116502 0.168106 -0.003798 -0.114321 -0.181054 0.136889 -0.155228 -0.007742 0.237396 -0.086170 0.005401 -0.079108 0.049390 0.208144 
0.077059 0.221537 0.070511 -0.120802 0.160869 0.136678 0.034966 -0.203536 -0.122142 -0.044018 0.165208 0.117687 0.321068 -0.075444 0.212447 0.038674 0.193023 -0.025008 -0.083857 -0.028641 -0.031027 0.151601 -0.285697 0.018294 -0.197482 -0.099812 0.186565 -0.026155 -0.188294 0.006856 -0.097199 0.170354 
-0.013096 0.213160 0.193830 -0.132591 0.134096 -0.029102 -0.085891 -0.403276 0.067959 -0.120252 0.196845 0.222963 0.055327 0.316290 -0.152078 0.350497 -0.181000 0.026266 -0.124661 -0.067767 -0.075866 -0.079000 -0.224435 -0.002382 -0.041176 -0.353629 0.071115 0.020153 -0.039548 -0.263584 -0.091970 0.219435 
-0.227150 -0.141038 -0.107907 0.102794 0.078299 -0.050217 0.150670 0.011359 0.171109 0.186414 -0.085076 0.031066 0.103164 -0.112830 0.072863 0.296329 -0.187272 0.113872 -0.032244 0.059531 -0.184650 0.162013 -0.269049 0.024297 0.171360 0.073822 -0.245715 -0.139913 0.210314 -0.188778 -0.117234 0.251949 
0.054138 0.019251 0.127810 -0.303586 -0.173320 -0.202506 0.035153 -0.580543 -0.098767 -0.177694 0.207723 -0.293131 0.234884 -0.645583 -0.251168 -0.152118 -0.288988 0.095138 -0.010834 -0.121723 0.057377 0.254519 -0.276456 -0.011676 0.062970 0.147716 -0.083773 0.082390 -0.082468 -0.024569 0.142222 0.258694 
-0.193977 -0.030377 -0.125568 -0.155844 -0.171601 -0.124432 -0.171111 -0.137435 0.028489 -0.159455 -0.207438 0.124847 0.054165 -0.154745 -0.267613 0.040565 0.409342 -0.140148 -0.231573 0.224353 0.210013 0.306018 -0.430850 -0.010361 0.116040 0.351685 -0.095577 -0.113319 -0.108224 0.388581 -0.124173 -0.184107 
-0.089556 -0.019340 -0.011773 -0.037728 0.010855 0.186229 -0.141425 0.088985 0.251320 -0.074313 0.036815 0.008124 0.141743 0.161845 -0.118769 -0.170504 0.150626 -0.051834 0.214978 0.042993 -0.072120 0.219293 -0.180270 -0.110152 -0.024767 0.001821 0.006584 0.025046 -0.097274 0.118092 0.130300 0.064369 
-0.123322 -0.158676 -0.198407 0.131063 -0.227269 -0.291315 -0.057017 0.310433 0.326478 -0.176460 0.205548 -0.214567 0.009991 0.153042 0.082666 -0.013339 -0.301008 -0.216896 -0.090358 0.006944 0.002360 -0.024941 0.557787 0.278249 0.120351 -0.378294 -0.150254 -0.090610 -0.277565 -0.473477 0.182253 -0.099836 
0.001000 -0.238004 -0.163242 0.006139 -0.074732 -0.066567 -0.004788 0.279998 -0.084756 -0.220022 0.008792 0.194137 -0.069731 -0.218148 0.002107 -0.160753 -0.039556 0.076534 0.090729 -0.261128 -0.055823 0.118032 0.062123 -0.045987 0.185264 -0.163753 0.139914 -0.173341 0.106660 0.222617 0.005525 -0.132240 
0.116412 0.099684 0.125929 -0.201648 -0.077859 -0.106483 -0.201795 -0.178561 -0.080203 0.022008 0.189194 -0.135545 0.038850 -0.048495 -0.063324 -0.184328 -0.107187 -0.186282 -0.168583 0.110731 0.109905 -0.182976 -0.158345 0.107629 0.043009 0.207091 0.177221 -0.092789 0.059986 -0.048138 0.015911 -0.067294 
-0.188578 -0.079408 -0.032441 -0.099574 0.034440 -0.144125 -0.063615 -0.121902 -0.274879 -0.012617 -0.165752 -0.144359 0.229017 -0.347578 0.002213 -0.189505 0.105420 0.122446 0.074496 -0.027564 -0.175398 -0.153095 -0.480436 0.126092 0.278078 0.192736 0.191990 0.046550 -0.092783 -0.033529 0.264250 0.026938 
0.136141 -0.051326 0.184587 -0.040796 0.213085 -0.059782 -0.135751 -0.278810 0.185584 -0.063572 0.068226 0.239374 0.161300 0.069935 0.227927 0.131025 -0.094504 0.170518 0.171425 -0.046743 0.184778 0.172109 -0.162132 0.188556 0.140414 -0.245513 -0.023279 -0.203396 0.021254 -0.016597 0.004937 -0.084570 
0.107697 -0.014104 0.045112 0.052931 0.113697 0.135930 0.091182 0.094416 
-0.063708 -0.049924 0.106546 -0.106163 0.086585 -0.120826 0.078435 -0.076060 
-0.048063 -0.034120 0.071990 -0.088777 -0.089860 0.100525 -0.141711 -0.171085 
0.045228 0.163780 -0.050033 -0.089230 0.478362 0.571742 -0.205434 -0.028788 
0.167769 -0.057595 -0.001009 0.115675 -0.089139 -0.082779 0.039071 0.006545 
-0.636376 -0.475106 0.280136 0.667690 0.104119 -0.290785 0.110609 -0.064996 
-0.025483 0.026102 0.084136 0.329410 0.066124 0.145099 0.078353 -0.018324 
0.386833 0.204396 -0.332246 0.045502 -0.049056 -0.068082 -0.076636 -0.201336 
0.184248 -0.499566 -0.134481 0.562446 -0.047768 0.002262 -0.138555 -0.056236 
-0.050008 0.207732 0.022657 0.110447 -0.152508 0.002621 0.164219 0.109393 
-0.170229 0.005126 -0.048173 -0.097040 0.770885 -0.012609 0.135866 0.155520 
-0.030483 0.537516 0.018614 -0.142420 0.014178 0.100876 0.067907 0.315375 
0.268359 -0.083720 0.150815 0.407182 -0.027045 0.444700 -0.240900 -0.130539 
0.072931 -0.339132 0.019214 -0.004480 -0.066134 -0.408686 0.579294 0.461010 
0.318392 0.171924 -0.224038 -0.175201 0.063595 0.097552 0.079777 -0.102464 
-0.182690 -0.013549 0.082852 0.019943 -0.101686 0.471568 0.159689 0.609096 
-0.384827 0.065670 0.343293 0.196526 0.173101 -0.441355 0.306257 0.076833 
-0.075129 0.001120 0.233260 0.516917 -0.169502 -0.054664 -0.034027 0.081348 
-0.044310 0.045618 -0.030532 -0.141392 0.070156 0.072914 -0.184066 0.170864 
-0.172261 -0.082277 0.183522 0.089886 0.107649 0.586473 -0.390235 -0.095735 
-0.139947 0.135855 0.134021 -0.122564 -0.122222 0.053357 0.066348 0.085420 
0.250894 0.260575 0.142428 0.075998 0.144529 0.170811 -0.079443 -0.145930 
0.480239 -0.157515 -0.573695 0.117164 0.081708 -0.045060 -0.080939 -0.016811 
0.023775 0.048964 -0.148925 0.296954 0.230288 0.005426 -0.082317 0.245185 
0.213795 0.284321 0.201224 0.236374 0.027873 0.171559 0.002419 0.261960 
-0.003248 0.100066 0.324338 0.745808 -0.393471 -0.015611 -0.070341 -0.154745 
-0.140551 0.325820 -0.110666 -0.105521 -0.025198 0.045573 0.039308 0.015268 
0.118067 0.121076 -0.069888 0.043546 0.158817 -0.014011 0.034968 0.106646 
-0.010602 0.292534 -0.081801 -0.118771 -0.012776 -0.033948 -0.006333 0.037694 
-0.187461 0.603807 0.247071 -0.268336 -0.025295 -0.043409 -0.130370 -0.089246 
-0.093329 0.080618 -0.129263 -0.069206 -0.112344 -0.145033 0.143501 0.164434 
0.108704 0.119027 0.144740 0.639552 -0.005362 0.041436 -0.125759 -0.282989 









0.000000 
0.000000 
0.000000 
0.000000 
0.000000 
0.000000 
0.000000 
0.000000 
0.775837 
-0.692593 
0.474987 
-0.259597 
-0.306050 
0.194152 
0.063985 
-0.357734 
0.599092 
-0.344431 
-0.369571 
-0.406874 
0.165762 
-0.296134 
0.086425 
0.060721 
-0.420590 
-0.588832 
0.297816 
0.444781 
-0.212381 
-0.210890 
0.047056 
-0.457218 
-0.545726 
-0.291218 
0.258465 
-0.470862 
-0.407648 
-0.147254 
0.090074 
-0.520759 
0.645095 
-0.455055 
-0.199240 
0.124634 
-0.338154 
0.396381 
0.285005 
-0.176223 
-0.477921 
-0.387645 
0.368355 
-0.667289 
-0.463449 
0.426281 
-0.047976 
0.332144 
-0.671036 
0.077223 
-0.051290 
0.253980 
-0.008259 
-0.298665 
0.170768 
-0.212323 
0.009675 
-0.245726 
-0.238909 
0.114736 
0.001179 
-0.538394 
0.218218 
-0.218698 
0.258374 
-0.108075 
-0.221410 
1.291406 
-0.167749 
-0.211830 
-0.388342 
-0.491898 
-0.147696 
0.380455 
0.146785 
0.018229 
-0.278015 
-0.022584 
0.017795 
-0.406221 
-0.124660 
-0.171820 
-0.220321 
0.164567 
-0.028423 
1.092228 
-0.213426 
-0.134584 
0.801349 
0.104915 
-0.876742 
-0.412302 
0.641935 
0.132295 
-0.084217 
-0.329337 
0.679339 
-0.247237 
-0.271849 
0.739051 
-0.032932 
-0.097695 
-0.049812 
-0.595686 
-0.613793 
0.563726 
-0.236234 
-0.100323 
-0.170076 
0.154339 
-0.003124 
-0.498839 
-0.436457 
-0.563777 
0.394678 
-0.268654 
-0.372771 
0.584874 
-0.734937 
-0.705532 
3.262000 0.252626 0.219901 
