0.242792 0.287782 0.016189 0.060135 0.133789 -0.030845 -0.116387 0.205813 -0.078985 -0.109008 0.114526 0.296841 0.345977 0.277562 0.005313 0.679651 0.170224 0.049648 0.262076 0.056975 0.159897 0.294281 0.694961 0.455750 0.742120 0.308646 -0.023258 -0.004444 1.135245 -0.060549 -0.227005 0.679946 -0.071734 -0.014539 0.075028 0.382903 -0.059773 0.274389 -0.123320 0.247973 1.166448 0.147595 0.246788 0.071265 0.083320 0.045940 0.043960 0.093599 0.192789 0.068163 0.191691 0.054092 0.006912 0.091019 -0.035477 0.262553 0.111870 0.132446 -0.090984 -0.083227 0.052912 0.501374 0.278633 -0.126302 
0.032850 0.131898 0.073402 -0.022458 0.332516 0.046251 0.083326 0.205184 -0.066642 0.005045 0.234639 0.301125 0.349364 0.204073 0.034351 -0.125579 0.032191 0.073843 0.426840 0.140979 0.255447 0.128040 0.084129 0.429519 0.243639 0.208327 0.006923 0.109221 1.156046 -0.028499 0.057666 0.917442 0.089298 -0.076644 0.047397 0.002077 -0.226700 0.272206 0.004047 0.081542 0.595649 0.056217 -0.166457 0.027130 0.211538 -0.151426 0.037014 -0.072117 -0.115499 -0.130375 -0.064846 0.417612 -0.030317 0.127380 0.057349 -0.313075 -0.075004 0.037914 0.265098 0.034669 -0.116853 0.580804 0.415040 -0.100307 
0.069294 0.111921 -0.214206 -0.021773 -0.328550 -0.017243 -0.247411 -0.210085 -0.022789 -0.152511 -0.151892 0.039439 -0.096808 -0.109482 -0.120555 -0.578209 -0.028579 -0.135978 0.197701 -0.124177 0.067921 -0.250692 -0.693925 -0.094255 -0.796749 -0.115169 -0.015251 -0.103649 -0.402577 0.083851 -0.015195 -0.130535 -0.077037 -0.076412 0.095313 -0.106942 0.130871 0.280257 0.200148 -0.281969 -0.424500 -0.090047 -0.106737 -0.132366 -0.083854 -0.260049 0.133827 0.026471 0.121828 -0.068301 -0.046128 -0.058622 0.078117 -0.009945 -0.037238 -0.602098 0.048658 0.116672 -0.026860 -0.134042 0.073327 -0.131630 -0.028231 -0.128240 
0.065371 -0.143118 -0.150695 -0.230915 -0.354703 0.128627 -0.001591 -0.114754 -0.607320 -0.013646 -0.478290 0.012233 0.099772 0.145992 -0.449959 -0.142277 -0.012099 -0.360052 0.046907 -0.383282 -0.134501 0.204313 0.199176 -0.249953 -0.114630 -0.124388 -0.299679 -0.283684 -1.032686 -0.312516 -0.248290 0.640236 -0.114915 -0.004813 -0.181748 -0.024795 -0.144689 -0.185502 -0.551866 -0.222223 -1.186115 0.021944 -0.196007 0.166110 -0.104112 -0.490984 -0.115623 -0.225785 -0.281687 -0.302404 -0.054090 0.065456 -0.298124 -0.298111 -0.052632 -0.533663 -0.359337 -0.061598 -0.015443 0.030011 -0.070279 -0.126966 -0.085783 -0.401641 
0.066684 0.161111 0.472608 0.491988 0.041488 0.405740 0.324461 0.256699 0.444339 0.060232 -0.034849 -0.055483 -0.208226 0.243334 0.148462 -0.205161 0.023977 -0.070549 0.097175 0.246386 -0.137716 0.343483 0.234390 0.623943 0.326080 -0.123163 0.054051 0.577225 0.090206 0.190780 -0.072102 -0.202332 0.504047 0.055039 0.398905 0.224467 0.086932 -0.238777 0.689864 0.262093 -0.378537 0.567784 -0.287672 -0.169462 -0.015402 0.334038 -0.075560 0.224757 0.091589 0.212855 -0.070439 0.029615 0.050213 -0.327979 0.325200 -0.154554 -0.257702 -0.272866 -0.081347 -0.088575 0.027935 -0.625357 -0.050839 -0.003111 
0.374712 0.640311 -0.099337 -0.201764 -0.153518 0.203897 -0.149108 0.243594 0.064251 -0.094285 -0.131956 -0.194684 -0.097246 -0.083285 0.162085 0.080709 0.090213 0.035943 0.468087 -0.264147 0.053491 -0.130911 -0.029343 0.178651 -0.112184 -0.077706 0.016527 -0.410350 0.204706 -0.228733 -0.411775 -0.253885 -0.274930 0.011582 -0.129207 -0.267426 -0.125428 0.117381 0.970304 -0.394894 -0.314567 0.450981 0.068961 -0.131209 -0.233678 -0.085158 -0.424378 0.000114 -0.011833 0.037803 0.240870 -0.094056 0.130870 -0.300893 -0.061176 -0.113027 0.168062 -0.221570 -0.079881 0.002654 -0.134105 -0.679925 -0.195723 -0.039304 
-0.031320 -0.561236 -0.060535 0.052324 -0.129692 -0.178361 0.135544 -0.049944 0.356070 -0.120606 -0.016157 -0.123047 0.058401 -0.276929 0.124334 0.177094 0.016540 0.109700 -0.458873 0.180726 -0.146959 0.058085 -0.086185 0.009832 -0.213500 0.376038 0.027884 0.010611 0.092443 0.081903 0.190590 -0.406716 -0.190318 0.170768 0.097076 -0.004197 0.306758 -0.074545 -0.749911 0.371849 0.288861 -0.088028 0.182290 0.738441 -0.057014 0.047286 0.191411 0.088422 0.107847 -0.186924 -0.141977 -0.132390 0.154032 0.250193 0.056897 -0.357812 -0.026239 0.480770 -0.157943 -0.219416 0.035367 -0.176095 -0.020205 0.097443 
-0.154447 -0.833511 0.058734 -0.028216 0.184687 -0.014746 -0.154834 0.116649 -0.188461 0.259776 -0.012436 0.098474 -0.155789 0.021189 0.017921 -0.141987 0.174082 -0.263945 -0.312489 0.050361 0.201154 0.162821 0.003671 -0.044318 0.213199 0.290297 -0.006484 -0.191023 -0.006769 -0.199355 0.296234 -0.243159 0.084476 -0.073311 -0.073408 -0.030097 0.296524 0.012078 -0.261949 0.290859 0.100297 -0.331122 -0.243759 0.611399 -0.062192 0.146695 0.129716 0.139665 -0.113675 0.066137 0.085299 0.087895 -0.038945 -0.151105 -0.020174 -0.228520 -0.029467 -0.077677 -0.091655 0.272240 0.019995 -0.804721 -0.325329 -0.041139 
0.059745 -0.092830 0.012481 -0.090007 -0.024768 0.030754 0.034648 -0.014070 0.115326 0.145412 -0.006790 0.075379 0.004716 -0.109978 0.018766 0.097803 -0.104475 -0.093814 0.074678 0.057409 -0.057464 -0.107009 -0.119304 -0.028930 -0.082202 -0.080749 0.125454 -0.020236 0.006272 -0.060182 0.002084 0.030527 
0.044630 -0.113911 0.104854 0.035059 -1.380520 0.060890 -0.053770 -0.018242 0.533782 -1.224586 -0.004631 0.032211 0.114642 0.099902 -0.055374 -0.086679 -0.063536 -0.016408 0.072674 -0.063783 0.000715 -0.180108 -0.069003 -0.013615 -0.177539 1.223905 0.136894 -0.307975 -0.328054 0.093809 -0.059245 -0.068168 
0.008238 0.048229 -0.067597 0.083854 -0.018584 0.026771 -0.133670 -0.122727 0.189062 -0.332724 0.359583 -0.119588 0.104454 -0.053350 -0.103963 0.103862 -0.048060 -0.114008 -0.113089 0.062938 -0.187075 -0.024335 -0.164481 -0.020827 0.017334 0.203512 -0.152677 -0.307619 -0.263007 -0.016478 0.007218 -0.104529 
-0.192019 -0.019147 -0.238552 -0.005679 -0.027167 -0.127697 -0.093486 -0.301727 0.166034 -0.023766 0.499204 -0.168423 -0.245018 -0.257601 -0.048288 -0.012021 -0.005614 -0.027523 -0.229129 0.073726 -0.200461 -0.079739 -0.198071 -0.318654 -0.602898 0.078001 -0.124503 0.095010 -0.157061 -0.167630 -0.078020 -0.041730 
0.052852 0.025654 -0.185829 -0.121002 -0.197986 -0.025142 -0.156819 -0.072480 -0.001344 -0.358744 0.453810 -0.054575 -0.315842 -0.556504 -0.065279 -0.114303 -0.006346 -0.015985 -0.399957 -0.026530 -0.195836 -0.188251 0.005613 -0.399470 0.180139 -0.168991 0.102671 0.113954 -0.139471 -0.050289 -0.269755 -0.020080 
0.072923 -0.088233 0.030851 0.113628 0.012918 -0.076568 -0.115008 0.060756 0.062558 -0.099403 0.170574 -0.036859 -0.072901 0.025576 -0.075016 0.053003 -0.082275 -0.064748 -0.061791 0.087521 -0.014885 -0.055719 -0.126290 0.001642 -0.088330 -0.246118 0.048633 -0.025006 -0.119775 0.040637 -0.099397 0.014514 
0.033096 0.015300 0.014763 -0.119386 -0.008983 0.074307 -0.105050 -0.017415 0.214276 0.016467 0.263545 -0.136366 -0.077048 0.096938 -0.059396 -0.027420 0.113247 -0.151374 -0.039976 0.033989 -0.117461 -0.045116 -0.070667 -0.004123 0.036571 -0.013591 0.062597 -0.168577 -0.100891 -0.038025 0.058468 -0.001885 
-0.093501 0.109598 -0.073260 -0.179401 -0.009926 -0.077619 -0.083190 -0.131853 -0.014101 -0.039767 -0.058790 -0.024109 -0.011885 0.023991 -0.085038 -0.112013 0.005238 -0.054704 -0.712962 -0.033548 -0.118315 0.096341 0.354497 -0.161013 -0.347661 -0.085621 -4.309523 -0.839834 -0.187340 -0.123545 -0.023314 -0.056389 
-0.005587 -0.098221 -0.030093 -0.087965 -0.054129 -0.105826 0.103014 -0.341581 -0.079959 0.026068 0.242526 -0.082508 -0.149876 -0.057837 -0.020417 -0.047909 -0.074969 -0.012616 -0.170751 -0.067175 0.081395 -0.024057 -0.065426 -0.039678 -0.942140 0.050951 -0.202814 0.334956 0.000622 -0.022925 -0.020210 -0.133510 
0.145200 -0.017133 -0.012292 0.024276 -0.064913 0.096287 0.037083 0.053607 0.010761 -0.089560 0.220499 0.136293 0.003356 -0.081274 0.094969 -0.112489 -0.028502 -0.066477 -0.060342 -0.121310 0.097537 0.094134 0.034372 -0.058161 0.233341 0.050973 -0.035805 0.065758 -0.247872 0.101750 -0.163537 -0.108360 
-0.065677 -0.142549 -0.044816 -0.041212 0.055981 -0.095070 0.012730 -0.035689 -0.122386 -0.108089 0.047415 0.020896 -0.032820 0.009084 0.041088 0.047261 -0.088813 -0.113805 -0.015608 -0.047138 0.042053 -0.039869 -0.059379 0.034575 -0.014577 0.035865 -0.124649 -0.054477 0.138443 0.053436 0.086760 -0.117284 
0.146127 0.034738 0.107021 -0.029682 0.016173 -0.054161 0.094870 0.024852 -0.147987 -0.005240 -0.248947 0.087118 0.112621 0.021909 -0.019684 -0.055640 -0.074243 -0.003403 0.065046 -0.111341 -0.107545 0.020473 -0.008950 -0.046233 -0.057137 0.099117 -0.000271 0.094157 -0.068936 0.097435 0.106213 -0.024576 
-0.034184 -0.010527 -0.013941 0.031222 -0.081944 0.040668 -0.094449 -0.065392 0.003024 0.364450 0.045055 0.080673 0.186640 0.119417 -0.122037 -0.076400 0.031180 0.045476 0.351272 0.053378 -0.102984 -0.010449 -0.009755 0.257831 0.086771 -0.023654 0.091999 -0.154016 -0.067468 -0.182768 -0.029106 -0.068948 
0.083089 -0.080097 0.063740 0.031157 -0.116472 -0.101350 -0.136096 -0.086426 0.270810 -0.080491 0.248604 -0.019975 0.208709 0.260583 -0.032216 0.015965 -0.075917 -0.209108 0.046052 -0.075093 -0.219651 0.147080 -0.103063 -0.002077 -0.138588 -0.143265 -0.177566 -0.092262 -0.218846 -0.162585 -0.002200 -0.017750 
-0.046955 -0.140067 0.031775 -0.088351 0.003144 -0.105990 -0.080295 -0.179192 0.978222 0.022733 0.586964 0.088887 -0.288583 -0.204300 -0.041240 0.003843 -0.135410 0.154779 -0.032746 -0.063149 0.020255 -0.039768 -0.013688 -0.038470 0.313406 -0.125266 -0.035880 -0.027742 -0.030321 -0.092491 -0.178992 0.029520 
-0.015517 0.060190 -0.084260 0.038506 -0.022495 -0.084641 -0.002226 -0.127981 0.533756 -0.137175 -0.103502 -0.107096 0.091648 0.023259 0.004835 -0.013058 -0.083110 -0.038082 0.045783 -0.059771 0.009964 -0.037311 -0.090267 -0.043624 0.305593 0.097232 0.004595 -0.228488 -0.134620 0.009028 0.059614 0.097773 
0.030190 0.123653 -0.018400 -0.008730 -0.030120 -0.021904 -0.073243 0.040997 0.066956 0.061447 0.130611 0.085455 -0.028445 0.127777 -0.042080 0.000959 0.059996 0.118422 0.158758 0.004761 -0.107110 0.050216 0.057582 -0.031160 0.077911 -0.098561 -0.020504 0.064979 -0.083785 0.055139 0.053304 -0.061084 
0.061465 -0.031916 0.025240 0.057882 -0.094764 -0.104849 -0.199782 -0.109552 0.667142 -0.033429 -0.300202 0.013683 -0.131586 -0.082422 -0.050581 0.009748 -0.057249 0.014054 -0.065963 -0.066344 -0.005510 -0.024660 -0.133283 0.081081 0.300978 -0.099449 -0.012965 -0.032442 -0.042693 0.098446 0.048059 -0.006511 
-0.112450 -0.073772 0.095152 -0.003096 -0.097919 -0.004454 -0.088227 0.034515 -0.028662 -0.142025 -0.221048 -0.045897 -0.117774 -0.093755 -0.019276 -0.080584 -0.359607 -0.058239 0.012075 -0.094379 -0.033237 -0.016540 -0.197550 0.067097 -0.018445 -0.290507 0.003462 -0.148052 -0.356419 -0.059564 -0.048923 -0.006709 
0.024130 -0.162720 -0.076830 -0.126230 0.118568 -0.093572 -0.096898 -0.179704 0.181647 0.032981 0.339770 -0.092333 -0.068972 -0.032111 -0.069055 0.005796 -0.095458 -0.043536 -0.019228 0.067213 -0.300142 -0.014901 0.043656 0.063180 -0.267656 -0.142396 -0.032022 -0.020302 -0.067451 -0.042312 0.026473 0.005541 
0.100008 -0.031004 0.018942 -0.038507 -1.077147 -0.101573 -0.105316 -0.108249 0.050846 -1.219005 -0.000077 -0.199077 0.020941 -0.097981 -0.003931 -0.123099 -0.045720 -0.101291 -0.196389 0.030514 -0.076821 -0.148803 -0.044072 -0.081521 0.203712 1.020018 -0.040771 -0.209788 -0.076420 -0.107765 -0.020137 -0.057170 
-0.125179 -0.023399 -0.065818 0.022824 -0.005497 -0.045723 0.028222 -0.042065 0.287716 0.083274 0.244633 0.003590 -0.014712 -0.047318 0.027460 0.104501 0.015693 -0.007459 0.021536 0.025214 -0.146849 -0.099104 -0.150253 0.026852 0.188597 -0.216345 0.012733 -0.171834 -0.087824 -0.054716 -0.027074 0.015088 
0.104935 -0.030576 -0.029946 0.052644 -0.057946 -0.108030 0.073977 -0.091584 0.686772 -0.061175 0.104179 -0.055312 0.072412 0.083655 -0.041089 0.003637 -0.123264 -0.131372 -0.064609 0.001118 -0.198304 0.059408 -0.177788 -0.145138 0.380774 -0.066591 -0.001194 -0.097467 0.040496 0.046870 0.017303 0.072381 
-0.059453 -0.156446 -0.040301 0.043453 -0.301103 -0.062216 -0.021372 -0.255397 0.161726 -0.001319 0.414259 -0.101698 0.051496 0.103151 -0.073509 -0.015726 -0.202240 0.013700 0.103595 -0.075587 -0.133105 -0.061570 -0.324057 -0.003801 0.100980 -0.320710 -0.047943 -0.393810 -0.483107 -0.202397 -0.086833 -0.109683 
-0.067876 -0.037752 -0.063285 -0.032356 -0.019532 -0.003544 -0.058688 -0.292259 0.804285 -0.108648 -0.001007 0.015741 0.081710 -0.113858 -0.059407 -0.107649 -0.042865 -0.161699 -0.070461 -0.043548 -0.185281 0.035550 -0.304406 0.073524 0.354901 -0.185243 -0.113166 -0.218373 -0.311495 0.041649 -0.044225 -0.110466 
-0.060523 -0.044330 -0.071872 0.045445 -0.091079 0.142265 0.527612 -0.181479 -0.019960 -0.142627 -0.341286 -0.040105 -0.280810 -0.224179 -0.105408 -0.098918 -0.124880 -0.037382 -0.284609 -0.078021 -0.068588 -0.076286 -0.299744 -0.234889 0.366178 -0.178268 0.017216 -0.125232 -0.201518 -0.023120 -0.274741 -0.058740 
-0.142422 0.015208 0.089815 -0.099300 0.150852 -0.029724 -0.228501 -0.294049 -0.013934 0.224643 0.055869 -0.049996 0.134206 0.101404 0.000534 0.030047 -0.030767 -0.074650 0.311943 -0.035794 -0.004326 0.067994 -0.157785 0.109111 -0.028592 0.008143 0.006953 0.185054 -0.072864 -0.094037 0.119627 -0.053660 
-0.143186 -0.087589 0.006341 -0.175781 0.068983 0.079840 -0.026099 -0.298081 0.131754 -0.101987 0.378252 -0.114223 -0.079120 -0.058271 0.057816 0.034643 -0.046297 -0.037516 -0.176666 -0.056814 -0.058528 -0.154964 0.006016 0.116730 -0.282351 0.048421 -0.180263 0.283886 -0.003087 0.030923 0.085824 -0.104343 
-0.113713 -0.100083 -0.092499 -0.096863 -0.064181 0.048216 0.156648 -0.229742 -0.262343 -0.008253 -0.171593 0.088326 0.039292 0.098065 -0.054860 -0.069431 -0.073907 -0.007826 0.111773 -0.031423 0.052532 -0.107460 -0.270168 0.053407 -0.085186 -0.070344 -0.027007 -0.304060 -0.637068 0.045739 0.002812 -0.101350 
0.108466 0.006241 -0.067002 -0.072158 0.018477 0.049449 -0.082580 -0.077762 0.108379 -0.054184 0.133740 0.057570 -0.062031 -0.113084 0.062521 0.098196 0.017697 -0.002222 -0.051717 -0.042095 -0.111803 -0.100463 0.052412 0.028536 -0.084702 0.011016 0.041726 -0.017229 0.033852 0.074313 0.008806 0.070581 
-0.049226 0.053990 -0.143784 -0.129349 -0.102439 -0.044095 -0.152642 0.128175 -0.067699 -0.170547 -0.291456 0.001733 -0.044801 -0.091499 0.014362 0.038870 -0.072667 0.004219 -0.171682 -0.107847 -0.070780 0.013695 0.029891 0.144615 0.399805 -0.066386 -0.119455 -0.033105 -0.126069 0.086866 -0.008569 -0.080327 
-0.037419 -0.062182 -0.089859 -0.123079 -0.086576 -0.271028 -0.477699 -0.311580 0.340104 -0.072042 -0.179189 -0.076476 -0.204744 -0.226090 -0.029648 -0.034771 -0.414793 -0.086685 -0.073612 -0.007186 -0.093261 0.007071 -0.383863 -0.162452 -0.395889 -0.261506 -0.006914 -0.746123 -0.465087 -0.186983 -0.061833 -0.211651 
-0.049146 -0.115009 -0.092257 -0.148809 0.078147 -0.081335 0.126109 -0.195565 -0.006911 0.116572 0.383913 -0.022467 -0.028573 -0.038804 -0.107627 0.047861 -0.028297 0.018297 0.030255 0.104173 -0.011376 -0.096980 -0.083870 -0.035880 -0.621762 -0.037412 -0.152467 0.027485 -0.157335 -0.062531 -0.009786 -0.021989 
-0.201817 -0.078235 -0.096729 0.006735 -0.039912 -0.118523 -0.032174 -0.157014 -0.150453 0.124004 -0.085174 -0.161308 -0.033794 0.063394 -0.172223 0.011069 -0.055123 -0.065402 0.281058 0.071283 -0.234954 -0.268021 -0.079929 -0.174345 -0.246031 -0.145510 -0.002006 0.229217 -0.073714 -0.162929 0.008748 -0.214210 
-0.049170 -0.005213 -0.089189 -0.104653 -0.048912 0.073787 -0.156087 -0.028549 -0.044968 0.072320 0.375093 -0.029466 -0.090767 0.001813 -0.107257 0.000684 0.073999 -0.034023 0.058969 0.048028 -0.201137 0.092658 -0.047667 0.053316 -0.261640 -0.219533 -0.056327 0.041706 -0.242356 -0.138955 -0.054465 -0.110027 
-0.044116 -0.002775 -0.076336 0.073424 0.119094 -0.022685 -0.041943 -0.033728 0.277033 -0.011861 0.087983 -0.136761 -0.003419 -0.109501 -0.064762 -0.031517 0.008545 0.071736 -0.071439 -0.006085 -0.052970 -0.171487 -0.175533 0.093373 0.138232 -0.094044 -0.072026 -0.015290 -0.022750 0.154941 0.021086 -0.006271 
-0.020631 -0.063982 0.019247 -0.090307 0.052572 -0.066440 0.062549 0.165318 -0.138683 0.072515 0.112288 -0.087680 -0.116957 -0.119670 0.058844 -0.114956 -0.070153 0.052813 0.036209 -0.111110 0.082918 -0.050063 -0.050645 0.005852 0.359454 0.009605 -0.006459 -0.068582 -0.162578 -0.095931 -0.066770 0.115402 
0.014900 -0.108083 -0.073838 -0.040892 -0.165272 0.083758 -0.043832 -0.019012 0.135955 0.097795 0.187561 0.099075 0.055310 0.052143 0.000026 0.096026 -0.052561 -0.000982 0.313599 -0.046061 0.054521 0.053846 0.006682 0.193660 -0.008244 -0.013150 -0.001132 -0.139157 -0.086842 -0.084311 -0.007290 0.046087 
-0.048616 -0.062253 -0.069998 0.016580 -0.329201 0.128949 -0.080700 -0.311458 0.290067 -0.090272 0.745829 -0.063131 -0.223649 -0.132580 -0.016546 -0.103212 -0.236968 -0.092840 -0.059361 -0.141327 -0.166556 -0.138406 -0.294694 -0.078188 -0.040751 -0.330949 -0.014142 -0.008004 -0.209063 -0.038028 -0.042931 -0.116495 
-0.123486 -0.157488 -0.009552 -0.117970 -0.121031 -0.090755 -0.341768 0.000690 0.206036 -0.270262 0.336041 -0.160403 -0.180654 -0.227741 -0.056262 -0.057820 0.015819 -0.060543 -0.371307 0.084785 -0.124878 -0.112373 -0.241794 -0.262946 0.340011 -0.105990 -0.121587 0.065633 -0.199983 -0.105913 -0.192999 -0.010203 
-0.055010 0.031916 -0.013418 -0.053909 -0.313621 -0.367075 -1.644411 -0.575949 -0.182257 -0.137536 -0.433822 0.123905 -0.130476 -0.168671 -0.100773 -0.038981 -0.090256 -0.033579 -0.103216 0.020210 -0.071469 -0.153667 -0.169871 -0.167666 -0.000304 -0.436253 -0.037621 0.194912 -0.257737 -0.075947 -0.194812 -0.050053 
-0.238626 0.057607 0.004222 -0.117134 0.188404 0.028453 0.233033 0.277306 0.260398 -0.249876 0.154940 -0.178033 0.002798 -0.183057 0.015008 -0.121210 -0.123753 -0.167476 -0.083842 -0.108947 -0.083516 -0.006297 -0.215345 -0.249650 -0.067805 -0.679210 -0.132478 -0.150878 -0.298588 -0.017421 -0.118559 -0.039931 
0.067838 0.092355 0.066503 0.014170 -0.030154 -0.014092 0.042300 -0.081193 0.113724 0.037181 -0.031831 -0.036592 0.032228 -0.098841 -0.030244 -0.087894 -0.067967 -0.093287 -0.087862 -0.011782 0.026384 -0.099152 -0.074385 0.021265 0.076443 0.034513 -0.070161 0.057574 0.006710 0.002915 -0.018745 -0.042078 
-0.019207 -0.054159 0.088145 0.064138 -0.026345 0.041662 -0.057705 -0.078806 -0.494560 -0.011920 -0.506936 0.090224 0.075616 0.089121 -0.101473 0.019465 -0.395883 -0.109056 -0.076416 0.053905 -0.062226 -0.010407 -0.241491 0.032643 0.646530 0.052246 0.000268 -0.183004 -0.123262 0.021339 0.065167 0.017221 
-0.249261 -0.054317 -0.073676 -0.004896 -0.519644 0.028035 0.421422 1.450754 0.041861 -0.031181 -0.267202 -0.101166 -0.001241 -0.035496 0.019298 -0.029185 -0.106758 -0.120396 0.138101 0.004187 -0.330739 -0.078408 -0.076665 -0.133308 -0.058964 0.043236 0.052358 -0.664817 -0.221933 -0.100460 -0.030928 -0.108003 
-0.036622 0.207094 -0.167103 -0.047241 -0.098229 0.118288 0.085551 -0.038133 -0.000068 0.110791 -0.406641 -0.108939 -0.179003 -0.186415 -0.022851 -0.019903 0.149041 -0.119501 -0.109179 -0.066101 -0.001462 -0.133390 0.247800 0.033405 -0.199414 -0.009379 -2.158880 -0.387992 -0.078868 -0.074307 -0.118257 -0.043217 
-0.065328 -0.044510 0.010777 0.040053 0.044344 -0.019115 -0.075528 -0.027798 0.003781 0.120315 -0.094826 -0.062059 -0.019162 0.061901 -0.101480 -0.013946 0.088462 -0.072254 0.025173 0.036483 -0.098427 -0.182370 0.041706 -0.018499 0.143699 0.092856 -0.055584 -0.004868 -0.005178 0.036928 -0.034716 0.001885 
-0.022208 -0.094512 0.022637 -0.036184 0.188543 -0.109964 0.111446 -0.143644 0.164672 0.095544 0.246753 -0.002980 0.004799 -0.045312 -0.053995 0.068326 -0.133246 0.093422 -0.016894 0.073198 -0.144191 -0.069815 -0.051039 -0.041397 0.061633 -0.237747 -0.083434 -0.074608 -0.274629 0.036385 -0.054894 0.017256 
-0.145066 -0.076257 -0.117156 0.069706 -0.203488 0.028572 -0.108872 -0.336028 -0.028232 0.041672 -0.687308 -0.003646 -0.094546 -0.126741 -0.105810 -0.062502 0.069179 -0.003749 -0.128629 -0.111447 -0.215029 -0.156409 -0.102714 0.016577 -0.790304 -0.054505 -0.106794 0.447670 -0.015390 -0.009358 0.067151 0.074470 
-0.164321 -0.156036 -0.026907 -0.099229 -0.490785 -0.053301 -0.103424 -0.333486 -0.115100 -0.969093 -0.268691 -0.163608 -0.279322 -0.328281 -0.009663 -0.062947 -0.149382 -0.046609 -0.227739 -0.088650 -0.293222 -0.079084 -0.076194 -0.285364 0.847372 0.691397 -0.346915 -0.137837 -0.226362 0.019542 -0.133987 -0.161394 
0.052021 0.042362 -0.023721 0.003308 -0.136470 0.047464 -0.064843 -0.074197 0.042523 -0.138717 -0.041908 0.039448 -0.055869 0.046702 -0.049426 -0.054001 -0.126089 0.081408 0.024407 0.071686 -0.082904 -0.020525 0.028055 -0.191003 -0.076341 0.208230 -0.148539 -0.111809 -0.066058 0.146048 0.006422 -0.031540 
0.052954 0.032690 0.141451 0.036001 -0.013689 -0.037123 -0.078585 0.034181 0.002732 0.100777 0.191674 -0.074284 -0.117550 -0.081579 -0.137982 -0.043476 -0.104266 0.089120 -0.124792 -0.060769 -0.131566 0.081643 -0.010296 0.033711 0.097524 -0.064141 0.105574 -0.021708 -0.024671 -0.049278 -0.184396 0.027438 
0.027614 -0.104030 0.067227 -0.074805 -0.133205 -0.203680 -0.446105 -0.073919 0.010402 -0.040683 -0.810038 -0.049596 0.079988 -0.131255 -0.003694 0.090170 -0.102427 0.027951 -0.099154 -0.022346 -0.064578 -0.002882 0.294435 -0.068356 -0.280569 -0.017941 -2.780930 -0.313896 0.181941 0.016312 -0.072690 -0.074324 
0.117453 -0.049869 -0.043330 -0.055200 -0.104251 -0.032259 -0.143117 -0.079047 0.694012 -0.204502 -0.200181 0.016920 -0.051082 0.043373 0.015929 -0.030230 -0.200202 0.057234 -0.135291 -0.120918 -0.045472 -0.098354 -0.051404 -0.078190 0.468731 -0.173194 0.022172 0.041485 0.060723 -0.068862 -0.019470 0.070063 
-0.096039 0.040138 -0.099147 0.002898 0.460558 0.042032 0.171872 -0.221552 -0.008867 -0.121654 0.236309 -0.074569 0.041835 -0.045547 0.096040 -0.039673 -0.061497 0.095669 -0.084763 -0.004897 -0.124548 -0.030700 -0.120879 -0.272743 -0.303028 -0.120479 -0.127373 -0.019793 -0.083390 0.079830 0.006591 -0.099114 
-0.022106 -0.008190 -0.152224 -0.150151 -0.211005 -0.003456 -0.085450 -0.025411 0.312847 -0.269259 -0.325180 -0.121086 -0.110941 -0.116665 -0.160553 -0.026965 -0.130985 -0.086780 -0.146935 -0.109957 -0.056757 -0.139431 0.098158 -0.106932 -0.056280 0.165147 -0.084285 -0.165661 -0.177408 -0.179945 -0.028600 -0.031068 
0.086980 -0.100687 -0.153396 0.007866 -0.251363 -0.044312 -0.004655 0.061291 -0.038979 -0.005683 0.115887 -0.062159 0.053608 -0.116850 0.045927 0.091050 0.074679 0.074129 -0.093433 -0.094582 -0.082546 -0.022055 -0.186668 0.012473 -0.129139 -0.028916 0.076470 -0.070709 0.089463 0.048440 -0.127269 0.078087 
-0.071154 -0.105367 -0.029419 -0.050931 -0.301454 0.077983 -0.246780 -0.059429 -0.027810 -0.023143 -0.159604 -0.044436 -0.075940 0.059275 -0.023876 -0.068212 -0.077320 -0.036477 -0.168604 0.059834 -0.063708 -0.074541 -0.197553 -0.053372 0.271191 0.135049 -0.133723 -0.009725 0.085955 0.006156 0.050802 -0.072685 
0.064064 0.010213 0.033409 0.117004 -0.081733 0.052158 0.016377 -0.005963 0.097202 0.034200 0.240403 0.067285 0.016871 -0.023203 -0.035953 -0.053567 0.022386 -0.060772 -0.095170 0.091242 -0.037621 -0.062563 -0.036141 0.019223 -0.069241 0.047718 0.065016 -0.091232 -0.075034 -0.019806 -0.030654 0.015415 
-0.045003 0.019497 -0.060336 -0.035933 -0.118923 -0.057512 -0.092463 -0.027077 -0.093489 0.013966 0.121267 -0.093121 -0.009069 -0.091848 0.001532 -0.052219 0.006477 0.013123 -0.030590 -0.105777 -0.143666 -0.149619 -0.039957 -0.008800 0.012647 -0.194997 0.000617 0.046616 -0.156081 -0.087364 -0.054596 -0.201315 
-0.027768 -0.112236 -0.045231 -0.090298 -0.061908 -0.165741 -0.217686 -0.263320 -0.498514 0.100615 2.024268 -0.150927 0.011045 0.024549 -0.043778 -0.045607 -0.074599 -0.006950 0.044898 -0.053655 -0.200694 -0.179147 -0.169088 -0.053515 -0.097218 -0.221855 -0.044057 -0.587949 -0.244672 -0.079408 0.024300 -0.067290 
-0.587322 -0.120513 -0.123620 -0.128874 -0.858657 0.209688 0.660453 2.721632 -0.100524 -0.451837 -0.116406 -0.220380 -0.056945 -0.175523 -0.140678 0.031007 -0.030898 -0.224032 -0.083215 -0.103899 -0.336512 -0.208944 0.044383 -0.023057 0.027712 -0.117999 -0.066361 -0.590698 -0.098319 -0.128432 -0.145756 -0.089951 
-0.041722 -0.087775 -0.192502 -0.079795 -0.249533 -0.179339 -0.207962 0.033179 -0.550248 -0.213354 -0.833345 -0.123297 -0.022697 -0.275224 -0.025256 0.001664 -0.204210 -0.049236 -0.121094 -0.042984 -0.177218 -0.033923 -0.183280 -0.187489 -6.272224 -0.290955 -0.042791 -0.181402 -0.222547 -0.105035 -0.164814 -0.121911 
-0.148631 -0.268298 -0.134017 -0.010287 0.002681 -0.039966 0.142046 0.058197 -0.013197 -0.105598 -0.073620 -0.098728 -0.060899 0.081990 0.038649 -0.067940 0.044287 0.185659 0.097992 -0.078260 0.043471 -0.250983 -0.031799 -0.185997 -0.031677 0.026017 -0.106341 -0.005100 0.048103 0.006006 0.150303 -0.257222 
-0.205466 -2.174327 -0.409560 0.609995 0.011335 -0.029185 0.278498 -0.985384 
0.068174 0.119303 -0.162990 -0.145641 0.009736 0.115240 0.094414 -0.086876 
0.017958 -0.014341 -0.025907 -0.062594 0.245745 -0.116747 0.052301 -0.034931 
0.287705 -0.010686 -0.152825 -0.011077 -0.099416 0.146762 0.035213 0.029566 
-0.918498 -0.288219 -0.745345 -0.331417 -0.199500 -0.022966 0.079752 0.148236 
-0.185595 -0.500730 -0.048296 -0.467362 -0.008013 -0.016386 0.055451 -0.274195 
-0.301388 -1.046817 -0.462712 -0.706421 -0.059470 -0.153772 -0.028018 -0.619564 
0.109565 0.561522 0.578085 -0.867428 -0.087649 -0.021241 -0.087476 -0.129195 
0.697220 -0.294003 -0.007729 0.026663 -0.138451 -0.779136 0.049670 0.616409 
-0.019881 0.225768 0.100732 -0.101536 0.185007 0.049580 -0.194747 -0.025470 
0.940600 0.056346 -0.684348 -0.200185 0.007092 -0.053757 -0.804230 -0.442935 
-0.105774 0.127863 -0.161809 0.062391 -0.067719 0.037356 0.141824 0.158309 
-0.506124 -0.118082 -0.671849 -0.077413 -0.000647 0.033653 -0.466396 -0.309208 
-0.350516 -0.343134 0.277115 -0.311201 -0.165806 -0.049084 0.277536 -0.048147 
0.323500 -0.216236 0.036602 -0.082025 -0.151936 -0.035935 -0.019798 0.148996 
0.125025 -0.010445 -0.090906 -0.105387 -0.114342 -0.142368 0.124722 -0.055793 
-0.025718 -0.019402 -0.010602 -0.026803 -0.103079 0.485548 -0.598139 -0.613517 
0.008997 0.060604 -0.141658 -0.008838 0.107853 -0.124307 -0.074938 0.237807 
-0.231799 0.099385 0.382385 0.161837 0.374093 -0.085672 0.009775 -0.183107 
0.092656 0.131269 0.001609 0.136836 0.136200 0.010164 -0.064753 -0.012472 
0.190083 0.861605 0.064676 -0.296082 -0.032431 -0.020543 -0.254399 0.281006 
0.098846 0.105269 -0.110136 -0.218473 0.449515 0.112204 -0.029222 -0.193964 
-0.377646 -4.427097 -0.098693 0.130099 -0.133434 0.384838 -0.045063 -0.904582 
0.251738 0.522110 0.046366 -0.084433 -0.495802 -0.071289 -0.305746 0.365122 
-0.118923 -0.799558 -0.367818 -0.656928 -0.369028 -0.693968 -0.420448 0.918292 
-0.202595 -0.709139 0.094124 -0.112089 -0.062526 -0.046578 -0.045714 1.127428 
0.231031 -0.647651 -0.422890 0.026024 -0.264965 0.300859 -0.475376 -0.308484 
2.726184 1.227270 -0.837620 -0.879302 0.004805 -0.173751 -0.630863 -0.791253 
1.256686 -0.168796 -1.560032 -0.124464 -0.191448 -0.001904 -0.237581 0.446002 
0.125699 0.070226 0.211051 0.041522 -0.046602 -0.131919 -0.305861 0.224285 
0.034971 0.440135 0.141662 -0.313977 -0.268172 -0.052146 0.039132 0.183047 
0.195982 -0.032985 -0.136047 0.045731 -0.029742 -0.019368 -0.002470 -0.102842 
-0.047968 -0.083489 -0.339085 -0.875557 -1.138672 0.720191 -0.366104 -0.657819 -0.141195 -0.250898 -0.626112 -0.132851 -0.421795 -0.585869 -0.149973 -0.063794 -0.007246 -0.128622 -0.140099 -0.026807 -0.435184 -0.617413 -0.028748 -1.539484 -0.328869 -0.561515 -0.062061 -0.101873 -0.279338 -0.509078 -0.167157 -0.446030 
-0.297892 -0.312320 0.001295 -1.217914 -0.502360 3.119305 -0.168962 0.016439 -0.926522 -0.065631 -0.172085 -0.122571 -0.329714 -0.025747 -0.137103 -0.282050 -0.180369 -0.028509 -0.353224 -0.400449 -0.458895 -0.380180 -0.271424 -1.558356 -0.642132 -0.240362 -0.900326 -1.044094 -0.657824 -0.196488 -0.486603 -0.325826 
-0.278376 -0.529055 -0.107247 -0.015247 0.251625 -0.408283 -0.194476 -0.279098 0.103578 -0.144405 0.180887 0.086242 -0.198827 -0.471872 0.116060 -0.172072 -0.032467 0.030148 -0.087426 -0.328707 -0.546324 0.079994 -0.378336 -0.164430 -0.215639 -0.247867 0.161763 0.070996 -0.388806 -0.108444 0.101317 -0.297710 
-0.063256 -0.170703 0.482270 -1.197539 -0.990189 -0.255157 -0.300257 -0.283285 -0.754110 0.056352 -0.617185 -0.090876 -0.861450 -0.160832 0.118632 -0.203845 -0.031609 -0.013950 0.001801 -0.108026 -0.055156 -0.029906 -0.085802 -0.244598 -0.234904 -0.030279 -0.068247 -0.136294 -0.597717 -0.013891 -0.782533 0.413557 
-0.293540 -0.169820 0.233434 -0.181619 -0.460940 0.344571 0.033613 -0.004028 -0.217636 -0.048279 0.107631 0.060951 -0.329622 0.488137 -0.139033 0.064677 -0.190070 -0.187799 -0.358192 0.174277 0.084486 -0.100307 0.109071 -0.578849 -0.078479 -0.133434 -0.138868 -0.253043 -0.017754 0.106210 -0.325302 0.298588 
-0.299006 -0.226636 -0.004657 -0.251457 0.014665 0.337114 0.390275 0.432514 -0.137289 -0.106097 -0.124121 0.007107 0.093610 0.697893 -0.155476 -0.137265 -0.299699 -0.116436 -0.162849 -0.317874 0.590240 0.421269 -0.272668 -0.465090 -0.218285 -0.158609 0.179197 -0.012411 -0.216823 0.072493 -0.242547 -0.182665 
-0.237403 0.088388 -0.098670 -0.250345 0.211380 0.090066 -0.242468 -0.156326 -0.326493 0.104715 0.126318 -0.031572 0.250019 0.399255 -0.234632 0.148569 -0.194127 -0.102801 -0.063212 0.042152 -0.053959 0.091297 0.005655 0.125135 0.173641 -0.273491 -0.024383 -0.229701 -0.075396 -0.107070 -0.186567 0.018294 
-0.201669 -0.028226 -0.195758 -0.730917 -0.632559 -0.307897 -0.249670 -0.143760 -0.243616 -0.060494 -0.238799 -0.160158 -0.292512 -1.078532 -0.006239 -0.111163 -0.417764 -0.133865 -0.072896 -0.447312 -0.250782 -0.383379 -0.030914 0.688234 -0.275648 -0.002826 -0.158990 0.872374 -0.276704 0.172096 -0.474566 0.176333 
0.053232 0.145416 0.025369 0.081072 -0.016305 -0.005687 0.120764 -0.010728 -0.151360 -0.013633 0.118491 -0.016606 -0.118006 0.063590 -0.133621 -0.116184 0.140270 0.039913 -0.059791 0.054876 0.022087 0.106069 -0.070641 0.052100 0.105550 0.135368 0.124864 -0.026734 0.107082 -0.035916 -0.102258 0.002719 -0.048094 0.080706 -0.073802 0.093195 -0.082576 -0.110633 -0.075127 -0.076342 0.033328 -0.114229 0.064646 0.072917 0.106954 0.088619 0.114326 0.089631 -0.029062 -0.103059 -0.013087 0.150619 -0.154584 0.073865 0.045124 0.108561 0.051640 0.012394 -0.075767 0.001127 0.134072 -0.020431 -0.153747 -0.071616 
-0.121192 -0.094462 -0.152290 -0.018128 -0.041417 -0.037336 0.077870 -0.240476 -0.053643 -0.056905 0.177629 -0.078097 -0.049134 0.018651 -0.140527 0.009929 0.025613 0.000148 -0.016790 0.092317 -0.075360 -0.124607 0.048294 0.141930 0.046202 0.042633 -0.073566 0.093627 -0.056760 0.006504 0.135372 0.010785 0.070091 -0.161932 0.086619 -0.109397 0.010383 0.043671 -0.022801 0.166725 -0.162837 0.135826 -0.105049 -0.097321 0.034065 -0.166261 0.086424 -0.050812 0.039859 -0.064486 -0.094639 -0.176443 0.026528 0.066678 0.078154 -0.055128 0.089306 0.010738 0.127305 -0.169846 0.005794 0.117369 -0.056112 -0.065809 
0.107450 0.030815 0.094962 -0.131279 -0.069165 -0.249791 -0.166956 -0.058168 -0.001783 -0.144252 -0.026743 0.014871 -0.059725 -0.062648 0.142906 -0.129217 0.104951 -0.076451 -0.144218 -0.068958 -0.157183 -0.183794 0.027277 0.091470 0.053028 0.052452 0.168207 -0.023945 -0.010208 -0.095805 -0.112341 -0.041289 0.023886 0.138643 0.152106 -0.050786 -0.011413 0.015568 0.029665 0.224897 0.089235 -0.057432 -0.047946 -0.076214 0.073239 0.016845 -0.008682 -0.017624 0.029773 0.010532 0.065635 0.038460 0.043263 -0.026262 -0.037785 -0.065502 0.101329 -0.064378 0.101946 -0.047611 0.046634 0.139731 0.003940 -0.070076 
0.171807 -0.035429 0.007912 0.053374 -0.153502 -0.158927 -0.061629 0.118512 -0.012363 0.015111 -0.153730 0.132011 -0.071809 0.049223 -0.127874 0.056512 -0.104838 0.027148 -0.079747 0.103520 0.197125 -0.333872 -0.070508 0.111597 -0.148749 -0.176065 -0.129746 -0.621766 -0.145164 -0.215482 -0.099343 -0.617988 -0.000060 0.225132 -0.024755 -0.024316 -0.228491 -0.011761 -0.196526 -0.188968 -0.066773 0.068803 -0.157082 -0.139134 -0.175697 -0.166520 -0.033105 0.028178 -0.077980 0.063491 -0.046000 -0.203283 0.043999 0.039337 -0.133551 -0.027186 0.082250 -0.103862 0.056626 0.057140 -0.167405 0.024367 -0.201371 -0.144799 
-0.113790 0.101361 0.086655 0.133537 0.072734 -0.336934 0.137671 -0.175097 -0.232620 -0.049782 -0.122750 0.133327 -0.064471 -0.013371 -0.034612 -0.172530 -0.001067 0.054693 -0.074317 -0.146207 -0.125057 -0.494390 0.066119 -0.054222 0.090401 -0.047717 -0.122297 0.039139 -0.070331 -0.259220 -0.030787 -0.107320 -0.019928 -0.138608 -0.086569 -0.078958 -0.473756 0.053885 -0.105823 0.073935 -0.032099 -0.068764 -0.036205 -0.004948 -0.032095 -0.226736 -0.029728 0.074155 -0.288062 -0.080579 0.087868 -0.130425 0.201135 -0.126539 0.160614 0.088135 -0.050603 -0.116538 0.037413 -0.086718 -0.135386 -0.121517 -0.217524 0.061274 
-0.260976 -0.169745 -0.116482 -0.193707 -0.137803 -0.189452 -1.006517 -0.050538 -0.226105 -0.137208 -0.351530 -0.044144 -0.265029 -0.116150 -1.057556 -0.347369 -0.114831 0.000564 -0.603004 -0.093474 -0.435924 -0.578797 -0.174988 -0.139112 -0.235523 -0.068659 -0.171688 -0.693499 -0.273836 -0.127191 -0.063779 -0.611735 -1.212710 -0.095722 -0.127888 -0.115474 -7.690930 -0.105225 -0.165522 -0.650390 -0.260511 0.373879 -0.432877 -0.111329 -0.036169 -0.168912 -0.459521 -0.156934 -0.452945 -0.131274 -0.028620 -0.630997 -0.068976 -0.010836 -0.261137 -0.079574 -0.032431 -0.285320 -0.073259 -0.161209 -1.101276 -0.254115 -0.826955 -0.143314 
-0.008168 0.126574 0.038098 -0.063481 0.098593 0.105651 -0.092728 -0.043919 0.122722 -0.093567 0.112874 0.115630 -0.078568 -0.045751 -0.038160 -0.001603 -0.016120 -0.017663 0.027110 -0.140034 -0.067161 0.109830 -0.017446 -0.090609 -0.049558 -0.102164 0.177205 0.236770 -0.089483 -0.222668 0.032490 0.302914 -0.069068 -0.080360 0.156935 0.184820 -0.232048 0.072434 -0.047325 -0.153421 0.176309 -0.129131 -0.143372 -0.086922 0.009527 0.111912 -0.117509 0.138509 -0.031771 0.071050 -0.092776 -0.022887 0.068197 -0.002764 -0.015146 0.128564 0.052139 0.148114 0.007598 0.187678 -0.118611 -0.110456 0.021209 -0.040543 
-0.020625 0.011145 -0.041879 -0.007121 -0.059999 0.095192 -0.173504 -0.068717 0.126749 -0.111174 -0.002741 -0.024198 -0.218267 0.004424 0.044977 -0.195382 -0.082747 -0.001284 0.011234 0.143743 -0.113241 -0.161400 0.111794 0.037332 0.224432 -0.034936 0.242493 0.148686 0.020428 -0.193696 0.001933 0.575319 0.027397 0.130812 -0.000682 0.132166 -0.035056 0.087814 -0.098686 -0.251845 0.188535 0.000939 -0.055335 0.146898 -0.093828 -0.041509 -0.060220 -0.030203 0.102153 0.128805 0.028545 0.010493 0.137999 -0.076561 -0.032980 0.129435 0.040813 0.131935 -0.140855 -0.017225 0.147498 0.041438 -0.146988 0.031203 
-0.055291 0.028030 0.002606 -0.118964 -0.012032 -0.057684 0.035718 -0.011262 -0.096432 0.102261 -0.075462 0.029111 -0.143740 0.006587 -0.153806 0.075261 0.027689 -0.018261 0.087993 0.004109 0.011142 -0.351935 -0.013345 -0.057472 0.171804 -0.114294 -0.024672 0.272803 -0.101021 -0.096469 -0.001779 0.253139 0.039835 -0.155806 0.076910 0.121863 0.056462 -0.000354 -0.144145 -0.071736 -0.050926 0.081616 -0.000017 -0.060176 -0.092941 0.012177 -0.223186 0.148498 -0.152581 0.088164 -0.024614 0.065414 0.144928 0.104004 -0.152538 0.074108 0.024206 0.051381 0.053915 0.063736 -0.045337 -0.107804 0.237588 0.140069 
-0.102782 -0.055163 0.074259 0.075051 0.144852 -0.200501 -0.139582 -0.085963 0.001323 0.046663 0.024333 -0.146739 -0.009151 0.050092 -0.152083 0.025863 0.041363 0.041486 0.051926 -0.043499 -0.013545 0.048576 -0.111755 -0.146644 0.058704 0.112020 0.157007 -0.171227 -0.156681 -0.169478 -0.131934 -0.220916 0.034972 0.049996 -0.151069 -0.003455 -0.015809 -0.158551 0.067288 -0.039404 0.117272 -0.121244 -0.089971 -0.037031 0.185129 0.059693 -0.108541 0.001229 -0.097476 0.102047 0.116487 0.067265 0.073340 -0.173562 0.063039 -0.008758 0.103470 -0.014702 0.050682 0.135044 0.023815 0.081822 -0.186228 -0.094971 
-0.054702 -0.195521 0.026224 -0.127416 -0.081849 -0.171289 0.065392 -0.101076 -0.166917 -0.098004 -0.046119 0.015187 -0.246336 0.044150 -0.194724 -0.173882 0.056354 0.108178 0.075260 -0.042044 0.110155 -0.151069 0.109983 0.082498 -0.157165 -0.052042 0.041442 -0.072554 -0.075592 -0.072920 0.089988 -0.173107 0.037940 -0.052557 -0.178336 -0.147966 -0.157410 -0.194805 -0.153650 -0.091719 0.000160 -0.082546 0.005662 0.020288 -0.031537 -0.104762 -0.005815 -0.130239 0.033786 -0.032020 -0.011459 0.090450 -0.073507 -0.083868 0.013695 -0.086972 0.068513 -0.174355 0.105527 -0.190391 0.026622 -0.007080 -0.061479 0.034534 
-0.117485 -0.065162 0.024661 0.137632 -0.028129 0.066586 -0.143750 -0.128371 0.012774 0.169922 0.025459 0.106381 0.056151 -0.010002 0.124010 0.072634 -0.136072 -0.059285 0.008530 -0.075628 0.047980 -0.085873 0.004193 -0.007440 -0.049500 -0.057159 0.035534 -0.089351 -0.151395 0.037533 0.062130 -0.042749 0.117887 -0.032816 0.128500 -0.037756 -0.233896 0.158220 -0.081519 -0.068840 0.096240 0.153722 -0.059714 0.053416 0.014053 -0.110853 -0.051570 0.028188 -0.029951 0.092557 0.091961 -0.126427 0.144472 -0.074996 -0.002102 -0.105482 0.051545 -0.097412 -0.085039 0.118252 0.069440 0.159833 0.129349 0.157689 
-0.112313 0.015964 -0.106279 -0.158751 0.022202 -0.159753 -0.009368 -0.039062 -0.219302 0.114527 -0.177664 0.125709 -0.201468 -0.078070 -0.021912 -0.117808 -0.052923 -0.097699 -0.026969 -0.125513 -0.124148 -0.342314 -0.064674 -0.122493 -0.022288 0.023155 0.150372 -0.156498 0.010620 -0.194343 -0.140336 -0.102719 0.101373 -0.099338 -0.213430 0.166974 -0.253667 0.025441 -0.155264 -0.142764 0.087435 -0.117890 -0.351220 0.123089 0.086890 -0.095126 -0.087672 -0.162450 -0.039250 -0.112137 -0.157897 -0.211723 -0.008691 -0.122645 -0.056099 0.114718 -0.148369 -0.140399 -0.110249 -0.013237 0.060920 -0.110823 -0.176650 -0.177547 
-0.372436 -0.139051 -0.125776 -0.195071 -0.108831 -0.082320 -0.070354 -0.413902 -0.271531 -0.370304 0.026906 -0.080133 0.327229 -0.138924 0.682171 -0.200460 -0.024468 0.043339 -0.083540 -0.114191 -0.453122 -0.375461 -0.149544 -0.078606 0.089489 -0.100980 0.268973 0.349374 -0.061799 -0.501679 -0.066872 0.454944 0.202249 -0.154806 0.430039 0.135407 -0.147440 -0.182363 -0.603549 -0.137413 -0.108288 0.181858 -0.213873 -0.049871 0.072164 0.001966 -0.406547 -0.178756 -0.305960 0.037262 -0.157610 -0.141151 -0.136134 0.016082 -0.701265 -0.143512 -0.265511 -0.064777 -0.107451 0.130698 -0.603149 0.009183 -0.164711 -0.231979 
-0.157122 0.051082 0.042312 -0.147124 0.047518 -0.006085 0.062273 -0.116313 -0.100799 -0.127639 -0.000758 -0.117455 -0.087569 0.219400 -0.042289 0.016215 0.159612 0.026036 -0.087018 0.144959 0.058203 -0.001864 -0.078893 -0.113125 -0.074154 0.006727 -0.139176 -0.102728 -0.032152 -0.065428 -0.116209 0.051553 -0.226829 0.175199 0.073823 0.145551 -0.173401 0.055727 -0.147983 -0.228974 0.093141 -0.140223 -0.138515 0.134207 0.177722 -0.084397 -0.005160 0.184801 -0.083990 0.047251 0.108712 -0.001328 -0.114790 -0.201848 0.027998 -0.048186 0.026338 -0.027610 0.109179 -0.078662 0.091218 0.160741 -0.345594 0.087958 
-0.273363 0.130143 0.047856 -0.282915 0.017934 0.030213 -0.139365 -0.049924 0.004160 -0.126599 -0.400532 0.083401 -0.022792 0.050911 0.024754 -0.019385 -0.037980 0.050656 -0.405415 0.036256 0.013919 0.131620 -0.155350 0.020606 0.144027 0.065714 0.042734 -0.367092 0.002986 0.024113 0.115579 -0.318035 0.000595 0.007771 0.067396 -0.027912 -0.058297 -0.010489 -0.034900 -0.174603 -0.113974 -0.062223 -0.137006 0.080320 -0.335380 -0.135667 -0.052416 -0.019035 -0.101967 -0.054507 -0.060497 0.189425 -0.181955 -0.077281 -0.166887 0.034231 -0.205246 -0.252404 0.094897 -0.048449 -0.096383 -0.018399 0.187988 -0.030313 
-0.042073 -0.016801 0.133623 0.079016 -0.119872 0.073753 -0.096837 -0.077537 -0.140026 0.012948 -0.064806 -0.070229 0.103340 0.046190 -0.136687 0.025189 -0.111742 -0.084254 -0.090781 -0.055789 0.002709 -0.189798 -0.139826 -0.029950 0.099273 0.129588 -0.104100 -0.113928 0.031095 -0.191733 0.077305 -0.131654 -0.157319 0.042549 0.052670 0.017255 0.015436 0.136504 0.108545 0.041837 -0.030246 -0.119098 0.139972 -0.156612 0.111488 0.126152 0.022471 0.149576 -0.327862 0.131041 -0.051991 0.106078 -0.059872 -0.039762 -0.097035 0.056825 -0.067687 -0.021830 0.112448 0.118310 -0.007445 0.025010 0.322790 -0.047341 
-0.069568 -0.009720 -0.033868 0.036653 -0.064902 -0.103948 0.001108 0.025210 -0.138756 0.002864 0.095400 -0.039219 -0.082132 0.023114 0.072416 -0.045025 -0.040453 0.038019 -0.100281 0.039110 0.067096 -0.102668 -0.021627 -0.069726 0.081527 -0.058782 -0.116815 -0.128061 0.117225 0.068303 -0.148453 -0.067762 -0.101165 0.023773 -0.144627 0.036490 -0.002857 -0.004924 -0.261068 -0.238418 -0.172362 -0.116159 -0.064380 -0.012612 0.045533 0.083270 0.163670 -0.104380 0.027610 -0.146409 0.131459 -0.131558 -0.032643 -0.077565 -0.070230 -0.144588 -0.030018 0.077918 -0.061307 0.002537 0.058192 -0.034194 -0.099407 -0.022456 
0.034728 0.157668 0.031107 -0.043760 -0.033502 0.072988 0.041894 -0.014910 -0.156909 -0.100184 0.035054 0.105963 0.076532 0.190133 0.106250 -0.039230 0.163182 0.155086 0.050229 -0.050875 -0.099519 -0.035808 -0.017129 0.099391 -0.096262 0.064790 -0.041031 0.064015 -0.125636 -0.141221 0.075150 0.033641 -0.256261 0.050316 -0.032782 0.000954 -0.097470 -0.084267 0.035682 -0.083740 -0.018833 0.050091 -0.126602 -0.027134 0.014019 -0.144247 0.053162 0.040901 0.080932 0.007301 0.047541 -0.112989 0.141542 -0.163106 0.093707 0.155156 0.077256 -0.120288 0.127135 -0.160105 0.016921 0.054870 -0.021257 0.023044 
-0.199599 -0.093913 -0.137048 -0.187069 0.028042 0.097960 0.037085 -0.140693 -0.004561 -0.043022 -0.130494 -0.113328 0.143273 -0.120296 -0.124631 0.045886 0.005105 -0.105290 0.107363 0.074808 -0.151013 0.112679 0.078325 -0.071626 -0.082466 0.206294 -0.148724 0.001599 0.143806 -0.117229 -0.046249 -0.033791 -0.188423 -0.083683 0.271755 -0.032798 -0.137671 -0.012163 -0.005250 -0.183963 -0.092498 -0.161243 -0.018364 -0.163732 -0.012640 -0.107012 -0.356517 -0.073787 -0.278992 0.122505 -0.115249 0.104225 0.113461 0.263514 -0.186026 -0.109629 0.024229 -0.226625 0.077097 -0.047246 -0.183789 -0.094242 0.003993 0.095002 
-0.417438 -0.214860 -0.020946 -0.366562 -0.046944 -0.463948 -0.076313 -0.396357 -0.713788 -0.254229 -0.371870 -0.111215 -1.010316 -0.325955 -0.263578 -0.188607 -0.217036 -0.077996 -0.414566 -0.185258 -0.411279 -0.652631 -0.083632 -0.027565 -0.954509 -0.236980 0.261313 0.012903 -0.057466 -0.067972 -0.035990 0.097168 -0.006548 -0.293332 -0.134792 -0.138224 -0.765805 -0.386049 -0.731343 -1.006831 -0.045363 -0.191452 -0.283931 -0.080717 -0.357061 -0.190082 -0.319972 -0.143976 -0.712849 -0.120074 -0.103903 -0.395670 -0.207588 -0.031221 -0.436282 -0.026845 -0.350790 -0.313758 -0.162452 -0.245932 -1.772620 -0.109311 -0.030192 -0.264202 
-0.067963 -0.117778 -0.166760 0.203240 -0.009514 -0.022506 -0.282093 0.008759 -0.157306 -0.002781 -0.180767 0.013698 -0.154988 0.054234 0.278744 -0.032227 0.064638 0.114150 -0.129603 -0.113635 -0.045917 -0.098340 -0.140958 -0.075284 0.150743 -0.358081 0.201352 0.475811 0.010942 -0.065733 0.009082 0.379694 -0.005963 0.151648 -0.261960 0.009591 -0.020688 0.006837 0.016665 -0.239151 0.037234 0.002216 -0.238780 -0.101132 -0.090116 -0.204036 0.178678 0.232476 -0.134070 -0.161460 -0.107685 -0.073250 -0.059305 -0.182031 0.009967 -0.116024 -0.159907 -0.209787 0.070689 0.095968 -0.149006 -0.115424 -0.052443 -0.029339 
0.007056 -0.099710 0.134588 0.010684 0.118205 0.011127 -0.007633 0.009036 -0.008522 0.043151 -0.000768 -0.154586 0.012348 -0.019133 -0.211405 -0.054662 0.032392 -0.125786 -0.047502 -0.136848 -0.081206 -0.122587 -0.089077 0.019981 -0.052762 0.210751 -0.002260 0.068340 -0.138203 0.037894 0.003443 0.027775 0.095524 -0.018464 0.088013 0.098615 -0.224247 -0.154539 -0.054692 0.061917 0.067022 -0.141584 0.087398 -0.069881 -0.028610 0.097907 0.026413 -0.088867 0.103057 -0.090690 -0.065111 -0.082940 -0.069839 0.042540 0.078441 0.050193 -0.039747 -0.167055 0.040993 -0.033930 0.078141 -0.110062 -0.028121 0.160411 
0.021629 0.011982 -0.018132 -0.028379 0.065338 0.082363 0.360859 -0.177274 -0.190155 -0.113927 0.185864 0.005194 -0.083383 0.419740 0.204073 -0.084661 0.008984 -0.074917 0.402984 -0.070220 -0.051255 0.462875 0.093463 -0.140539 -0.079479 -0.302326 -0.179965 0.554938 0.179456 0.083382 -0.092042 0.386078 0.122746 0.052966 -0.388773 -0.002242 0.006810 -0.084472 -0.033319 -0.022517 -0.222818 -0.074229 0.327110 -0.002641 -0.248787 -0.258048 0.007477 0.128567 -0.008191 0.042267 -0.275776 0.546450 0.009531 -0.048311 -0.061011 0.003517 -0.080546 0.095995 0.010714 -0.337929 -0.091585 0.151747 -0.593350 -0.295421 
-0.112037 -0.132491 -0.063097 0.053882 -0.160046 0.013219 0.089421 -0.117176 -0.169627 -0.090808 -0.082381 -0.148494 0.206067 0.001137 -0.259222 -0.043947 -0.058110 -0.144580 0.166238 -0.038396 0.050817 -0.133949 0.064212 -0.062722 -0.055685 -0.029427 -0.122750 -0.062812 -0.049199 -0.025620 0.067281 -0.024704 -0.292198 -0.159898 0.035362 -0.100623 0.007805 0.004576 -0.060314 0.098969 0.092505 0.023186 -0.159628 0.034283 -0.088027 -0.110771 -0.276214 0.057866 -0.274006 -0.085231 -0.171695 -0.191721 0.102175 0.038353 -0.073496 -0.130959 0.058117 0.043601 -0.119196 0.018791 -0.103228 0.109882 0.258698 0.071717 
-0.229085 -0.070342 0.061523 -0.207424 -0.156023 -0.182650 0.026238 -0.339390 -0.199975 -0.359716 0.001665 0.090813 -0.134927 0.310893 -0.184659 0.159693 -0.162543 0.021658 0.086445 0.073812 0.062509 -0.254051 -0.149224 0.145949 -0.351031 -0.068635 -0.079459 -0.007620 -0.092842 -0.375030 -0.114094 -0.207636 -0.075268 0.054024 -0.535506 0.057633 -0.279627 -0.117102 0.124559 -0.068257 -0.134215 -0.043920 -0.235176 0.146216 -0.177779 -0.221854 -0.023396 0.009905 -0.004956 -0.019244 -0.109698 -0.196700 -0.132271 -0.076000 0.172316 0.054900 0.035106 -0.151458 -0.069447 -0.011827 -0.169805 0.030229 -0.697310 0.012564 
0.079359 -0.013262 -0.009066 -0.167197 -0.146768 -0.155597 -0.171427 0.219704 -0.412986 0.023386 -0.150291 0.038017 -0.436808 -0.111380 -0.091039 -0.147662 0.062970 -0.052638 -0.078337 -0.036661 -0.082545 -0.186447 -0.055159 -0.191603 0.006632 -0.093912 -0.149361 -0.115033 0.079068 -0.152183 -0.075511 -0.048398 -0.283421 0.091995 -0.170184 0.048658 -0.385561 0.034387 -0.401830 -0.435435 0.034981 -0.040506 -0.313497 -0.220474 -0.002539 -0.023068 -0.055660 0.036804 -0.541766 0.045461 -0.068575 0.053057 0.034369 -0.116708 -0.005692 -0.179446 -0.212960 0.096219 -0.004746 -0.118009 0.331570 -0.050978 0.677480 -0.419736 
-0.126246 -0.096201 -0.161953 -0.161207 -0.109299 -0.297097 -0.601051 -0.094045 -0.353779 -0.015745 -0.168462 -0.131089 -0.186342 -0.304716 -1.492779 -0.172455 -0.119586 -0.083388 -0.347381 -0.118180 -0.085189 0.128797 -0.094969 -0.243147 -0.037438 -0.125004 -0.149043 -0.909386 0.022276 -0.264369 -0.097923 -0.923224 -0.825717 -0.224930 -0.110361 -0.104490 -2.855608 -0.086607 -0.552540 -0.633833 0.025007 -0.310895 -0.493494 -0.015825 -0.075002 -0.104498 -0.240177 -0.065744 -0.511054 -0.045955 0.529330 0.119859 -0.052046 -0.222798 -0.329312 -0.051799 -0.084655 -0.077216 -0.115034 -0.037405 -0.878938 -0.165433 -0.506033 -0.343087 
-0.280500 0.089811 0.062874 -0.386628 -0.019654 -0.081457 -0.218117 -0.167447 -0.022928 -0.069480 -0.155157 -0.070456 0.089762 -0.202180 -0.177495 -0.060269 0.011975 0.094268 -0.330023 -0.068864 -0.057099 -0.048121 0.120720 0.080651 0.046786 -0.071970 -0.113911 -0.337098 0.038987 -0.398325 -0.075842 -0.644773 0.071361 -0.164037 0.034172 -0.020509 0.069979 -0.039274 -0.175930 -0.054665 -0.084730 -0.077797 -0.385285 -0.117140 -0.184329 -0.041958 -0.022576 -0.169308 -0.069900 -0.155593 -0.009280 0.076885 0.011705 -0.058489 -0.001716 -0.118295 -0.010400 -0.291884 -0.156034 -0.249952 -0.114568 -0.126849 -0.011857 0.054620 
-0.093135 -0.144146 -0.142969 -0.117389 0.111246 0.039185 0.079645 -0.112612 -0.163784 0.093691 -0.041743 0.023872 0.123138 -0.042744 -0.037711 0.019530 0.014832 -0.053521 -0.132519 -0.093896 -0.032814 -0.002556 -0.018039 -0.075813 0.010461 -0.011172 0.085472 -0.130824 0.232169 -0.057469 0.101606 0.061441 -0.170767 0.103122 -0.056412 -0.127901 -0.120019 -0.112658 -0.022280 -0.090660 -0.125005 -0.027469 -0.214234 0.150969 0.162925 0.072093 -0.040660 -0.014944 -0.077811 0.081132 -0.154581 0.316788 0.013788 0.129516 0.116791 -0.125033 -0.008160 -0.071728 -0.081921 -0.024818 -0.075196 -0.127219 0.023165 0.037271 
0.133075 0.108194 0.044381 -0.098296 -0.160762 -0.033535 0.068725 -0.170453 -0.087083 -0.139703 -0.056950 -0.010879 -0.022148 -0.006974 0.084307 0.101693 -0.055011 -0.067246 -0.089532 0.134539 -0.086830 -0.096443 -0.154717 0.090821 0.049910 -0.148080 -0.116694 -0.104832 -0.051322 -0.082213 0.010829 -0.347453 -0.023793 -0.059528 -0.025531 -0.006503 -0.333436 -0.019363 -0.128734 -0.096573 0.062947 -0.032191 0.015926 -0.004083 0.097287 -0.064807 -0.001816 -0.075844 0.059850 0.122506 -0.056309 -0.146712 -0.058809 -0.138040 -0.209624 -0.167341 -0.013230 -0.226699 -0.153908 0.089139 0.043535 -0.019809 -0.091026 -0.072358 
0.028584 0.127054 0.063940 0.140079 0.039589 -0.117637 -0.069305 -0.055802 0.062797 -0.033481 0.033487 0.080381 0.166435 0.017542 0.070305 0.167694 -0.009477 -0.051638 -0.124803 0.057395 0.026061 -0.126936 0.070827 -0.129649 -0.067753 0.122162 0.124262 -0.149021 0.076674 -0.012247 -0.040536 0.155827 -0.211921 -0.015672 0.189104 0.080411 -0.056021 -0.101419 -0.204448 -0.100677 0.017164 0.143085 0.081510 -0.001902 -0.114909 0.072501 -0.058703 0.079359 0.056717 0.037999 -0.253961 0.223010 0.140118 0.169298 0.000958 -0.122877 0.096014 -0.042728 -0.048954 -0.125750 -0.062187 0.053756 -0.132960 0.032710 
-0.136855 -0.185270 0.248107 0.143335 0.009793 0.095405 -0.165479 -0.040977 
0.098685 0.273270 -0.179406 -0.083688 -0.111864 0.011945 -0.186767 -0.138713 
-0.037579 -0.042162 0.055121 -0.061124 -0.011700 -0.078378 -0.063254 0.099998 
0.408431 0.184864 -0.073540 -0.278289 -0.029041 0.254054 -0.117090 0.023902 
-0.088821 0.012883 0.107259 -0.017557 -0.090960 -0.079525 -0.126013 -0.013939 
-0.005972 -0.098746 0.082703 0.275511 0.052310 0.051571 0.074362 0.028278 
0.139390 0.064512 -0.123719 0.056320 0.540854 0.057156 -0.059379 0.045229 
-0.067634 0.212357 -0.012568 -0.172494 0.085124 0.027912 0.014117 0.142885 
0.095245 0.031949 -0.296547 -0.076409 -0.341361 -0.273168 0.161228 0.075777 
0.156926 0.188351 0.023179 -0.018825 0.007889 0.097112 -0.041193 -0.012050 
0.170906 -0.392310 -0.023083 0.296409 -0.037161 0.118404 -0.063625 -0.164042 
0.064268 0.046927 -0.067438 -0.078462 0.130407 -0.048202 -0.065639 0.045285 
0.154086 -0.379133 -0.080820 0.205503 -0.059484 -0.040767 -0.103415 -0.150032 
0.027915 -0.030122 -0.082106 -0.044667 0.150045 -0.444306 0.195973 0.123458 
-0.469462 0.276917 1.069220 0.406233 0.714273 0.540007 -0.229748 -0.072470 
0.138099 0.028083 0.054007 -0.164526 0.148985 0.123126 -0.098338 0.001431 
0.110629 0.080704 0.113409 0.172503 0.184896 -0.122846 0.015906 -0.081316 
0.024406 0.104114 0.004511 0.192600 0.226507 -0.079271 0.058237 0.124145 
0.032991 -0.358675 -0.196762 0.450674 -0.103440 -0.103831 0.334270 0.230961 
-0.079886 -0.021269 0.031197 -0.068221 -0.021163 -0.100728 -0.034657 -0.033013 
0.069902 0.180118 -0.052193 -0.177733 0.314274 0.124324 -0.048569 -0.027537 
-0.066753 -0.058700 0.039941 -0.051532 -0.228137 -1.171722 0.526274 0.190642 
0.084602 0.047651 -0.046367 0.126324 -0.067180 -0.082106 0.059284 -0.065214 
0.101148 0.013978 -0.083372 0.009520 0.118103 0.003716 0.080411 -0.002169 
0.075160 -0.139893 0.068422 0.160821 -0.185222 0.131362 0.209425 0.218147 
-0.200418 0.048723 0.124430 -0.011097 -0.082847 0.178103 0.215811 0.389821 
-0.022389 0.593998 0.285141 0.072913 -0.212824 -0.221946 0.213607 0.198317 
0.053951 0.401467 0.546170 1.222968 -0.016493 -0.099094 -0.087476 -0.138874 
-0.077071 0.014152 0.019370 0.061519 -0.205967 0.119258 -0.379503 0.317209 
-0.379963 -0.059418 0.371022 0.045626 -0.710043 -0.275497 0.099338 -0.092864 
0.037981 -0.100838 -0.050417 0.028959 0.046083 -0.089600 -0.086508 0.081877 
-0.450931 -1.055524 0.330498 1.008153 0.118198 0.074824 -0.076327 -0.028488 
-0.206991 0.172562 0.603068 0.560231 0.517276 0.250677 -0.110408 0.046655 
0.094233 0.018162 -0.081753 -0.059837 0.448541 -0.219937 0.154906 0.037564 
0.023526 0.242074 0.085790 0.010494 -0.147216 0.140254 0.273809 0.602503 
0.009693 0.142825 0.154210 0.005335 -0.004495 -0.064071 0.017988 0.006808 
0.065815 0.224537 0.448441 0.794804 0.100815 0.035134 -0.083320 -0.042450 
0.332809 0.289374 -0.327839 -0.201891 -0.114828 -0.137641 -0.045517 0.019133 
-0.561225 -0.565219 0.598671 0.311132 -0.009403 0.061272 0.110726 0.137078 
0.009351 0.159289 0.111047 0.262937 0.610038 0.343578 -0.173631 -0.063991 
-0.066657 -0.053063 0.094593 0.038667 0.012578 -0.050010 0.081585 -0.016810 
0.044394 0.274644 -0.058490 -0.060678 0.755573 -0.102524 -0.073165 -0.025773 
0.330661 0.233080 -0.194429 -0.188088 0.454973 -0.058537 -0.025877 0.008544 
-0.084554 0.063937 -0.100120 0.061160 0.286861 -0.075786 0.044346 0.004320 
0.083609 0.148469 -0.030205 0.030835 -0.058020 -0.192599 0.037960 0.046535 
0.074862 0.128155 0.067222 -0.019293 -0.083095 0.046281 -0.105789 -0.199735 
0.050944 0.255232 0.064517 -0.159048 0.063689 0.265712 -0.090492 0.023508 
0.060506 -0.017196 -0.105300 0.079068 0.264614 -0.280187 0.127377 0.014845 
0.197334 0.184138 -0.243923 -0.093797 0.341321 0.283211 -0.118894 -0.094318 
-0.098445 -0.033871 0.010728 -0.035791 -0.035960 -0.083802 -0.058337 -0.070132 
0.554726 -0.045850 -0.486150 0.097550 -0.296041 -0.002073 -0.019697 -0.047962 
-0.039006 0.010829 0.069923 0.013140 0.171180 0.748523 0.406022 0.790576 
0.322016 0.252638 -0.098670 -0.156906 -0.007855 -0.056296 0.041381 -0.137143 
0.085184 -0.055451 -0.048337 0.132613 -0.023387 -0.017905 0.271519 0.317436 
-0.167932 0.130259 0.107147 -0.080931 0.060100 0.207202 -0.073178 -0.016874 
-0.051567 -0.004116 -0.009623 0.210041 0.080925 0.069147 -0.060953 -0.087513 
-0.229071 -0.186306 0.182364 0.044571 -0.031248 -0.051776 -0.002549 0.032600 
0.150860 -0.288309 -0.038540 0.183705 -0.131619 0.017464 -0.063531 0.039298 
0.035222 0.032254 -0.018520 -0.003527 0.238501 -0.083427 0.035866 -0.043891 
0.031573 0.232503 -0.037251 -0.149211 -0.049671 -0.028259 0.010602 -0.098980 
-0.343681 -0.063219 0.437469 -0.078979 -0.137155 -0.036430 -0.004387 -0.022800 
-0.048848 -0.015022 -0.105471 0.176219 0.079050 -0.289477 0.095000 -0.048060 
0.120264 -0.021070 -0.145973 0.179218 0.110084 -0.182052 -0.021827 -0.060087 
-0.373697 0.311582 0.392757 0.068602 0.012263 -0.208227 0.361276 0.324866 









0.000000 
0.000000 
0.000000 
0.000000 
0.000000 
0.000000 
0.000000 
0.000000 
-0.332039 
-0.292715 
-0.550495 
-0.825337 
-0.851667 
-0.403441 
-0.316741 
-0.820749 
-0.753806 
-0.695078 
-0.427040 
-0.584181 
-0.695429 
-0.928259 
-0.350880 
-0.334463 
-0.451759 
1.178682 
1.442144 
-0.531074 
-0.722127 
-0.375880 
-0.098134 
-0.748542 
0.175545 
-0.566244 
-0.323538 
-0.515932 
-1.721303 
-0.390584 
-0.007756 
-0.676743 
-0.774597 
-0.454976 
-0.494830 
-0.010968 
-0.548379 
-0.421432 
0.673152 
-0.058935 
-1.671929 
0.006628 
-0.283992 
0.099465 
-1.072730 
-0.570301 
-0.484474 
-0.310156 
-0.951245 
-0.425169 
-0.443812 
-0.667411 
-0.980473 
1.043763 
-0.679240 
-0.212034 
-0.266247 
-0.006224 
-0.364827 
-0.334197 
-0.643947 
-1.926757 
-1.580589 
-0.337457 
-0.183193 
-0.224628 
-0.303206 
-0.120447 
-0.893436 
-0.414295 
-0.906350 
-0.233334 
1.401790 
-0.517227 
0.209808 
-0.349417 
-0.621814 
-0.618962 
-0.069207 
-0.066805 
-0.363855 
-0.133199 
-0.600938 
-0.070004 
-0.094219 
-0.521584 
-0.613717 
-0.243049 
0.643683 
-0.647622 
-0.606541 
-0.206816 
-0.049112 
-0.267564 
-0.269368 
-0.110156 
-0.019344 
-1.669036 
-0.747525 
-1.057106 
-0.444221 
-0.870202 
-0.573645 
0.249937 
-0.043946 
-0.034459 
-0.193614 
-0.008267 
-0.167457 
-0.754828 
-0.233662 
-0.165126 
0.616944 
-0.398794 
-0.200482 
-0.271544 
-0.128972 
0.433941 
-0.888729 
-0.228861 
-0.181370 
-0.336595 
-0.606612 
-0.018526 
-1.075974 
-0.127669 
-0.150555 
1.108916 
-0.082316 
-0.731763 
-0.819024 
-0.146653 
-0.040210 
-0.595204 
-0.195437 
-0.529102 
-0.162491 
-0.013508 
-0.188576 
0.030756 
0.007195 
0.238303 
-0.893644 
-0.024632 
0.039032 
-0.059539 
-0.046827 
-0.217869 
-0.060053 
-0.811872 
1.844097 
-0.010825 
-0.342211 
-0.484665 
0.670173 
-0.225439 
-0.315085 
2.308249 
-0.019648 
-0.171209 
-0.488808 
-0.141363 
-0.467563 
1.235528 
-0.436603 
2.295593 
-0.165951 
3.099409 
0.769846 
-0.652324 
-0.413150 
0.006887 
2.115478 
-0.025910 
-0.108264 
0.080380 
0.136638 
-0.520861 
-0.097370 
-0.421287 
-0.008238 
-0.078374 
0.213784 
-0.701576 
-0.261141 
-0.167710 
-0.338805 
-0.308271 
-0.147515 
-0.061360 
0.061202 
-0.256287 
-0.036690 
-0.111832 
-0.418486 
0.046626 
-0.404804 
-0.626941 
0.128429 
-0.440016 
0.160030 
0.707456 
-0.092361 
-0.554400 
1.683283 
3.302765 
-1.879261 
-0.928154 
3.791000 0.343948 0.248230 
