-0.281342 -0.044762 0.263413 -0.103672 0.968377 0.130565 0.075087 0.086968 0.181364 0.299484 0.032011 -0.012949 0.113071 0.180630 0.126087 -0.041494 0.195820 0.132204 0.050106 0.321610 0.232106 -0.155750 0.141527 -0.230096 0.070132 -0.157973 0.151585 -0.180052 -0.086541 -0.200342 0.138568 0.178080 
0.100740 -0.258705 -0.010343 -0.237520 0.674847 -0.235660 -0.172979 -0.368538 0.136529 -0.081817 0.099709 0.257888 0.072173 0.422763 0.123093 -0.382870 0.055671 0.267892 0.002591 0.165479 0.095785 -0.351968 0.032386 0.179991 0.148818 -0.071141 0.175879 -0.207666 0.165449 0.011191 0.139097 -0.192550 
-0.182957 -0.110709 -0.243125 -0.073705 -1.257839 0.075853 0.168329 -0.137066 -1.074537 -0.196972 -0.298831 0.174026 -0.333761 -0.216474 0.217412 -0.297024 -0.057467 -0.267513 -0.424866 -0.284659 -0.174137 -0.006039 -0.313831 -0.223221 -0.369395 0.115616 -0.032015 -0.136670 -0.102676 0.032462 -0.080870 -0.538459 
-0.087684 -0.253747 -0.752007 -0.781687 -1.694391 -0.254628 0.189742 -0.593996 -1.916431 -0.682700 -0.269381 0.441957 -0.064322 0.401737 0.607427 -0.986681 -0.180639 -0.371323 -0.397206 -0.364853 -0.114727 -0.445683 -0.032478 -0.452384 -0.240082 0.186222 -0.204124 -0.227011 0.029332 0.267381 -0.079524 -0.066268 
-0.124955 0.072634 0.166166 -0.053971 -0.195526 0.718066 -0.087612 0.022558 -0.159000 -0.313578 -0.163098 -0.393560 0.113625 -0.255213 -0.322083 -0.226703 -0.541378 0.207413 0.147370 0.596962 0.083738 -0.277300 -0.033101 0.566254 -0.070174 -0.070416 0.402052 0.403627 -0.024960 -0.185441 -0.150259 -0.082439 
-0.289616 -0.146501 -0.339149 -0.054413 -0.376801 -0.431114 -0.323764 -0.291295 -0.377739 0.258408 -0.276993 -0.142045 -0.143334 -0.149300 -0.026488 -0.063446 -0.063835 -0.061695 -0.084587 0.048674 -0.197948 0.072341 0.053564 0.025645 -0.243471 0.037689 -0.341781 -0.118740 0.245252 -0.180725 -0.113243 0.034204 
-0.097098 -0.103983 0.080357 0.045819 0.461188 0.513893 0.437000 0.118458 0.455510 0.362473 -0.238098 0.639806 -0.056375 -0.041349 -0.068431 -0.089529 0.013017 0.487421 0.059237 0.174384 0.402932 -0.006400 0.277811 0.419573 0.089569 -0.070732 0.154611 -0.274319 -0.316108 0.512014 0.184405 0.025188 
0.467797 0.341294 0.159966 0.072833 -0.024563 0.119072 0.034195 -0.207689 0.281813 -0.018803 0.302024 0.672595 0.091388 0.007569 0.022336 0.017979 -0.043843 -0.041790 0.058397 -0.004972 0.316341 0.569382 -0.241691 -0.120665 0.112115 -0.189424 0.202265 0.151419 -0.299692 0.157448 -0.204281 -0.177026 
0.175747 0.298848 -0.070984 0.022789 0.104309 -0.097395 0.021141 0.164776 0.264058 0.014852 -0.049223 -0.069812 0.074678 0.134500 -0.109859 -0.131793 
0.073789 -0.300997 0.053006 -0.037373 0.111787 0.048085 -0.016145 -0.037712 0.117386 0.059314 0.086451 -0.245350 -0.009858 0.017638 -0.029419 0.084974 
-0.201987 -0.418571 -0.097470 -0.617424 -0.186893 0.064584 -0.210180 -0.166368 -0.068758 -0.498959 0.121386 -0.209542 -0.224377 0.048281 -0.080764 -0.101214 
-0.061211 0.846387 -0.200839 0.000625 -0.125947 -0.062431 -0.638700 -0.149389 0.964689 -0.027040 0.188070 -1.049814 0.008776 -0.143575 -0.893680 0.020691 
-0.100489 -0.225924 -0.175285 -0.134766 -0.061218 -0.021191 -0.247936 0.512060 -0.133154 0.830613 -0.076417 -0.198257 -0.151199 -0.126579 -0.252314 0.017984 
0.225166 -0.715297 -0.139275 -0.472987 -0.060500 -0.015420 -0.055630 -0.071640 0.044249 -0.350188 0.548528 -0.120785 -0.018739 -0.153669 -0.093954 -0.033871 
-0.298634 -0.433750 -0.075036 -0.126997 -0.152328 -0.091113 0.022637 -0.705585 0.504786 0.212206 -0.155118 -0.238782 0.140233 -0.007321 -0.272707 0.092724 
0.130820 -0.223998 -0.111940 -0.535058 -0.044370 -0.029892 -0.402952 0.041683 -0.030074 -0.456719 -0.142177 0.073944 -0.125098 0.035285 0.113127 -0.082235 
0.046758 -0.061186 -1.266194 -0.182488 -0.581778 -0.024034 -0.874551 -0.540813 0.172310 -0.224097 0.247657 -1.049855 0.335955 -0.059032 -1.326965 0.055927 
0.060406 0.005536 -0.156381 -0.601246 -0.218693 -0.020967 -0.309575 -0.241151 -0.058479 -0.395553 0.048013 -0.122097 -0.131059 0.102618 0.079375 -0.082299 
0.124667 0.118554 -0.083902 -0.230322 -0.055222 -0.074727 -0.050191 -0.037207 -0.036663 -0.036085 0.101170 0.005640 -0.160658 -0.105913 0.000965 0.139086 
0.349087 -0.011635 0.040267 0.070559 -0.100124 -0.090460 -0.295748 -0.420016 0.799662 0.265063 0.354247 -0.671829 -0.049614 0.016059 -0.456585 -0.080769 
-0.189749 -0.100177 0.466569 -0.144253 -0.092812 -0.069402 -0.179475 -0.025932 0.196096 0.071240 0.118231 -0.131242 -0.127977 0.115636 -0.486576 -0.246089 
0.008847 0.058519 -0.018077 0.054615 -0.107148 0.046819 -0.153516 -0.315753 0.290684 0.148649 0.436332 -0.160776 -0.055518 -0.057880 0.039305 -0.058028 
-0.036484 -0.141191 0.108010 -1.126966 -0.215710 0.153468 -0.488245 -0.252159 -0.103888 -0.833311 -0.081420 -0.403276 -0.321574 -0.114915 -0.179878 -0.079904 
-0.105614 0.688324 -0.438710 0.060567 0.150719 -0.001065 -1.474788 -0.359197 3.395685 0.195421 -0.148568 -2.506812 -0.214904 -0.047232 -1.922970 -0.253024 
-0.212722 -0.377465 -0.150026 -1.831883 -0.450728 -0.061310 -0.842618 -0.361352 0.585402 -1.220212 0.627836 -0.215678 -0.265661 -0.108240 -0.148433 -0.350292 
-0.174398 -0.114008 0.204835 -0.577524 -0.354569 -0.005482 -0.308831 -0.127911 -0.050929 -0.533435 -0.104126 -0.036245 -0.049927 -0.149636 -0.105748 -0.190673 
-0.124473 -0.320214 -0.142114 -0.986666 -0.231705 -0.040068 -0.326529 -0.287936 -0.064328 -0.898449 0.009260 -0.214306 -0.310862 -0.051032 -0.116110 -0.158232 
-0.095085 -0.799829 -0.302536 -0.197566 -0.099733 -0.128174 -0.220416 -0.381069 -0.244057 -0.309981 0.589339 -0.778281 -0.253480 0.002384 -0.343427 -0.030787 
-0.040585 -0.032747 -0.004642 -0.769169 -0.242498 -0.125846 -0.573694 -0.138684 0.357561 -0.418676 0.171611 -0.169594 -0.242120 -0.014135 0.029740 -0.013623 
-0.117032 0.101176 -0.032099 -0.061964 0.052660 0.132961 -0.148846 -0.061950 0.597371 0.095259 0.168060 -0.249631 -0.104741 -0.057732 0.015660 0.037937 
-0.207904 0.114996 0.080606 -0.199796 -0.183801 0.065319 -0.093425 -0.161498 0.111558 -0.059242 0.159705 0.041938 0.126911 0.056690 -0.036985 -0.139343 
-0.230659 -0.509183 -0.162358 -0.206425 0.230646 -0.119159 0.027578 0.064671 -0.126301 -0.080993 0.165811 -0.173143 -0.200052 0.061706 -0.254168 -0.154518 
-0.044861 0.077359 -0.140425 -1.363088 -0.313511 -0.041478 -0.799453 0.057485 -0.011853 -0.877707 0.110903 -0.013419 -0.348643 -0.129486 -0.164490 -0.075111 
-0.369932 -0.185161 -0.007912 0.077531 -0.035637 -0.056189 -0.066159 -0.898345 0.087146 0.176088 -0.498444 0.146928 -0.054778 0.070455 -0.120667 -0.153851 
-0.213111 -0.759539 -0.445568 -0.150130 -0.170290 0.086181 0.110720 -0.063125 -0.219267 0.082495 0.028567 0.434809 0.221532 0.013238 -0.308195 -0.069989 
-0.009426 -0.147808 0.091946 0.147345 0.037225 0.033297 -0.030095 0.004256 -0.112748 -0.117881 0.245261 0.019763 0.084674 0.042637 0.092896 -0.016594 
0.063987 0.048205 0.033660 -0.082505 -0.041621 0.017188 0.062363 -0.256432 -0.236602 -0.182756 0.089959 -0.164373 -0.001340 0.148311 0.121246 -0.149002 
-0.304852 -0.510774 -0.249072 -0.016695 -0.143408 -0.008093 -0.190087 -0.246564 0.527549 -0.044193 -0.013585 -0.391005 -0.052916 -0.168525 -0.396487 -0.217187 
0.014514 -0.309490 0.112310 -0.205219 0.079384 -0.088728 0.020700 -0.183785 0.491304 -0.241306 0.459180 0.014305 -0.177464 -0.086364 -0.074448 -0.054098 
-0.259915 -0.300829 -0.161942 -0.743877 -0.190846 0.055504 -0.513615 -0.270197 0.233172 -0.541120 0.073030 -0.199031 -0.126871 0.126075 -0.021479 -0.128037 
0.108371 -0.197350 0.009363 0.679055 -0.032834 0.394971 -0.217323 0.000297 -0.173037 -0.104251 -0.077852 -0.090273 0.387992 -0.137683 0.065122 0.044755 
-0.221634 -0.479070 -0.428687 -0.257589 -0.390709 -0.324649 -0.204924 -0.386549 -0.120494 -0.854371 -0.424021 -0.185891 -0.539882 -0.074439 -0.249561 -0.241514 
-0.018011 -0.155013 -0.242482 -0.405845 0.494544 0.151045 -0.104571 -0.092608 -0.321960 -0.295000 -0.306393 -0.241674 -0.279036 -0.112451 0.005005 -0.182267 
-0.922776 -1.042253 -0.322677 -0.202751 -0.609971 -0.116673 -0.925626 0.018435 -0.741893 -0.093439 -0.488283 -0.276070 -1.833207 -1.202194 -0.620050 -0.138641 
-0.079013 0.095877 0.151173 -0.405874 0.191862 -0.057353 -0.304642 0.041782 -0.064770 -0.151244 -0.147278 -0.102401 -0.120159 0.053906 -0.091449 0.056247 
0.029955 -0.227808 -0.219505 0.079109 -0.179426 -0.005027 0.016659 0.190572 -0.090198 -0.061508 -0.025486 0.229134 0.181258 -0.157288 0.039262 -0.158081 
-0.132108 -0.302118 -0.123507 -0.250280 -2.394081 -0.105107 -0.049463 -0.089238 -0.170780 -0.346766 -0.103045 -0.076751 -0.678954 -0.070956 -0.396230 0.009702 
0.096583 -0.064624 -0.087578 -0.540057 -0.274408 0.839498 -0.078422 -0.177825 -0.036122 -0.160149 -0.157394 -0.156132 -0.153565 -0.003953 0.126012 -0.148165 
-0.956821 -0.958374 -0.525644 0.948427 -0.817499 -0.530501 -0.929360 -0.210259 -0.836218 0.053839 -0.269240 -0.074372 -1.443084 -0.871821 -0.756166 -0.357995 
-0.026037 -0.102814 -0.449107 0.532820 -1.878321 0.103441 0.015628 0.065349 -0.192994 -0.492567 -0.297595 -0.083327 -0.107181 -0.014211 -0.286304 -0.011242 
-0.145706 -0.262392 -0.349968 0.028282 -0.326943 -0.195842 -0.122011 -0.078215 0.008455 1.173683 -0.029818 -0.011966 -0.057420 -0.116304 0.025085 -0.392480 
-0.472113 -0.068823 0.050954 -0.252030 -1.675565 -0.168961 -0.207229 -0.257149 -0.080348 -1.120133 0.055360 -0.065325 -0.604403 -0.062766 -0.170130 -0.112911 
-0.077207 0.079394 -0.015509 -0.149836 -0.044813 0.076085 -0.276964 -0.159413 -0.010767 -0.292128 -0.184373 -0.174361 0.339364 0.157237 -0.321090 0.033973 
0.057760 -0.060946 -0.046040 -0.088562 -0.224664 0.118855 0.116562 0.086343 -0.106387 0.093319 -0.171512 -0.068125 0.068480 -0.010359 0.093593 0.104447 
0.163511 -0.103949 -0.263332 0.058084 -1.885901 -0.193201 -0.124155 0.142408 -0.013607 -0.292156 0.045211 -0.125833 0.115645 -0.172446 -0.189033 -0.091640 
0.101043 -0.039328 0.107345 0.015947 -0.139581 -0.046109 -0.214267 -0.087676 -0.131835 0.646081 -0.174911 0.038678 0.129535 0.205110 -0.226552 -0.170538 
-0.082611 0.001047 -0.310513 -0.104040 0.002264 -0.118822 -0.193655 -0.069901 0.098774 0.110226 -0.116901 -0.040323 0.145941 -0.038699 0.235981 -0.122188 
0.023016 -0.109148 -0.146183 -0.020238 -0.284821 -0.517341 -0.146701 0.031066 0.148629 -0.467140 -0.035829 0.022531 -0.173605 -0.117993 -0.939873 -0.221898 
0.140285 0.219351 0.051722 -0.063029 -0.181106 -0.310014 0.488767 -0.169677 0.595851 -0.380623 0.157266 0.108659 0.193647 0.251953 0.186968 0.016163 
-0.478846 -0.555829 -0.197453 -0.868252 -0.308765 -0.004971 -0.799109 -0.317451 0.982567 -0.002112 -0.329726 -0.180745 -1.287948 -0.342153 0.213023 -0.087883 
-0.098791 -0.308999 -0.144965 -1.477709 -0.111447 -0.022756 -0.362069 -0.033680 -0.936309 -1.474091 2.637435 -0.135698 -0.434947 -0.746352 -1.007979 -0.169799 
-0.459117 -0.138087 -0.774646 -0.104176 -0.177957 -0.437569 -0.373226 -0.039511 -0.755139 -0.125873 -0.159206 -0.017102 -0.274428 0.083693 0.192467 -0.077500 
-0.351829 -0.003362 -0.274584 -0.234388 -0.098051 -0.053667 0.322102 -0.079840 -0.124267 -0.312580 -0.127530 0.151744 -0.420558 0.069673 0.080703 -0.036147 
0.111506 0.086599 0.111414 0.039988 0.180304 -0.130074 0.109888 0.058918 0.209404 0.123692 -0.123292 0.165389 -0.116139 -0.002333 0.193882 -0.164375 
-0.052594 0.194194 -0.389094 0.125794 -0.194659 -0.451054 0.156603 -0.187263 0.170718 -0.493247 0.191046 -0.198168 0.012963 0.304064 -0.365103 -0.014051 
-0.318894 -0.254774 -0.223054 -0.444273 -0.109657 0.920820 -0.267530 -0.087942 -0.019318 -0.548165 0.040876 -0.178552 -0.209201 0.535910 -1.088337 -0.114743 
-0.510971 -0.172806 -0.126343 -0.089507 -0.124066 -0.338923 -0.255313 -0.170161 -0.197152 -0.286099 -0.137362 -0.035090 -0.187235 -0.199532 0.993191 -0.041609 
-0.106772 -0.131283 0.066306 -0.108688 0.048648 0.072053 0.103376 -0.005449 0.114628 0.117496 0.070336 -0.092567 0.047656 -0.179204 0.197275 0.004071 
-0.378247 -0.067699 -0.166083 -0.050412 -0.212636 -0.338480 -0.349465 -0.076689 -0.029800 -0.703355 -0.290797 -0.247089 -0.252352 -0.072734 -0.232767 -0.092384 
0.003446 0.003585 0.070434 0.046047 -0.136636 -0.257302 -0.315289 -0.041737 -0.006685 -0.027333 0.086511 -0.107332 0.176915 -0.048056 0.126804 -0.102859 
-0.423443 -0.071040 -0.427713 -0.230685 -0.255643 -0.148707 -0.010620 0.042379 -0.295352 -0.120130 0.171488 -0.076661 0.208417 0.025937 0.527102 0.005059 
-0.255553 -0.388376 -0.232935 -0.088402 0.019167 -0.075018 0.092294 -0.132380 -0.254130 -0.057787 0.013875 0.150590 0.216529 -0.016973 0.020863 0.128750 
-0.207493 -0.150491 0.175499 -0.076210 0.004648 -0.080397 -0.049946 -0.169259 0.080167 0.185427 0.005181 0.116042 -0.045397 -0.020453 0.017165 -0.073417 0.010759 0.022109 0.033251 -0.272024 0.197372 0.274612 0.087661 0.055788 -0.214617 -0.359731 -0.038484 -0.235375 -0.096514 -0.200654 0.289749 -0.027793 
-0.665707 -0.253527 -0.158566 -0.390915 -0.122499 -0.084412 -0.667395 -0.370380 -0.582269 -0.275588 -0.275911 -0.075307 -0.365772 -0.233069 -0.761011 -0.099304 -0.261028 -0.227680 -0.139044 -0.576197 -0.040473 -0.486853 -0.295578 0.006728 -0.180114 -0.145786 -0.017249 -0.570112 -1.036326 -0.784259 -0.412976 -0.587957 
0.046329 0.190933 0.167196 0.034694 -0.092614 0.062555 -0.257165 0.128299 -0.279634 -0.218395 -0.017943 0.217794 0.013077 0.092983 -0.000570 0.138407 0.139274 -0.005960 -0.000087 -0.037605 0.241646 0.323933 0.122406 -0.090850 0.122013 -0.067222 -0.207314 0.135205 -0.127966 -0.256358 0.262235 -0.265621 
0.114154 0.139408 -0.071800 -0.307257 0.032494 0.199601 0.103913 0.037750 0.764762 0.124983 -0.054109 0.008146 -0.465022 -0.239269 0.268064 -0.180765 0.020968 -0.098875 0.009861 -0.110749 -0.160408 -0.162118 -0.197485 -0.186710 -0.220221 -0.153724 0.251408 -0.894165 -0.435377 -0.392029 0.036179 -0.261716 
0.171829 0.015328 0.165688 -0.117022 -0.133263 0.103600 -0.261280 -0.089697 -0.105504 0.173166 0.139404 -0.011502 0.086053 -0.195449 0.147060 0.050544 0.026585 -0.040337 -0.251272 0.029667 0.117469 -0.061890 0.230439 -0.273807 -0.141872 0.117748 0.023835 -0.142050 0.223883 0.013349 0.221675 0.131326 
-0.452544 -0.062186 -0.247464 -0.543780 -0.302400 -0.116169 -0.809249 0.031431 -0.605084 -0.284368 -0.156191 -0.066836 -0.561176 -0.023115 -0.477130 -0.060221 -0.201332 -0.011588 -0.102855 -0.889636 -0.506012 -0.157668 -0.254746 0.100712 -0.093715 -0.452734 -0.150584 -0.747638 -0.978252 0.024116 0.283347 -0.619654 
0.078786 0.037897 -0.255991 0.089634 0.263981 -0.091274 -0.057833 0.025252 -0.097430 -0.044827 -0.051957 -0.253740 -0.204469 -0.185858 0.565997 -0.252167 -0.038206 0.022172 -0.140115 -0.326289 -0.183575 0.065976 0.144708 -0.082079 -0.330309 -0.070897 -0.164432 -0.250480 -0.067196 -0.403220 -0.156895 0.200940 
0.159059 0.045396 0.037538 -0.050538 -0.221869 -0.223416 -0.227673 0.059647 0.486454 0.055898 0.065982 -0.010516 0.048413 -0.016961 0.042305 -0.042433 -0.182563 -0.227725 0.073031 -0.101918 0.081136 0.026685 -0.198124 0.196481 -0.179521 -0.127172 -0.083056 -0.180392 0.047532 -0.025877 -0.200395 -0.153077 
0.000342 0.018016 -0.134898 -0.294850 -0.003323 0.009293 -2.804978 -0.155473 -0.505580 -0.079975 0.054282 -0.266974 -1.083330 0.685008 -0.333984 -0.240169 -0.186871 -0.251005 -0.328910 -0.002063 -0.280216 -0.210565 -0.145177 -0.059050 -0.086445 -0.255634 -0.015387 -0.308515 -4.397670 -1.039637 -1.069755 -0.984607 
-0.235530 0.047773 -0.372170 -0.327489 0.134613 -0.249015 -0.455247 0.039896 -0.048285 -0.055932 0.066226 0.061652 -0.197158 0.255850 -0.326277 -0.190207 -0.041982 0.030817 -0.126019 -0.333997 -0.065702 -0.012650 0.206983 -0.136149 -0.024938 0.027731 -0.022785 -1.001445 -0.252082 -0.103887 -0.111530 -0.212804 
-0.177919 -0.093983 -0.176923 -0.763861 -0.004097 0.116175 -0.221557 -0.102512 -0.164225 -0.009680 -0.236122 -0.237953 -0.556524 -0.291701 -0.127990 0.077304 0.032412 -0.236080 0.157136 -0.315789 -0.243033 0.155013 -0.011205 -0.012595 0.384425 -0.071401 0.010491 -0.833422 -0.320164 -0.243294 -0.091943 -0.226104 
0.198234 0.145175 -0.118966 0.025834 -0.010193 0.197568 0.169574 0.059582 0.115360 0.220948 0.076092 0.159497 0.194910 0.215590 0.017936 0.131864 0.226688 -0.020200 0.183613 -0.148326 -0.038643 0.002293 0.100476 0.203872 0.148713 -0.203791 -0.113048 0.185136 -0.145673 0.080079 -0.084385 -0.167715 
-0.170013 -0.228131 0.077454 -0.503587 -0.193844 0.021981 0.421184 -0.206795 0.631478 -0.253959 0.173872 -0.057818 -0.520547 -0.301895 -0.176950 -0.142880 0.116235 -0.208497 -0.169311 0.113039 0.315136 0.144886 -0.151089 -0.098381 0.218629 -0.034981 -0.130055 -0.478332 -0.048907 0.134120 -0.116743 0.349190 
0.202646 -0.119824 0.008288 -0.037266 0.375448 -0.097809 -0.292371 -0.168285 0.007801 -0.160482 -0.011936 0.116020 -0.080477 0.109946 0.264646 0.057184 0.065149 -0.147904 0.109345 0.014478 0.492699 0.192269 0.048613 0.345855 -0.053512 0.195358 -0.131858 -0.290561 -0.692262 -0.754705 0.571913 0.098511 
-0.901220 -0.558705 -0.241946 -0.063148 -0.382444 -0.085396 -0.500587 -0.455863 0.563028 -0.380525 -0.298600 -0.202332 -1.352424 -0.163162 -0.532347 -0.167489 -0.036470 0.084839 -0.103405 0.819074 -0.284985 -0.388446 -0.112393 -0.221156 -0.279934 -0.181983 -0.244693 -2.241003 -0.039260 -0.463051 -1.097640 -0.373267 
-0.129248 -0.126514 0.187772 0.004708 -0.000636 0.039986 -0.020143 -0.175371 0.266572 0.225547 0.002636 0.093255 0.038087 -0.021511 -0.075607 -0.065590 -0.085716 -0.092200 -0.210060 -0.086646 0.121627 0.137515 -0.145483 -0.060512 0.067732 0.210693 -0.099345 -0.125567 -0.100222 0.072981 0.072904 -0.184734 
-0.192284 0.030367 0.841543 1.066823 0.118645 0.243196 -0.064330 0.050899 
-0.139966 0.081542 0.247052 0.116330 0.345448 -0.077473 0.200142 0.185199 
0.048533 -0.005962 0.064695 -0.116029 0.308894 -0.064486 0.000651 -0.011807 
0.324270 -0.039096 -0.258036 0.060424 0.199683 -0.103043 0.281808 0.286076 
-0.017364 0.144822 -0.006892 -0.133829 0.045001 -0.031508 0.329375 0.669421 
0.030820 0.100502 -0.097426 0.144415 0.017816 -0.155814 0.157071 0.029715 
0.000342 0.071066 0.025353 -0.196304 0.229817 -0.087485 0.475572 0.484481 
0.052342 -0.054397 -0.019969 0.026528 -0.049168 0.041224 -0.037909 -0.002100 
0.138188 0.206048 0.458820 1.381905 -0.121923 -0.601119 0.409697 0.232841 
0.041128 0.304532 0.174597 0.157746 0.347395 0.352814 -0.132175 0.004900 
0.026335 0.120819 0.045476 -0.035705 0.123765 -0.047016 -0.064122 -0.109760 
0.254736 0.138345 -0.107462 0.278136 0.025424 0.026952 -0.078923 -0.196852 
0.010768 -0.087681 0.005213 0.013654 -0.013225 0.026786 0.025216 0.097205 
-0.029116 0.074327 0.046270 0.038209 -0.020288 -0.125412 0.600350 0.747809 
0.004799 0.103436 0.052958 -0.011006 0.539649 0.093987 0.135453 0.240640 
0.168769 0.221243 -0.020433 0.232630 0.076051 0.123767 -0.186080 -0.115794 
0.038401 -0.060595 0.053770 0.060749 0.148595 0.112296 -0.128346 -0.098979 
0.167639 0.175417 0.047738 0.057908 -0.113303 0.125587 -0.026881 -0.183628 
0.109698 0.141496 -0.000418 0.075710 0.089649 -0.011191 0.179968 0.406726 
-0.718120 -0.609433 0.659653 0.677516 0.004974 0.011920 -0.054722 -0.067969 
-0.034143 -0.067929 0.168544 0.292985 0.375260 -0.222409 0.232034 0.193269 
0.056011 0.024797 -0.135856 0.293157 0.510281 0.191020 0.248821 0.120561 
-0.066633 -0.027105 0.089712 -0.033435 0.453929 0.076983 0.048256 0.252682 
0.148474 0.098348 -0.062198 -0.010814 0.077692 -0.306273 -0.218617 -0.177137 
0.067548 -0.021759 0.008720 0.190552 0.003764 0.044754 0.345021 0.600523 
0.112062 -0.045422 -0.075722 0.291982 -0.080585 -0.144338 -0.179448 -0.253391 
0.030728 0.157648 0.136774 0.175645 -0.025643 -0.128465 0.001618 0.127957 
0.475625 0.423251 -0.012671 0.070774 -0.810511 -0.179641 0.209798 -0.243253 
-0.110853 -0.095196 0.096944 0.217510 0.126176 -0.190467 0.098873 0.069806 
-0.307700 -0.125085 0.309172 0.104775 0.359927 1.359193 -0.739269 -0.330164 
0.092772 0.285668 -0.168487 0.050376 1.559844 0.611639 -0.281260 -0.009114 
0.270661 0.183767 -0.318168 -0.063323 0.370577 0.438324 -0.292900 -0.154667 









0.000000 
0.000000 
0.000000 
0.000000 
0.000000 
0.000000 
0.000000 
0.000000 
-0.250047 
-0.345126 
-0.471332 
-1.422044 
-2.340407 
-0.017620 
0.152628 
-0.320880 
-1.127365 
-0.434909 
-0.380443 
0.038684 
-1.036981 
0.523643 
0.672083 
-1.402756 
0.933308 
-0.975782 
-0.467404 
0.705485 
0.136269 
0.535051 
-0.539123 
-0.265821 
-0.816356 
-0.222755 
-0.700076 
-0.382626 
-0.157085 
0.548987 
0.760900 
-0.371036 
-0.650378 
-0.772790 
0.242747 
-0.374337 
-0.328233 
-0.213844 
-0.427512 
-0.686831 
0.711196 
-0.335284 
0.569667 
-0.462543 
-0.152046 
-0.048814 
-0.542903 
-0.763334 
-0.153886 
-0.458708 
-0.159709 
0.015397 
-1.019615 
-0.109945 
-0.206124 
-0.155354 
-0.409196 
0.574718 
-0.077628 
-0.073889 
-0.266049 
-0.315658 
-0.548962 
0.145005 
-0.302904 
-0.252242 
-0.424771 
0.294803 
-0.126899 
-0.208291 
-0.870210 
-0.207908 
0.120091 
-0.313973 
-0.826684 
-0.174281 
0.084242 
-1.736083 
0.887818 
-0.251771 
0.179676 
-0.306092 
-0.394316 
0.050476 
-0.855468 
-0.203180 
0.733840 
-0.285279 
0.413794 
0.094098 
-0.284531 
-0.247379 
0.665242 
-1.308668 
-0.104071 
-0.061977 
0.127880 
-0.122147 
-0.562790 
2.696911 
-0.568221 
-0.530011 
-0.327707 
-0.321684 
-0.651191 
-0.146438 
-0.205512 
0.883845 
1.238481 
2.233883 
0.294856 
-0.053211 
1.077849 
0.771876 
-1.037446 
-0.835099 
-0.265090 
-0.302941 
-0.208238 
-0.444470 
3.832000 0.662418 0.328010 
