0.016318 -0.052699 0.305792 0.123655 0.094737 0.360085 -0.017422 -0.242046 0.011439 0.314752 2.865621 0.569106 0.061923 3.003446 0.419678 0.436507 1.039701 0.076309 1.089602 1.356263 -0.130808 0.046699 -0.165831 0.397642 0.404892 0.256907 0.112741 0.427413 1.512934 0.278504 0.088526 0.199573 
0.059544 -0.214193 -0.097538 0.124593 0.134061 -0.147594 -0.150868 -0.193781 -0.111747 0.050660 2.033926 0.300501 0.111936 1.935118 -0.148032 0.176796 0.879919 0.054956 0.844537 0.861082 0.018224 -0.075720 -0.073447 0.282520 0.447374 0.057552 0.195613 0.413854 1.444000 0.229079 0.118612 0.117906 
-0.393815 -0.099418 -0.260084 -0.131569 -0.103633 -0.308566 -0.115567 0.298566 0.039665 -0.475688 -2.374585 0.053396 -0.357190 -2.194306 -0.053029 -0.097646 -0.630252 -0.233727 -0.708635 -0.878944 -0.300274 0.131016 -0.017215 -0.410037 -0.165066 -0.475670 -0.138439 -0.756667 -1.296124 -0.448375 -0.281295 -0.176383 
-0.122503 -0.209410 -0.018667 -0.742762 -0.164039 -0.464075 -0.104915 0.220429 -0.140450 -1.072000 -2.039058 -0.208077 -1.075597 -1.906321 -0.075216 -0.438888 -0.520202 -0.269461 -0.341631 -0.992619 -0.347230 -0.099039 -0.183424 -0.696246 -0.216791 -0.700722 -0.423939 -1.194727 -0.753041 0.135207 -0.358865 -0.197034 
-0.068456 -0.050782 0.007107 0.277367 0.126996 0.238926 -0.078129 0.217373 -0.009489 0.575689 1.568357 0.124313 0.283757 0.426112 0.077950 -0.193299 0.222187 0.132457 0.245951 0.480657 0.305811 0.060236 0.151864 -0.311220 0.151734 -0.161552 -0.187133 0.012375 0.990018 0.265362 0.200993 0.093332 
-0.012030 0.056075 0.089949 0.252233 -0.030538 0.331342 0.061173 0.115362 0.099582 0.153001 3.023293 0.275874 -0.215045 1.190747 -0.033725 -0.184590 0.567528 0.168592 0.596372 0.292308 -0.123463 -0.176384 -0.225671 0.376949 -0.042814 -0.061245 0.308747 0.937648 1.252321 0.011404 0.224120 -0.159366 
-0.346383 -0.164756 -0.267038 -0.262415 -0.253574 -0.088030 0.142519 -0.009876 0.043292 0.113875 -2.700586 -0.102540 -0.359250 -2.291516 -0.349373 0.013848 -0.731435 -0.121306 -1.123092 -1.065751 0.052451 -0.057859 -0.190527 -0.419340 -0.623677 -0.316080 -0.134301 -1.186624 -1.867051 -0.561775 -0.183782 -0.102140 
-0.184628 0.103082 -0.221860 -0.386998 -0.092642 -0.086525 -0.140254 -0.201649 -0.007669 -0.249311 -2.088222 -0.161669 -0.248446 -1.775950 0.056859 -0.205030 -1.157342 -0.173364 -0.947926 -0.774900 -0.202415 -0.225624 -0.010125 -0.727873 -0.103019 -0.302073 -0.322386 -0.757588 -1.638811 -0.137667 -0.216574 -0.302484 
-0.003504 -0.101539 0.049168 -0.285948 -0.156517 -0.104729 -0.004808 -0.060419 -0.345090 -0.165175 -0.251368 -0.036053 0.007428 -0.206532 -0.221034 -0.020176 
-0.038619 -0.059602 -0.038326 -0.001387 -0.076848 0.134424 -0.138371 -0.149929 0.012139 0.076260 0.135097 -0.051151 0.057000 0.040280 0.075662 -0.158514 
-0.125339 0.126943 0.041464 -0.124039 0.363316 -0.066776 -0.008283 0.106853 -0.024747 -0.066938 -0.103453 -0.138207 0.039536 -0.016229 0.004742 0.067824 
-0.012885 -0.147468 -0.261799 -0.302735 -0.100009 -0.168956 -0.228697 0.002880 -0.136927 0.225975 -0.309584 0.054648 0.184661 -0.028517 -0.034924 -0.185932 
-0.082617 0.079207 -0.042774 -0.155228 -0.163489 -0.131872 0.009857 -0.203300 -0.059633 -0.207981 -0.157514 -0.019532 -0.096471 -0.157996 -0.186255 -0.076855 
-0.167209 -0.067502 -0.203712 -0.107822 0.166291 -0.058558 -0.047584 0.170918 -0.071550 0.028021 -0.187097 -0.151171 0.047816 0.015735 0.022216 -0.075719 
0.093277 0.132377 0.086164 -0.054631 -0.124243 -0.039345 -0.019316 -0.044249 0.033876 0.078120 0.074349 -0.079878 0.109511 0.082899 0.066075 -0.154004 
-0.126492 -0.095465 -1.025838 0.108601 -0.085747 -0.228645 0.000428 -0.106188 -2.687494 -0.063052 -1.835858 0.002070 -0.054129 -0.581997 -0.350992 -0.396024 
-0.038682 0.013431 0.177350 0.017017 -0.262664 -0.204872 -0.085052 -0.014598 0.185094 -0.048143 -0.050828 0.020800 -0.149517 0.081010 0.036487 0.062204 
0.086838 0.126536 0.017337 0.119465 0.227183 -0.021877 -0.203928 0.067870 -0.150285 0.267063 0.233623 0.109286 0.127158 -0.189762 0.133482 0.030275 
-0.218631 -0.083911 -2.063972 -1.543678 -0.160273 -0.027897 -0.126711 -0.192988 -0.338283 -0.174368 -4.780915 -0.825150 -0.369685 -0.108268 -1.874869 -0.866728 
-0.092752 0.110503 -0.528262 0.143429 -0.033944 -0.096770 0.106400 0.034981 0.065950 -0.145691 -1.329477 -0.235377 -0.002508 -0.050502 -0.214676 -0.161282 
0.075340 -0.128992 -0.023413 -0.117724 -0.142492 0.057267 0.065260 -0.250133 -0.114949 0.226618 0.269523 -0.010345 -0.013924 -0.026383 0.214236 0.067575 
-0.207541 -0.143486 -1.609302 -1.144920 -0.213591 -0.251015 0.029178 -0.164763 -0.341760 -0.516926 -3.775041 -0.694391 -0.495487 -0.197820 0.366738 -0.986947 
-0.101259 0.044931 -0.017065 -0.065764 0.212860 -0.001255 -0.139734 0.075342 -0.058827 -0.003409 -0.248173 -0.115214 0.031632 0.202290 -0.043884 -0.015992 
-0.189064 -0.109001 -0.003434 -0.153373 -0.181204 -0.155551 0.015689 -0.087640 -0.025131 -0.349042 -0.174264 -0.114104 -0.225518 -0.135553 0.418590 -0.233823 
-0.031892 0.012531 -2.588186 0.723178 -0.171009 0.010052 -0.191446 -0.039061 -0.106054 -0.315595 -5.311313 -0.457438 -0.038893 0.066337 -0.447374 -1.385135 
-0.238055 -0.167266 -0.006631 -0.237672 -0.122510 -0.070003 -0.025710 -0.171903 -0.191942 -0.322576 -0.187023 -0.055178 -0.317975 -0.002127 -0.158533 -0.179930 
-0.013265 0.072557 -2.900246 0.712665 0.062593 -0.159569 -0.074543 -0.011166 -0.314889 -0.106785 -5.627572 -0.486538 -0.120425 0.027419 -0.650383 -1.388353 
-0.313871 0.040787 0.095771 -0.761721 -0.194341 -0.081965 -0.043958 -0.007084 -0.088368 -0.270065 -0.204135 0.040223 -0.444896 -0.097946 0.125509 0.100943 
-0.010617 -0.130027 -0.123812 -0.085710 -0.221582 0.026183 0.001596 -0.063549 -0.154654 -0.011219 -0.167713 0.025180 -0.094952 -0.146766 0.208603 0.004589 
-0.231829 -0.201602 -1.356469 0.215115 -0.321646 -0.198017 -0.062036 -0.340602 -2.325429 -0.335584 -3.049306 -0.144981 -0.274059 -0.670043 -0.144931 -0.788866 
0.025180 0.049828 0.042789 -0.063591 0.053508 0.090571 0.080199 0.130594 -0.042292 0.057457 -0.023538 -0.083049 0.068392 -0.019208 0.122607 0.088642 
0.052257 0.020149 -0.395742 -0.748629 -0.093161 -0.048769 0.010765 0.007760 -0.225717 -0.035951 -0.522959 -0.131055 0.095600 0.198755 0.066171 -0.169449 
0.018468 -0.051613 -3.220717 1.523333 -0.209619 -0.089971 -0.159961 0.000655 -0.371142 -0.050508 -6.525920 -0.301533 -0.170818 -0.093001 -0.241718 -1.594948 
-0.172538 0.066332 -0.181729 -0.161162 0.107214 -0.018827 -0.046258 0.198284 -0.193844 -0.138904 -0.062107 0.041484 0.017489 0.014918 0.246462 -0.150080 
0.094428 0.089334 -0.861424 0.391424 -0.161247 -0.048219 -0.018802 0.142006 -0.343144 -0.135172 -1.577023 -0.011289 0.058888 0.012750 -0.082436 -0.288913 
-0.037547 0.084846 0.184717 -0.953826 0.013669 -0.019756 -0.034920 -0.157107 -0.334752 0.091326 0.341162 -0.319256 0.200991 -0.231899 0.038186 0.197158 
-0.033159 0.084624 -3.074029 0.054687 -0.230241 -0.059246 0.051509 -0.257925 -0.358569 -0.279334 -6.417602 -0.751740 -0.322099 -0.100072 -0.995103 -1.502645 
-0.102097 -0.099613 -0.575772 0.016152 0.140183 -0.198452 -0.212118 0.108413 -0.843491 0.089815 -1.333777 -0.115878 0.141285 -0.087919 -0.122710 -0.173133 
0.005910 -0.029448 0.497715 -0.244419 -0.142139 -0.033472 -0.131875 -0.163650 -0.360986 -0.067774 0.772017 -0.469647 0.032994 -0.219094 -0.347460 0.163013 
-0.123454 -0.175413 -1.179974 -0.125403 -0.242196 0.062519 -0.150931 -0.269401 -1.110506 -0.140134 -2.489484 -0.022010 -0.161372 -0.238799 0.112357 -0.741385 
-0.161119 -0.013768 -0.063547 0.025865 -0.183148 0.008084 0.123173 -0.197889 -0.225314 0.029693 0.069794 0.124891 0.053132 0.168604 0.113450 0.125717 
0.157258 0.115417 -0.037423 -0.040655 0.191734 0.037573 -0.022035 0.072978 -0.161260 0.209705 0.014580 -0.003375 0.061494 -0.141272 0.011438 0.173263 
1.397169 -0.378395 -0.099404 -0.214936 -5.366902 -0.812807 -4.889683 2.974754 -0.093166 0.028011 -0.285375 1.151086 -0.005720 -0.001556 -0.512234 -0.553066 
-1.221964 -0.142994 -0.257221 -0.379960 -0.684988 -0.165666 -0.487804 -0.437445 -0.224852 -0.243310 -0.476717 -1.438092 -0.311281 -0.003398 -0.925144 -2.773329 
-0.225943 -0.065399 -0.136919 -0.444292 -0.316061 0.160505 -0.121461 0.046983 -0.118875 0.092054 -0.311694 -0.258202 -0.116589 -0.193085 -0.155729 0.407674 
-0.027304 0.033075 -0.037314 -0.117038 -0.165526 -0.216223 -0.179779 -0.282214 -0.027854 0.152109 0.177243 -0.118443 -0.007904 0.009299 0.024578 -0.062061 
-0.117979 -0.326694 0.013397 -0.401775 0.437395 -0.797810 -0.020709 -0.220834 -0.009804 -0.118047 -0.075942 0.140732 -0.040480 -0.167544 -0.146088 -0.233478 
-0.343291 -0.240998 0.036229 -0.286249 -0.072594 0.207777 -0.071342 0.105905 0.181195 -0.056760 0.045368 -0.264419 0.201952 -0.073831 -0.139361 0.243324 
0.336418 -0.305925 -0.063415 -0.033250 -5.373803 -0.404416 -5.433402 2.047111 -0.143598 0.103074 -0.207015 0.333914 -0.169365 0.122410 -0.649947 0.509985 
-0.159852 -0.027518 -0.059835 -0.245725 0.082298 -0.141153 -0.060130 0.090665 -0.069641 -0.102288 0.210014 -0.131587 -0.028766 0.011037 -0.127373 0.085664 
1.892324 -0.288172 -0.282434 -0.565401 -7.245553 -0.991879 -6.659697 3.887258 -0.182899 -0.208245 -0.532085 1.582160 -0.206588 -0.086514 -0.480384 -1.028226 
-0.233840 0.009994 0.126983 0.033273 0.830803 -0.004743 0.482815 -0.287876 0.096840 -0.121524 0.252437 -0.426075 0.064214 -0.127249 -0.013862 -0.320975 
0.144267 -0.111254 -0.297177 -0.164889 0.013494 -0.185749 -0.138667 0.006666 -0.148910 0.087361 -0.087666 -0.208353 -0.241677 0.213059 -0.125044 -0.000762 
-0.182934 -0.086505 0.022499 -0.069992 -0.172645 -0.147839 -0.208091 0.000642 -0.001294 -0.129960 0.068637 -0.417850 -0.001569 -0.089223 0.011347 0.334949 
0.004186 -0.056029 -0.115441 -0.042141 -0.231156 0.005118 -0.167483 0.321717 -0.148747 0.024041 0.008657 -1.001473 -0.336837 -0.181768 -0.098614 0.387570 
1.475182 -0.154442 -0.164432 -0.010607 -5.975773 -0.190997 -5.781624 3.344128 -0.206266 0.041706 -0.148289 1.633851 -0.220164 -0.143585 -0.212691 -0.016798 
0.468455 0.173393 0.028132 -0.127278 -0.184637 -0.601637 0.521672 -0.112317 0.364003 -0.223522 -2.433305 -1.161131 0.423705 0.121325 -0.339198 0.058271 
0.158198 -0.206928 -0.217575 -0.114402 -0.222519 0.003345 -0.401334 -0.272551 -0.052606 -0.116644 -0.269400 -0.138937 0.119978 -0.044587 -0.017002 0.054242 
0.309431 -0.216554 -0.169129 0.192636 0.149315 0.002283 -0.277564 -0.124496 0.059853 0.015263 -0.129463 0.042311 -0.211649 -0.014634 -0.005984 -0.135015 
-0.074107 -0.033803 -0.055169 0.051026 -0.067769 -0.326616 -0.274130 -0.149964 -0.818476 -0.103159 0.037666 0.466648 -0.239013 -0.166636 -0.026014 -0.221826 
-0.277801 0.182761 0.015224 -0.160762 0.122144 -1.686551 4.805141 -0.040373 -1.602662 -0.183953 -6.708652 -2.287486 -0.409501 -0.231479 -0.226361 -0.587640 
-0.023563 -0.194874 0.079377 0.126796 0.055303 -0.185760 -0.006525 -0.268723 -0.427049 -0.091077 -0.087015 0.513786 -0.067665 0.080007 -0.066956 -0.143381 
-0.341179 -0.398434 -0.250210 0.044300 0.640138 -3.480183 9.141046 -0.105520 -1.012986 -0.161830 -13.271285 -5.757120 -0.358061 0.011545 -0.353797 -0.173600 
-0.074342 0.455916 -0.041499 -0.123260 0.184238 -0.808496 -1.080438 -0.032732 0.331132 -0.433922 -2.353381 -1.048674 0.706217 -0.156964 -0.673689 -0.047212 
0.128285 0.141099 0.155290 0.170072 -0.097976 0.137555 -0.189206 0.228508 -0.006880 -0.201148 0.402646 0.421647 -0.054424 -0.082056 -0.121933 -0.079606 
-0.141137 0.129191 0.053941 0.137192 0.194905 -0.039926 0.108073 -0.103484 0.107972 0.119716 -0.107342 -0.119583 0.036325 -0.219416 0.132059 -0.078375 
-0.152715 -0.355384 -0.076720 -0.194774 -0.209151 -0.196333 -0.245142 -0.155756 -0.900667 -0.172217 -0.084265 0.223422 -0.483398 0.061805 -0.072792 0.052946 
1.182035 0.188620 -0.010564 -0.053206 -0.056176 -0.428562 -0.440425 -0.070747 0.990948 -0.159298 -1.848752 -0.809682 0.817649 0.004963 -0.468817 -0.260178 
0.517969 -0.293878 -0.185635 -0.177216 -0.094444 -0.175099 -0.319895 -0.180049 -0.442722 -0.156391 -0.056862 0.028567 -0.323784 -0.552018 -0.067936 -0.036258 
-0.192768 0.159088 0.177143 0.122392 0.111269 0.103249 -0.205723 -0.050636 0.173445 0.138355 0.044132 -0.186274 -0.116080 -0.097382 -0.183206 -0.079629 
0.109850 -0.000448 -0.026734 0.131042 -0.109735 -0.168763 -0.192140 0.038545 0.048265 -0.092670 -0.369552 -0.204791 0.164361 0.134690 0.152146 -0.100014 
-1.548568 -1.787963 -0.206620 -0.133648 -0.139113 -0.080266 -0.457159 -0.148349 -0.501520 -0.127887 0.196289 0.041345 -1.199907 -0.133050 -0.365798 0.882218 
-0.519387 -0.025877 -0.843174 0.092487 -0.122678 0.165059 -0.242113 -0.112423 0.113536 -0.186461 0.069194 -0.164760 -0.141011 -1.570161 -0.025535 0.215085 -0.058630 -0.032051 -0.265946 -0.274151 0.020362 -0.740643 -0.129426 -0.394750 -0.115762 0.040736 -0.230090 -0.835206 0.157347 -0.361755 -0.184350 -0.101383 
-0.311146 -0.003654 -0.180839 -0.136847 0.096844 0.303535 -0.098357 0.046823 -0.131895 -0.136463 0.019787 -0.005404 0.045278 -0.425814 -0.040792 0.154522 0.019604 -0.045535 0.026836 -0.204211 -0.211445 0.149881 0.018634 -0.063762 -0.392533 0.247068 -0.224907 -0.608314 -0.067408 -0.074778 -0.097463 -0.029603 
-0.063847 -0.030455 0.065178 0.163435 0.227155 -0.088115 -0.109789 -0.119334 0.058302 0.142692 0.142039 -0.107015 0.127291 -0.135981 0.117537 -0.128041 0.039746 -0.088139 -0.109308 0.059578 -0.187548 0.141458 0.018012 -0.080676 -0.228124 0.153370 -0.080342 -0.063904 -0.082705 0.056241 0.138121 0.085075 
-0.201812 -0.028422 0.016882 -0.210295 0.109469 0.138561 -0.101139 -0.063857 0.050866 -0.190712 0.059895 -0.053486 -0.105978 -0.058588 0.050101 0.164907 0.085217 0.172510 -0.007030 0.129003 0.081747 -0.220865 -0.182996 0.085012 0.162928 -0.031732 -0.210244 -0.151219 -0.207652 0.159468 0.165489 -0.181312 
-0.086843 -0.047496 -0.032269 -0.222647 -0.183124 -0.103756 -0.055012 0.122758 0.007870 -0.226609 -0.143738 0.137037 -0.050357 0.137079 0.031693 -0.199642 0.078783 -0.168638 0.161294 -0.122450 -0.157712 0.087381 -0.217476 -0.227027 0.012978 -0.224465 -0.145817 -0.028044 0.192950 -0.204943 0.022330 -0.137151 
-0.162332 -0.080269 -0.135211 -0.003836 -0.407277 -1.969040 -0.153240 -0.452752 0.050777 0.025041 -0.057720 -0.252556 -0.041819 -0.255492 -1.222360 -0.188893 -0.201476 -0.514645 -0.436056 -1.273970 0.165056 0.038158 -0.056679 -0.215903 -0.269414 -0.579554 0.072120 -0.021564 -0.649177 0.062833 0.048469 -0.208714 
-4.834682 -2.092898 0.074793 -0.204572 -1.702512 -1.730713 -1.046638 -0.559189 -0.014451 -0.193507 -0.177625 -0.330336 -0.136119 -0.709322 -0.777277 -0.364366 -0.614863 0.071001 -0.933920 -0.833332 -0.221997 0.913977 -0.125634 -0.819227 1.753875 -0.814577 -0.236156 -0.531557 -0.143277 -1.601141 0.022293 -0.190835 
-0.062602 -0.197455 -0.148603 -0.123001 0.280126 0.338974 -0.110159 -0.071236 -0.178447 -0.027174 -0.015973 -0.033427 0.094574 0.025683 0.172926 0.177523 -0.028513 -0.645969 -0.310301 0.403832 -0.087168 -0.225451 -0.011267 -0.143997 -0.123496 0.430894 0.168928 -0.196309 -0.863384 0.011258 -0.123000 -0.048089 
-0.563546 0.057592 0.039110 -0.011299 0.068412 -0.187294 0.177588 -0.099242 0.077238 -0.108011 0.114817 -0.055125 -0.103257 -0.157596 -0.146004 0.115045 -0.194995 -0.075580 -0.033254 -0.081121 -0.231057 -0.367718 -0.049852 0.055958 -0.585455 0.015805 -0.307102 -0.034399 -0.148786 -0.116620 0.143554 0.194761 
0.110972 0.089594 -0.003828 -0.197286 0.153967 -0.039650 0.013605 -0.000633 0.168909 -0.040799 0.175816 -0.164563 -0.104943 -0.193227 0.226514 -0.198680 -0.195212 0.047765 -0.148981 -0.182744 0.111992 -0.012794 -0.191188 0.057691 0.546016 -0.143827 -0.158759 0.124176 0.008554 -0.174981 0.088646 -0.112028 
-0.498234 -0.658844 -0.071851 -0.027773 -2.042457 -10.941925 -0.499732 -2.856071 -0.067190 -0.321324 0.034747 -0.095386 -0.182015 -0.358952 -5.645885 -0.324287 -0.214658 -0.741333 -0.788179 -7.639347 -0.061196 0.010446 -0.010537 -0.215343 -0.251456 -3.553092 -0.203555 -0.488318 -0.824561 0.867419 0.000926 -0.075590 
-0.403377 -0.250141 -0.032655 -0.137701 -1.252921 -4.814995 -0.060353 -0.873309 -0.000349 -0.018411 -0.067893 -0.017604 -0.149726 0.186874 -2.613748 -0.127722 0.222770 -0.626339 -0.377640 -4.206624 -0.024896 -0.083838 -0.057141 -0.441781 -0.101277 -1.311800 -0.180624 -0.143488 -0.531748 0.299133 -0.254724 0.022597 
-1.736288 -0.445449 -0.933469 -0.066763 0.230294 -0.140311 -0.521575 -0.279120 -0.349719 -0.239762 -0.245973 -0.152506 0.102654 -1.735203 -0.184518 -0.073462 -0.386737 -0.600804 -0.508527 -0.083685 0.130450 -0.021424 -0.052276 -0.846219 -1.166829 0.107628 -0.168379 -0.858926 -0.475604 -0.862320 -0.139874 -0.198031 
-0.040424 -0.185091 0.175983 0.025818 -0.081890 -0.125365 -0.239126 -0.031613 -0.210259 -0.205427 0.052006 0.183378 0.165348 -0.129214 -0.021947 0.108806 -0.195109 -0.122462 -0.167830 0.156443 -0.077623 0.104897 -0.076609 0.170322 -0.095044 -0.101563 -0.049622 0.264866 -0.044535 0.194978 -0.200706 0.230385 
-0.378276 -0.266138 0.081078 -0.080002 -0.496356 -0.504517 -0.062012 -0.180039 0.016374 -0.018707 -0.216297 -0.076198 0.027812 -0.226901 -0.093581 0.017449 0.016062 -0.052971 -0.189339 -0.428617 0.193515 0.234388 0.186396 -0.323549 -0.218706 -0.387183 0.179778 -0.176248 -0.153227 -0.442076 -0.003852 -0.165411 
0.161563 -0.157104 0.028310 0.184824 0.220427 -0.134330 -0.204280 -0.132523 0.148909 -0.238585 0.115521 -0.037729 0.066964 -0.389163 -0.185888 -0.038693 -0.107193 -0.141074 -0.114928 -0.039637 0.028830 -0.194134 -0.027759 0.019020 -0.113277 0.031060 -0.118729 0.169826 -0.214610 0.183156 -0.228043 -0.053866 
-0.822648 0.101972 0.411970 -0.936203 0.008549 -0.459893 -0.082646 -0.391167 
-0.222935 -0.822358 0.341719 1.067676 -0.363188 -0.435615 -0.344842 -0.825239 
0.208428 0.388876 0.725887 1.629946 0.109393 0.187172 -0.032944 0.068676 
0.082235 0.059011 0.133442 -0.089236 0.179140 -0.127829 0.068900 0.097490 
0.146579 -0.046579 -0.436877 -0.150167 -0.323111 -0.119321 0.056226 0.045626 
1.428822 1.923676 -3.381481 -7.126135 -0.660786 1.065398 -0.837079 -0.579750 
-0.488712 -0.026322 0.391984 0.519616 -0.214739 0.210281 -0.248574 0.094420 
0.297422 0.706320 -0.297633 -0.944095 0.147123 -0.013031 -0.069600 0.024359 
0.083016 0.043660 0.040477 -0.109565 -0.155612 -0.081004 0.140252 -0.014297 
0.010111 0.081752 -0.214776 0.146723 0.085006 -0.472375 0.158012 0.164101 
-0.118795 0.002267 0.070342 -0.111327 -0.131550 0.055780 0.082638 -0.055372 
-0.041747 -0.066272 0.026780 0.196822 0.167339 0.194700 -0.173046 -0.037061 
-0.013560 0.104691 0.073430 0.060359 -0.111429 0.025031 0.112796 -0.015158 
0.043916 -0.063049 0.164226 0.262545 -0.732599 0.116973 0.370078 0.501326 
0.601268 1.104351 -1.857398 -3.761450 0.059219 0.519963 -0.218697 -0.117586 
0.112881 0.083155 -0.438114 0.001189 0.199586 -0.969490 0.447524 0.185995 
-0.016196 0.027976 0.257217 0.136609 0.013456 -0.865658 0.441918 0.048589 
0.207904 0.205907 0.160977 0.551178 -0.227952 -0.238258 0.209764 0.290074 
-0.087952 -0.022991 -0.116512 -0.030193 0.336507 0.003595 0.123826 0.019796 
0.091850 -0.059097 0.022707 0.337038 -0.272482 -0.140788 0.315409 0.070199 
-0.111734 -0.073717 -0.046519 -0.072877 0.232831 -0.056438 0.142468 -0.019874 
-0.610161 -0.509973 0.531509 0.264359 -0.795079 -1.172948 1.113067 0.869663 
-0.020659 -0.143831 -0.068962 -0.092739 0.073061 0.131010 0.068280 -0.118006 
-0.166435 0.266928 0.425472 0.626426 0.078102 -0.056938 -0.299997 -0.446177 
-0.644593 -0.442126 0.802865 1.150554 0.616180 0.891658 -0.823501 -0.668985 
1.405275 2.048215 -1.792577 -3.639300 -0.333831 0.325476 -0.229740 -0.228468 
0.130874 -0.054776 0.061732 -0.098587 0.014564 -0.068086 0.055898 0.026828 
0.165619 0.017483 -0.258592 0.013937 -0.483992 0.088159 0.138972 0.203446 
0.170476 -0.003699 0.049659 0.064989 -0.238898 0.010525 0.043922 -0.179030 
-0.549596 0.047737 0.269175 -0.340420 -0.073943 0.420919 -0.255668 -0.228200 
0.130396 0.067876 0.133784 0.174514 0.086294 -0.019425 0.052261 0.038093 
0.130908 0.004265 0.026413 -0.061043 -0.048803 -0.105745 0.057701 -0.158732 









0.000000 
0.000000 
0.000000 
0.000000 
0.000000 
0.000000 
0.000000 
0.000000 
-0.421268 
-0.280985 
-0.353851 
-0.009587 
-0.375157 
-0.298650 
-0.358880 
0.104258 
-0.368600 
-0.287955 
-5.495826 
-0.707347 
-0.140013 
-2.579836 
-0.253254 
0.332347 
-2.067423 
-0.373276 
-2.173927 
-1.231051 
0.164711 
-0.644678 
-0.288013 
0.046464 
-1.180378 
0.050153 
-0.636713 
-0.539060 
-3.143235 
-0.455060 
-0.563182 
0.888644 
-0.101886 
-0.039017 
-1.577733 
0.754145 
-0.274752 
-0.143679 
-0.095745 
-0.131903 
-1.646591 
-0.194744 
-3.020443 
-0.667161 
-0.183075 
-0.359943 
1.337650 
-0.626899 
-0.070713 
0.833757 
-0.216611 
-0.191608 
-1.902003 
-0.072501 
-1.807029 
2.663848 
-0.472003 
-0.166301 
-0.234826 
1.217926 
-0.403052 
-0.248686 
-0.276948 
-0.285371 
-0.167465 
-0.257001 
-0.196981 
-0.140324 
-0.152642 
-0.378638 
1.979332 
-0.206926 
-0.194861 
0.377506 
-1.324173 
-0.664997 
0.007574 
-0.401782 
-0.483478 
-0.003906 
-0.922478 
-0.291952 
-0.972485 
-0.384220 
-0.836479 
-0.537919 
-0.748973 
-0.664182 
-0.132456 
-0.475926 
-0.158492 
0.001962 
-0.018206 
0.233570 
-0.460448 
-1.001820 
-0.754261 
-0.488612 
-0.401377 
-1.008203 
-0.158543 
1.816011 
-0.179475 
0.123554 
0.036774 
-1.345222 
-0.011749 
0.212580 
-0.010100 
-0.490469 
-0.181486 
-0.293050 
0.796784 
0.756013 
-0.748896 
-0.409990 
1.131669 
1.672719 
-1.594754 
-1.239770 
3.890000 0.750511 0.473787 
