-0.148751 -0.023902 0.181333 0.173392 -0.078161 0.212590 0.248979 0.516622 0.037167 0.272772 -0.218811 0.416230 -0.262622 0.022761 -0.038098 0.120098 0.236699 0.107811 0.089455 0.155856 0.325957 0.202136 -0.117863 -0.269381 -0.160130 0.131719 0.088712 -0.373852 0.004720 -0.266173 -0.179030 0.144277 0.105480 -0.105774 0.249599 0.247998 0.314244 0.660885 -0.092463 -0.147206 0.110031 0.025056 -0.122824 0.118468 -0.198530 -0.236067 0.177184 -0.167591 -0.087949 -0.172985 -0.339652 0.047912 -0.085448 -0.008880 -0.024278 0.234424 0.465966 0.111694 0.313580 -0.064011 0.021820 0.521555 -0.453688 -0.399391 
-0.196493 -0.083086 -0.333660 0.170602 0.253575 0.110133 0.340173 0.756789 0.109616 0.047359 0.161159 0.611226 0.080867 0.149958 -0.446312 0.176953 0.532133 0.517859 0.192803 0.287535 0.499552 0.198755 0.024350 -0.048991 -0.043512 -0.260614 0.385914 -0.410782 0.240974 -0.297202 -0.063491 0.310587 0.037641 0.149091 -0.202639 -0.202689 0.036373 0.686347 -0.107310 -0.004901 0.368236 -0.243949 0.063029 0.062966 -0.353969 0.299656 0.496252 -0.046687 0.077955 0.003894 -0.096081 0.234756 -0.046445 0.310645 -0.088323 0.038295 0.732268 0.075682 0.003483 -0.013654 -0.001417 0.109989 -0.360031 -0.469702 
-0.333102 0.023880 -0.046839 0.153844 0.368717 0.055342 -0.153581 -0.377302 0.094312 0.246460 -0.323792 0.013193 0.343202 0.117416 0.112707 0.063970 -0.498475 -0.009215 -0.219907 0.267643 -0.253991 0.097982 0.217902 -0.422687 -0.054696 -0.303487 -0.360298 -0.054440 -0.059426 0.091373 -0.015952 -0.138263 -0.348934 0.082002 0.017746 0.327529 -0.227830 -0.294318 0.103726 -0.120875 0.130810 0.028756 0.287278 0.124250 -0.192062 -0.086488 -0.231618 0.073275 -0.170974 0.345172 -0.047376 -0.374782 -0.093078 -0.244956 -0.234770 0.032733 -0.733504 0.001678 0.161801 0.342112 -0.295715 -0.349397 0.293006 -0.061450 
-0.339487 -0.299640 -0.231151 0.081808 -0.215952 0.019200 -0.187788 -0.293661 -0.099704 -0.031727 0.161058 -0.024119 -0.233589 -0.110227 0.101726 -0.048417 -0.074944 -0.268292 -0.107389 -0.064572 -0.381189 0.238547 -0.247834 0.143918 -0.174780 -0.228389 -0.076599 -0.097204 -0.147781 -0.215049 -0.036584 -0.243535 -0.284069 -0.093527 -0.302333 -0.157149 -0.012091 -0.344200 -0.120346 0.283496 -0.087168 -0.320475 0.026880 -0.047238 -0.124306 0.036459 -0.064685 -0.076122 -0.304403 -0.041479 0.042978 -0.086099 -0.149315 0.201113 -0.087493 -0.251485 -0.273631 -0.125340 -0.093905 0.244026 0.043763 0.117648 -0.112669 0.213784 
0.012233 -0.052900 0.290384 0.294623 -0.146154 -0.178143 0.309918 0.363908 -0.048209 -0.303795 -0.230819 0.142643 0.127320 -0.277026 0.134756 0.087306 0.156344 0.067116 -0.108222 0.124738 -0.029017 0.321491 -0.251083 -0.177082 0.534106 0.308837 0.287174 -0.214328 0.382795 0.353904 0.345477 -0.017033 -0.078589 0.235004 0.255487 -0.153664 0.310609 0.225706 0.436950 -0.251844 0.114396 -0.280890 0.264753 -0.180083 -0.227894 -0.082698 0.500483 0.138915 0.161951 -0.287315 -0.122422 -0.395967 0.373901 -0.046227 -0.139530 0.288003 -0.017568 0.525373 -0.260805 0.511217 0.336931 0.331826 -0.416395 -0.416715 
0.073008 0.420848 -0.130015 0.003911 0.123788 -0.133645 0.366184 0.229146 0.045956 -0.126785 -0.157714 0.158279 0.102395 -0.245495 -0.356746 -0.036174 0.133013 0.116798 0.094529 -0.306512 0.495491 0.200331 0.339153 0.310691 0.327266 0.449657 0.357452 0.039927 0.443661 0.258936 0.154928 0.162482 0.270003 0.325648 0.174818 -0.075427 -0.218750 0.313481 0.066635 -0.082772 0.125962 0.216939 0.279372 -0.079502 0.281672 0.143151 0.468775 -0.218283 -0.285086 -0.218233 -0.159973 0.161062 0.339150 -0.374445 0.312409 0.225207 0.729228 0.270976 -0.093345 0.281674 -0.008295 0.259355 -0.287798 -0.221058 
0.046851 0.169078 0.056969 0.151460 -0.343228 -0.473318 -0.767645 -0.913365 0.154313 0.278577 -0.306562 -0.568794 0.075835 0.357398 0.715670 0.350858 -0.610367 -0.448943 -0.275901 0.280453 -0.808577 0.039036 -0.233848 0.040282 -0.252463 0.013899 -0.502076 0.293907 -0.806585 -0.060620 0.240505 -0.872901 -0.134887 -0.118917 0.150632 -0.209453 -0.021637 -0.935856 -0.237925 -0.135170 0.023203 -0.480517 0.166588 -0.205206 -0.364856 0.143952 -0.905248 0.376706 -0.113317 0.568522 0.064221 -0.215382 0.037318 -0.186543 0.086476 -0.330717 -1.080151 -0.301148 -0.344429 -0.250859 0.331419 -0.079732 -0.084202 0.358600 
0.181101 -0.268554 -0.079387 -0.084552 -0.329886 -0.090234 -0.362076 -1.483036 0.342083 0.152686 0.016212 -0.438459 -0.217277 0.502258 1.175175 0.217328 -0.909734 -0.620875 -0.423005 -0.173055 -0.972989 -0.068917 0.071754 -0.058237 0.076144 -0.159020 -0.315422 0.072264 -0.726492 -0.271957 -0.204200 -0.589904 -0.119603 -0.028170 0.147260 -0.258733 -0.221626 -1.466131 -0.082369 -0.271788 -0.466971 -0.140262 -0.417248 -0.300832 0.100104 0.404388 -0.572457 0.111188 -0.012230 0.389931 -0.112235 -0.154252 0.383149 -0.019851 0.166537 -0.559337 -1.342659 0.101962 -0.115198 -0.060598 0.631228 -0.268752 0.327688 -0.240428 
0.038548 0.056758 -0.170384 -0.224186 -0.072451 -0.076531 -0.293414 0.200347 0.074592 -0.117818 0.161936 -0.340056 -0.365962 0.195517 0.333476 -0.082207 -0.021520 0.142975 0.028191 -0.396915 0.312038 -1.093713 0.070465 0.041942 -0.402162 -0.354935 0.341990 -0.009547 -0.359873 0.070291 0.234291 -0.539121 
-0.005267 0.066747 -0.088323 0.065477 0.031878 -0.080642 -0.044660 -0.058481 -0.041652 -0.045115 0.091477 -0.121516 -0.072082 0.049299 -0.080711 0.159694 -0.104512 0.088078 0.113753 0.067434 -0.089590 -0.044003 0.010214 0.095253 -0.096736 0.012777 0.064292 0.086916 -0.055216 -0.093217 -0.196073 0.031917 
0.090107 -0.041248 0.030800 -0.000738 0.004450 0.096657 0.106166 0.039354 -0.024271 0.082535 0.061174 -0.005387 0.014871 -0.094275 -0.062396 0.172518 -0.104168 -0.097701 0.064626 0.023345 0.073553 -0.066065 -0.034912 -0.049821 0.051199 -0.072010 -0.041723 -0.079211 -0.044678 -0.066889 -0.089719 -0.068558 
-0.023993 0.029294 0.059883 -0.170116 -0.026340 -0.081013 -0.024983 0.109241 0.116631 -0.010660 -0.030207 -0.130371 -0.041150 -0.012893 0.046439 0.111347 -0.007381 -0.006239 0.002249 0.014727 -0.031741 -0.018852 0.045575 0.057455 -0.130238 -0.030705 0.070239 -0.025810 0.051781 0.094166 -0.063491 -0.079500 
-0.007676 -0.049843 0.011956 -0.143328 -0.130756 -0.093115 0.030047 -0.046462 0.059174 -0.004162 0.037350 -0.001946 -0.147914 0.063967 -0.154716 -0.025116 -0.117477 0.106519 -0.069140 0.088779 -0.031787 0.022766 0.047506 0.008756 0.011155 -0.005624 -0.046770 0.049256 -0.027446 0.012764 -0.351311 -0.209976 
0.050127 0.062340 -0.073486 0.049884 -0.091847 -0.084111 -0.013005 0.145195 0.115068 -0.102064 0.002135 0.088029 0.021711 0.080551 -0.033709 0.014005 -0.012164 0.041831 0.070756 -0.102704 0.051808 -0.031345 -0.000289 -0.069690 -0.089242 -0.058895 0.058893 0.015480 0.061211 -0.113751 0.004413 0.005576 
0.052987 0.099714 -0.047645 0.074276 -0.045673 0.040875 0.100922 -0.132476 0.287844 -0.009983 0.112292 -0.000047 -0.070447 -0.008658 -0.126299 0.165326 -0.097897 -0.172371 0.142385 0.075330 -0.065143 -0.095758 -0.104019 0.056020 0.024187 0.091643 -0.103388 -0.015304 0.102177 0.088786 -0.237130 0.005894 
0.035310 -0.005898 -0.076476 -0.218257 -0.042925 -0.083316 -0.021124 -0.027878 0.105160 -0.045105 0.049004 -0.082690 -0.072397 -0.111919 -0.179756 -0.165849 -0.145876 -0.197288 0.148007 -0.108012 0.005886 -0.298263 -0.056507 -0.109806 -0.077769 -0.100358 -0.053446 0.076979 -0.169697 0.033543 -0.118166 -0.253478 
-0.075420 0.011733 -0.381970 -0.649334 -0.206893 -0.426861 -0.222709 0.333478 -0.152471 0.010636 0.104426 -0.553149 -0.873672 0.218104 0.428577 -0.068361 0.038134 0.385301 -0.044020 -0.805627 0.505631 -2.169047 -0.025704 0.001789 -0.856230 -0.587487 0.212235 0.181896 -0.731568 -0.077043 0.427205 -0.881195 
0.027006 -0.103255 -0.230440 -0.260348 0.030965 -0.284162 -0.021462 0.277549 0.051222 0.026663 0.066248 -0.361433 -0.438459 0.066816 0.053412 -0.067077 -0.080946 0.140776 0.062566 -0.510850 0.182396 -1.173165 0.031135 -0.052672 -0.504281 -0.408782 0.184287 0.144315 -0.406409 0.010013 0.234908 -0.340055 
0.027281 0.105288 0.047772 -0.025733 -0.097256 0.025415 -0.072419 0.060342 -0.063278 0.081448 -0.113709 0.062893 -0.027749 -0.098128 -0.080984 0.047770 0.022101 0.106471 0.038525 0.081884 -0.099099 -0.031408 -0.091010 -0.063678 -0.008048 0.113439 0.123054 0.056020 0.009574 0.008026 0.047720 -0.087991 
-0.028925 -0.057522 -0.171232 -0.369688 0.077987 -0.165445 -0.244271 0.095857 0.140138 -0.046236 0.129296 -0.235055 -0.509409 -0.021644 0.182474 -0.141663 -0.125897 0.052946 0.092230 -0.429778 0.157367 -1.020712 -0.010661 0.115436 -0.294315 -0.427011 0.227546 0.054066 -0.301253 -0.038203 0.164277 -0.546665 
0.020933 -0.114077 0.098885 0.020023 0.079596 -0.092289 0.145539 -0.049552 0.105253 0.112127 -0.040416 0.104372 -0.106486 0.118797 0.076236 -0.044549 -0.101814 0.095874 0.036974 0.045776 0.018944 0.114490 0.021718 0.017879 -0.024154 -0.082881 0.074789 -0.024165 0.008029 0.018295 -0.024391 -0.131617 
0.083512 0.037838 -0.119240 -0.130264 0.013993 -0.057246 -0.060410 0.043550 0.115150 -0.066986 0.009666 -0.242270 -0.291117 0.037444 0.008173 -0.062964 -0.123711 0.222809 0.069164 0.006541 0.157553 -0.383647 -0.044885 -0.119081 -0.007320 -0.295296 -0.005265 -0.015367 -0.088086 -0.069362 0.239332 -0.198540 
0.121777 0.035567 -0.200354 -0.194712 -0.095266 -0.284527 -0.318583 0.121951 -0.132986 0.026100 0.035546 -0.321533 -0.524401 0.148352 0.058768 -0.078552 -0.000741 0.084233 0.047639 -0.213443 0.128046 -0.938031 0.073485 -0.049590 -0.262947 -0.463695 0.015173 -0.009419 -0.360219 -0.067323 0.334215 -0.453968 
0.124059 -0.116207 -0.066717 -0.075871 -0.201779 -0.195386 -0.151638 -0.035479 -0.055085 0.063874 -0.009739 -0.165908 -0.076256 -0.107145 -0.109889 0.134133 -0.056767 -0.070061 -0.083195 -0.095588 -0.104242 -0.379684 0.088397 0.149637 -0.138370 -0.118539 -0.138911 0.068950 -0.249249 -0.069311 -0.071666 -0.015642 
-0.106167 -0.004809 -0.403505 -0.669620 -0.130173 -0.264928 -0.221851 0.280315 0.054293 -0.118523 0.004368 -0.649627 -0.936186 0.145610 0.414700 -0.003638 0.062035 0.090584 -0.098686 -0.863446 0.377832 -2.073071 -0.083727 0.015482 -0.802328 -0.609087 0.260568 0.164984 -0.674719 -0.016657 0.462913 -0.778065 
0.049038 -0.065643 -0.396848 -0.397015 0.062702 -0.267654 -0.236410 0.246282 0.149073 0.009963 0.045079 -0.405483 -0.738941 0.038783 0.187810 -0.214571 -0.033492 0.129658 -0.007941 -0.569591 0.270800 -1.682990 -0.104152 0.138465 -0.514658 -0.537622 0.162892 0.143837 -0.510286 -0.082441 0.212194 -0.683829 
-0.048171 0.041256 -0.114129 -0.277453 -0.060401 -0.026889 -0.051277 0.226151 -0.058877 -0.097327 0.042435 -0.181094 -0.279404 -0.087304 0.157359 -0.140541 -0.025779 -0.037190 0.034756 -0.224870 0.209802 -0.706679 0.059176 0.029318 -0.190085 -0.231941 0.026707 0.099260 -0.245343 0.057227 0.143828 -0.215373 
-0.025852 -0.095479 -0.120656 0.011145 0.086289 -0.035671 0.013904 -0.044026 0.052849 -0.088450 0.098741 -0.084068 -0.098306 0.025256 -0.104784 0.011008 0.021073 0.096141 -0.020962 -0.035350 0.014044 -0.079960 0.096737 0.012580 -0.000765 -0.112689 -0.086650 0.110392 0.073846 0.072435 0.034787 -0.080116 
0.015827 0.090223 -0.446801 -0.709612 -0.065996 -0.462336 -0.299124 0.531488 0.278966 -0.105515 -0.054998 -0.630271 -1.012245 0.038501 0.263993 -0.070026 -0.146645 0.228395 0.082481 -0.908261 0.602096 -2.673431 -0.018104 0.022146 -1.020412 -0.642495 0.197218 0.146864 -0.869604 -0.117202 0.334805 -1.154827 
0.023395 0.005346 -0.014098 -0.044964 -0.107623 0.028906 -0.204033 -0.017224 0.180945 -0.105351 -0.028319 -0.043808 0.037166 0.021553 -0.009728 0.211440 -0.017512 -0.158915 0.064500 0.060552 -0.124979 0.234836 0.080424 0.008434 0.070799 -0.055577 0.098264 -0.071634 -0.025829 -0.025936 0.011735 -0.074500 
-0.120666 -0.117662 -0.151825 -0.208638 0.009001 -0.119594 0.007809 -0.058928 -0.011009 -0.087672 -0.025580 -0.067407 -0.047524 0.141654 0.038211 0.021694 -0.092735 0.154934 0.111506 -0.052680 0.133940 -0.300795 -0.110776 -0.007550 -0.037530 -0.044930 0.107729 -0.059027 -0.188409 -0.048060 -0.010185 -0.223838 
-0.069165 -0.042383 -0.222485 -0.195550 -0.045084 -0.262454 0.066863 0.182683 -0.007401 -0.048872 -0.043146 -0.326775 -0.451813 0.085606 0.122238 -0.034268 -0.043643 0.059594 -0.100759 -0.450390 0.150561 -1.107502 0.028144 -0.056841 -0.279022 -0.328726 0.004822 -0.022416 -0.328406 -0.045491 0.072969 -0.331442 
-0.032007 0.091221 0.033978 0.073037 -0.099524 0.000136 -0.005026 -0.096961 0.330854 0.038321 0.041835 -0.091208 -0.044675 -0.051101 -0.081375 0.376356 0.034114 -0.049500 -0.033186 -0.096572 -0.142221 0.023369 -0.074601 0.096885 0.067516 -0.008574 0.065828 -0.027290 0.067111 -0.086658 -0.230834 -0.119538 
-0.101615 0.095084 -0.089161 -0.038346 0.013781 0.006219 0.026787 -0.094385 -0.042781 -0.046127 0.002034 -0.009551 0.025311 0.089275 -0.039142 0.333648 -0.040434 -0.073415 0.029596 -0.198207 -0.212454 -0.081199 -0.007924 0.206292 -0.187121 -0.078312 0.041565 -0.128904 -0.051721 -0.004987 -0.072302 -0.021664 
-0.052646 -0.029292 -0.098454 -0.126482 0.120181 -0.164852 -0.168216 -0.012464 0.182209 0.071621 0.092798 -0.287791 -0.238958 -0.037674 0.173110 0.163639 -0.010929 -0.017543 -0.009112 -0.207494 -0.061106 -0.676662 0.002028 0.036951 -0.394097 -0.158050 0.169615 0.004737 -0.299427 0.024024 0.183502 -0.292839 
-0.115440 0.008887 -0.039943 -0.149205 0.038448 -0.003443 0.135532 -0.048480 -0.132300 -0.100711 -0.008680 -0.051376 -0.114298 -0.010616 -0.073607 -0.018412 -0.005797 0.101498 -0.035507 -0.060746 0.083517 -0.356565 -0.097079 0.074151 -0.031223 -0.012944 -0.300970 -0.061180 -0.168560 0.092894 -0.136700 -0.143724 
-0.129905 -0.027568 -0.238072 -0.292745 -0.079520 -0.132287 -0.004532 0.079168 0.332109 -0.120861 -0.082862 -0.027246 -0.213786 0.092413 -0.079396 0.006497 -0.014671 -0.137386 0.187572 -0.244307 -0.082698 -0.406205 -0.110423 -0.075474 -0.259296 -0.207148 -0.157684 0.011828 -0.062375 -0.111401 -0.231267 -0.370627 
-0.069997 0.046220 -0.078508 -0.014374 -0.093055 -0.034075 0.083879 -0.039865 0.211707 0.028255 -0.006719 -0.102138 -0.023216 -0.052884 -0.204946 0.080232 -0.110376 0.107761 0.054756 0.005137 0.025392 -0.005590 -0.020364 0.014625 0.033083 0.010245 -0.005060 0.025922 0.016848 -0.048073 -0.191448 -0.235727 
0.095822 0.089060 0.051300 -0.102670 -0.001292 -0.091924 0.051366 -0.117190 0.149960 -0.077147 -0.092773 -0.074066 -0.044402 -0.079099 -0.057217 0.110947 -0.108626 0.042069 0.145935 0.121398 -0.111710 -0.024611 -0.064783 0.093858 0.110126 0.108080 -0.047880 0.033320 -0.076372 0.093538 0.029599 -0.108609 
0.008288 0.009066 -0.165209 -0.169768 0.005687 -0.023729 0.027597 -0.036542 0.077223 0.006808 -0.014077 -0.029792 -0.049822 0.070304 -0.016862 0.022657 -0.046712 -0.012687 0.088515 -0.008580 -0.119384 -0.371627 0.006409 -0.045107 0.045099 0.003781 -0.024840 -0.123035 -0.067283 0.026329 -0.359761 -0.160132 
-0.137505 0.008947 0.053261 0.028907 -0.017814 -0.107557 0.081320 -0.082487 0.031264 -0.012671 0.039565 -0.042680 -0.055288 0.023686 -0.153268 0.325446 0.036265 -0.031623 -0.000777 -0.170016 -0.356423 -0.219968 -0.042635 0.239416 0.007983 -0.051521 -0.122018 -0.066377 0.074023 -0.043071 -0.140394 0.070345 
0.009174 0.028175 -0.029984 -0.147781 0.081303 -0.038231 -0.018085 -0.013532 0.331771 -0.022252 0.099310 -0.113866 -0.077257 -0.093951 0.059601 0.027157 -0.126618 0.008866 0.001991 -0.084921 0.012695 -0.025945 -0.099932 0.079116 0.070440 -0.105803 -0.091760 0.079983 -0.023276 -0.092149 -0.045211 -0.174097 
0.075280 -0.072052 -0.241391 -0.330592 -0.012113 -0.138973 -0.287713 0.190991 0.008059 -0.121085 0.065864 -0.369250 -0.626557 0.114083 0.299087 0.077346 -0.100168 0.252185 -0.036204 -0.323789 0.188398 -1.314610 0.011247 -0.010733 -0.448483 -0.361967 0.181821 -0.006155 -0.359269 0.045751 0.269485 -0.514054 
0.069176 0.049723 -0.087449 -0.090440 0.004933 -0.089986 0.176055 0.095264 -0.010164 0.016825 -0.043417 0.002634 -0.161849 0.132295 0.047183 -0.072174 0.039208 -0.085220 -0.045801 -0.157305 0.038046 -0.080670 -0.029514 -0.117150 -0.045762 -0.077765 -0.134792 0.023664 -0.173616 -0.004375 -0.165336 0.006990 
-0.094046 0.000177 -0.008197 0.027547 0.097049 -0.136989 -0.037202 -0.020237 -0.120845 0.073186 -0.143422 -0.089286 0.036129 0.044135 -0.033279 0.191163 0.038137 0.059295 0.052818 -0.034949 -0.020213 -0.097956 -0.035813 0.005936 -0.072705 -0.048470 0.133357 -0.011262 0.077062 -0.097660 -0.120019 -0.115256 
-0.052775 -0.124742 -0.377301 -0.605700 -0.030158 -0.405942 -0.290819 0.300564 0.088269 -0.110425 0.043843 -0.444796 -0.732985 -0.019952 0.226493 0.003788 -0.162394 0.043385 -0.046258 -0.705489 0.344282 -2.115395 -0.039141 0.117985 -0.961472 -0.603281 0.192604 0.231909 -0.716350 0.099702 0.158598 -0.757613 
0.061361 0.070554 0.005709 -0.051584 -0.114530 -0.021134 0.139273 -0.158354 0.225024 -0.025835 -0.116132 0.014911 0.030919 0.017975 -0.124808 0.223868 0.009558 -0.043131 0.088345 -0.070490 0.000485 0.129992 0.100579 -0.049576 -0.056038 -0.034736 0.095859 0.031732 -0.059963 -0.103131 -0.175428 -0.144362 
0.055578 -0.083087 0.041442 0.114490 0.053088 -0.052182 -0.045353 -0.077103 -0.004817 -0.103944 0.047988 0.000186 0.065194 -0.109626 -0.151130 -0.113206 -0.023380 0.026280 -0.018918 0.045734 0.008425 0.064806 -0.013312 0.054582 0.097317 -0.022562 -0.095799 0.122082 0.013089 0.096788 -0.220517 -0.022087 
-0.181220 0.046707 -0.164816 -0.209892 -0.141395 -0.219650 0.075706 0.200484 0.188822 0.065228 -0.054583 -0.269629 -0.216671 -0.014330 0.009400 -0.099323 -0.151749 -0.094359 0.087227 -0.182273 -0.001341 -0.753842 -0.023753 -0.081156 -0.225594 -0.176414 0.073273 -0.064577 -0.228216 -0.101701 -0.136322 -0.349033 
0.035639 0.111721 -0.260482 -0.287456 -0.086706 -0.259924 -0.036209 0.244913 -0.094360 -0.111763 0.124019 -0.227183 -0.504893 0.050890 0.099580 -0.043505 -0.032762 0.182010 -0.097770 -0.357095 0.060667 -1.240426 0.108457 0.051535 -0.511436 -0.235111 0.164204 0.158472 -0.308033 -0.085846 0.130609 -0.466547 
0.018438 0.049578 0.039778 -0.087050 -0.090003 -0.049986 0.084183 -0.128416 0.085569 0.070355 -0.101513 0.104720 -0.006714 -0.049178 -0.120084 0.062008 -0.099379 -0.008203 0.124923 0.009818 -0.185999 0.189941 0.073414 -0.030008 0.094567 -0.020234 -0.140975 0.042290 0.043838 0.045237 -0.194508 -0.053040 
-0.011480 0.082332 -0.042088 -0.086567 -0.088454 -0.057298 0.074541 0.084431 0.031307 0.114117 -0.042343 -0.034080 -0.216745 0.041366 0.032828 -0.048984 -0.103965 -0.027651 0.019083 -0.212582 0.219052 -0.437399 0.012993 0.004549 -0.115981 -0.035746 -0.105328 -0.020089 -0.137243 -0.045761 0.110283 -0.049767 
-0.087171 0.015958 0.021322 -0.079628 -0.093736 -0.028163 0.104128 -0.008792 -0.002762 -0.098600 -0.050697 0.042220 0.052238 0.099176 -0.144494 0.126799 -0.097676 -0.008305 -0.097792 -0.111515 0.052698 -0.003168 0.027372 0.015398 -0.019705 0.031102 0.046683 0.093103 0.101922 0.036832 0.010258 -0.131152 
-0.060958 -0.031906 -0.018901 -0.101574 0.063932 -0.097146 0.017034 -0.030434 -0.056843 -0.087546 0.144420 -0.186255 -0.202034 0.165104 0.171241 -0.128775 -0.014465 -0.009457 -0.057982 -0.074368 0.143560 -0.061745 0.049223 -0.130506 0.018752 -0.099785 0.156348 0.048018 -0.159811 0.072209 0.229332 -0.117929 
-0.112708 -0.140036 -0.027034 -0.158405 -0.059531 -0.045359 -0.074511 -0.023304 0.292691 -0.062689 0.037242 -0.028172 -0.142757 0.026805 0.026132 0.194358 0.004601 -0.147225 0.176067 -0.051162 -0.195225 -0.155329 0.004454 0.076263 -0.163394 -0.056610 -0.049075 -0.075592 -0.102275 0.052044 -0.102173 -0.097177 
0.081960 -0.079314 -0.074277 -0.317747 -0.068054 -0.153523 -0.065182 0.059253 -0.131477 -0.047643 0.094111 -0.251739 -0.204208 0.075115 0.148290 -0.075759 0.024470 0.170059 0.079477 -0.160015 0.041770 -0.743504 -0.016620 -0.051568 -0.148028 -0.247368 -0.047932 -0.013948 -0.323975 -0.113729 0.100605 -0.412614 
-0.078755 -0.044190 -0.088963 0.041080 -0.064172 0.047164 -0.115801 -0.028812 -0.050693 0.090406 0.051834 -0.117551 0.016013 0.036975 0.013737 0.066345 -0.040114 -0.014676 -0.037626 0.085651 0.081925 0.084311 -0.099821 0.103753 -0.065891 0.028114 -0.060469 0.001116 0.046256 0.093114 0.006333 0.089473 
-0.057383 0.066258 -0.117344 -0.359854 -0.093895 -0.276655 -0.082385 0.201402 -0.081963 0.004694 0.064195 -0.402177 -0.535028 -0.027436 0.103591 -0.075058 -0.018970 0.244667 -0.067789 -0.345807 0.211938 -1.121120 -0.002504 0.048482 -0.469057 -0.349723 -0.074028 0.169912 -0.400434 -0.125461 0.206929 -0.454850 
0.014516 0.018818 -0.368752 -0.476739 -0.163719 -0.224377 0.004397 0.298839 -0.146647 0.008552 0.092672 -0.359591 -0.531945 0.062366 0.093075 -0.157016 -0.077161 0.199169 -0.129632 -0.672732 0.200211 -1.542458 -0.105305 -0.021880 -0.658701 -0.425969 -0.034472 0.147952 -0.504547 0.102270 0.009125 -0.664266 
-0.065347 0.019070 0.022584 -0.039025 0.002267 -0.055039 -0.100331 0.057744 -0.066912 -0.113461 -0.019053 0.085332 0.003014 -0.181204 -0.135324 0.086684 0.025889 -0.159902 -0.112215 -0.142052 -0.357009 -0.139605 -0.035511 0.052562 0.010666 0.004875 0.051409 -0.135692 -0.012302 -0.055195 -0.261587 0.031072 
0.061880 -0.086037 -0.036978 -0.164459 0.007700 -0.084922 -0.183483 0.066600 0.177354 0.064419 0.080093 -0.211368 -0.069091 -0.057481 -0.037586 0.334665 -0.029749 0.043170 0.085240 -0.036284 -0.022675 -0.459850 0.090457 0.048584 -0.049445 -0.067642 0.139026 -0.008195 -0.224339 -0.054491 0.031584 -0.092889 
-0.001472 0.042425 -0.104435 -0.073739 -0.047448 -0.084317 -0.127626 0.079698 0.095318 0.054545 -0.127165 0.073303 0.065522 -0.072043 -0.000238 0.028121 0.022933 -0.108408 -0.126220 -0.068575 -0.088439 0.111795 0.019138 0.105683 0.053472 -0.071942 -0.037523 0.097225 0.011845 -0.019624 0.112292 -0.103042 
-0.109620 0.105912 -0.263662 -0.356427 -0.131148 -0.214492 -0.238637 0.092166 -0.125296 -0.084567 0.117022 -0.252191 -0.503162 0.031782 0.149158 0.085008 -0.035680 0.078824 -0.080797 -0.435382 0.172493 -1.133803 -0.025377 -0.103847 -0.536889 -0.329118 0.291920 0.112806 -0.283007 0.060925 0.295334 -0.581491 
-0.001988 0.117523 -0.253928 -0.238172 -0.057191 -0.156771 0.009987 0.100676 0.220074 0.044094 -0.063879 -0.339242 -0.259138 -0.000603 -0.044814 0.022497 -0.001368 -0.032314 0.161416 -0.297067 0.291071 -1.020831 0.091689 -0.079045 -0.331150 -0.147202 0.103239 0.146366 -0.289934 -0.033564 0.145442 -0.505345 
-0.079035 -0.044947 -0.304217 -0.509555 0.080754 -0.251817 -0.014499 0.259456 0.147025 -0.094677 0.033883 -0.485690 -0.709271 0.085240 0.209167 -0.045375 0.010516 0.088845 -0.075612 -0.636187 0.212664 -1.764722 0.098256 0.135606 -0.700288 -0.438327 0.230238 0.026903 -0.485931 0.039283 0.152384 -0.797191 
-0.131467 -0.012237 0.103178 0.101050 -0.058764 0.045474 -0.027277 -0.025908 0.242971 -0.133720 -0.103395 -0.016855 0.008145 0.079764 -0.004112 0.378001 -0.022241 0.009187 0.001562 0.018593 -0.114946 -0.146202 0.013424 0.057155 -0.017466 -0.033364 0.133357 0.062714 -0.103622 -0.074437 -0.160224 -0.089474 
0.025412 -0.112761 -0.326977 -0.185897 0.095630 -0.197225 -0.046796 0.293591 0.001311 0.058591 0.000251 -0.379804 -0.363035 -0.059723 0.151042 -0.074381 0.044748 0.190936 0.124563 -0.401903 0.152170 -0.993482 0.058431 0.110220 -0.518221 -0.301535 0.160330 -0.011762 -0.306202 0.062562 0.141307 -0.458606 
-0.078064 -0.072046 -0.006846 0.055442 0.049248 0.097322 -0.059418 -0.199303 0.306497 0.094465 -0.093715 0.028642 -0.008131 0.026636 -0.115157 0.139929 -0.015746 -0.100535 0.064144 0.244250 -0.321539 0.455777 0.030719 -0.010925 0.157117 -0.050661 -0.106085 -0.091392 -0.054874 0.040587 -0.304262 0.015407 
-0.072245 0.024501 -0.005022 0.041942 -0.040095 -0.274009 -0.020984 -0.058559 -0.101065 -0.113438 0.014741 -0.175060 -0.052646 -0.054341 0.117540 0.248667 0.005786 0.007597 -0.113938 0.039278 -0.047550 -0.200705 -0.083176 0.051196 -0.031138 -0.115810 0.072451 0.102620 -0.144115 0.108058 0.196612 -0.092277 
-0.002987 -0.093718 -0.071626 -0.013707 -0.055113 -0.112168 -0.026385 -0.145978 -0.050229 0.095130 -0.058087 0.090010 -0.078293 -0.084313 -0.074254 0.477796 -0.037081 -0.118005 0.082621 0.065334 -0.054301 -0.138190 -0.037487 0.204704 -0.023444 -0.084643 0.160850 -0.144442 -0.109141 -0.035775 -0.080895 0.053094 
-0.037245 0.037113 -0.137148 -0.332349 -0.056892 -0.434558 0.086279 0.233829 -0.354116 -0.072776 0.020685 -0.444675 -0.498274 0.182171 0.192283 -0.275856 -0.119971 0.232115 0.058904 -0.510252 0.287706 -1.345093 -0.076080 -0.010979 -0.503142 -0.288022 -0.051359 0.099072 -0.502482 0.078761 -0.146994 -0.463268 
-0.091012 0.119707 -0.238522 -0.363347 0.075328 -0.285572 0.221879 0.244843 -0.232283 -0.028649 -0.143979 -0.289957 -0.386553 -0.077657 -0.100067 -0.146348 0.012664 -0.036037 -0.154270 -0.405403 0.208054 -1.086461 -0.093290 -0.096680 -0.524280 -0.176323 -0.161039 0.067873 -0.331614 -0.004059 -0.294635 -0.264766 
-0.069052 0.076012 0.094139 -0.101144 -0.105246 0.042438 -0.063623 0.055236 -0.156559 -0.060547 0.103790 -0.004696 -0.001620 -0.106752 -0.081244 -0.040807 
-0.023299 -0.061018 -0.182246 -0.157233 0.023770 -0.124113 -0.140554 0.065889 0.064859 -0.010728 -0.029281 -0.131405 -0.145377 -0.018661 0.156336 -0.046384 
-0.118093 0.010849 0.044072 -0.108394 -0.203021 0.127271 -0.075142 -0.003246 -0.094471 0.095469 -0.045847 0.029110 0.059550 -0.075354 -0.201053 -0.155476 
-0.022757 -0.709841 0.820903 -0.170968 -1.497373 0.561752 -2.599243 0.287994 -0.084880 -0.174983 1.375363 -0.593387 -0.931935 -0.150611 -0.461385 -1.094926 
0.127456 -0.012907 0.123971 -0.047990 -0.058866 0.093457 0.137998 0.014019 0.027919 0.138437 -0.088211 0.025343 -0.086231 -0.055950 -0.178503 0.083797 
-0.116694 -0.542375 0.659212 -0.018233 -1.432003 0.639882 -2.743008 0.114218 -0.207162 -0.039509 1.664822 -0.526433 -0.853307 0.043682 -0.607733 -1.106434 
-0.142316 -0.220463 -0.062966 -0.043482 -0.530181 -0.112383 -0.554649 0.068904 -0.191796 -0.099477 0.392423 -0.219909 -0.238121 -0.046893 -0.270931 -0.516236 
0.039971 -0.186789 -0.157894 -0.253886 -0.230195 -0.191189 -0.291907 -0.288501 -0.229080 -0.087068 -0.033000 -0.226633 0.043253 -0.075819 0.044885 -0.378412 
0.229997 0.307783 -0.124110 0.244228 0.694134 -0.069455 0.119980 -0.239810 0.092354 0.441650 -0.417933 -0.038870 -0.052378 0.008231 -0.084270 -0.184612 
0.081329 -0.140068 -0.102054 0.135255 0.013561 0.062654 -0.112873 0.078588 0.165839 -0.156067 0.082061 0.137693 -0.048244 0.025026 0.139438 0.158871 
-0.040804 -0.065042 -0.001881 -0.050417 0.082502 -0.084789 -0.036802 -0.016670 -0.125710 0.079233 0.166102 -0.008319 -0.038904 -0.149910 0.051403 -0.102945 
-0.110386 -0.123348 -0.017356 0.035833 -0.596561 -0.005950 -0.994684 -0.023425 -0.102467 -0.091748 0.468810 -0.161824 -0.299330 -0.052590 -0.167553 -0.587046 
0.049471 -0.469829 0.353001 -0.087086 -0.943548 0.118608 -1.448584 0.119796 -0.156115 0.003585 0.788897 -0.326795 -0.537279 -0.167900 -0.288631 -0.636263 
0.105284 0.063479 -0.100048 -0.035127 0.156912 0.098780 -0.165558 -0.148698 -0.170989 -0.047691 0.114834 0.121582 0.109147 -0.028995 -0.137374 -0.043019 
0.001672 0.107849 -0.044804 -0.115170 -0.147349 -0.075315 -0.586799 -0.304845 -0.205743 -0.069473 0.120123 -0.238463 -0.120230 -0.063057 0.048358 -0.381824 
0.252235 -0.032478 0.373131 0.292787 -0.057116 0.254817 -0.229889 -0.079032 0.067641 0.523889 -0.504221 -0.078244 -0.105337 -0.031696 -0.016959 -0.206149 
-0.157242 -0.029022 0.115567 -0.108843 -0.336424 0.072064 -0.595992 0.143913 -0.135109 -0.147620 0.126438 -0.030199 -0.224863 0.151605 -0.211837 -0.317882 
-0.146377 -0.085084 -0.225447 -0.004842 -0.096181 -0.216642 -0.375191 -0.108538 -0.248279 -0.146213 0.180782 -0.062647 0.027474 0.084902 -0.071718 -0.406970 
0.011933 0.190566 -0.052778 0.162457 0.147674 0.170252 0.197319 0.069279 -0.102147 0.191791 -0.053922 0.090552 0.126713 0.101343 -0.085887 -0.076362 
-0.076015 -0.039447 0.025791 -0.056222 0.046630 -0.163302 -0.098232 -0.157580 0.058833 0.169959 0.205012 -0.066611 -0.082571 -0.117081 -0.042082 -0.316861 
-0.297449 -0.279455 -0.173217 -0.065636 -0.488904 -0.302221 -1.062929 -0.320192 -0.017409 0.001634 0.317750 -0.123055 -0.293036 -0.115364 -0.071286 -0.605409 
0.225249 -0.264824 0.194661 0.107527 -0.633787 0.241524 -1.364446 -0.049661 0.126556 0.025283 0.629369 -0.288143 -0.501538 0.071575 -0.280197 -0.745318 
0.101713 0.115151 -0.047924 0.122579 0.115596 0.032051 -0.134589 0.083874 -0.060475 -0.152330 0.019236 0.122257 -0.095304 -0.029545 -0.026791 0.163901 
-0.068107 -0.079015 0.188500 -0.069912 -0.125700 0.074193 0.025635 -0.189786 -0.069572 0.284900 -0.260596 -0.161343 0.003071 -0.073287 0.105933 -0.063657 
-0.028373 -0.165338 -0.164020 0.164672 -0.000978 -0.088265 -0.203212 -0.193458 -0.001931 -0.084415 -0.036391 0.017588 -0.170867 -0.020136 -0.029731 -0.182578 
0.030845 -0.502668 0.429023 0.098344 -1.327590 0.195539 -2.023920 0.037304 0.105436 -0.060910 1.141294 -0.435489 -0.640423 -0.075992 -0.290045 -0.758510 
-0.019373 -0.103333 0.136620 0.011970 0.085571 -0.103255 -0.426916 -0.323496 0.037144 0.135893 -0.181649 -0.101255 0.052953 -0.016882 -0.222977 -0.360248 
0.053566 -0.059327 -0.031684 0.069860 -0.045174 -0.024603 -0.184123 -0.079497 -0.183869 -0.000809 0.181541 0.096743 0.101989 0.138487 0.064551 -0.120087 
-0.152647 -0.340037 0.372303 0.053002 -0.916041 0.153270 -1.379922 -0.137488 0.088531 0.002370 0.794633 -0.202888 -0.695053 0.091916 -0.298325 -0.537540 
-0.097441 -0.108762 0.117100 0.056160 0.089619 -0.155317 -0.137071 0.099851 0.053627 -0.185016 0.020903 0.014590 0.152538 -0.048862 0.158721 -0.142385 
0.055548 -0.240562 0.278185 -0.158106 -0.986017 0.026639 -2.045736 -0.128894 -0.270455 -0.054094 0.745556 -0.381760 -0.665735 -0.093951 -0.420420 -1.078125 
-0.124765 -0.764956 0.828705 -0.257767 -1.740740 0.546441 -2.997483 -0.033372 -0.050517 -0.090286 1.773266 -0.653774 -0.962660 0.010329 -0.603460 -1.163380 
-0.145213 -0.055364 -0.255039 -0.130438 -0.219545 -0.065568 -0.169034 -0.022771 -0.162874 0.108335 -0.170623 0.027320 -0.141924 0.226507 -0.119095 0.004528 
0.111957 0.019847 0.077402 -0.035893 -0.170076 -0.007354 -0.058930 0.115463 -0.231523 0.200038 -0.096676 -0.254916 -0.036035 0.166045 0.196210 0.136235 
-0.113486 -0.367115 -0.682821 0.027816 -0.245091 -0.207955 -0.158984 -0.068360 -0.250083 -0.303159 -0.221309 -0.198661 -0.255704 0.065093 0.037175 -0.981629 
-0.246829 -0.184036 -0.199515 -0.144155 0.030180 0.061004 -0.207721 0.098924 0.046667 0.042983 0.174587 -0.208650 -0.199755 0.234585 0.074907 -0.060131 
-0.396269 -0.245035 -0.102987 -0.059282 -0.046221 -0.306779 0.092120 0.075538 0.032690 -0.016927 -0.200320 0.026203 -0.243877 0.363742 0.007229 -0.242301 
0.068543 -0.003118 -0.055689 0.086783 -0.155661 -0.045967 -0.017224 -0.409493 0.115028 -0.458627 -0.204765 -0.234374 -0.223821 0.118084 0.113962 -0.106325 
-2.018264 -1.372843 1.085731 0.571109 -1.069878 -0.380941 0.083293 -1.660245 -0.086739 -2.673661 -0.033116 -0.380573 0.581978 -0.223669 0.154803 1.023903 
-0.393548 -0.324090 0.586023 0.050747 -0.423099 -0.179909 -0.069676 -0.333832 0.082028 -0.978052 0.229860 0.027421 -0.055005 -0.210054 0.123331 0.338925 
-0.055258 -0.012568 -0.035994 0.040455 -0.193369 -0.130648 -0.036865 0.040967 0.223001 0.235691 0.219697 -0.046129 0.135474 0.045226 0.095427 -0.117646 
-0.142247 0.014456 -0.411862 -0.178762 0.088799 -0.000053 -0.129496 -0.027853 0.245433 -0.087652 -0.096530 -0.133634 0.093103 0.465122 -0.131556 -0.347769 
-0.779936 -0.492804 0.647016 0.388595 -0.591850 -0.191078 -0.096816 -1.050139 -0.161301 -1.612839 -0.008950 -0.293451 -0.390385 -0.913625 0.203399 -0.500035 
-0.192714 0.015946 -0.037013 0.130624 -0.156310 -0.164029 -0.165944 -0.350038 0.002941 -0.445296 0.033552 -0.131045 0.006889 0.103320 0.081776 0.334699 
-0.809773 -0.665252 0.777393 0.297260 -0.236137 0.052401 0.143171 -0.620592 -0.202733 -1.385368 -0.228556 -0.018675 0.341107 0.176885 0.108220 0.431687 
0.193428 0.031081 0.116356 -0.083473 0.175690 0.196070 0.087411 -0.067017 -0.066395 -0.122714 0.101437 0.108372 -0.232938 -0.085889 0.028690 0.062540 
-0.528423 -0.686574 0.440427 0.215470 -0.058032 -0.310794 0.028576 -0.858531 -0.064484 -0.966798 0.162690 0.034268 0.275164 -0.077790 0.287870 0.391500 
-2.262666 -1.793774 1.968731 0.687204 -1.071624 -0.478772 -0.178787 -2.122631 0.083384 -3.657085 0.060434 -0.264920 0.921149 -0.235576 0.262953 1.949937 
-3.710792 0.498249 -0.010918 0.744638 0.121158 -0.210204 -0.054606 -0.307230 0.125871 -0.186019 -0.896468 1.053180 0.390942 -0.592955 -0.302967 0.580877 
-2.457947 0.240244 -0.132561 0.358176 0.161922 -0.053980 -0.191724 -0.080065 -0.110521 0.054849 -0.908567 0.773103 0.422462 -0.535022 -0.315647 0.255530 
-2.364615 0.433595 -0.653196 0.353701 -0.197902 -0.768906 -0.484843 0.088800 -0.291368 0.077944 -0.814292 0.012479 0.357864 -0.384588 -0.302318 -0.596394 
-0.685465 0.235789 -0.076679 0.323151 -0.178331 -0.027738 -0.108264 -0.065446 -0.153682 0.030045 0.011482 -0.210375 0.053845 -0.166365 -0.026200 -0.067701 
-1.131977 -0.157317 -0.057397 0.083306 -0.205209 -0.019613 -0.103730 -0.098338 -0.101584 -0.159758 -0.455419 0.209276 0.171168 -0.175142 -0.210463 -0.057853 
-1.346375 0.388558 -0.281005 0.259275 0.017298 -0.066565 0.199730 0.103894 -0.172020 0.104868 -0.156028 0.329379 0.329221 -0.321422 -0.042542 0.019640 
0.056031 -0.242092 -0.012063 0.047010 -0.069733 0.048513 0.226718 0.082527 0.146426 -0.132021 0.166640 0.114534 0.187910 -0.087241 0.124877 -0.095341 
-1.059106 0.089722 0.112812 0.309888 -0.131481 0.141045 0.094456 -0.092034 0.010038 0.063717 -0.236508 0.252272 -0.262777 -0.387655 -0.155480 0.130382 
-0.035493 -0.150712 -0.139983 0.135021 0.204037 -0.116138 0.093052 0.062688 -0.049609 -0.108647 -0.079660 -0.138580 0.046446 -0.201245 0.062069 0.203140 
-2.150918 0.104679 0.130952 0.259512 -0.113823 0.016599 0.070539 0.092490 -0.247707 -0.165803 -0.810491 0.533266 0.012642 -0.938126 -0.371860 0.012180 
-0.102512 0.206801 0.170834 -0.185850 -0.202707 -0.089242 0.121312 -0.006475 0.047750 -0.203996 0.148593 -0.151608 -0.157141 -0.030197 -0.192680 -0.231380 
0.057076 0.188172 -0.180952 -0.116719 -0.112722 0.035124 0.235584 -0.096160 0.119604 -0.075140 -0.091043 -0.045014 -0.037401 -0.205795 -0.080922 0.114773 
-0.340285 -0.445627 -0.450218 -0.623537 0.001897 -0.339272 0.207735 -0.177227 -0.202611 -0.066125 -0.120100 -0.440693 -0.146100 -0.142625 -0.117684 -0.739177 
0.023580 -0.079137 0.002679 -0.289865 0.056236 0.369481 0.476121 -0.099143 -0.216058 -0.111610 0.005425 -0.242655 -0.226585 -0.373092 -0.349136 -0.294160 
-0.191780 -0.121665 -0.211267 0.070679 0.173485 -0.278318 0.189115 0.009023 -0.005942 -0.138150 -0.098389 -0.282684 0.118141 -0.165200 -0.155180 -0.587884 
-1.543571 -0.112853 -0.674704 0.125846 -0.090318 -0.548033 -0.340229 0.005602 -0.153068 0.021088 -0.417607 -0.429016 0.152380 -0.110334 -0.086055 -0.525064 
-0.189647 -0.367321 -1.166317 0.117809 -0.354964 -1.132805 -0.007133 -1.455833 -0.186653 -0.350810 -0.170858 -0.425781 -0.214802 0.028987 -1.086641 -0.000991 -1.845302 0.045820 -0.231854 -0.137179 -0.114241 -0.941361 -1.474610 0.644380 -1.447372 -0.129983 -0.006117 0.007807 -0.207050 -0.024031 -0.523399 0.114391 
0.181318 -0.084535 -0.238622 0.059778 -0.283907 -0.094110 -0.133419 -0.280200 0.000498 -0.154809 -0.028337 -0.048964 0.330927 -0.181090 -0.060468 -0.002446 0.083979 0.141204 -0.241050 -0.211493 0.511657 0.129318 -0.350864 -0.064300 -0.341294 -0.175643 -0.129226 -0.131035 -0.241450 0.254962 0.238333 0.057961 
-0.198505 0.156382 0.150768 -0.190112 -0.112308 0.183070 -0.006697 0.131045 -0.153654 0.078244 0.205321 -0.209645 0.114093 -0.178363 0.215576 -0.098176 -0.165452 0.178713 0.080561 0.222343 0.445601 0.149706 0.178337 -0.411601 0.042242 -0.084737 -0.169661 0.028872 0.048305 0.127341 0.299490 -0.227340 
-0.139495 -0.281438 -0.467006 -0.024289 0.003604 -0.328389 -0.113536 -0.545998 -0.170918 -0.105731 0.163890 0.095116 0.329416 -0.237816 -0.341573 -0.168965 0.058212 -0.240533 0.140113 0.117876 0.756667 -0.187680 -0.343150 -0.454213 -0.360414 -0.340788 -0.206557 -0.181944 -0.043324 0.189510 0.748063 -0.257519 
0.034574 0.226408 -0.205031 -0.014483 -0.013300 -0.059347 -0.001863 0.061430 0.242040 0.066580 -0.009177 0.134489 0.079782 -0.214465 0.030376 0.060177 -0.139191 -0.045630 -0.100668 -0.141276 0.172854 0.196254 0.080684 -0.108023 0.116093 0.154351 -0.059237 -0.166401 -0.072329 -0.066389 0.147744 0.216356 
-0.115243 0.264899 -0.053198 0.057711 -0.125324 0.257073 -0.053135 -0.107775 0.009766 0.205488 -0.338723 -0.155473 -0.280365 0.054172 0.254182 -0.124651 -0.341843 -0.126862 -0.002085 0.167429 -0.219775 -0.224245 -0.178629 -0.011158 0.193534 0.101155 0.205285 -0.080684 0.082010 0.172790 -0.156525 -0.251946 
0.050624 0.183896 0.118954 0.112932 0.027770 -0.011912 -0.156252 -0.193796 -0.111655 -0.158473 -0.209174 -0.108221 0.121389 -0.231922 0.159535 0.260027 -0.602225 0.257098 0.160352 -0.184519 -0.287198 0.050791 0.083204 -0.337714 -0.152047 0.394892 -0.030148 -0.117556 -0.089737 0.162491 -0.334488 -0.252984 
-0.063951 -0.064803 -0.186065 0.203888 0.095886 -0.096724 0.237483 0.229108 0.017612 -0.132442 -0.119183 -0.050833 -0.128263 0.125098 -0.119923 -0.070888 0.089328 0.232288 -0.006799 0.152123 0.136136 -0.049643 0.196909 -0.143517 -0.119405 -0.080456 -0.018460 0.171992 -0.224465 0.193155 -0.225576 -0.040438 
-0.117159 -0.175364 -0.120874 0.225292 -0.003400 -0.118543 0.210440 -0.256930 0.022286 -0.159408 0.158544 0.143556 0.212601 0.084911 -0.172853 -0.035545 0.087451 0.045725 -0.030013 -0.010724 -0.057900 -0.099981 0.077448 -0.353425 0.085998 -0.289838 -0.170288 0.109711 -0.227282 -0.129041 0.045844 -0.250066 
-0.044017 -0.016705 -0.117658 0.200187 0.135195 -0.156340 0.216355 -0.087768 -0.066886 -0.063505 -0.180045 -0.101216 -0.211635 -0.108339 0.205522 0.108218 0.190663 -0.066429 -0.146196 0.228912 0.107578 0.186107 -0.115504 -0.047622 -0.232003 -0.041988 -0.190420 -0.213670 0.068763 -0.117628 -0.065385 -0.213700 
0.105402 -0.047617 -0.039360 -0.025776 0.067330 -0.072499 0.156053 -0.474821 -0.113512 0.109547 -0.020950 -0.210139 -0.136739 -0.054171 -0.504687 -0.176724 -0.270109 -0.124792 -0.192602 -0.015909 -0.145778 -0.230890 -0.130204 -0.043622 -0.176550 0.163163 -0.131305 -0.032962 -0.139330 0.062233 -0.097375 0.279916 
-0.139253 -0.008480 -0.209538 -0.271707 -0.224331 -0.395002 -0.150111 -0.193849 -0.154750 -0.015494 0.940426 -0.131686 -0.255148 0.233538 -0.170859 -0.218873 0.046567 -0.009267 -0.106807 -0.064482 0.213130 -0.273003 -0.300494 -0.935822 -0.423586 -0.353570 -0.112560 -0.085644 -0.059459 0.139693 0.545502 -0.671060 
-0.158627 -0.105937 -0.467272 -0.025170 -0.081370 -0.476492 -0.184363 -0.821265 -0.014443 -0.514012 0.561653 -0.258848 -0.145663 -0.235255 -0.793742 -0.445836 -0.649287 -0.023124 0.087283 0.124596 0.698223 -0.408040 -0.687642 0.049041 -0.857434 -0.485445 -0.149840 -0.059353 0.028166 0.094001 0.764553 -0.050670 
-0.178441 -0.288814 -0.962370 -0.252876 -0.439884 -0.993367 -0.159125 -0.794981 -0.030988 -0.329013 0.134521 -0.429652 0.128272 0.107942 -0.896834 -0.056264 -1.132150 -0.112105 -0.132791 -0.189490 0.262418 -0.308976 -0.876071 1.134510 -0.933315 -0.231090 -0.210364 -0.160210 0.064693 -0.227927 0.106202 0.628789 
0.061706 -0.317244 -0.252116 -0.251621 -0.179271 -0.695949 0.187329 -0.260120 0.099704 -0.316825 0.247409 -0.237219 -0.245219 -0.136606 -0.307550 -0.147770 -0.374437 -0.217765 -0.015706 -0.056462 0.499387 -0.230821 -0.745874 0.359068 -0.421687 -0.325342 0.129939 -0.116930 -0.148473 0.094673 -0.062303 0.283750 
0.161671 0.144651 0.112892 -0.084751 0.153477 -0.002597 -0.083638 -0.049084 0.242320 0.127729 0.342654 0.214810 -0.231398 0.214745 -0.132073 -0.181321 0.004958 0.072612 -0.184702 -0.188612 0.399567 -0.160242 0.030186 -0.666236 -0.090053 -0.504928 -0.167119 0.030111 -0.171193 -0.108176 0.686717 -0.262193 
-0.155218 -0.095352 -0.052110 0.147513 0.155635 0.062448 -0.000353 0.159856 -0.011462 0.012961 0.151237 0.004368 0.007563 -0.069141 -0.094249 0.065368 -0.139299 -0.051154 0.109414 -0.046361 0.021118 0.012981 -0.082262 0.147516 -0.164401 -0.025037 -0.004891 -0.108826 0.039790 0.128626 -0.112631 0.058272 -0.140425 0.009031 0.032085 -0.154435 -0.102294 -0.141967 0.168501 0.059944 0.043513 0.146039 -0.115141 -0.121417 -0.102988 -0.035690 0.115462 -0.068588 0.086855 0.054900 0.058750 -0.065726 -0.104412 0.150599 -0.091806 -0.099447 -0.040345 0.076899 -0.034935 0.163385 0.031826 0.024677 0.048639 0.065101 
-0.189865 -0.093267 0.064499 -0.062218 -0.061200 -0.049335 0.110291 0.207927 0.047457 -0.258477 -0.157622 0.274195 0.012950 0.321465 -0.127552 -0.004893 0.032190 0.128692 -0.044227 0.118872 0.033376 0.096719 0.068852 -0.114718 0.036480 -0.021319 -0.147524 -0.129846 0.035380 -0.003492 0.120526 -0.235796 0.112093 0.011249 -0.047432 -0.007589 -0.159813 -0.057531 -0.095929 0.001327 -0.049151 0.001077 0.002154 -0.171330 -0.143397 0.149564 -0.114100 0.101905 0.025226 0.052093 0.034332 -0.128771 0.069005 0.032706 0.010996 -0.186927 0.253527 -0.032766 -0.029468 0.137633 -0.210375 -0.111403 0.184953 -0.182230 
0.130361 -0.051360 0.055942 -0.098677 0.067398 -0.365596 -0.268083 -0.135877 -0.128922 -0.261625 -0.100528 -0.071328 0.093260 0.103485 -0.095499 0.033443 -0.006045 0.115425 -0.037180 -0.084827 -0.151971 0.020131 0.039779 -0.014121 -0.115297 -0.139394 -0.052131 -0.015810 -0.297192 -0.099657 0.130352 -0.109347 -0.131876 -0.017639 0.012562 -0.026578 -0.199562 0.097385 0.023486 -0.054277 0.009920 0.142549 -0.084328 -0.060135 -0.297962 0.032069 -0.047898 0.019587 0.080105 -0.162582 -0.151263 -0.404770 -0.138637 0.001811 0.070978 -0.318768 0.062103 -0.205665 -0.130262 -0.099498 -0.736596 -0.079208 0.055663 -0.109785 
-0.018074 -0.143141 -0.017890 0.054171 0.085921 -0.221376 -0.168588 -0.068829 0.113436 0.069375 0.044017 -0.084079 0.116451 0.060858 0.168465 0.080456 -0.051956 -0.150351 0.130515 0.070056 0.075512 0.062872 -0.069647 0.003538 0.081957 -0.004648 0.087262 -0.139921 -0.032992 -0.081805 -0.092769 0.130363 -0.062244 0.072451 0.041908 -0.109265 0.070741 0.032836 -0.022978 -0.018820 -0.006330 -0.146178 0.059602 -0.056728 0.003734 0.040998 -0.191673 0.137450 0.086958 0.152903 0.051575 -0.038816 0.046876 0.158430 -0.150325 -0.058550 0.024610 0.102730 0.012892 0.149776 -0.226860 0.090780 0.132140 -0.024088 
-0.023019 -0.004368 0.040787 -0.103658 -0.114208 -0.398321 0.002706 0.040876 -0.117990 -0.253127 -0.167285 0.012239 -0.100687 -0.164101 0.055328 0.171684 -0.177647 -0.086627 -0.139163 0.039631 -0.172313 0.038928 -0.102055 0.081564 0.009906 0.035511 0.063325 -0.004278 -0.155878 0.010822 -0.139422 0.110868 -0.257461 0.090025 -0.161099 -0.113262 0.060840 0.102989 0.135315 -0.165367 -0.067695 0.133374 -0.007896 0.006266 -0.047574 -0.170105 -0.121656 0.127926 0.078248 -0.316338 0.038429 -0.378579 -0.010334 0.059100 0.092045 -0.368637 -0.153025 -0.021362 0.085855 0.051713 -0.347910 0.172041 0.017216 -0.139523 
-0.007927 0.006093 -0.055213 -0.063787 -0.063888 -0.612896 -0.217853 -0.049235 -0.161369 -0.482126 -0.128164 0.105633 0.025564 0.145899 0.151985 -0.048823 0.069508 0.004813 -0.355333 -0.086168 -0.268197 -0.122631 -0.068460 -0.029537 0.032804 -0.118863 -0.122256 0.022240 -0.105238 -0.001455 0.031325 -0.077267 -0.318647 0.106905 0.113769 -0.009554 0.030168 -0.097818 -0.139484 -0.195009 -0.035453 -0.084879 -0.034162 -0.177552 -0.196172 -0.050909 -0.271806 -0.067764 -0.074371 -0.137002 0.160396 -0.385825 0.025173 -0.063956 -0.121651 -0.360368 -0.014596 -0.115963 0.150452 0.004912 -0.732366 0.080482 0.185705 -0.110078 
-0.045205 0.100497 0.018806 -0.056897 -0.164219 0.053020 -0.055180 -0.019887 0.138160 -0.061564 -0.014521 0.105396 -0.094361 0.105746 -0.028202 0.059853 0.000590 -0.032939 -0.057717 -0.064057 0.126403 -0.001857 0.067364 -0.011077 0.105448 0.046363 0.169195 0.083893 -0.115471 0.155924 0.113174 0.013023 0.082721 -0.041719 0.129825 0.092201 -0.162398 -0.099054 -0.101385 0.149460 0.013081 0.057793 0.081157 0.092419 -0.010161 -0.120743 -0.021428 0.164128 0.020017 0.094554 -0.073627 -0.027280 -0.081001 0.167436 0.135342 -0.149253 0.040100 0.130839 0.108339 0.098328 0.113064 0.047814 -0.062349 0.022085 
-0.174321 -0.106222 -0.077003 -0.171708 -0.031566 -0.463948 -0.028235 0.119440 -0.104990 -0.293447 0.073922 -0.050724 0.116699 -0.135833 0.048387 -0.034242 0.136300 0.136934 -0.174804 -0.144248 -0.046413 0.081543 -0.053728 -0.004978 0.043996 -0.148567 -0.064199 -0.047953 -0.169484 -0.001133 -0.178014 0.032018 -0.070835 -0.059171 0.096437 -0.100174 0.050350 0.063656 -0.109144 -0.149466 -0.009791 0.124394 -0.109609 -0.055949 -0.543864 -0.276706 -0.143937 0.052761 -0.095012 -0.251702 -0.121701 -0.481137 -0.143342 -0.071546 0.093466 -0.239088 -0.102089 -0.186464 -0.010390 -0.102157 -0.839610 0.096350 0.182520 0.113316 
0.077045 0.073321 0.102432 0.030775 -0.010784 0.166986 0.055200 0.153124 0.131764 -0.033541 -0.076795 0.149036 0.102380 -0.159426 0.139658 -0.131762 0.051650 -0.151072 -0.047434 0.170678 -0.003911 -0.125632 0.154799 0.168383 -0.094331 -0.056624 -0.107473 0.157820 0.079593 -0.130589 0.003502 -0.017061 0.116431 -0.067765 -0.159984 -0.068053 -0.074477 0.068915 -0.088628 -0.116412 -0.138325 0.008277 -0.141076 0.137753 0.022551 0.172282 -0.167708 -0.099498 -0.152489 -0.041443 -0.102518 0.017299 0.006624 -0.121418 0.011984 0.085992 -0.004343 0.078210 0.070114 -0.098449 0.121320 -0.100083 0.058190 0.064051 
-0.034602 0.071905 0.241257 0.084141 -0.032880 -0.364971 0.050653 0.049761 0.089347 -0.394068 -0.033452 -0.088748 -0.162050 0.052804 0.018589 -0.128606 0.113132 0.083295 -0.114086 -0.069055 0.030322 -0.103545 -0.171947 -0.040464 0.156820 0.093827 0.033070 0.065926 0.002937 -0.150355 -0.011254 -0.095168 0.063706 -0.016711 -0.069033 -0.016799 -0.013602 -0.025220 0.132778 -0.018721 -0.060961 -0.048508 -0.041326 -0.050581 -0.115672 -0.147404 -0.129658 -0.041218 -0.208856 -0.238152 0.108042 -0.099645 -0.090850 0.117390 -0.066367 -0.270120 0.055968 0.068739 -0.163606 0.051966 -0.596906 0.056975 -0.098489 -0.172336 
0.018371 -0.017472 -0.189890 -0.120531 0.058531 -0.074823 -0.189530 -0.679257 0.053277 0.042545 -0.023519 -0.086950 -0.121517 0.099352 0.096277 -0.118958 -0.138287 0.071109 -0.233096 -0.084961 -0.027402 0.043259 0.156957 -0.122794 -0.127652 0.090356 0.152297 -0.167249 -0.059464 -0.502627 -0.005296 -0.321687 -0.075978 -0.114312 -0.184815 -0.187224 -0.063094 -0.215023 -0.092304 -0.070270 -0.148043 0.002729 -0.016119 -0.118254 -0.061721 -0.053498 -0.088016 0.004363 -0.291990 0.241259 -0.075297 0.036580 -0.257163 -0.127604 -0.129085 -0.102932 0.104738 -0.361719 0.193094 -0.046357 -0.290028 -0.175474 0.075319 0.203601 
0.091616 0.123499 0.155174 -0.061499 -0.155601 -0.211653 -0.026372 -0.137949 -0.169231 -0.216912 -0.043378 0.031366 0.070952 0.117368 -0.004539 0.159517 -0.020770 0.092989 0.031077 -0.007491 0.064218 0.166895 0.167695 0.102290 -0.144198 0.123630 -0.117023 -0.100479 -0.078553 0.150289 0.164403 -0.102200 0.049196 0.153691 0.013416 0.115250 -0.117297 -0.137361 0.163426 -0.094053 -0.070348 -0.060590 0.091418 -0.169675 -0.219496 -0.110077 0.094296 0.025023 -0.112707 0.011836 -0.127264 -0.279316 0.069061 -0.161541 0.110711 0.007963 0.102651 0.166219 -0.128392 -0.048953 -0.120450 -0.105078 0.039418 0.084431 
-0.167536 -0.135173 0.014874 -0.092101 -0.098703 0.009410 -0.012072 -0.011537 0.142706 -0.038897 0.007636 -0.150728 0.096956 0.003991 0.064542 0.165151 -0.075237 0.110977 0.172690 -0.149800 0.129346 0.111358 0.039668 0.097644 0.131185 -0.164656 -0.125009 0.076269 -0.139253 0.073922 -0.003236 -0.133090 0.119347 0.168065 -0.051492 -0.167235 0.005373 0.105109 0.026849 -0.040182 -0.102741 -0.146482 -0.019220 -0.173155 0.025793 -0.128377 0.165184 0.262951 0.156299 0.152577 0.151181 0.111945 0.088911 0.152845 0.037097 0.030983 0.123692 0.084582 -0.123347 0.165858 -0.015196 0.101782 -0.146127 -0.242112 
0.074013 -0.018724 -0.053825 -0.086612 -0.082295 0.130451 0.044872 -0.000534 0.156970 -0.148832 -0.010507 0.008784 -0.101595 -0.022861 -0.037773 -0.118894 -0.027715 -0.063920 0.166588 -0.101332 -0.110910 0.028866 0.103148 -0.146046 -0.059371 -0.137161 -0.160559 0.100070 0.120624 -0.118864 -0.151798 0.027211 0.027233 -0.040559 0.110739 0.119189 -0.084380 -0.012749 -0.066157 -0.098870 0.009825 0.096488 0.082862 0.081930 -0.095907 -0.131211 0.136494 0.047835 -0.013541 0.134225 0.121467 0.047543 -0.018971 0.051552 0.068554 0.098654 0.083195 0.085489 0.021927 0.033663 0.125446 0.043828 -0.114168 -0.027371 
-0.212511 0.170019 -0.016213 -0.122244 -0.030562 -0.373145 -0.205269 0.272480 -0.051317 -0.372215 0.055248 0.079045 -0.075808 0.123189 -0.068514 0.124458 0.001220 -0.162364 -0.278450 0.104566 -0.074875 -0.144042 -0.091223 -0.052435 0.135904 -0.062697 -0.143585 0.101864 -0.102418 -0.165530 -0.123610 0.061106 -0.242886 -0.024048 -0.109858 0.155365 -0.250566 -0.000733 0.055271 -0.139578 0.096966 -0.030175 -0.348285 -0.123605 -0.134018 -0.191719 -0.371267 -0.146434 -0.143126 -0.145956 -0.058806 -0.490805 0.004855 -0.207970 0.018348 -0.284847 0.031723 -0.030893 -0.115817 -0.092994 -0.557673 -0.002616 -0.101231 -0.040461 
-0.056434 -0.051456 -0.144011 -0.184916 -0.169330 -0.065176 -0.094951 0.139324 0.139306 -0.096273 -0.146096 0.141001 0.027789 0.025043 -0.108774 0.136549 0.017149 -0.023500 -0.184457 -0.280921 0.055315 0.049829 0.058925 -0.184011 -0.208798 0.066728 -0.055348 -0.426807 -0.243255 -0.496440 0.001141 -0.498014 0.083744 -0.048841 -0.045452 0.132550 0.233564 0.023288 0.089605 0.133926 -0.091735 -0.017944 0.026525 0.045252 0.138070 -0.151511 0.107984 -0.066209 -0.259964 0.113525 0.028787 -0.088208 0.013284 -0.171274 -0.010735 0.124006 0.132020 -0.191842 -0.179523 0.100983 -0.071168 0.278451 0.035772 -0.143967 
-0.072502 -0.078525 -0.439106 -0.233050 -0.100936 -0.764018 -0.278860 -0.254293 0.012174 -0.659665 -0.042010 -0.261539 0.031663 -0.296279 -0.169824 -0.087007 -0.140852 0.051310 -0.663929 -0.001174 -0.349644 -0.136713 0.424497 -0.062515 -0.050569 -0.151231 -0.023898 -0.131060 -0.285575 -0.431720 -0.005850 -0.208710 -0.430039 0.061577 -0.118293 -0.035246 -0.214443 -0.371518 -0.146565 -0.117427 0.082650 -0.136248 -0.309373 -0.037222 -0.863598 -0.434020 -0.497485 -0.099962 -0.088072 -0.675730 0.029388 -0.910121 -0.082224 -0.039516 -0.135197 -0.730509 -0.300368 -0.150067 0.125003 -0.067768 -1.967015 0.274871 0.009570 0.737963 
-0.077909 0.004800 0.019439 0.133814 0.039502 0.010956 -0.162760 -0.098773 0.160960 0.128303 0.071413 0.135658 0.128880 0.106250 -0.022815 0.056283 0.112407 -0.138830 -0.128927 0.003754 -0.027004 -0.070362 -0.179205 0.138424 0.144580 -0.115502 -0.118228 0.009229 0.066416 -0.045901 -0.008174 -0.152164 -0.167422 0.160295 0.168390 0.059854 -0.002460 -0.121353 0.171594 -0.029286 0.139745 0.125102 -0.158887 0.096353 -0.099482 0.080289 -0.029205 0.168886 0.001799 0.010756 -0.037001 0.166293 0.074087 0.005497 0.117368 0.068029 0.130131 -0.218781 -0.119459 -0.017991 0.040301 0.036049 0.019749 0.000286 
0.055405 0.027352 -0.127895 -0.112510 0.039561 -0.109726 0.054233 0.007632 0.141756 0.087106 -0.055341 -0.096289 -0.074222 0.163619 -0.170231 0.141868 -0.082363 -0.032638 0.122153 -0.144799 0.138939 0.058625 0.084977 0.016462 0.069936 0.175922 -0.172779 -0.097116 0.056643 0.033778 0.093202 -0.061651 -0.112372 0.151365 -0.000462 0.107295 -0.124145 -0.139707 -0.056884 -0.171763 0.131099 0.067891 -0.139086 -0.106339 -0.016579 -0.135618 -0.154500 0.079011 0.005442 0.129264 0.108511 -0.029319 0.023396 0.028919 0.154089 -0.070227 0.061333 0.161762 0.008783 -0.100807 0.021841 -0.085933 0.006313 0.083168 
-0.086143 -0.157637 0.010288 -0.036549 -0.103866 0.127082 -0.018969 -0.135987 0.021346 0.015644 -0.068623 -0.168978 0.053724 -0.050067 0.084297 -0.114511 -0.081771 0.019110 0.029848 0.127921 -0.125662 0.017309 -0.115326 0.069589 0.005956 0.069347 0.147745 -0.146774 0.170847 -0.009402 0.110393 -0.088936 0.008041 -0.053368 0.048144 0.076458 -0.099985 -0.144494 0.114531 0.094988 0.044819 -0.128125 0.099682 -0.075161 -0.003866 0.010302 -0.015990 0.090636 -0.144266 -0.159842 0.042254 -0.096255 0.030854 0.103083 0.147013 -0.137795 -0.002487 0.121073 -0.111921 -0.005322 -0.062072 0.172232 0.079402 0.114419 
-0.154512 -0.046153 -0.237341 -0.057994 -0.020862 -0.283958 -0.248686 -0.366019 0.002801 -0.541643 -0.047314 -0.306102 0.023996 -0.064488 0.071916 0.074171 0.103038 -0.084404 -0.166799 -0.044557 -0.336015 0.038821 0.205565 -0.014112 0.324354 0.102941 -0.119344 -0.255846 0.002037 -0.078354 0.140993 -0.186730 -0.071870 -0.018196 0.033840 0.032200 0.007671 0.020778 0.130017 -0.050585 -0.147850 -0.172986 -0.227428 0.072672 -0.235916 -0.393953 -0.290669 0.586914 -0.119350 -0.412472 -0.080191 -0.283476 -0.164610 0.350280 -0.066425 -0.495187 -0.107176 -0.106697 0.022456 -0.077206 -0.915374 0.303785 -0.052549 0.229219 
-0.044727 0.165772 -0.056419 -0.156343 0.141077 -0.400985 -0.124841 -0.017579 -0.092738 -0.069006 0.068887 -0.150364 -0.160207 -0.190337 -0.148670 0.008796 0.039440 -0.064582 -0.327531 0.080294 -0.256209 0.089031 0.110879 0.021742 -0.090695 0.146282 0.171945 0.039375 -0.004430 -0.130113 -0.119178 -0.107504 -0.170354 0.034722 -0.004853 -0.021455 -0.063215 -0.228025 -0.086292 -0.192434 -0.175771 -0.206824 -0.206318 -0.138915 -0.397506 -0.200657 -0.121280 -0.008957 0.003722 0.153111 0.044485 -0.204381 0.038031 -0.016547 0.031008 -0.134868 -0.012888 -0.027730 0.002430 -0.065448 -0.502144 -0.008040 0.020075 -0.022768 
-0.131976 -0.150855 0.018665 0.125714 -0.127032 -0.511427 -0.064945 -0.131282 0.099267 -0.599290 -0.088878 0.052492 0.024093 0.189816 0.083333 -0.061951 0.136661 -0.050505 -0.445240 -0.023172 -0.067647 0.105881 -0.022036 -0.074981 -0.027426 0.063807 0.058280 -0.090617 -0.403954 -0.142509 0.032118 -0.072588 -0.298441 -0.135089 -0.043805 0.001036 -0.002082 -0.049128 0.034525 0.073751 0.021616 0.133158 -0.182584 -0.119870 -0.321885 -0.281324 -0.283058 -0.043802 0.051838 -0.267303 -0.108400 -0.450809 -0.102379 -0.047601 -0.161545 -0.361172 -0.171744 0.025140 -0.076711 -0.012365 -0.950780 0.230410 0.184661 0.026551 
-0.409778 -0.073191 -0.932691 -0.927199 0.031184 -0.325398 -0.075130 -0.099634 -0.160619 -0.299081 -0.054566 -0.084187 -0.014525 0.265367 -0.083662 -0.212264 0.002394 -0.195029 -0.341053 -0.338355 -0.171509 -0.134753 0.467477 -0.144453 -0.310407 -0.160397 -0.159983 -1.049294 0.000078 -1.423671 -0.172921 -1.780439 -0.156499 0.093574 -0.344276 0.069062 0.159084 -0.350672 -0.160870 0.101530 -0.122137 -0.587317 -0.194597 -0.214601 -0.298206 0.034205 -0.280498 -0.031023 -0.909711 -0.204786 0.065010 -0.510317 -0.110441 0.002957 0.027456 -0.276065 -0.056779 -0.838892 -0.082895 -0.037610 -0.394253 0.770575 -0.137364 0.054246 
0.038288 0.040646 0.085357 0.037383 0.037364 -0.408403 -0.035709 0.095657 -0.117571 -0.473674 -0.010183 -0.157297 -0.177712 -0.000158 -0.141295 0.069638 0.061206 0.074546 -0.193956 0.083240 -0.251134 -0.024785 0.122225 0.094924 -0.115529 0.087047 -0.084758 0.080432 -0.227644 -0.109060 0.056874 -0.152884 -0.037894 -0.025013 0.163541 0.046955 -0.200375 0.118890 -0.050421 -0.075453 -0.129932 0.096603 -0.133990 -0.114306 -0.408004 -0.122799 -0.099519 -0.265285 -0.030370 -0.178108 0.141541 -0.290695 -0.185066 0.070741 0.089868 -0.448740 -0.026381 0.097972 -0.141253 -0.091814 -0.994251 0.203936 0.038295 -0.038508 
-0.418447 -0.016233 -0.298390 -0.653034 -0.056591 -0.314208 0.043984 0.427022 -0.147060 -0.098318 0.047114 0.007506 -0.094463 0.226861 -0.047174 0.063073 -0.031502 -0.200673 -0.067216 -0.328109 -0.132290 0.023854 -0.090417 0.055340 -0.352580 0.127248 -0.111749 -0.512213 -0.116933 -0.803880 -0.126905 -1.022922 -0.272052 -0.166061 -0.299758 0.114360 -0.018705 -0.171971 -0.151337 -0.061062 -0.074770 -0.199944 0.060326 -0.108048 -0.106734 0.016527 -0.004552 -0.129295 -0.456894 0.193179 -0.114371 -0.412352 0.137171 0.044659 -0.137253 -0.109111 0.209905 -0.580059 -0.456369 -0.033998 -0.303882 0.016188 -0.101067 -0.454981 
-0.070642 -0.020250 0.010444 0.049171 -0.040001 0.071377 -0.141240 0.119741 -0.005780 -0.165934 0.012695 0.162366 -0.010153 -0.097566 0.030055 -0.032535 -0.000323 0.095175 0.031827 -0.061914 0.082643 0.078383 0.024148 0.022331 -0.139556 0.072782 -0.169139 -0.138068 0.146124 -0.081471 -0.096280 -0.098217 0.071969 0.122336 0.124653 -0.132716 0.024195 0.127578 0.142291 -0.185353 0.154995 -0.013943 0.148890 -0.018635 0.040356 0.005246 0.109980 -0.132642 -0.073279 -0.046641 -0.020540 -0.164335 -0.113607 -0.159340 0.028577 -0.087625 0.096089 0.036255 -0.046957 0.049764 0.128483 0.023528 0.129772 0.026493 
-0.016717 0.079143 0.058738 -0.166218 0.062556 0.027330 -0.147800 0.054074 -0.160312 -0.172610 -0.138260 0.053743 0.006336 0.145419 0.095118 0.106756 -0.060173 -0.099121 0.116120 -0.003206 -0.084761 -0.025885 0.087905 0.169220 -0.163329 -0.132751 0.048228 0.138853 0.071410 0.002718 -0.008093 -0.119005 -0.091838 -0.123054 -0.111524 0.144417 0.077975 -0.085625 0.024791 0.091363 -0.084536 0.060230 -0.028593 0.095499 0.031950 -0.107174 0.028556 0.145476 -0.032595 -0.029023 -0.031429 0.056342 0.118791 -0.117224 0.051864 0.129161 -0.076276 -0.073607 0.094315 0.168834 0.102811 -0.087477 -0.123870 -0.162726 
-0.036833 -0.061685 0.102336 -0.132653 0.026378 0.006482 0.132579 0.086939 -0.106987 -0.069872 0.034040 0.107346 -0.003261 -0.128107 0.070416 0.146441 0.036795 -0.134624 0.020486 -0.018063 -0.078214 -0.101102 -0.063086 0.019126 -0.001304 -0.141926 0.014344 -0.072294 -0.055769 0.063910 -0.061174 0.080973 -0.171224 -0.079130 0.122274 0.021871 0.098106 0.032136 -0.029305 0.104458 -0.169400 -0.165642 0.092292 0.008032 -0.099766 -0.010904 -0.027825 0.110432 0.027987 0.141858 -0.080927 0.123606 -0.113201 0.030206 -0.030853 0.061970 0.051738 0.157020 0.165305 -0.167493 0.047631 -0.073598 0.095954 0.050109 
-0.012220 0.035326 -0.141358 -0.048387 -0.057061 0.045311 -0.059533 -0.106985 0.064692 -0.141426 0.119563 0.272515 0.020703 0.095566 0.059307 -0.074064 -0.078988 0.185359 -0.179418 0.011867 0.005353 -0.026487 -0.222275 -0.082164 -0.035760 -0.110615 -0.087547 -0.186444 -0.057184 0.080091 0.061395 -0.231799 0.049213 0.126762 -0.051830 0.179023 -0.016852 0.061807 -0.065647 -0.186217 0.085475 -0.065227 -0.184888 -0.041080 -0.005522 0.143144 0.014118 0.170065 0.041807 -0.004419 -0.075651 -0.081472 0.158172 -0.000244 0.003556 -0.065177 0.132506 0.026004 -0.085787 -0.173227 0.112612 -0.200144 -0.174133 -0.174294 
0.006167 -0.035642 -0.368193 -0.188094 -0.144263 -0.296905 -0.164450 -0.212000 0.098263 -0.327973 -0.060638 -0.233802 -0.025785 -0.041994 -0.165098 -0.106962 -0.046258 -0.074513 -0.370811 -0.110786 -0.132001 -0.211443 0.199540 -0.099527 0.239423 -0.087370 -0.011507 -0.138576 -0.230389 -0.361827 0.139265 -0.322789 0.047860 -0.084145 0.023799 -0.228513 -0.048903 -0.256713 0.165419 0.076487 -0.161865 -0.196964 -0.382996 -0.005821 -0.599941 -0.424847 -0.201013 0.294210 -0.177313 -0.352147 -0.158731 -0.458018 -0.152492 0.287468 0.117427 -0.505885 -0.288347 -0.264575 0.184152 -0.060039 -0.850502 0.061742 -0.000640 0.253718 
-0.263009 -0.117839 -0.813649 -0.695703 -0.019513 -0.094410 -0.037639 -0.068824 0.108952 -0.111280 -0.161590 -0.336483 0.039425 0.189821 -0.051917 -0.200938 -0.142605 -0.166850 -0.031680 -0.402343 -0.039097 0.039811 0.398903 -0.088527 -0.163407 -0.046939 0.168819 -0.813462 -0.195913 -1.280797 0.007003 -1.269437 0.047200 -0.062790 -0.164208 -0.197009 0.435095 -0.526135 0.042858 0.287676 0.126372 -0.383227 -0.203242 -0.197722 -0.120232 -0.013357 0.018979 -0.001550 -0.804277 -0.085237 -0.158791 -0.410735 -0.100688 0.064506 0.029256 -0.182724 -0.236329 -0.663173 0.058839 -0.144000 -0.447874 0.549444 -0.144297 0.054923 
-0.675326 -0.226149 0.866164 0.376057 -0.408945 -0.411154 0.375384 0.063360 
-0.070665 0.075752 0.037664 0.044302 0.001748 -0.002915 -0.058571 0.103363 
-0.372198 -0.107833 0.194479 -0.031794 0.452220 0.422109 -0.190667 -0.117924 
-0.468799 -0.262942 0.259538 0.088424 -0.141476 -0.264395 0.047953 0.074244 
-0.102345 -0.089838 0.014066 -0.050779 0.042674 -0.033252 -0.025509 0.092128 
0.022015 -0.165679 -0.401615 -0.577906 -0.035424 -0.017236 0.385184 0.426276 
0.143375 0.133082 -0.208200 -0.452870 -0.174741 -0.226996 0.076281 0.107883 
-0.021508 0.043597 -0.023026 0.189574 0.445432 1.011747 -0.586997 -0.203537 
0.156990 0.059022 0.020437 -0.013977 0.108753 -0.097531 0.015560 -0.079571 
-0.082882 -0.114934 -0.119595 -0.268265 0.349834 -0.231798 0.065913 -0.011380 
0.085868 -0.092044 -0.101290 0.109496 -0.042719 -0.072545 -0.060672 0.066906 
-0.061165 0.045878 -0.117735 -0.042353 0.520805 -0.177863 0.058649 0.196386 
0.061430 0.093350 -0.032083 0.023381 -0.125795 0.099621 0.072576 -0.064902 
-0.098590 -0.065104 -0.039158 0.072098 0.666680 -0.402175 0.220833 0.096042 
-0.188156 0.027204 0.167973 0.131970 -0.085586 0.042769 0.043036 0.054209 
0.035889 -0.002151 -0.027479 0.026103 0.194324 -0.084245 0.055762 0.032237 
0.004801 0.154945 -0.101004 -0.119657 0.089771 0.032512 0.050915 0.103106 
-0.122321 -0.059713 0.104712 -0.012009 0.050642 -0.125172 0.223247 -0.027398 
0.246272 0.093017 -0.285755 -0.396041 -0.131605 -0.239404 0.250189 0.246557 
-0.224019 -0.057296 0.168246 0.021146 0.029563 -0.100686 0.278301 0.147594 
0.219675 0.227923 -0.286525 -0.412000 -0.031272 -0.008076 0.112367 0.068610 
0.051406 0.144467 -0.112498 -0.131350 -0.001223 -0.033007 -0.063150 -0.035994 
-0.291409 -0.239838 0.358222 0.364905 0.025803 0.004605 0.370839 0.405172 
-0.264413 -0.244975 0.253754 0.155572 0.000597 -0.151698 -0.015746 0.012599 
0.165278 0.144110 -0.176111 -0.153950 0.113611 0.121581 0.078956 0.342366 
0.099471 0.026044 0.052256 -0.018812 0.122342 0.109688 0.032190 0.066899 
0.095482 0.034354 -0.039574 -0.109641 0.109293 -0.040991 -0.117488 0.075215 
-0.366364 -0.091653 0.386453 -0.035257 -0.068878 -0.063952 -0.073447 -0.201036 
0.015651 -0.050954 -0.286015 -0.416247 -0.174844 0.032411 0.130376 0.322564 
-0.444040 -0.328271 0.335597 0.063622 -0.408739 -0.002446 0.005411 -0.109761 
0.133211 0.101604 -0.173750 0.060315 -0.056875 -0.120317 0.036215 0.069925 
-0.737507 -0.242682 0.753568 0.076543 -0.446724 -0.337781 0.012362 -0.058866 
0.039694 -0.041314 -0.249859 -0.168393 0.110033 0.025472 0.191404 0.276578 
0.028985 0.053928 -0.004488 0.079988 0.085154 0.074316 0.109542 0.018027 
0.020131 0.090711 -0.085392 0.078119 0.106559 -0.026914 -0.005600 0.019282 
0.017026 0.003651 0.011514 -0.059809 0.272628 0.322462 -0.139714 -0.154709 
0.044476 0.081011 -0.253913 -0.305836 -0.045435 -0.300992 0.354538 0.240253 
-0.347050 -0.188988 0.066340 -0.015944 0.428319 0.054206 0.071511 0.113534 
0.171278 0.093097 -0.085704 0.041430 -0.088106 0.062813 0.024769 0.035617 
-0.416584 -0.247367 0.237577 0.171629 -0.065102 -0.176341 -0.032255 0.059397 
-0.055830 0.093175 -0.000094 0.055963 -0.041436 -0.069162 0.101225 -0.001697 
-0.024769 0.071042 -0.078931 -0.081174 0.254764 0.039351 0.065917 0.019720 
0.233283 0.142277 -0.256651 -0.407947 -0.117830 0.003453 0.122137 0.221457 
0.052978 0.054283 0.032843 0.033405 -0.111816 0.010263 -0.050593 -0.056646 
0.182612 0.160723 -0.291799 -0.615280 -0.200008 -0.069154 0.245305 0.259178 
0.212510 0.159218 -0.204200 -0.417374 0.321441 -0.133797 0.154626 0.247468 
0.165459 0.075171 -0.363433 -0.434397 -0.178077 -0.061643 0.117321 0.066554 
0.347321 0.331863 -0.306150 -0.393331 -0.021342 -0.006877 0.318753 0.379080 
-0.264206 -0.144325 0.218860 0.133979 -0.093320 -0.088279 0.026432 -0.033838 
0.437179 0.342494 -0.357775 -0.484638 0.027749 0.148672 0.057906 0.114518 
-0.021552 0.005918 0.075935 0.006016 -0.053563 -0.114607 0.019472 0.076242 
0.174043 -0.258127 -0.456464 -0.478953 -0.264173 -0.363683 0.436182 0.367114 
0.099420 -0.010188 -0.047422 -0.196368 0.217498 0.271123 -0.214929 -0.260566 
0.181735 0.234913 -0.197369 -0.124461 0.019340 0.126768 0.064940 0.343120 
-0.117210 -0.057631 -0.039207 -0.057364 -0.054681 0.124172 -0.089921 0.100091 
0.008835 0.013767 -0.239730 -0.707720 -0.077021 -0.044863 -0.027981 0.067675 
0.060363 0.060177 -0.038987 -0.064209 0.711464 0.177538 -0.021030 -0.010763 
-0.234836 -0.136786 0.234744 0.033521 -0.284593 -0.040277 -0.018575 -0.060858 
-0.290941 -0.136582 0.355312 0.195497 0.080701 0.104837 0.205589 0.208467 
-0.101232 0.070418 -0.112373 0.054279 -0.064401 -0.081160 -0.076115 0.045953 
0.499771 -0.126579 -1.130032 -1.450103 -0.282498 -0.473382 0.656013 0.643088 
0.019071 -0.073706 0.016826 0.007441 -0.170188 -0.378347 0.386057 0.556201 
0.087408 0.033977 -0.142536 -0.076236 -0.095281 -0.140679 -0.071424 -0.023658 
-0.733202 -0.583553 0.560165 0.419329 -0.011265 -0.308996 0.410200 0.394730 









0.000000 
0.000000 
0.000000 
0.000000 
0.000000 
0.000000 
0.000000 
0.000000 
-0.318156 
0.027236 
-0.203363 
0.092388 
0.156665 
-0.275739 
-0.400897 
-0.866817 
-0.308697 
-0.412115 
-0.280595 
-0.311464 
-0.216100 
-0.332608 
0.114375 
0.439915 
-0.629156 
-0.356473 
-0.429278 
-0.307049 
-0.671338 
-0.047366 
-0.209650 
0.005606 
-0.012541 
-0.081283 
-0.229760 
0.399051 
-0.398728 
-0.109099 
-0.242741 
-0.099665 
0.444354 
-0.245751 
-0.222688 
-0.024071 
-0.055941 
-0.727219 
0.116512 
-0.033305 
0.150577 
-0.030558 
-0.174239 
-0.370336 
-0.310058 
-0.273087 
-0.632130 
-0.011587 
-0.320478 
-0.129235 
0.111001 
0.448023 
0.262636 
-0.216309 
-0.088142 
-0.467517 
-0.950301 
-0.026154 
-0.401291 
-0.436736 
0.078159 
0.034532 
0.284612 
0.282048 
-0.043900 
0.066721 
-0.316180 
-0.456977 
-0.157523 
-0.383162 
0.161263 
0.074075 
0.050590 
-0.096706 
-0.137045 
-0.241838 
-0.584086 
-0.028596 
-0.091001 
0.030516 
-0.057890 
-0.065750 
-0.090387 
-0.446687 
-0.029985 
-1.270884 
-0.072802 
0.098153 
-0.605787 
-0.383544 
-0.264727 
-0.088652 
-0.411430 
-0.069874 
-0.421174 
-0.637813 
-0.057629 
-0.408967 
0.217138 
0.083177 
-0.520509 
-0.120020 
-1.343458 
-0.150071 
-0.092467 
-0.121525 
0.059005 
-0.424998 
-0.446356 
-0.133484 
-0.332708 
-0.657057 
-0.769287 
-0.498363 
0.372761 
-0.047788 
-0.318341 
-0.007706 
-0.010103 
-0.974336 
-0.103890 
-1.045126 
-0.201110 
-0.296133 
0.436489 
0.147710 
0.105433 
-0.108584 
-0.840497 
0.030502 
-0.212593 
0.181133 
-0.100720 
-0.057347 
0.378192 
-0.220523 
0.106750 
-0.251503 
-0.519351 
0.652709 
-0.363603 
-0.230569 
-0.257925 
0.034380 
-0.026756 
-0.253893 
-0.584019 
-0.234713 
-0.359472 
-0.245752 
-0.183248 
-0.208342 
-0.070339 
-0.264208 
0.650302 
-0.272070 
-0.179420 
-0.023996 
-0.055976 
-0.174598 
0.445522 
-0.334891 
-0.220305 
-0.131812 
0.083461 
0.334640 
-0.700100 
-0.131567 
-0.204559 
0.361923 
0.016097 
-0.236130 
-0.150642 
-0.345390 
0.208556 
-0.207844 
-0.163225 
-0.175924 
-0.011914 
-0.231671 
-0.034302 
-0.096170 
-0.311751 
0.378362 
-0.146432 
0.068960 
-0.106498 
-0.384271 
-0.118454 
-0.662600 
0.005105 
-0.235998 
-0.021212 
-0.100438 
-0.274595 
-0.396978 
-0.264382 
0.165673 
-0.059830 
-0.311784 
-0.293347 
-0.182356 
-0.162925 
0.002477 
-0.153448 
-0.011265 
-0.200599 
-0.090644 
-0.145048 
-0.150961 
-0.173581 
0.117750 
0.022457 
-0.391582 
-0.059977 
-0.215468 
-0.177335 
-0.154185 
-0.102514 
-0.137400 
-0.224315 
-0.438106 
-0.184963 
-0.692128 
-0.222750 
0.581186 
-0.071888 
-0.078640 
0.143786 
-0.359883 
0.069469 
0.129101 
-0.277038 
-0.025437 
0.038066 
0.006824 
-0.361713 
-0.198644 
-0.140268 
0.213067 
0.310053 
0.078095 
-0.322319 
-0.072178 
-0.307213 
-0.211232 
-0.374776 
-0.557663 
3.892000 0.545009 0.346911 
