0.032010 0.234829 0.136398 -0.192730 0.266633 -0.073284 0.290058 -0.220740 0.011575 -0.055921 -0.081041 0.304871 -0.136398 0.296368 0.365950 0.068449 0.011160 -0.060525 -0.067495 0.339884 0.155811 0.309611 0.128021 -0.120673 -0.100095 0.142101 -0.382642 0.279343 -0.169291 0.477985 -0.338402 0.144671 -0.246543 0.099408 0.310566 -0.417034 0.175748 0.129856 -0.228882 0.243169 0.278420 -0.045570 0.023562 -0.124204 0.031489 -0.200722 0.168144 0.081089 -0.064504 0.312230 0.338558 0.349837 0.052960 -0.208913 -0.230641 0.176853 0.074474 0.016132 0.353210 0.426013 -0.028443 0.529546 0.132402 0.162746 
0.227059 -0.182407 0.285192 -0.122742 0.142077 -0.386286 0.070918 0.185197 0.361186 0.161798 0.115695 0.114718 -0.075767 -0.127178 -0.211378 0.164421 0.322589 0.050634 0.064941 0.161778 -0.043146 -0.022238 0.017982 0.340208 0.046224 0.138509 0.091467 -0.169061 -0.201068 0.375031 0.091843 0.101114 0.249710 0.135419 0.288385 0.210919 -0.333020 0.271565 0.112160 0.412594 -0.182593 0.149779 0.101169 0.046808 0.021862 0.151415 -0.061493 0.101539 0.067927 0.479721 -0.119906 -0.341499 -0.129695 0.348520 -0.150901 -0.254382 -0.253029 0.419489 -0.155536 0.438547 0.045526 -0.124749 -0.012569 -0.210307 
0.096655 -0.443167 -0.226929 0.187870 -0.043336 -0.272790 -0.026886 -0.005698 0.079206 0.264824 -0.024918 -0.221014 -0.162070 0.048531 -0.243498 -0.335168 -0.143729 0.083513 -0.152973 0.141998 -0.193219 -0.076511 0.190212 -0.133507 0.033137 -0.207182 0.045618 0.130769 -0.283945 -0.314357 0.035754 0.355785 -0.031874 -0.066457 0.094089 0.279559 -0.162822 -0.053452 0.096523 -0.182885 -0.187384 0.042467 -0.022979 -0.299746 0.065590 0.102444 -0.064572 0.007889 -0.114561 -0.078526 -0.032669 0.133700 -0.405106 0.017867 -0.236752 0.097704 0.032818 -0.006139 0.145340 0.096455 -0.150297 0.186529 0.034706 -0.042864 
0.012473 0.128935 -0.142387 -0.208598 -0.155046 -0.079893 -0.198533 -0.383250 -0.150359 0.346506 -0.192733 -0.026888 -0.204291 0.021356 0.026187 -0.044570 -0.123422 -0.337339 -0.075561 -0.050131 -0.171967 0.028128 -0.205172 -0.242941 -0.150530 -0.025793 -0.160995 -0.253175 -0.097477 -0.290808 -0.394328 -0.332043 -0.198611 -0.238178 -0.261950 -0.458522 -0.111278 -0.091959 -0.155213 -0.066092 0.455347 -0.050535 0.009851 -0.109528 -0.032928 -0.363425 0.358568 -0.240392 -0.368197 -0.421862 -0.143225 -0.213853 -0.208219 -0.036118 -0.167327 -0.317666 -0.014726 -0.114972 0.588252 -0.104804 -0.026667 0.593089 -0.144173 -0.151691 
0.471490 -0.093049 0.076356 0.106173 0.013543 -0.419795 0.003741 0.481334 0.043793 -0.074959 -0.033292 0.100685 0.131230 0.081768 0.351750 -0.240220 0.373937 0.012978 -0.056778 -0.015093 0.380207 -0.127866 0.240519 -0.178784 0.100264 -0.366058 0.137578 0.203124 0.111014 -0.203592 -0.089963 0.095097 0.029104 -0.128647 -0.447678 0.458247 -0.120168 -0.059233 0.032677 0.354614 -0.125015 -0.139270 0.025941 0.381735 -0.055392 -0.031646 -0.239503 0.027924 0.289660 -0.193329 0.276122 0.072447 0.181925 -0.206637 -0.024359 0.265451 -0.137229 -0.141769 -0.193972 -0.125392 0.465960 -0.058345 -0.053959 -0.254195 
0.083325 0.172932 -0.226895 0.104766 0.179753 -0.383673 -0.095723 -0.000899 -0.031434 -0.241899 -0.051665 0.123345 0.084503 -0.083961 -0.234907 -0.103332 0.239245 0.246491 0.310015 -0.096626 -0.375734 -0.055930 -0.266756 0.136690 -0.025065 0.237746 0.091571 -0.059109 -0.080967 -0.177649 0.234768 0.065756 -0.348092 0.318400 -0.212428 -0.054119 0.372430 -0.014225 -0.335671 0.124282 0.213212 0.025052 -0.033328 -0.197937 -0.180593 0.035175 0.361594 0.012136 -0.071331 0.360753 0.065099 0.205263 -0.045158 0.215440 -0.094391 0.356034 -0.059410 -0.329346 0.069003 0.227136 0.151430 -0.238105 -0.200391 -0.202124 
-0.234777 0.114864 0.220668 -0.229460 -0.228174 0.371401 0.039549 -0.189773 0.141819 -0.358021 0.270346 -0.185173 0.100063 0.092996 -0.239554 -0.186117 -0.151130 0.030714 0.227497 -0.161967 -0.069023 -0.071242 0.034139 0.213447 -0.029756 0.125757 -0.045704 0.225710 -0.480097 0.088891 -0.136969 -0.116265 -0.072038 -0.262716 -0.005418 0.208573 0.293068 0.389087 0.393820 0.101902 0.266923 0.199280 0.045262 0.143158 -0.231564 0.112410 0.127969 -0.299856 -0.180065 -0.098628 -0.011400 0.009864 -0.393009 -0.152221 -0.154201 0.137528 0.363041 0.129579 -0.232819 0.162542 -0.210523 -0.104240 -0.272093 0.259196 
0.065669 -0.040604 -0.007195 0.029677 -0.174715 0.026557 -0.312749 -0.103218 -0.232390 0.140265 0.380825 -0.017515 -0.041941 0.200875 0.066982 0.129103 0.060255 -0.055066 -0.285911 -0.006095 -0.107274 -0.134995 -0.042362 -0.213212 0.272061 -0.100933 0.302705 -0.059599 0.091777 0.197528 -0.122845 0.024314 -0.079784 0.164710 0.228375 0.153132 -0.221373 0.370404 0.353359 -0.092237 0.136891 0.376509 -0.069815 -0.157672 0.112774 0.240367 0.190751 -0.348917 -0.132946 0.021072 0.044637 -0.056184 -0.335814 0.399791 -0.020524 -0.092361 -0.028082 -0.095427 -0.091194 -0.206198 -0.165038 -0.038628 0.082202 0.190042 
-0.085253 -0.042947 0.000407 0.293580 -0.129247 0.072252 0.312578 0.014380 -0.046495 0.039466 -0.018091 -0.037989 -0.069651 0.103396 -0.236133 0.043075 0.113216 -0.056838 0.147582 -0.072216 0.114693 -0.124125 0.059622 -0.061885 -0.087728 -0.042706 -0.088596 -0.009719 -0.050232 0.020530 0.101235 0.084668 
-0.151773 0.196325 -0.122700 -0.090045 -0.046480 0.063474 0.109483 0.037560 0.078829 -0.107361 -0.070019 0.034435 -0.045992 -0.017480 0.113031 -0.092083 -0.201692 0.309171 -0.018614 0.243494 -0.139965 0.064961 -0.013521 0.018375 -0.063871 0.061674 -0.024644 0.091699 -0.048074 0.116134 -0.038681 -0.002941 
0.023442 0.060296 -0.066335 -0.053496 -0.011832 -0.070812 0.100299 -0.035894 -0.046529 -0.072844 0.170220 0.150463 0.081404 -0.126867 -0.018035 -0.102412 -0.098115 0.138852 0.065788 -0.008924 -0.031227 0.013850 -0.017016 -0.200034 -0.113948 -0.071224 -0.105447 -0.001345 -0.152003 0.049168 0.074808 -0.142788 
0.044283 0.181635 -0.023698 0.163245 -0.052267 -0.027655 0.079080 0.051312 -0.037444 -0.072245 -0.085540 -0.133839 -0.122015 0.024707 -0.259586 -0.079589 0.043783 -0.154024 0.006567 0.126671 0.030041 -0.036958 0.110318 -0.036879 -0.024278 0.071015 -0.011135 -0.035420 0.066594 0.013071 -0.001846 -0.107317 
-0.092745 -0.019423 0.039982 0.007710 -0.070111 0.006893 -0.021233 -0.056199 0.031845 -0.119288 -0.111039 0.341182 0.030928 0.146946 0.194518 0.003162 -0.144774 0.041923 0.274642 -0.049688 0.025969 0.028756 0.003609 0.126893 0.011106 -0.065648 -0.064594 0.106112 0.167789 -0.163288 0.053794 0.041920 
-0.243886 -0.108959 -0.224004 -0.164009 -0.392705 0.077010 0.210337 -0.040002 0.054033 0.132065 0.091985 0.138887 -0.023845 -0.259851 0.367889 -0.068091 -0.021449 -0.053936 0.026592 0.055414 -0.065509 0.034253 -0.145630 -0.276582 -0.185705 -0.016805 -0.207116 0.066528 -0.076556 -0.166571 -0.004797 -0.114523 
0.070089 0.098014 0.067334 -0.061646 0.009262 -0.040132 -0.035333 -0.090778 -0.034679 0.051728 0.006321 0.177018 0.118113 0.057410 0.031938 0.109755 -0.148507 -0.041385 0.096669 -0.107122 0.212493 0.034781 0.116049 0.030734 -0.021720 -0.170743 -0.057845 0.058938 -0.015821 0.016128 -0.084782 0.140413 
-0.006781 -0.005578 -0.076472 0.096141 -0.113744 0.104153 0.180712 0.250730 0.023211 -0.026314 0.068778 -0.044017 0.010869 -0.104709 -0.121677 0.005369 0.227242 -0.020205 -0.145195 -0.073374 -0.168084 -0.028477 -0.105219 0.010584 -0.168395 -0.036830 -0.099726 0.023410 -0.162455 -0.090572 0.031155 -0.089706 
-0.152905 -0.026961 0.177373 -0.027210 -0.130183 0.001049 0.026106 -0.039581 0.011257 0.034620 0.017068 -0.041363 0.129603 0.126764 -0.063420 0.081772 0.045336 -0.041080 0.034777 -0.054889 0.148304 -0.078825 0.103085 0.019232 -0.042371 -0.001473 -0.055908 -0.079782 -0.114206 0.006697 0.125484 0.005868 
-0.138834 0.214032 -0.184434 -0.061419 0.492929 -0.031984 -0.476521 -0.151218 -0.133226 -0.130779 0.051719 -0.236533 -0.128305 0.066418 -0.334940 0.049002 -0.193155 -0.174595 -0.078375 -0.111164 0.048757 0.117954 -0.100489 0.424518 0.042551 0.049750 0.285274 -0.050778 0.013705 0.126066 -0.241105 -0.271157 
-0.091866 -0.255373 -0.038746 0.078182 -0.232652 -0.051227 0.059456 -0.132086 0.087130 0.157198 0.254812 0.017909 0.042525 -0.010149 0.367664 -0.023480 0.007953 -0.189058 0.038133 -0.106031 -0.184949 -0.147595 0.002898 0.103384 0.004734 0.078321 -0.042906 -0.111731 -0.029714 -0.058785 -0.034335 0.003076 
-0.018240 0.010280 -0.139244 -0.176646 0.227624 -0.034071 -0.054137 -0.278320 -0.011332 -0.185148 0.002469 0.068052 -0.114576 0.462392 -0.367262 0.032237 -0.335304 -0.002199 0.031776 0.033434 0.019888 -0.058766 -0.083962 0.005990 -0.043968 -0.046231 -0.138477 -0.200248 -0.165464 -0.081006 -0.111146 0.166206 
-0.110809 -0.026240 -0.035688 -0.049371 -0.063617 0.017701 0.020102 -0.040202 0.053151 0.114788 -0.029055 0.092906 0.067120 0.034095 -0.002544 0.042008 0.060639 0.058620 0.024027 0.105080 -0.102967 -0.015372 0.088362 -0.040353 -0.140273 -0.040842 -0.106247 -0.082919 0.055983 0.068724 -0.083661 0.072263 
-0.017207 0.067243 -0.125988 -0.061039 0.003984 -0.003906 -0.007838 -0.019372 -0.039383 -0.010213 0.013863 0.067005 -0.007022 0.048351 0.187746 -0.032154 -0.035192 0.002461 0.107662 0.005374 0.098353 -0.073719 -0.038670 -0.096961 0.009028 -0.109577 -0.077003 0.047198 0.024980 -0.050697 -0.089699 0.032060 
-0.117451 0.089550 -0.219566 -0.098283 0.178996 -0.101550 0.120002 0.065589 0.049563 -0.021549 -0.081553 0.009662 -0.097284 -0.001934 0.142274 -0.024777 -0.016912 0.328989 -0.072004 0.141801 -0.144703 -0.106458 -0.006492 -0.015039 -0.041443 -0.094221 -0.050528 0.049635 -0.074057 0.077469 -0.226566 -0.001013 
-0.086116 0.088872 -0.150385 -0.006642 -0.157898 -0.121158 0.055754 -0.002713 0.015910 -0.054527 0.125639 0.286108 0.112506 -0.184671 0.100280 0.035710 -0.108891 0.052930 -0.080690 0.086262 -0.219181 0.033493 -0.086083 -0.070365 -0.033987 0.026002 -0.017161 -0.010510 -0.110449 0.056846 0.110099 -0.121380 
-0.032267 -0.128209 -0.150003 0.340047 -0.284364 -0.138373 0.230342 0.109014 -0.028681 -0.045809 0.154807 0.128282 -0.018895 -0.132882 -0.177266 -0.089536 0.044653 0.037926 -0.173898 0.258259 -0.063210 -0.023790 -0.053525 -0.031688 -0.279805 -0.089471 0.124095 -0.145789 0.004984 0.058043 0.189994 -0.078103 
0.025765 -0.133164 -0.018370 -0.071302 -0.034599 -0.051959 -0.220146 -0.181413 -0.010234 0.218675 -0.005375 -0.211333 -0.072435 0.130572 -0.182586 -0.175676 -0.059495 -0.035942 -0.159661 -0.191939 -0.134491 0.138037 -0.035715 0.011848 0.032000 0.053506 0.035469 -0.103686 -0.101635 0.039298 0.067676 0.014659 
0.012575 0.016836 -0.072556 -0.170351 0.091537 -0.152085 -0.182274 -0.309955 0.110820 0.095804 -0.066831 -0.045918 0.065711 -0.043508 -0.083527 0.021904 -0.006046 -0.117488 0.069813 -0.131562 -0.117236 -0.049015 -0.089051 -0.146526 -0.055353 -0.042754 -0.124273 -0.047592 -0.082172 0.036402 -0.028833 -0.064365 
-0.072433 0.035820 -0.002774 0.070303 0.011730 0.094688 -0.229201 -0.023699 0.075293 -0.016623 0.027139 0.103488 0.046714 0.094438 -0.038025 0.053372 -0.113877 -0.008721 0.099065 -0.053467 -0.064958 0.021506 0.005521 0.050281 0.120649 -0.131468 -0.049148 -0.023845 0.082834 0.035219 -0.068532 -0.071207 
-0.011071 0.113084 -0.265491 -0.010920 0.337279 0.000504 -0.035039 0.038432 0.120358 -0.153405 -0.206366 0.040636 -0.095008 0.099444 0.000991 -0.014109 -0.057849 0.008341 -0.081077 -0.033711 -0.007615 -0.185753 0.013906 0.062968 -0.117131 -0.118182 0.017235 0.070350 0.107804 0.127557 -0.036735 0.094688 
0.067123 -0.010160 0.010305 0.030283 0.038770 -0.063379 -0.073442 -0.042893 -0.007208 0.046460 0.080014 0.121823 0.017573 -0.047311 -0.060396 0.078550 -0.077915 0.009689 -0.059026 0.082962 -0.017270 0.092008 -0.069223 -0.051559 0.139104 0.077896 -0.096672 0.047513 0.069778 -0.111809 0.039285 0.036108 
0.068868 -0.118632 -0.099543 0.042984 0.036480 0.072442 0.098567 0.197287 0.024414 0.072254 -0.088056 -0.050812 0.068278 -0.088227 -0.187042 -0.057352 0.102892 -0.083473 -0.057179 -0.149438 -0.125140 0.162852 -0.131410 0.088754 -0.092373 -0.040585 0.043762 0.081027 -0.025244 -0.028551 -0.095325 -0.056182 
0.001687 -0.063475 -0.046161 0.115901 -0.097322 -0.149074 -0.046470 -0.105913 -0.024292 0.034676 0.355654 0.115031 -0.049931 0.012402 -0.007670 0.128718 -0.042586 -0.109164 -0.173665 0.036653 -0.056875 -0.010140 -0.030557 -0.124032 0.051643 -0.064473 0.014587 -0.018962 -0.056169 0.029990 0.097361 -0.075430 
0.008427 -0.069131 -0.081854 -0.005764 0.009629 0.138975 0.004515 0.030726 -0.008264 0.090765 0.057602 -0.071124 0.059269 -0.100898 -0.007064 -0.084137 0.118304 0.023355 -0.066521 0.030927 -0.039665 0.047189 0.064643 0.040689 0.009526 -0.007197 -0.084550 -0.002044 -0.060924 -0.047335 0.015945 -0.054141 
-0.093640 0.082703 -0.172081 0.197236 0.004516 0.049232 -0.103511 -0.225494 -0.014629 0.036221 0.073577 0.312864 -0.113875 -0.179955 0.117167 -0.046409 -0.261821 0.127587 -0.186870 0.283516 -0.129619 -0.092650 -0.114110 -0.108252 -0.187141 0.025525 -0.047667 0.008135 -0.028773 -0.129666 -0.033289 -0.180101 
0.019944 0.005645 -0.016994 0.084997 -0.103978 -0.015527 0.122635 -0.076468 -0.069851 -0.024541 0.191092 -0.064939 0.142556 -0.007786 0.137665 -0.152196 0.049437 -0.056574 0.093923 -0.077566 -0.024708 -0.080706 -0.104819 -0.026959 0.054524 0.032209 0.099243 -0.054032 0.056173 0.066822 0.039909 0.026075 
0.054335 0.036837 -0.071370 -0.031530 -0.063437 -0.059451 0.012804 0.060243 -0.022218 -0.102851 -0.033266 -0.093027 0.079332 0.084166 -0.054678 0.034811 -0.054942 -0.086238 -0.076141 0.058810 -0.035306 -0.014062 0.126335 -0.103635 -0.132040 0.070363 -0.102059 0.085293 0.063371 -0.040691 -0.045079 -0.040704 
-0.023913 -0.048085 -0.130719 0.021367 -0.047213 0.084400 0.318378 -0.158561 -0.159226 -0.102724 0.109946 0.348928 -0.112907 -0.102794 0.039061 -0.062387 -0.001770 0.192505 0.043480 0.228605 -0.136870 0.054132 -0.137946 -0.326904 -0.041308 -0.059129 -0.170403 0.045791 -0.080703 -0.042261 0.095835 -0.057201 
0.057796 -0.097878 -0.253777 -0.063320 0.038802 -0.047628 -0.162709 0.025290 0.011625 -0.017621 0.024090 0.227233 -0.105078 -0.187669 0.050285 -0.106226 -0.117381 0.020964 -0.009682 -0.229015 -0.167318 -0.080653 -0.355394 -0.071508 0.129862 -0.160560 -0.095134 0.095199 0.201853 -0.108532 -0.132730 -0.002388 
-0.014348 0.005260 0.107761 0.240360 -0.079938 -0.300530 0.148646 -0.169015 -0.178967 0.153022 0.227720 0.162581 0.097112 -0.197204 -0.120289 -0.045514 -0.069849 0.035384 -0.096203 0.130722 -0.089966 0.000642 -0.165573 -0.007579 -0.062798 -0.058325 0.090723 -0.134757 -0.120479 0.080061 0.179616 0.038572 
0.075654 0.045800 -0.053158 0.145094 0.006273 -0.024242 -0.125833 0.000687 -0.064054 0.060497 0.098360 0.005549 0.007387 -0.152394 -0.040429 -0.078857 0.024137 -0.107631 -0.158921 0.026989 -0.071248 -0.030565 -0.074056 -0.094008 -0.120198 -0.062590 -0.050829 0.066897 -0.124322 -0.074048 0.044493 -0.017008 
-0.155486 0.029428 -0.000771 -0.017313 -0.100539 0.104491 -0.010839 0.029454 -0.041611 -0.033002 0.101062 0.064696 -0.016626 0.056782 -0.044924 0.109674 -0.035199 -0.137631 0.061956 0.001600 0.044427 -0.033931 -0.112243 -0.006065 -0.028132 -0.027569 -0.100657 0.036417 -0.004498 0.066062 0.005071 0.032514 
-0.080647 -0.069634 0.000559 0.093956 0.013473 -0.006292 -0.097225 -0.109340 0.040921 -0.089354 0.081259 0.109243 -0.114889 0.008506 -0.145196 -0.119170 -0.131310 0.007581 -0.077075 0.065415 -0.038876 -0.102548 0.026516 0.011792 0.018858 0.076519 -0.088647 -0.221238 0.074123 -0.026143 0.102884 -0.039532 
-0.068646 -0.119818 -0.100810 -0.045866 -0.007387 -0.027055 -0.264592 -0.079737 -0.050988 0.128538 0.426929 0.178453 0.035959 0.004610 0.238828 -0.009856 -0.016350 0.198798 -0.112099 -0.071904 -0.141893 0.055038 0.008840 -0.034611 -0.050928 0.097345 0.004757 -0.162281 -0.089918 -0.077477 0.217441 -0.134760 
-0.081417 0.172017 0.032945 0.048853 0.026565 -0.012279 0.264447 0.149824 -0.092640 0.103489 0.291060 -0.156490 -0.009786 -0.125295 -0.304135 -0.019126 0.163148 -0.249184 0.037018 -0.159399 -0.178139 0.031021 0.008484 0.225175 -0.070246 -0.063277 0.038126 0.023953 -0.024174 0.063140 0.122786 -0.064975 
-0.002274 0.032477 -0.130613 -0.080726 0.005800 -0.014638 0.123866 -0.040078 -0.042658 -0.041247 -0.106202 0.007396 0.069658 -0.004215 -0.071656 -0.156558 -0.009455 0.050518 -0.080344 0.113781 0.060281 -0.093512 -0.021115 -0.020168 -0.004862 0.014439 -0.031311 -0.185464 -0.018763 -0.066279 -0.098998 -0.122114 
-0.043095 -0.132048 -0.024076 -0.042036 -0.207624 -0.084319 -0.106567 -0.046990 0.012887 -0.040229 0.278962 0.072011 0.013505 -0.083965 0.223451 -0.095394 -0.014837 0.211771 0.146920 0.117299 0.025746 -0.041947 -0.177360 -0.113641 -0.182762 0.005749 -0.038960 -0.131043 0.032427 -0.033184 0.182530 -0.020255 
-0.113052 -0.242441 0.015940 0.026172 -0.290962 -0.134561 0.062399 -0.135773 0.032400 0.011456 0.303767 -0.186896 0.088262 -0.054972 0.260687 -0.070165 -0.053250 -0.111860 0.007124 -0.141904 -0.049649 -0.076899 -0.072056 0.163009 -0.000192 -0.072216 -0.067523 -0.077501 0.079171 -0.100306 0.014520 0.005138 
-0.145587 -0.097468 -0.170811 0.078662 -0.231573 -0.044294 0.081323 -0.054176 -0.035126 -0.107355 0.211234 0.230209 -0.034628 -0.140201 -0.043813 0.092706 -0.202487 0.271858 -0.079005 0.195838 -0.100516 -0.068939 -0.034137 -0.207184 -0.085802 -0.060125 0.067976 -0.150809 -0.077031 -0.147147 0.130938 -0.119945 
-0.011862 0.073988 -0.208955 -0.235561 0.036233 -0.147497 0.064290 -0.248433 -0.074789 -0.138889 -0.035386 0.007503 -0.124511 -0.280421 0.103127 -0.152368 -0.169380 0.078560 -0.084858 0.029820 -0.249280 -0.140043 -0.111199 -0.104069 -0.187926 -0.048518 -0.119505 0.000508 -0.217975 0.096465 -0.192411 -0.179461 
0.038581 -0.124453 0.093967 -0.125787 -0.101650 -0.072553 -0.006614 -0.026653 -0.072621 0.080915 0.121051 -0.081376 0.164066 -0.165710 0.215774 -0.112625 -0.101878 -0.001993 0.059838 -0.010806 -0.126905 0.052364 -0.068237 -0.045562 -0.065588 -0.011893 -0.061931 -0.097662 -0.074566 -0.001035 -0.071314 0.095787 
0.000063 -0.119740 -0.030334 -0.082795 -0.112832 -0.062353 0.001055 -0.006270 -0.073961 -0.099499 -0.053189 0.085009 -0.082594 -0.077155 0.025875 -0.087852 -0.141028 -0.119620 0.047704 -0.207925 -0.039458 -0.105746 -0.017321 0.186857 0.080616 -0.108091 -0.012464 0.181070 0.198966 -0.023074 0.022164 0.001814 
-0.021704 0.027532 -0.049127 0.156304 0.092964 0.057151 0.088928 0.023785 0.061496 -0.152114 -0.160544 0.080229 -0.020521 0.046325 0.051034 0.117854 0.059754 0.086314 0.030101 0.011929 0.124047 -0.038475 0.002243 -0.056310 -0.025388 0.019801 -0.044961 0.049229 -0.017383 -0.127477 -0.174260 -0.054265 
0.040434 0.012643 -0.218743 -0.097076 -0.030415 -0.042940 0.015145 0.059848 -0.013142 0.063502 -0.105258 0.017417 -0.067827 -0.153181 -0.205820 -0.170532 -0.116717 -0.202497 -0.039822 -0.164195 -0.172021 0.222781 -0.037795 0.040398 0.026424 0.069960 0.011690 0.155097 0.038916 0.027065 -0.045052 -0.026820 
0.211662 -0.116889 -0.066946 -0.050733 0.099127 -0.246334 -0.034782 -0.169213 -0.123503 0.132660 0.154937 -0.134745 -0.027833 -0.137648 -0.071738 -0.136583 0.055023 -0.028541 0.012417 -0.026746 -0.229245 0.143984 -0.180649 0.239961 0.032013 0.057104 -0.097456 -0.043639 -0.030650 0.039411 -0.049124 0.123992 
-0.007422 0.175743 -0.069742 -0.146200 0.252621 0.047481 -0.177122 -0.002041 -0.033928 -0.159528 0.039290 -0.147789 -0.220333 -0.027115 0.112985 0.048724 -0.057604 -0.200601 -0.063547 -0.000886 -0.157445 -0.066368 -0.055382 0.322822 -0.136522 -0.001664 0.114129 -0.076642 0.106047 0.107005 -0.358236 -0.145924 
-0.099011 0.099368 -0.032072 -0.052193 -0.019378 0.110189 -0.182486 0.025092 0.037606 -0.093001 -0.038205 0.222782 0.050732 0.159106 0.240993 -0.021765 -0.155673 -0.005013 0.083670 -0.041387 0.220984 -0.004938 0.030635 0.023603 0.047331 -0.126285 -0.020726 -0.044441 0.081615 -0.008447 0.095060 0.097230 
0.011899 -0.137900 0.085730 0.135904 -0.112806 0.079437 0.078135 0.211195 0.071189 -0.068984 0.028343 -0.018709 0.002876 -0.120604 0.027278 -0.069535 0.138491 0.026834 -0.077523 -0.026602 -0.062423 -0.051577 0.069865 0.023543 -0.079741 -0.070951 0.065279 0.067701 0.047178 0.034976 0.010266 -0.091446 
-0.095387 -0.029665 -0.041472 0.148382 0.005964 -0.035260 -0.102007 -0.094434 0.005546 -0.107502 0.087972 0.275531 -0.078412 -0.001102 0.299417 0.062086 -0.294120 -0.039179 0.215905 -0.373312 0.099227 -0.010675 -0.117355 0.246783 0.178893 -0.117405 -0.026755 0.067731 0.126785 -0.014799 0.094562 0.093878 
-0.254750 0.056368 -0.117347 0.099077 0.059569 0.040570 0.152355 0.036261 0.026594 -0.167223 -0.012824 0.350618 0.070976 -0.034067 0.142097 -0.044600 -0.098329 0.256775 -0.092257 0.151089 -0.206314 0.065473 0.053078 -0.075903 -0.149437 -0.028505 -0.030277 -0.060361 -0.135763 -0.115777 -0.076618 -0.140701 
-0.039490 0.042628 -0.141478 0.230391 0.071088 -0.118234 0.009308 0.057108 -0.030202 0.085812 -0.130566 -0.024324 -0.013342 -0.004274 0.039090 -0.175155 -0.056507 0.140189 -0.047650 0.057754 -0.020438 -0.008692 -0.085676 -0.069697 -0.031273 0.012704 0.091278 -0.122629 -0.031279 -0.085576 -0.094914 -0.135325 
-0.144407 0.113894 -0.229513 0.151810 0.125996 -0.105578 0.113845 -0.062264 0.082744 -0.059668 -0.044471 0.082983 -0.038677 -0.048396 -0.075929 0.049311 -0.163496 0.230719 -0.124918 0.049102 -0.020149 -0.085878 -0.032799 -0.066940 0.109059 -0.047242 -0.051750 0.048995 -0.084368 0.023584 -0.165698 0.001729 
-0.062309 -0.082732 0.055526 0.039311 -0.087727 0.073765 -0.086489 -0.041899 -0.084235 0.207152 0.121307 -0.000950 -0.024339 -0.032499 -0.093645 -0.050187 -0.081224 -0.054595 0.059187 -0.010537 0.055694 -0.049352 -0.004508 0.103684 -0.000041 -0.105787 -0.035408 -0.236308 0.089684 -0.060346 0.151453 -0.057865 
-0.025929 -0.083739 -0.156009 -0.158617 -0.056234 -0.010032 -0.020790 -0.071022 0.015593 -0.033137 -0.163230 -0.041084 0.032483 -0.006429 -0.097947 0.069054 -0.087442 -0.028156 -0.025551 -0.011786 -0.095038 -0.039331 0.036145 0.039677 0.031409 -0.105134 0.067607 -0.032173 -0.016230 0.002006 -0.040201 -0.119281 
0.069941 0.057780 -0.178354 0.146310 -0.106666 -0.026711 0.000161 0.177601 0.080648 0.008465 -0.007599 0.149020 -0.112614 0.051821 -0.011207 -0.187944 -0.018241 -0.062495 -0.115337 0.128609 -0.075251 0.086083 0.064920 -0.099715 0.039845 0.016643 -0.024810 -0.154012 -0.107077 0.106630 -0.027258 -0.023096 
0.017770 -0.087181 0.100074 -0.107993 -0.139726 0.066041 0.012250 -0.181336 -0.053919 0.005690 0.081288 -0.054559 -0.061966 -0.114360 0.223790 -0.126790 0.033545 -0.072037 -0.108634 0.067200 -0.045761 0.027770 0.067686 -0.153694 -0.083803 -0.072523 0.010608 -0.114797 -0.131220 -0.037559 -0.061822 0.068621 
-0.166650 0.036782 0.037126 -0.038489 0.012541 0.080206 -0.147513 -0.069375 -0.107833 0.126876 0.304099 0.099965 0.180285 -0.109205 0.037064 -0.049992 -0.083967 0.018456 0.029918 0.042173 0.007578 0.034215 -0.080684 -0.099917 0.001518 -0.077557 0.036456 -0.158910 -0.061550 0.086076 0.251424 0.018084 
-0.050619 0.203323 -0.120601 0.017885 0.131378 -0.143134 -0.246310 -0.115483 0.014047 -0.205674 -0.157372 0.024618 -0.078997 0.060827 -0.139448 -0.024100 -0.090027 0.078029 -0.126090 -0.041648 -0.132228 0.013186 -0.095558 0.035451 -0.042608 -0.096964 0.019647 -0.033946 -0.186507 -0.026464 -0.271770 -0.268729 
-0.223924 0.130474 0.072366 0.060438 -0.008463 -0.119299 -0.262486 -0.162213 -0.189020 0.020258 0.237534 0.338806 0.064333 -0.061751 -0.135200 -0.020119 -0.194353 0.133881 0.006109 0.136034 -0.095584 -0.076258 0.077291 0.039619 -0.106807 -0.034295 -0.086203 -0.100096 -0.047035 -0.121039 0.161042 0.016678 
-0.164909 -0.062320 -0.159465 0.209922 -0.143759 -0.001997 0.191109 0.030584 -0.054555 0.143551 -0.197180 0.024698 -0.036053 -0.053408 -0.137332 0.009807 0.038290 0.121275 -0.074240 0.148238 -0.122797 -0.077332 0.031889 -0.038707 -0.015732 0.104313 0.060065 -0.054700 -0.091663 -0.106233 0.051887 -0.088202 
-0.111919 0.096566 -0.273052 -0.129944 0.338403 0.031182 -0.526458 0.008375 -0.003595 -0.210198 0.025749 -0.013142 -0.106032 -0.157143 -0.039722 -0.098869 -0.239275 0.048855 -0.041422 -0.089722 -0.068137 -0.043935 -0.093191 0.175700 -0.152561 -0.077151 0.113469 -0.005803 -0.112345 0.060754 -0.221184 -0.145774 
-0.048265 0.101603 -0.043719 -0.059682 -0.016291 0.051201 -0.095744 0.037720 0.128158 0.117315 0.078776 0.169229 -0.107228 0.021783 0.126784 -0.070419 -0.114877 -0.017056 0.019397 0.004995 0.107697 0.054759 -0.008980 -0.018217 0.181752 0.067295 -0.002670 0.048729 0.086028 -0.113251 -0.080470 0.071264 
0.053386 -0.026357 -0.118090 -0.178459 -0.102840 -0.177757 -0.087469 -0.229545 -0.083150 -0.142699 0.053819 -0.105365 -0.026221 0.007638 0.189445 -0.073708 -0.138732 0.011046 0.045868 0.099884 -0.123278 0.034436 0.023132 -0.037453 0.033736 -0.012251 -0.016276 -0.154652 0.032197 0.029208 0.037301 0.010490 
-0.195782 -0.203436 -0.108953 -0.130172 -0.238838 -0.118152 -0.475126 0.304437 
-0.332612 -0.126529 0.057875 0.009143 0.221871 0.451656 0.082978 -0.182719 
-0.099973 -0.216902 0.025200 -0.329416 -0.057069 -0.161004 -0.242322 0.424832 
-0.424230 0.030765 0.318345 0.677352 -0.392061 -0.150567 0.344131 -0.524521 
-0.470698 -0.174807 -0.056657 -0.434170 0.124283 0.400348 -0.726635 0.088014 
-0.189021 0.049329 -0.034157 0.084712 0.122747 0.181710 -0.036774 0.056314 
0.369565 0.148986 -0.074588 0.556329 0.033656 -0.332181 -0.246559 -0.176683 
-0.466008 -0.268848 -0.080902 0.138864 0.133216 0.032584 -0.164407 -0.005199 
-0.093954 -0.071681 -0.038320 -0.001564 0.020067 0.166911 -0.120479 -0.072144 
-0.014178 -0.004996 -0.030895 -0.032368 -0.247501 0.116323 0.376736 -0.209621 
0.450499 0.171762 0.418831 -0.488007 -0.299624 -0.322297 0.122635 -0.024717 
-0.217578 -0.141414 0.554187 0.094621 0.339398 -0.260515 -0.478339 -0.633383 
0.108858 0.029463 0.094548 -0.152948 0.104107 -0.067784 0.114942 0.139305 
0.132949 -0.234493 -0.155875 -0.353212 -0.027267 0.029938 -0.463114 0.243654 
0.666462 -0.190508 0.153607 -0.309151 0.281452 -0.185674 -0.248344 -0.783392 
-0.123520 -0.057949 0.139108 -0.271544 -0.094885 -0.078183 -0.229471 0.154023 
-0.189691 -0.040321 -0.328119 0.080905 -0.208909 -0.240461 -0.073998 0.352304 
-0.154203 -0.074943 0.255765 0.162288 0.499411 0.266581 -0.532129 -0.163135 
0.155432 0.048273 0.014933 -0.379124 0.063966 -0.201101 -0.196504 -0.126663 
0.151252 -0.189282 0.396618 0.324560 0.320224 -0.082193 -0.439901 -0.326892 
0.109491 -0.272243 -0.071556 -0.429780 -0.077121 -0.113141 -0.184681 0.165787 
-0.106222 0.130531 -0.206639 0.102441 -0.079857 0.011288 0.000181 -0.013061 
-0.084404 -0.076143 -0.026928 -0.052848 -0.010506 -0.067748 -0.102453 0.123221 
0.075345 -0.000901 -0.203021 -0.449603 -0.419809 0.812873 0.074844 -0.305088 
0.156843 -0.220981 -0.160906 -0.380391 0.004344 -0.189352 -0.092807 -0.042152 
-0.104459 0.068402 0.119324 0.145794 0.148299 -0.094711 -0.130815 -0.055121 
-0.191465 0.065752 -0.142965 -0.141814 -0.074081 0.274552 -0.060416 -0.144564 
-0.514609 0.046822 -0.165038 -0.046712 0.136544 0.114895 -0.393719 -0.282126 
0.088035 -0.109425 -0.118347 -0.213480 0.016196 -0.151029 -0.166798 -0.323789 
-0.178741 -0.081730 -0.089194 -0.115736 -0.029566 0.231596 -0.054807 0.035527 
-0.104636 -0.069552 0.418839 -0.020926 -0.374683 -0.180449 0.395254 -0.069985 
0.299783 0.037236 -0.206771 -0.298500 0.124565 -0.134373 0.019550 0.145703 
-0.246117 -0.393325 0.085141 0.652701 -0.137979 -0.236660 -0.187529 0.162365 -0.258595 -0.293003 -0.014041 -0.166588 -0.067820 0.174120 -0.223483 0.473395 -0.085623 0.013332 0.019323 -0.305407 0.268583 -0.218150 -0.023897 -0.345365 0.033749 -0.238463 -0.244848 -0.114129 0.618610 0.169365 -0.200394 -0.142623 
-0.045462 -0.252158 -0.160431 0.086415 -0.133215 0.271454 -0.290471 0.099589 0.131170 0.130835 -0.044555 0.090525 0.069723 0.129249 0.041371 0.288702 0.143632 -0.295000 0.047055 -0.247837 -0.147897 0.270374 -0.126328 -0.104570 -0.016522 -0.093346 0.383189 -0.104196 -0.220856 -0.207739 0.065932 -0.071300 
-0.160983 0.195364 -0.392330 -0.243278 0.190459 -0.254785 -0.253785 -0.208142 0.390913 0.082634 -0.079633 -0.176088 -0.217816 0.534319 -0.392035 -0.393249 -0.485637 0.166408 0.171725 -1.039304 0.251128 -0.278364 0.352842 -0.367634 -0.307973 0.193394 0.263643 -0.053420 0.199555 -0.754966 -0.264017 -0.703545 
-0.179968 -0.303157 0.296454 -0.379292 -0.087851 -0.358532 0.222100 -0.666771 0.004428 -0.178475 -0.090964 -0.300336 -0.184259 -0.226345 0.053302 -0.136357 0.192234 -0.089469 0.389850 -0.492377 -0.209490 -0.067200 -0.060656 -0.136483 0.254238 0.597750 0.128162 0.572958 -0.424941 -0.134357 0.018976 -0.327391 
0.209648 0.385145 -0.168358 -0.238036 0.122729 -0.150546 -0.067133 0.091699 0.010992 -0.335364 0.071519 0.085736 0.133788 -0.377688 -0.330403 0.129534 0.148123 0.649714 0.442767 -0.334175 -0.042502 -0.327246 0.027705 -0.217687 0.106417 -0.156683 -0.321295 -0.159920 0.397896 -0.147026 -0.074214 -0.007437 
0.033939 0.601479 -0.233092 -0.279377 -0.304465 0.073051 -0.074866 0.385181 -0.391396 -0.231935 -0.044090 -0.018625 0.187712 -0.111725 -0.347478 0.268837 -0.053459 -0.039831 0.250999 -1.032829 -0.221097 -0.178576 -0.080108 -0.291284 -0.232373 0.091090 -0.177549 0.035752 -0.593074 -0.006229 -0.198763 0.246000 
-0.062479 -0.259935 0.403667 0.059497 -0.260602 -0.189200 -0.133534 -0.171660 -0.386854 0.104599 -0.071066 0.059075 0.080356 0.336265 0.515932 -0.191477 -0.161321 -0.374505 -0.452253 -0.524098 -0.127486 -0.141884 -0.210510 -0.097283 0.093181 0.090328 -0.324899 0.089647 -0.422009 0.090030 -0.016375 -0.489634 
0.004344 -0.383226 -0.432759 0.086495 -0.037581 -0.093861 -0.347688 -0.223239 -0.658712 -0.324587 -0.020365 0.029359 -0.007749 -0.581395 -0.172950 0.313436 -0.473566 0.015794 -0.384582 -1.470410 -0.021303 -0.112919 -0.212426 0.039884 -0.502434 -0.446757 -0.004323 -0.418822 -0.116650 -0.064710 -0.181021 -0.759548 
-0.206426 0.000127 -0.182236 0.034440 -0.208919 0.126801 -0.018953 -0.104942 0.097572 -0.063958 -0.135084 0.131894 -0.066177 0.081737 -0.139506 -0.052418 -0.036825 -0.129324 0.117467 0.003976 0.009095 -0.128586 -0.146372 -0.058855 -0.022934 0.025747 -0.038934 0.115981 0.016869 -0.093225 -0.186089 0.050080 -0.023837 -0.133329 -0.119044 0.112148 -0.138228 0.081419 -0.091222 0.097601 0.095116 0.028694 0.033118 -0.072951 -0.020205 0.145778 0.064052 -0.241762 -0.077935 0.110553 -0.057346 -0.188909 0.128770 0.005119 0.022846 -0.112762 -0.147407 0.245757 -0.154576 0.152238 -0.039975 -0.129984 -0.046459 -0.099222 
-0.127085 0.222193 -0.032604 0.020097 0.193287 0.077700 -0.019506 0.212843 -0.025442 -0.181438 -0.394084 0.143641 -0.109108 -0.114796 0.047086 -0.222895 -0.025247 -0.216008 -0.039312 -0.148430 -0.424836 -0.168063 0.232300 0.328153 0.399082 -0.059398 0.002696 0.082307 -0.007958 -0.066208 -0.148846 -0.084542 -0.115105 0.045596 -0.091436 0.020657 -0.007372 -0.021167 0.215858 0.136078 -0.130428 0.465082 0.179489 0.090634 -0.016957 0.318454 0.190271 0.124791 -0.178275 0.082095 -0.166494 -0.223681 -0.103235 0.096975 0.102301 -0.144720 -0.325815 -0.246378 -0.097854 -0.071975 -0.364743 0.089151 -0.094265 -0.125424 
0.028763 -0.091123 0.067962 0.169172 0.138697 -0.128509 0.140667 -0.125251 0.112605 0.090011 0.023313 -0.072635 0.066686 0.100440 -0.107722 0.018138 0.210216 0.160801 0.104194 -0.033818 -0.015871 0.063239 0.127346 0.120772 0.103109 -0.108218 -0.136018 -0.027657 0.107967 0.183753 -0.119688 -0.074740 0.177486 -0.009925 -0.108086 0.009064 0.060256 -0.068049 0.006519 -0.046181 -0.126385 -0.131998 -0.012859 0.029336 0.038402 0.172008 -0.060454 -0.000497 -0.052239 -0.150443 0.255066 0.120329 0.072026 0.105647 0.085641 0.066445 -0.005790 0.127813 -0.114294 0.152062 0.252935 -0.035896 -0.016976 -0.042819 
-0.049330 -0.128851 0.095457 -0.038841 -0.039617 0.007803 0.098361 0.308985 0.015997 -0.118841 -0.094363 -0.083459 -0.036102 -0.050672 -0.035738 0.269160 0.022286 -0.155302 0.012402 -0.012084 -0.004749 -0.066489 -0.259658 0.301048 -0.290517 -0.046213 0.068724 -0.060941 0.095822 0.215140 0.154370 -0.061375 -0.072951 -0.298512 -0.081246 -0.197169 0.031329 -0.063720 -0.160002 -0.202909 -0.174259 -0.088274 -0.085562 -0.028500 -0.110132 -0.242220 -0.142734 -0.147618 -0.128287 0.307877 -0.218976 0.030485 -0.081593 -0.054259 0.036677 0.039393 0.216283 -0.257923 0.043560 0.042550 -0.094624 0.210593 -0.441130 -0.234626 
-0.097367 0.128320 0.144911 0.153009 -0.014177 -0.145150 -0.066089 0.009391 0.028850 0.127686 0.158692 0.097953 -0.082888 -0.090861 0.048952 -0.009909 -0.109335 0.128446 -0.081351 0.098662 -0.011842 0.123275 0.005987 -0.031925 -0.133391 -0.112792 -0.098809 -0.008418 -0.115988 -0.112941 -0.072961 -0.056780 -0.118535 -0.101101 -0.071720 0.030306 -0.060375 0.009306 -0.127962 0.124677 -0.010999 -0.108372 0.068039 0.060740 -0.033709 -0.061181 -0.139814 0.055503 -0.070459 -0.032289 -0.048626 0.108373 -0.080846 0.114664 -0.037190 -0.014578 -0.159106 0.028068 0.146444 -0.105541 0.125017 -0.095924 0.002336 -0.160235 
-0.023971 0.096950 0.047047 0.042001 -0.010431 0.096290 -0.001271 0.154978 0.141125 -0.118719 0.024387 -0.060530 -0.019647 0.065473 0.162668 0.090422 -0.113085 -0.063328 0.025967 -0.047743 -0.081784 0.156321 0.160690 -0.011231 0.013202 0.084583 -0.003089 0.044926 0.131518 -0.107907 0.008440 -0.077734 0.123508 -0.137874 0.130889 -0.130017 0.127540 -0.031573 -0.151396 0.098048 0.017685 0.046862 -0.100254 0.160258 -0.059404 -0.091395 0.051156 -0.053388 -0.007200 -0.071670 0.100489 0.081916 -0.082249 0.037696 -0.149505 0.020521 -0.027137 0.013571 -0.084005 -0.080854 -0.041792 0.073658 -0.066991 -0.115241 
-0.040353 -0.116554 0.025716 0.058297 0.039166 0.030652 -0.013487 0.003453 -0.095010 -0.036240 -0.005232 0.006717 0.051118 -0.184987 0.116419 -0.103881 -0.170189 0.147233 0.130316 0.014088 0.006710 0.163440 -0.193528 -0.211351 0.022552 0.041584 0.148060 -0.413933 -0.069670 0.152533 -0.103696 -0.129560 0.172061 0.067278 -0.012945 0.091378 0.028567 -0.105002 -0.151452 0.022876 0.102180 -0.077853 -0.133775 -0.029051 -0.045015 -0.170466 0.091319 -0.078676 -0.326413 0.027163 0.018852 -0.046579 0.031530 0.089120 -0.159909 -0.137592 0.037703 0.035611 -0.067287 0.036389 -0.063409 0.072261 -0.095784 -0.334684 
-0.108896 -0.160819 -0.326622 -0.048981 0.119348 -0.141114 -0.117429 0.150720 -0.027951 -0.120874 -0.100270 0.111710 0.119858 -0.162692 -0.077205 0.060121 -0.199650 -0.263033 -0.190556 -0.055246 -0.080391 -0.157351 0.051903 0.332055 -0.376011 -0.182635 0.014780 -0.144295 0.146995 0.068297 0.246304 0.008129 -0.004649 -0.002799 -0.001520 -0.037958 0.112805 -0.141857 0.007715 -0.143490 -0.021550 0.292628 -0.248960 -0.067044 -0.151951 0.136088 -0.176500 -0.057071 0.087975 -0.041655 -0.341307 -0.143422 -0.141287 -0.149659 -0.107343 -0.075986 -0.204534 -0.174540 0.171309 -0.165686 -0.227810 0.036087 -0.136885 -0.314304 
0.076367 0.117346 0.127136 0.043552 -0.137917 -0.022732 -0.170154 -0.323934 -0.046134 -0.084070 -0.022979 0.105647 -0.104286 0.191067 -0.086427 -0.143471 0.023189 0.005853 -0.210303 -0.130305 0.003444 -0.091247 0.186197 -0.484707 0.009777 0.057655 -0.165954 -0.318658 -0.043016 -0.276757 -0.217233 -0.103275 -0.249937 -0.204364 -0.001713 0.027989 0.062520 0.026093 -0.218805 -0.225167 -0.199227 0.077041 0.075792 -0.092906 -0.128688 0.140768 0.105285 -0.210699 -0.008883 -0.104648 -0.145867 -0.088950 -0.147956 -0.267120 -0.001027 -0.105849 -0.128494 0.068937 -0.105177 -0.106430 -0.145863 -0.036767 -0.009516 -0.088607 
0.006922 -0.148298 -0.073952 -0.104127 -0.147565 -0.070389 -0.089844 -0.109878 0.135661 0.087401 -0.038154 -0.105166 0.046521 -0.003779 -0.065707 -0.082029 -0.022292 0.061016 0.072007 0.042090 0.065523 -0.095707 0.087807 -0.048901 0.106505 -0.106210 0.008531 0.150218 0.057764 0.131143 -0.054900 -0.078297 -0.137882 0.019578 -0.014475 -0.119133 0.127273 0.058270 -0.055885 0.085418 -0.017139 0.070389 0.121464 -0.138028 -0.142576 -0.113302 -0.050257 -0.014480 0.129758 -0.152034 -0.096521 0.021540 -0.077076 0.149631 0.141515 -0.158292 -0.121889 -0.017903 0.159779 0.103572 0.000912 -0.070672 -0.135293 -0.028199 
0.071457 -0.040038 0.010326 0.072062 -0.069076 0.130906 -0.010469 0.071889 0.035580 -0.049218 0.111875 0.061098 0.042320 -0.138447 -0.122889 0.014806 -0.175831 -0.095579 -0.143535 -0.021415 -0.117901 0.166927 -0.062879 -0.197612 -0.055837 -0.023623 -0.135969 0.099662 0.073560 -0.078333 -0.123036 0.028639 0.123366 0.128860 -0.071497 0.098530 0.047671 0.089275 0.033858 -0.021408 -0.106803 -0.049276 0.084451 0.064162 -0.015747 -0.169220 -0.029406 0.094804 -0.164004 -0.080934 -0.158924 0.001679 -0.032313 0.016542 0.090955 0.033507 0.190495 0.037309 0.039674 0.056017 -0.145307 0.079124 -0.140998 0.019726 
-0.039619 -0.009590 0.094943 -0.099316 -0.114910 -0.040885 -0.018572 -0.002938 0.064075 -0.058473 -0.070172 -0.102957 -0.016027 -0.066013 0.066261 0.096432 -0.105684 0.030119 -0.119039 0.003647 -0.111350 0.147370 -0.071805 -0.113348 0.076724 0.119787 0.159679 0.108094 0.100823 -0.123361 0.039800 -0.077928 0.092129 -0.057330 0.012347 -0.125196 0.082629 0.138618 0.144935 -0.034333 -0.084672 -0.068776 0.031380 0.102352 0.141061 -0.054247 0.029690 -0.211390 -0.055175 0.093824 0.025338 0.065716 0.118006 0.042159 -0.164422 0.030919 0.042891 0.232362 0.015184 0.018173 -0.091481 -0.050912 0.073486 -0.171161 
0.013704 -0.238315 -0.103657 0.004917 -0.246977 -0.093559 -0.166256 0.054084 -0.022438 0.035258 0.037983 -0.057477 -0.116311 -0.152348 -0.054456 0.030806 -0.015355 0.047517 -0.107181 0.039203 0.060878 -0.117113 -0.154365 -0.189094 -0.099539 0.104271 -0.134801 -0.168245 -0.141848 0.098492 -0.017116 0.096176 -0.211053 0.001383 -0.115027 0.109748 -0.098306 -0.070905 -0.127411 -0.061695 -0.175052 0.119951 -0.251635 -0.133886 0.149217 -0.034926 -0.111791 -0.112218 -0.164241 0.035401 -0.033419 0.183931 -0.145562 -0.024395 -0.011899 -0.163775 -0.119447 0.090598 0.067918 0.012417 -0.177762 -0.123111 -0.351630 -0.268354 
0.035836 -0.082918 0.015909 -0.015115 -0.462199 0.027032 -0.147212 -0.243369 0.009756 -0.199349 -0.159669 0.184868 0.069598 0.653889 -0.230897 -0.048472 0.010077 -0.020943 -0.056156 0.090912 -0.158245 -0.121958 0.439040 -0.240056 0.013788 -0.049653 -0.020023 -0.339981 0.270845 -0.314957 0.257650 -0.127272 -0.181999 -0.231003 -0.186183 -0.218309 0.186657 -0.075782 -0.091196 -0.129858 0.009828 -0.096357 0.187872 -0.045287 -0.045900 -0.131216 -0.218952 -0.201135 0.057769 0.172913 0.306397 -0.181862 0.057636 -0.063661 -0.141538 -0.009983 -0.002019 -0.378628 0.000448 -0.051044 0.256161 -0.085465 0.005244 -0.046155 
-0.097237 -0.187863 -0.093389 0.002181 0.428876 0.042098 0.103231 0.161259 -0.038814 0.014900 0.155509 0.157138 0.307714 -0.047935 -0.138834 0.072161 0.085401 0.005364 -0.165212 0.083996 -0.128469 -0.107843 -0.232246 0.096658 -0.068190 -0.085435 -0.174259 -0.089772 0.076134 0.283825 -0.064895 -0.015720 0.184229 -0.090535 -0.058490 -0.125022 -0.109017 0.244190 -0.167647 -0.110673 0.067516 -0.174844 -0.185879 -0.032402 -0.150868 -0.129842 0.189148 0.025650 -0.065238 -0.037527 0.267253 0.124179 -0.030587 -0.045207 -0.046799 -0.145326 0.296669 -0.114016 -0.158595 -0.070217 0.244182 -0.027676 0.001011 -0.260995 
0.258390 0.036182 0.031955 -0.160093 0.158410 0.156694 -0.038596 0.271525 -0.165771 -0.062699 0.119267 -0.162981 -0.069864 -0.256146 -0.204974 0.156602 -0.123709 -0.050796 -0.021210 0.022885 -0.180700 0.108571 -0.177548 0.444221 -0.407526 0.057129 -0.139909 -0.259505 0.005831 0.187480 0.313085 -0.093294 -0.101805 -0.012895 -0.196782 -0.076054 -0.077699 -0.020297 0.126530 0.013998 -0.102776 0.105640 -0.066082 -0.005036 -0.139657 0.180871 -0.020352 0.076572 -0.075681 0.039620 -0.519930 -0.036956 -0.056434 0.045551 -0.031864 0.078572 -0.022629 -0.356612 -0.160293 0.181636 -0.337247 0.104766 -0.191064 -0.131557 
-0.008460 -0.158566 -0.024236 0.057308 -0.110044 0.098027 -0.096276 -0.048029 0.026110 0.211514 0.113878 0.055693 0.008286 -0.272605 0.026118 -0.176511 0.078650 0.004925 0.093639 0.014967 0.031263 -0.112231 -0.175088 -0.263665 -0.190436 -0.068633 -0.098640 -0.078950 0.092415 -0.069386 -0.126184 -0.125529 0.018336 -0.066411 0.173590 0.047985 -0.173918 -0.255847 -0.112169 0.023158 0.156112 -0.178048 -0.076997 -0.050130 -0.097374 -0.044735 0.135057 -0.175458 -0.084929 -0.087196 -0.152449 -0.128409 0.018023 0.066154 -0.050401 -0.151025 -0.093342 0.451930 -0.122421 -0.098083 0.017370 0.086357 -0.079548 0.079866 
0.056600 -0.038562 0.037216 0.095336 -0.142345 0.151907 -0.042083 -0.243779 -0.139774 0.062976 -0.031899 -0.043898 -0.046453 -0.125243 -0.038272 0.152726 -0.086898 0.078467 0.165921 0.083226 -0.017933 -0.066539 -0.019439 -0.061675 -0.008868 0.216421 -0.155853 0.070495 -0.041535 -0.212365 -0.067626 -0.085362 -0.059659 -0.099897 -0.158131 0.191349 -0.047138 0.075471 0.111254 -0.078433 -0.153077 0.025266 0.125334 -0.037115 -0.007173 0.384310 -0.152296 0.086556 0.113382 -0.052638 -0.148305 -0.018888 0.048885 -0.124763 -0.025931 -0.020885 -0.265504 0.034029 -0.091368 0.046501 0.063504 0.167805 0.169964 -0.015993 
-0.129768 0.287481 -0.000639 -0.125552 -0.185616 -0.131889 -0.046487 -0.171281 0.027277 0.138686 0.084077 -0.126296 0.151758 -0.315510 0.111378 0.031481 0.040866 0.130314 -0.143303 0.161816 0.012203 0.036471 -0.184610 -0.057742 -0.269442 0.092413 -0.158065 0.045007 -0.124523 -0.057551 -0.165935 -0.046315 -0.066307 0.009676 0.037731 0.323497 0.096188 0.233377 -0.105826 -0.041953 0.018179 0.115545 0.192730 0.032343 -0.181800 0.091895 -0.108937 -0.069900 0.005022 -0.018663 -0.357426 0.149730 -0.080907 -0.024812 -0.024975 -0.078405 -0.299878 0.298321 -0.106994 0.058139 -0.418696 0.116404 -0.200317 -0.162537 
-0.306659 -0.142586 -0.044092 -0.124014 -0.164784 -0.104934 0.008605 -0.160494 -0.114188 -0.203389 -0.011851 -0.050237 -0.096868 -0.081286 -0.033114 0.018265 -0.042720 0.003993 0.006546 -0.144600 0.027274 -0.121988 -0.532438 -0.387466 0.190459 -0.063909 -0.022031 0.047207 -0.194205 0.159211 -0.295433 0.014621 0.066979 -0.187275 -0.071327 -0.178353 -0.045372 -0.007072 -0.112083 -0.094487 -0.083507 0.032336 -0.147695 -0.050965 0.023057 -0.339855 -0.073553 0.023629 0.028401 -0.225995 0.081663 -0.067780 -0.130452 -0.177235 -0.131616 0.001448 -0.070366 0.189968 0.057115 -0.143877 0.106649 -0.017710 -0.019566 -0.060940 
0.033179 -0.015727 -0.137316 -0.156473 -0.010086 0.095669 -0.030475 0.150465 -0.033302 0.124118 -0.045234 -0.004875 -0.187326 0.057299 -0.113227 0.302743 -0.051923 -0.203188 -0.050387 0.205207 -0.127526 -0.016452 0.079409 -0.344760 -0.011306 -0.012774 -0.086905 -0.015327 -0.056151 0.029002 0.048424 -0.127428 -0.054350 0.060461 -0.158109 0.003995 0.064509 -0.041688 0.055988 0.151529 0.001564 -0.164825 0.008284 -0.012291 0.106313 0.031140 0.002219 0.003210 0.009444 0.129979 -0.026199 -0.113083 -0.025514 -0.110562 -0.073736 -0.102816 0.087610 -0.062096 -0.117818 -0.131426 -0.097508 0.121757 -0.186550 -0.105542 
0.004265 -0.014424 -0.015609 -0.143417 -0.153238 -0.117104 -0.152893 0.031119 -0.081849 -0.038530 -0.102460 -0.136167 0.151235 0.089158 0.068017 0.052731 0.064265 -0.082913 0.082823 -0.139731 0.015248 -0.158259 -0.026554 -0.048135 0.018747 0.022744 -0.002354 0.153534 -0.061160 0.091562 0.027251 0.111054 -0.090811 -0.156308 0.135586 -0.076101 -0.105462 0.150643 0.122968 -0.019362 -0.055836 -0.147442 0.012420 -0.072551 0.109665 -0.087512 0.148129 0.005981 -0.002476 0.063003 0.034198 -0.155178 0.072693 -0.160305 -0.035364 -0.076509 0.030389 0.130231 -0.090925 0.137178 0.053843 0.104275 0.080283 0.130981 
0.074695 0.068736 -0.124915 -0.157495 -0.043630 -0.158051 -0.010922 0.030682 -0.140039 -0.163678 -0.100402 0.170662 -0.092609 -0.090928 -0.040162 0.053893 0.066496 -0.142086 0.094243 0.024941 -0.146566 -0.109072 0.130010 -0.055092 -0.200239 -0.144675 0.016184 0.075047 0.118497 -0.131909 -0.083629 0.070860 0.146410 0.092280 0.081315 0.006347 0.110869 -0.140158 -0.013952 0.133220 -0.099116 0.051159 0.151631 -0.015548 0.105736 -0.077255 -0.129719 0.051145 -0.072204 0.127767 -0.145608 -0.072513 -0.112987 -0.155520 0.165201 -0.088225 -0.224121 0.009476 0.154729 0.148441 0.026889 -0.013096 0.056830 0.097296 
-0.223095 -0.099936 -0.219037 -0.111037 0.019863 0.134649 -0.151354 -0.096051 -0.042675 0.100416 -0.198212 -0.047560 -0.129241 -0.177031 0.027201 -0.154090 0.000418 -0.507746 0.008083 0.068100 -0.343697 0.027990 0.081892 -0.195311 -0.150870 0.070231 -0.119290 -0.100810 0.031701 -0.219488 0.010081 0.065844 -0.199966 -0.201797 0.052901 -0.126825 -0.204163 -0.170317 0.035940 -0.085035 0.088511 -0.154570 0.015311 -0.158915 0.034773 -0.052060 -0.028520 -0.273626 0.091936 -0.009089 0.035942 0.052979 0.103738 -0.030483 -0.123899 -0.166643 -0.020342 -0.016821 -0.073186 -0.098239 -0.173437 -0.091143 -0.266831 -0.209317 
-0.164625 -0.354205 -0.023600 0.019331 -0.135377 -0.153517 -0.160680 -0.126350 -0.130856 0.036776 -0.006735 0.065381 -0.042854 -0.018497 0.092488 -0.131644 -0.079725 0.212812 -0.180562 0.022897 0.069738 -0.112245 -0.172277 -0.443017 -0.083453 -0.125998 -0.041650 -0.098016 -0.058821 0.047029 -0.215086 0.129463 0.100428 0.054283 -0.044325 0.067464 -0.013739 -0.046597 -0.022125 0.126544 -0.091288 -0.072172 -0.208441 -0.038433 -0.153159 -0.231176 0.192351 0.163909 -0.160056 0.030903 -0.100386 -0.053519 0.145658 -0.119417 -0.013571 -0.088065 0.025131 0.102952 -0.129610 0.025596 0.002638 -0.093681 -0.098824 0.007903 
-0.158068 0.266023 0.132332 -0.158977 -0.231585 -0.145414 0.005568 -0.202341 0.095235 0.088824 -0.053484 0.204889 0.294251 0.226240 -0.024173 -0.085286 0.332402 0.311234 0.038673 0.092122 0.204803 -0.049704 -0.181486 -0.311898 -0.175871 -0.041517 0.078544 -0.072271 -0.058941 -0.544203 -0.159967 -0.058721 -0.381248 0.037085 -0.105303 -0.002506 -0.127318 0.261415 -0.119284 0.051798 0.047506 -0.065735 0.147430 0.013510 0.046099 -0.148193 -0.212938 0.032008 -0.185763 -0.260569 0.057063 -0.170565 0.000258 -0.218188 -0.067945 0.091048 -0.026093 -0.292503 -0.077942 -0.070769 -0.023423 0.028804 0.012199 -0.061683 
-0.009997 -0.144254 -0.210761 0.111502 -0.171453 -0.007036 0.035434 -0.005747 -0.116460 -0.053064 0.013306 -0.082613 0.037266 0.249003 0.096892 -0.017536 -0.124453 -0.066622 0.087138 0.048764 0.041238 0.162969 0.003668 -0.137408 -0.266032 0.117656 0.025606 0.008769 0.084179 -0.154146 -0.026214 0.047588 -0.101658 0.138835 0.017260 -0.163948 -0.029701 -0.144905 -0.144305 0.002114 -0.071307 0.143572 0.081470 0.059508 -0.019990 -0.103462 -0.052781 0.036453 0.121601 0.066497 -0.201911 -0.024880 0.173580 0.069978 0.063394 -0.168233 0.037575 -0.020034 -0.065847 0.002771 -0.119162 -0.198477 -0.108759 0.121481 
-0.059811 -0.113282 0.277899 -0.094333 0.019623 -0.143232 0.044693 -0.035760 0.070185 -0.132316 0.081340 -0.133587 -0.001733 -0.123216 -0.039059 -0.009277 0.026743 0.394877 0.074166 -0.221524 0.230972 -0.002653 -0.403648 -0.060606 -0.248031 -0.056588 0.110807 -0.229708 -0.118956 -0.039271 0.091344 -0.040491 0.063035 0.032451 -0.055832 -0.001107 0.204091 -0.093264 0.004769 -0.042963 -0.054550 -0.018063 0.017220 -0.196766 -0.023019 -0.216594 -0.186207 -0.051869 -0.193328 -0.152779 0.070729 0.083275 0.059605 0.122516 -0.097762 -0.113151 -0.004356 -0.175701 0.055043 0.104854 -0.304356 0.126941 -0.295119 -0.064283 
0.341110 0.306708 -0.071617 0.031349 -0.307075 -0.142746 -0.090029 0.196480 0.021981 0.051036 0.097766 -0.037660 -0.125228 -0.207145 0.084539 0.158578 -0.128951 -0.044761 -0.061380 0.111683 -0.001406 0.006432 0.204400 -0.208766 -0.516072 -0.007548 -0.143064 0.027744 0.062690 -0.287059 0.348856 0.097013 -0.152019 -0.131697 -0.158886 -0.135286 -0.056885 -0.127776 -0.095406 -0.196867 -0.015294 -0.246378 0.057245 0.148061 -0.002802 0.006742 -0.206024 -0.203510 -0.199647 0.113739 -0.293133 0.043067 -0.115102 -0.129428 -0.123856 -0.144868 0.057386 -0.500100 -0.157915 -0.133151 -0.213696 0.268408 0.028285 0.002793 
-0.395142 -0.317442 -0.135835 0.013211 0.166946 -0.030352 0.013573 0.136405 0.016053 0.026538 0.107984 -0.154756 -0.140615 0.093779 -0.154992 -0.139294 -0.185490 0.054417 -0.174033 -0.113112 0.135230 -0.120377 -0.445834 -0.000596 0.011872 -0.053705 0.096944 -0.066558 -0.110478 0.256985 0.028625 -0.079299 -0.145949 0.051697 -0.040920 0.079418 -0.096816 -0.053700 -0.065710 0.112077 -0.092715 0.036776 -0.143756 -0.188664 0.055679 0.078585 -0.018967 -0.107158 -0.147910 -0.181844 0.001680 0.019536 -0.023872 0.128725 -0.094639 0.011514 0.031213 -0.116102 0.074144 -0.022346 0.050145 -0.095063 -0.090007 -0.224659 
-0.124857 -0.011451 0.084633 -0.040160 0.167653 -0.117080 -0.120787 -0.126806 -0.159001 0.135901 0.013837 0.090009 0.130647 0.036405 -0.097103 -0.024733 0.186482 0.171889 0.125943 -0.006964 0.113337 -0.128846 -0.085809 -0.044549 -0.104204 -0.145403 -0.026666 0.105842 -0.032143 -0.111749 0.052974 0.036624 0.146874 0.010491 0.189094 0.106500 0.018100 -0.126394 0.126574 0.093437 -0.147591 -0.097463 -0.055575 0.121242 0.128076 -0.011233 0.003325 0.179851 -0.163343 -0.072113 -0.025009 -0.125165 -0.026577 0.085653 -0.128917 -0.031858 0.137333 -0.072835 0.004956 -0.098445 0.092727 -0.084414 0.024302 -0.049423 
-0.047917 -0.176433 -0.181917 -0.110168 0.256839 -0.148163 0.082261 -0.041094 -0.068564 -0.134599 0.019157 -0.116160 0.079451 -0.142124 -0.143198 -0.255285 -0.124053 -0.122441 -0.125947 -0.138980 -0.208804 -0.068407 -0.133105 0.391373 0.118895 -0.151614 -0.109629 -0.065827 -0.072339 0.184097 -0.113970 -0.164167 -0.071840 -0.101921 -0.131886 -0.011922 -0.079955 0.148545 0.095421 0.008678 -0.165371 0.219369 -0.099585 0.050328 -0.136024 0.239297 0.176780 0.077311 -0.081296 0.098033 -0.041465 -0.057892 -0.062957 -0.067868 -0.028021 -0.222986 -0.095962 0.219312 0.062119 -0.086444 -0.176515 0.048314 -0.204475 -0.165153 
0.092215 -0.107732 -0.273815 0.004543 0.017788 -0.289657 0.296395 0.128064 
0.326211 -0.072826 -0.440840 -0.259439 0.037405 0.250301 -0.085589 0.011588 
0.062710 -0.009981 -0.020959 -0.075191 0.352523 -0.028706 0.141814 0.014860 
-0.114060 0.109678 0.056135 0.024675 0.028538 0.082574 0.095666 0.003677 
-0.269170 -0.195677 0.320960 0.727315 0.168421 0.024938 -0.195132 -0.120042 
0.092836 -0.010887 0.070119 -0.103797 -0.104839 -0.103020 0.041744 -0.034505 
-0.042269 0.042954 0.028800 -0.053330 -0.059383 0.097383 0.036957 -0.077725 
-0.118022 -0.213958 0.197732 0.203393 -0.089969 0.177063 0.223160 0.274678 
0.004925 0.019232 -0.012314 -0.044422 0.125034 0.013239 -0.004401 0.056902 
0.142891 0.016094 0.108858 0.227096 -0.133655 -0.056510 -0.019860 0.077513 
0.163746 0.240577 0.237984 -0.056938 0.196215 -0.120963 -0.028030 -0.072077 
0.082730 0.205984 0.005098 -0.065626 0.039374 0.201358 -0.057656 -0.044324 
0.010338 -0.150001 0.117082 0.102302 0.275852 0.276217 -0.111717 -0.009959 
-0.351410 0.469477 0.279971 -0.088295 0.002367 0.268846 -0.174305 -0.045329 
0.022720 -0.110529 -0.031147 0.169571 0.015409 0.044733 -0.000601 0.054576 
0.014762 -0.109161 0.048320 -0.093380 -0.097564 0.405014 -0.091027 0.553144 
0.110618 0.063931 -0.032570 -0.067505 0.425957 0.230793 0.076888 0.059354 
0.081417 0.174404 0.035264 -0.045042 0.486820 -0.123093 -0.093733 -0.117525 
0.113122 0.032464 -0.025763 0.116179 -0.129556 -0.053419 -0.023287 0.037546 
-0.045184 0.137016 -0.194967 0.045029 -0.060465 0.172465 0.007113 0.160432 
-0.033938 0.072753 0.126100 -0.152170 0.325345 -0.189696 -0.268870 -0.074022 
0.056786 0.051656 -0.036052 -0.058374 0.010823 -0.008505 0.028787 0.004238 
0.339891 0.353922 -0.159005 -0.176911 -0.246822 -0.551239 0.209853 -0.027875 
-0.379430 -0.376786 0.326096 0.797542 -0.001211 -0.136050 0.208594 0.140890 
-0.013785 -0.154332 0.009756 0.026041 0.170506 0.736526 -0.345848 -0.056588 
-0.162298 0.033943 -0.034403 0.236671 0.059667 -0.032663 -0.094076 0.080500 
-0.143267 0.046135 -0.076364 -0.081419 -0.020163 0.102943 0.076644 -0.067667 
0.115359 -0.131043 0.119683 0.320674 0.008532 -0.075917 0.098882 0.201154 
-0.068680 0.157532 0.015264 -0.003166 0.085668 -0.136747 0.134308 0.083312 
-0.237683 0.527132 0.518086 0.522253 -0.157677 -0.048767 -0.082674 -0.080325 
-0.114262 0.011196 0.056465 0.052510 0.069095 -0.089890 0.521422 0.457212 
-0.084282 0.017586 0.004106 -0.058759 0.058269 -0.110822 -0.103134 -0.054056 
-0.085232 0.172703 0.255522 0.138711 -0.069666 -0.060816 -0.069315 -0.091880 
-0.247442 -0.088033 0.269600 0.335015 0.010779 -0.063115 -0.009682 0.034032 
0.083679 0.333470 0.259668 0.346288 -0.010601 0.008553 0.116495 0.101107 
-0.046600 0.196343 -0.129163 0.387414 0.297332 -0.080818 -0.041495 -0.110892 
0.046327 0.165184 -0.020456 0.017958 0.126978 0.087273 0.008808 0.069731 
0.001146 -0.084758 -0.215551 0.122150 0.188271 0.275145 -0.194642 -0.122863 
0.033312 -0.050824 0.102924 0.133284 0.080576 0.213770 0.005966 -0.037559 
-0.054314 -0.035295 0.160436 0.232887 -0.076673 0.046478 -0.023257 0.004213 
0.004461 -0.165283 0.077365 0.175648 -0.082782 0.051903 0.019614 -0.102273 
0.398737 0.149713 0.065476 0.426014 0.042753 0.217297 -0.138247 -0.114580 
0.284329 0.171113 -0.289793 -0.206085 0.223018 0.295618 -0.070875 -0.034406 
0.098382 -0.054292 -0.010365 -0.067868 0.056865 -0.069653 0.006661 0.025460 
-0.085896 -0.033757 -0.068901 -0.075583 0.134916 0.039283 0.017113 0.063844 
0.420173 -0.095008 -0.077687 0.348568 -0.133289 -0.102560 -0.079786 -0.086861 
-0.290060 -0.212279 0.317387 0.243527 -0.069869 0.235215 -0.138617 -0.089088 
-0.063361 -0.058143 0.248586 0.472215 -0.084845 0.001729 -0.034310 -0.049882 
0.014526 0.008077 0.090637 0.057951 0.043074 -0.054766 -0.043966 -0.211231 
0.114490 0.074715 0.021340 -0.007713 -0.027406 -0.107372 0.192313 0.269062 
-0.083326 0.100467 0.273861 0.052946 0.399208 0.491417 -0.104358 0.049074 
-0.077028 0.028000 0.030040 0.103244 -0.037982 0.171101 -0.150679 0.036520 
0.154974 0.341735 0.111508 0.194076 -0.085711 0.042861 0.011448 0.085224 
0.057382 0.120348 0.157658 0.269458 -0.080176 0.148664 -0.062434 -0.072799 
-0.016655 -0.115990 -0.079368 -0.093480 -0.063335 0.000342 0.044950 0.049991 
0.137105 0.186398 0.173703 0.542107 0.145976 0.085723 -0.091570 -0.182406 
-0.195980 -0.097071 0.343877 0.187213 0.078057 -0.020080 0.107417 0.069072 
0.378583 0.245919 0.014491 0.438105 -0.134117 0.088430 -0.239133 -0.219748 
0.101176 0.071738 -0.070597 -0.104200 -0.039062 0.052269 0.106243 -0.018265 
0.103480 0.003958 -0.101895 0.065000 -0.042037 0.005547 -0.123363 0.111254 
-0.202766 0.322539 0.453692 0.375365 0.100162 0.210537 -0.089280 -0.070850 
0.257162 0.040208 -0.225075 0.118549 0.098037 0.072537 0.107645 0.282718 
0.075834 0.409526 0.295912 0.431726 -0.116669 0.265610 -0.378035 -0.327953 
0.199008 0.292673 0.472437 0.922687 0.193165 0.186632 -0.108467 -0.084762 









0.000000 
0.000000 
0.000000 
0.000000 
0.000000 
0.000000 
0.000000 
0.000000 
-0.195223 
0.278757 
-0.128315 
-0.247417 
-0.557463 
0.341299 
-0.241336 
-0.305511 
-0.422062 
-0.509778 
0.152459 
-0.418638 
-0.022316 
-0.375775 
0.110572 
0.216875 
-0.051541 
-0.383990 
-0.410570 
-0.026581 
-0.387075 
-0.157348 
-0.294188 
0.252417 
-0.172861 
0.550628 
-0.320292 
-0.215592 
0.771570 
-0.858934 
0.308593 
-0.094119 
-0.320566 
-0.404270 
0.656392 
-0.037751 
-0.177259 
0.204316 
-0.009034 
0.214868 
-0.236232 
-0.199756 
-0.593890 
-0.351337 
-0.281565 
-0.583076 
-0.615986 
-0.588463 
-0.201484 
-0.800996 
0.591255 
0.219623 
0.073759 
0.008085 
-0.241870 
-0.468795 
0.203699 
0.179885 
-0.026948 
0.445288 
-0.321219 
-0.213891 
-0.427648 
-0.273396 
-0.079396 
-0.165874 
-0.275862 
0.500218 
-0.118410 
-0.205837 
0.079274 
-0.450607 
-0.167345 
0.098550 
0.361787 
0.511802 
-0.069960 
-0.411561 
0.131478 
-0.061165 
-0.199871 
0.288870 
-0.223940 
0.337670 
-0.294344 
-0.205694 
-0.106357 
-0.334836 
-0.251563 
-0.108075 
-0.157046 
-0.158793 
-0.188500 
-0.132521 
0.447248 
-0.340261 
0.063937 
-0.094035 
0.208248 
-0.073415 
0.250990 
-0.230961 
-0.075099 
-0.456994 
-0.244369 
0.339879 
0.171946 
0.331045 
-0.205416 
0.111521 
-0.228486 
0.454212 
-0.176565 
-0.310083 
-0.230152 
-0.313373 
-0.501327 
-0.126319 
0.835617 
0.872852 
-0.294436 
-0.384308 
-0.341624 
-0.362652 
-0.390022 
-0.272301 
-0.126943 
-0.278725 
-0.387168 
-0.262303 
-0.182998 
-0.839877 
0.233726 
0.269165 
-0.471815 
0.622957 
0.181574 
0.084551 
-0.308381 
-0.101286 
0.899980 
-0.185915 
-0.148185 
0.370099 
-0.143564 
-0.174867 
-0.365415 
-0.076904 
0.168265 
0.514218 
-0.023452 
-0.469849 
-0.390961 
-0.578519 
-0.040395 
-0.204562 
-0.409216 
0.069737 
0.140255 
1.010142 
0.019647 
-0.316056 
0.075985 
-0.185530 
-0.078703 
0.735415 
0.203657 
-0.177011 
0.129180 
-0.279794 
-0.510260 
-0.599608 
-0.174837 
0.051864 
-0.083073 
-0.267513 
0.194676 
-0.184310 
-0.182085 
-0.045347 
-0.164407 
0.117372 
0.714416 
-0.435551 
0.015372 
0.019681 
0.051564 
-0.060779 
-0.369371 
-0.076165 
-0.092446 
-0.120731 
0.304046 
0.216775 
-0.070700 
-0.022579 
0.418113 
-0.441935 
0.011155 
-0.311501 
-1.142845 
-0.959197 
0.922520 
0.119679 
-0.119113 
-0.016895 
-0.527726 
-0.555168 
1.309000 0.239280 0.193629 
