*************************************************************************************************************************************
|      ITER |        MB |        LE |        VM |       BVM |        IF |        IB |       MAW |       MAB |        LR |        ET | Thu Mar  7 17:15:30 2024 
-------------------------------------------------------------------------------------------------------------------------------------
|         1 |        74 |  8.70E-01 |  0.861379 |  0.861379 |      6.00 |      5.00 |  1.625902 |  0.353140 |  1.00E-02 |      0.07 | 
|         1 |       148 |  5.63E-01 |  0.893105 |  0.893105 |      6.00 |      5.00 |  0.477657 |  0.140159 |  1.00E-02 |      0.23 | 
|         1 |       222 |  4.14E-01 |  0.887137 |  0.893105 |      6.00 |      5.00 |  0.187428 |  0.084475 |  1.00E-02 |      0.38 | 
|         1 |       296 |  3.38E-01 |  0.877640 |  0.893105 |      6.00 |      5.00 |  0.437070 |  0.327642 |  9.99E-03 |      0.53 | 
|         1 |       370 |  2.87E-01 |  0.883099 |  0.893105 |      6.00 |      5.00 |  0.979811 |  0.588227 |  9.99E-03 |      0.69 | 
|         1 |       444 |  2.50E-01 |  0.888020 |  0.893105 |      6.00 |      5.00 |  0.184756 |  0.116136 |  9.98E-03 |      0.84 | 
|         1 |       518 |  2.22E-01 |  0.882084 |  0.893105 |      6.00 |      5.00 |  0.166832 |  0.093121 |  9.98E-03 |      0.99 | 
|         1 |       592 |  2.01E-01 |  0.879168 |  0.893105 |      6.00 |      5.00 |  0.268607 |  0.132957 |  9.97E-03 |      1.14 | 
|         1 |       666 |  1.83E-01 |  0.868476 |  0.893105 |      6.00 |      5.00 |  0.080721 |  0.050045 |  9.96E-03 |      1.29 | 
|         1 |       740 |  1.70E-01 |  0.901203 |  0.901203 |      6.00 |      5.00 |  0.153610 |  0.099757 |  9.96E-03 |      1.44 | 
|         1 |       814 |  1.59E-01 |  0.888406 |  0.901203 |      6.00 |      5.00 |  0.474528 |  0.188310 |  9.95E-03 |      1.59 | 
|         1 |       823 |  1.58E-01 |  0.886139 |  0.901203 |      6.00 |      5.00 |  0.239615 |  0.211877 |  9.94E-03 |      1.70 | 
|         2 |        74 |  4.24E-02 |  0.876097 |  0.901203 |      6.00 |      5.00 |  0.144391 |  0.056169 |  9.93E-03 |      1.76 | 
|         2 |       148 |  5.63E-02 |  0.888256 |  0.901203 |      6.00 |      5.00 |  0.339161 |  0.447760 |  9.92E-03 |      1.91 | 
|         2 |       222 |  5.64E-02 |  0.892756 |  0.901203 |      6.00 |      5.00 |  0.587128 |  0.141287 |  9.91E-03 |      2.07 | 
|         2 |       296 |  5.36E-02 |  0.866525 |  0.901203 |      6.00 |      5.00 |  0.222626 |  0.189594 |  9.90E-03 |      2.22 | 
|         2 |       370 |  5.14E-02 |  0.894641 |  0.901203 |      6.00 |      5.00 |  0.099543 |  0.094708 |  9.88E-03 |      2.38 | 
|         2 |       444 |  7.32E-02 |  0.912698 |  0.912698 |      6.00 |      5.00 |  1.607713 |  0.731902 |  9.87E-03 |      2.53 | 
|         2 |       518 |  8.13E-02 |  0.905308 |  0.912698 |      6.00 |      5.00 |  0.745917 |  0.484906 |  9.85E-03 |      2.68 | 
|         2 |       592 |  8.01E-02 |  0.892340 |  0.912698 |      6.00 |      5.00 |  0.172290 |  0.187476 |  9.84E-03 |      2.84 | 
|         2 |       666 |  7.82E-02 |  0.919900 |  0.919900 |      6.00 |      5.00 |  0.717280 |  0.267329 |  9.82E-03 |      2.99 | 
|         2 |       740 |  7.54E-02 |  0.909221 |  0.919900 |      6.00 |      5.00 |  0.168940 |  0.104657 |  9.80E-03 |      3.13 | 
|         2 |       814 |  7.25E-02 |  0.890948 |  0.919900 |      6.00 |      5.00 |  0.211369 |  0.076683 |  9.78E-03 |      3.28 | 
|         2 |       823 |  7.21E-02 |  0.886067 |  0.919900 |      6.00 |      5.00 |  0.519215 |  0.164818 |  9.78E-03 |      3.39 | 
|         3 |        74 |  3.77E-02 |  0.880494 |  0.919900 |      6.00 |      5.00 |  0.361288 |  0.152694 |  9.76E-03 |      3.45 | 
|         3 |       148 |  3.72E-02 |  0.916009 |  0.919900 |      6.00 |      5.00 |  0.410500 |  0.190117 |  9.74E-03 |      3.60 | 
|         3 |       222 |  5.65E-02 |  0.871549 |  0.919900 |      6.00 |      5.00 |  0.935744 |  0.608124 |  9.72E-03 |      3.75 | 
|         3 |       296 |  5.20E-02 |  0.895630 |  0.919900 |      6.00 |      5.00 |  0.292502 |  0.165992 |  9.69E-03 |      3.90 | 
|         3 |       370 |  7.24E-02 |  0.914387 |  0.919900 |      6.00 |      5.00 |  0.847068 |  0.351712 |  9.67E-03 |      4.05 | 
|         3 |       444 |  9.12E-02 |  0.921752 |  0.921752 |      6.00 |      5.00 |  1.151631 |  0.642164 |  9.65E-03 |      4.20 | 
|         3 |       518 |  1.01E-01 |  0.909682 |  0.921752 |      6.00 |      5.00 |  1.115368 |  0.324797 |  9.62E-03 |      4.35 | 
|         3 |       592 |  1.03E-01 |  0.913812 |  0.921752 |      6.00 |      5.00 |  0.221350 |  0.092661 |  9.60E-03 |      4.50 | 
|         3 |       666 |  1.22E-01 |  0.904762 |  0.921752 |      6.00 |      5.00 |  1.324379 |  0.296318 |  9.57E-03 |      4.65 | 
|         3 |       740 |  1.20E-01 |  0.911419 |  0.921752 |      6.00 |      5.00 |  0.360794 |  0.141672 |  9.54E-03 |      4.80 | 
|         3 |       814 |  1.42E-01 |  0.887937 |  0.921752 |      6.00 |      5.00 |  0.785929 |  0.785186 |  9.51E-03 |      4.95 | 
|         3 |       823 |  1.53E-01 |  0.890240 |  0.921752 |      6.00 |      5.00 |  0.663839 |  0.808245 |  9.51E-03 |      5.05 | 
|         4 |        74 |  5.79E-01 |  0.909810 |  0.921752 |      6.00 |      5.00 |  0.546871 |  0.459696 |  9.48E-03 |      5.11 | 
|         4 |       148 |  5.02E-01 |  0.908629 |  0.921752 |      6.00 |      5.00 |  0.328171 |  0.132872 |  9.45E-03 |      5.26 | 
|         4 |       222 |  4.21E-01 |  0.874869 |  0.921752 |      6.00 |      5.00 |  0.655712 |  0.337095 |  9.42E-03 |      5.41 | 
|         4 |       296 |  3.71E-01 |  0.868772 |  0.921752 |      6.00 |      5.00 |  1.100656 |  0.461012 |  9.39E-03 |      5.56 | 
|         4 |       370 |  3.51E-01 |  0.883033 |  0.921752 |      6.00 |      5.00 |  1.185525 |  0.277343 |  9.36E-03 |      5.71 | 
|         4 |       444 |  3.31E-01 |  0.881736 |  0.921752 |      6.00 |      5.00 |  1.548791 |  0.718912 |  9.32E-03 |      5.86 | 
|         4 |       518 |  3.39E-01 |  0.903688 |  0.921752 |      6.00 |      5.00 |  0.494480 |  0.350051 |  9.29E-03 |      6.01 | 
|         4 |       592 |  3.33E-01 |  0.900220 |  0.921752 |      6.00 |      5.00 |  1.301827 |  0.385942 |  9.25E-03 |      6.16 | 
|         4 |       666 |  3.23E-01 |  0.884995 |  0.921752 |      6.00 |      5.00 |  1.368085 |  0.691001 |  9.22E-03 |      6.31 | 
|         4 |       740 |  3.10E-01 |  0.881912 |  0.921752 |      6.00 |      5.00 |  2.121764 |  1.318213 |  9.18E-03 |      6.47 | 
|         4 |       814 |  3.29E-01 |  0.897149 |  0.921752 |      6.00 |      5.00 |  1.483827 |  0.984219 |  9.15E-03 |      6.62 | 
|         4 |       823 |  3.37E-01 |  0.894718 |  0.921752 |      6.00 |      5.00 |  1.152364 |  0.707472 |  9.14E-03 |      6.73 | 
|         5 |        74 |  5.53E-01 |  0.907648 |  0.921752 |      6.00 |      5.00 |  1.412605 |  0.264520 |  9.10E-03 |      6.79 | 
|         5 |       148 |  5.23E-01 |  0.905989 |  0.921752 |      6.00 |      5.00 |  0.551171 |  0.176593 |  9.06E-03 |      6.95 | 
|         5 |       222 |  4.64E-01 |  0.891715 |  0.921752 |      6.00 |      5.00 |  1.936795 |  0.554115 |  9.03E-03 |      7.10 | 
|         5 |       296 |  4.53E-01 |  0.895349 |  0.921752 |      6.00 |      5.00 |  2.924991 |  0.497256 |  8.99E-03 |      7.25 | 
|         5 |       370 |  4.15E-01 |  0.900356 |  0.921752 |      6.00 |      5.00 |  1.768979 |  0.419899 |  8.94E-03 |      7.40 | 
|         5 |       444 |  3.99E-01 |  0.907306 |  0.921752 |      6.00 |      5.00 |  0.961469 |  0.233636 |  8.90E-03 |      7.55 | 
|         5 |       518 |  3.76E-01 |  0.867257 |  0.921752 |      6.00 |      5.00 |  0.450081 |  0.147499 |  8.86E-03 |      7.70 | 
|         5 |       592 |  3.53E-01 |  0.886720 |  0.921752 |      6.00 |      5.00 |  1.611619 |  0.554496 |  8.82E-03 |      7.85 | 
|         5 |       666 |  3.36E-01 |  0.852795 |  0.921752 |      6.00 |      5.00 |  0.654911 |  0.418970 |  8.78E-03 |      8.00 | 
|         5 |       740 |  3.31E-01 |  0.897660 |  0.921752 |      6.00 |      5.00 |  0.978040 |  0.192257 |  8.73E-03 |      8.15 | 
|         5 |       814 |  3.17E-01 |  0.901328 |  0.921752 |      6.00 |      5.00 |  0.708674 |  0.242104 |  8.69E-03 |      8.30 | 
|         5 |       823 |  3.15E-01 |  0.902045 |  0.921752 |      6.00 |      5.00 |  0.645263 |  0.259643 |  8.68E-03 |      8.41 | 
|         6 |        74 |  4.41E-01 |  0.908294 |  0.921752 |      6.00 |      5.00 |  1.158390 |  0.464198 |  8.64E-03 |      8.47 | 
|         6 |       148 |  4.59E-01 |  0.867583 |  0.921752 |      6.00 |      5.00 |  5.770748 |  0.988127 |  8.59E-03 |      8.62 | 
|         6 |       222 |  4.64E-01 |  0.894210 |  0.921752 |      6.00 |      5.00 |  4.344655 |  0.600906 |  8.54E-03 |      8.77 | 
|         6 |       296 |  4.42E-01 |  0.900287 |  0.921752 |      6.00 |      5.00 |  2.251468 |  0.494253 |  8.50E-03 |      8.92 | 
|         6 |       370 |  4.10E-01 |  0.890665 |  0.921752 |      6.00 |      5.00 |  0.713039 |  0.226049 |  8.45E-03 |      9.07 | 
|         6 |       444 |  3.81E-01 |  0.900000 |  0.921752 |      6.00 |      5.00 |  1.518817 |  0.683530 |  8.40E-03 |      9.21 | 
|         6 |       518 |  3.63E-01 |  0.864389 |  0.921752 |      6.00 |      5.00 |  1.183427 |  0.322483 |  8.35E-03 |      9.36 | 
|         6 |       592 |  3.43E-01 |  0.862359 |  0.921752 |      6.00 |      5.00 |  0.472666 |  0.407649 |  8.30E-03 |      9.51 | 
|         6 |       666 |  3.24E-01 |  0.873490 |  0.921752 |      6.00 |      5.00 |  0.215762 |  0.339725 |  8.25E-03 |      9.66 | 
|         6 |       740 |  3.11E-01 |  0.853047 |  0.921752 |      6.00 |      5.00 |  6.001660 |  0.388220 |  8.20E-03 |      9.81 | 
|         6 |       814 |  3.06E-01 |  0.903319 |  0.921752 |      6.00 |      5.00 |  1.067406 |  0.371457 |  8.15E-03 |      9.96 | 
|         6 |       823 |  3.04E-01 |  0.887844 |  0.921752 |      6.00 |      5.00 |  0.524965 |  0.247113 |  8.15E-03 |     10.07 | 
|         7 |        74 |  2.01E-01 |  0.845563 |  0.921752 |      6.00 |      5.00 |  1.712509 |  0.625503 |  8.09E-03 |     10.13 | 
|         7 |       148 |  2.00E-01 |  0.813971 |  0.921752 |      6.00 |      5.00 |  0.495397 |  0.522130 |  8.04E-03 |     10.28 | 
|         7 |       222 |  2.01E-01 |  0.871002 |  0.921752 |      6.00 |      5.00 |  0.346379 |  0.130143 |  7.99E-03 |     10.43 | 
|         7 |       296 |  1.90E-01 |  0.822604 |  0.921752 |      6.00 |      5.00 |  0.514409 |  0.179679 |  7.94E-03 |     10.58 | 
|         7 |       370 |  1.83E-01 |  0.856009 |  0.921752 |      6.00 |      5.00 |  0.276992 |  0.148882 |  7.88E-03 |     10.74 | 
|         7 |       444 |  1.82E-01 |  0.848463 |  0.921752 |      6.00 |      5.00 |  2.227884 |  0.842160 |  7.83E-03 |     10.89 | 
|         7 |       518 |  1.79E-01 |  0.843682 |  0.921752 |      6.00 |      5.00 |  0.850935 |  0.363833 |  7.77E-03 |     11.04 | 
|         7 |       592 |  1.76E-01 |  0.816614 |  0.921752 |      6.00 |      5.00 |  1.167605 |  0.255450 |  7.72E-03 |     11.19 | 
|         7 |       666 |  1.70E-01 |  0.824991 |  0.921752 |      6.00 |      5.00 |  1.068545 |  0.417449 |  7.66E-03 |     11.34 | 
|         7 |       740 |  1.65E-01 |  0.865419 |  0.921752 |      6.00 |      5.00 |  0.592472 |  0.330431 |  7.61E-03 |     11.50 | 
|         7 |       814 |  1.61E-01 |  0.852868 |  0.921752 |      6.00 |      5.00 |  0.246831 |  0.114996 |  7.55E-03 |     11.65 | 
|         7 |       823 |  1.60E-01 |  0.863233 |  0.921752 |      6.00 |      5.00 |  1.555347 |  0.379505 |  7.54E-03 |     11.76 | 
|         8 |        74 |  1.04E-01 |  0.865426 |  0.921752 |      6.00 |      5.00 |  1.003620 |  0.295538 |  7.49E-03 |     11.82 | 
|         8 |       148 |  9.06E-02 |  0.882055 |  0.921752 |      6.00 |      5.00 |  0.885964 |  0.351101 |  7.43E-03 |     11.99 | 
|         8 |       222 |  9.01E-02 |  0.833458 |  0.921752 |      6.00 |      5.00 |  1.453784 |  0.688022 |  7.37E-03 |     12.15 | 
|         8 |       296 |  9.17E-02 |  0.877750 |  0.921752 |      6.00 |      5.00 |  0.587096 |  0.336348 |  7.31E-03 |     12.30 | 
|         8 |       370 |  9.15E-02 |  0.881109 |  0.921752 |      6.00 |      5.00 |  0.308256 |  0.132496 |  7.26E-03 |     12.46 | 
|         8 |       444 |  8.97E-02 |  0.888566 |  0.921752 |      6.00 |      5.00 |  0.718890 |  0.239598 |  7.20E-03 |     12.62 | 
|         8 |       518 |  8.46E-02 |  0.881453 |  0.921752 |      6.00 |      5.00 |  1.913649 |  0.221633 |  7.14E-03 |     12.81 | 
|         8 |       592 |  8.39E-02 |  0.886185 |  0.921752 |      6.00 |      5.00 |  0.466101 |  0.124562 |  7.08E-03 |     12.96 | 
|         8 |       666 |  8.05E-02 |  0.885930 |  0.921752 |      6.00 |      5.00 |  0.420666 |  0.162008 |  7.02E-03 |     13.11 | 
|         8 |       740 |  7.82E-02 |  0.876429 |  0.921752 |      6.00 |      5.00 |  0.896384 |  0.187893 |  6.96E-03 |     13.26 | 
|         8 |       814 |  7.77E-02 |  0.895060 |  0.921752 |      6.00 |      5.00 |  1.486348 |  0.363754 |  6.90E-03 |     13.41 | 
|         8 |       823 |  7.75E-02 |  0.879715 |  0.921752 |      6.00 |      5.00 |  0.366556 |  0.235870 |  6.89E-03 |     13.52 | 
|         9 |        74 |  4.41E-02 |  0.891453 |  0.921752 |      6.00 |      5.00 |  1.407331 |  0.504488 |  6.83E-03 |     13.58 | 
|         9 |       148 |  4.70E-02 |  0.874474 |  0.921752 |      6.00 |      5.00 |  1.049836 |  0.307853 |  6.77E-03 |     13.73 | 
|         9 |       222 |  4.88E-02 |  0.883605 |  0.921752 |      6.00 |      5.00 |  0.889680 |  0.256267 |  6.71E-03 |     13.89 | 
|         9 |       296 |  5.11E-02 |  0.891601 |  0.921752 |      6.00 |      5.00 |  0.677296 |  0.234770 |  6.65E-03 |     14.04 | 
|         9 |       370 |  4.96E-02 |  0.879044 |  0.921752 |      6.00 |      5.00 |  0.476739 |  0.155630 |  6.59E-03 |     14.20 | 
|         9 |       444 |  5.24E-02 |  0.914471 |  0.921752 |      6.00 |      5.00 |  3.910026 |  0.864759 |  6.52E-03 |     14.35 | 
|         9 |       518 |  5.18E-02 |  0.896900 |  0.921752 |      6.00 |      5.00 |  0.326165 |  0.202154 |  6.46E-03 |     14.51 | 
|         9 |       592 |  5.09E-02 |  0.901876 |  0.921752 |      6.00 |      5.00 |  0.530772 |  0.213739 |  6.40E-03 |     14.68 | 
|         9 |       666 |  5.05E-02 |  0.877307 |  0.921752 |      6.00 |      5.00 |  1.141741 |  0.325411 |  6.34E-03 |     14.83 | 
|         9 |       740 |  5.09E-02 |  0.843696 |  0.921752 |      6.00 |      5.00 |  0.739171 |  0.242046 |  6.27E-03 |     14.98 | 
|         9 |       814 |  5.08E-02 |  0.880144 |  0.921752 |      6.00 |      5.00 |  0.443631 |  0.176615 |  6.21E-03 |     15.13 | 
|         9 |       823 |  5.11E-02 |  0.894566 |  0.921752 |      6.00 |      5.00 |  0.502280 |  0.154257 |  6.20E-03 |     15.24 | 
|        10 |        74 |  4.69E-02 |  0.854572 |  0.921752 |      6.00 |      5.00 |  0.222143 |  0.107513 |  6.14E-03 |     15.31 | 
|        10 |       148 |  4.81E-02 |  0.868941 |  0.921752 |      6.00 |      5.00 |  0.441217 |  0.155566 |  6.08E-03 |     15.47 | 
|        10 |       222 |  4.64E-02 |  0.880462 |  0.921752 |      6.00 |      5.00 |  0.675737 |  0.280367 |  6.02E-03 |     15.62 | 
|        10 |       296 |  4.44E-02 |  0.884588 |  0.921752 |      6.00 |      5.00 |  0.534922 |  0.236922 |  5.95E-03 |     15.77 | 
|        10 |       370 |  4.97E-02 |  0.890506 |  0.921752 |      6.00 |      5.00 |  1.204473 |  0.353474 |  5.89E-03 |     15.94 | 
|        10 |       444 |  4.79E-02 |  0.863588 |  0.921752 |      6.00 |      5.00 |  0.713648 |  0.332727 |  5.83E-03 |     16.10 | 
|        10 |       518 |  4.70E-02 |  0.869350 |  0.921752 |      6.00 |      5.00 |  0.730539 |  0.242006 |  5.76E-03 |     16.25 | 
|        10 |       592 |  4.66E-02 |  0.887143 |  0.921752 |      6.00 |      5.00 |  0.997217 |  0.402771 |  5.70E-03 |     16.40 | 
|        10 |       666 |  4.58E-02 |  0.840837 |  0.921752 |      6.00 |      5.00 |  0.480985 |  0.175246 |  5.64E-03 |     16.55 | 
|        10 |       740 |  4.58E-02 |  0.903158 |  0.921752 |      6.00 |      5.00 |  0.667987 |  0.290743 |  5.57E-03 |     16.70 | 
|        10 |       814 |  4.56E-02 |  0.891420 |  0.921752 |      6.00 |      5.00 |  2.247480 |  0.207536 |  5.51E-03 |     16.85 | 
|        10 |       823 |  4.61E-02 |  0.899892 |  0.921752 |      6.00 |      5.00 |  1.269401 |  0.177099 |  5.50E-03 |     16.96 | 
|        11 |        74 |  4.61E-02 |  0.884491 |  0.921752 |      6.00 |      5.00 |  0.648091 |  0.203123 |  5.44E-03 |     17.02 | 
|        11 |       148 |  4.24E-02 |  0.897371 |  0.921752 |      6.00 |      5.00 |  2.244291 |  0.466730 |  5.37E-03 |     17.17 | 
|        11 |       222 |  4.19E-02 |  0.854403 |  0.921752 |      6.00 |      5.00 |  0.947157 |  0.408526 |  5.31E-03 |     17.32 | 
|        11 |       296 |  4.25E-02 |  0.859203 |  0.921752 |      6.00 |      5.00 |  0.972778 |  0.482688 |  5.25E-03 |     17.47 | 
|        11 |       370 |  4.19E-02 |  0.843772 |  0.921752 |      6.00 |      5.00 |  0.542234 |  0.155780 |  5.18E-03 |     17.62 | 
|        11 |       444 |  4.15E-02 |  0.826731 |  0.921752 |      6.00 |      5.00 |  2.053720 |  0.813459 |  5.12E-03 |     17.77 | 
|        11 |       518 |  4.15E-02 |  0.884835 |  0.921752 |      6.00 |      5.00 |  0.567457 |  0.166333 |  5.06E-03 |     17.92 | 
|        11 |       592 |  4.06E-02 |  0.865465 |  0.921752 |      6.00 |      5.00 |  0.889472 |  0.200067 |  4.99E-03 |     18.07 | 
|        11 |       666 |  5.19E-02 |  0.893073 |  0.921752 |      6.00 |      5.00 |  0.698052 |  0.235775 |  4.93E-03 |     18.23 | 
|        11 |       740 |  5.24E-02 |  0.883387 |  0.921752 |      6.00 |      5.00 |  0.522418 |  0.138014 |  4.87E-03 |     18.37 | 
|        11 |       814 |  5.11E-02 |  0.878066 |  0.921752 |      6.00 |      5.00 |  0.281436 |  0.127318 |  4.80E-03 |     18.52 | 
|        11 |       823 |  5.10E-02 |  0.894680 |  0.921752 |      6.00 |      5.00 |  0.935483 |  0.399716 |  4.80E-03 |     18.63 | 
|        12 |        74 |  4.67E-02 |  0.871253 |  0.921752 |      6.00 |      5.00 |  0.535480 |  0.249412 |  4.73E-03 |     18.69 | 
|        12 |       148 |  4.05E-02 |  0.872196 |  0.921752 |      6.00 |      5.00 |  2.446826 |  0.459106 |  4.67E-03 |     18.84 | 
|        12 |       222 |  3.86E-02 |  0.881659 |  0.921752 |      6.00 |      5.00 |  1.164522 |  0.208522 |  4.61E-03 |     18.99 | 
|        12 |       296 |  3.91E-02 |  0.862451 |  0.921752 |      6.00 |      5.00 |  0.444041 |  0.126902 |  4.55E-03 |     19.14 | 
|        12 |       370 |  4.00E-02 |  0.895155 |  0.921752 |      6.00 |      5.00 |  2.317972 |  0.300293 |  4.48E-03 |     19.29 | 
|        12 |       444 |  4.20E-02 |  0.883919 |  0.921752 |      6.00 |      5.00 |  0.724796 |  0.157047 |  4.42E-03 |     19.44 | 
|        12 |       518 |  4.11E-02 |  0.864121 |  0.921752 |      6.00 |      5.00 |  0.187485 |  0.054149 |  4.36E-03 |     19.59 | 
|        12 |       592 |  4.04E-02 |  0.825953 |  0.921752 |      6.00 |      5.00 |  0.822401 |  0.256924 |  4.30E-03 |     19.75 | 
|        12 |       666 |  3.99E-02 |  0.850672 |  0.921752 |      6.00 |      5.00 |  0.220919 |  0.083351 |  4.24E-03 |     19.90 | 
|        12 |       740 |  3.92E-02 |  0.866690 |  0.921752 |      6.00 |      5.00 |  0.988733 |  0.330567 |  4.18E-03 |     20.05 | 
|        12 |       814 |  3.89E-02 |  0.901478 |  0.921752 |      6.00 |      5.00 |  0.541837 |  0.207056 |  4.12E-03 |     20.20 | 
|        12 |       823 |  3.89E-02 |  0.882662 |  0.921752 |      6.00 |      5.00 |  0.655486 |  0.260263 |  4.11E-03 |     20.31 | 
|        13 |        74 |  3.45E-02 |  0.878398 |  0.921752 |      6.00 |      5.00 |  0.160335 |  0.077014 |  4.05E-03 |     20.37 | 
|        13 |       148 |  3.50E-02 |  0.852150 |  0.921752 |      6.00 |      5.00 |  0.363581 |  0.138984 |  3.99E-03 |     20.52 | 
|        13 |       222 |  3.43E-02 |  0.879833 |  0.921752 |      6.00 |      5.00 |  0.823865 |  0.296713 |  3.93E-03 |     20.67 | 
|        13 |       296 |  3.32E-02 |  0.862154 |  0.921752 |      6.00 |      5.00 |  0.624484 |  0.163395 |  3.87E-03 |     20.82 | 
|        13 |       370 |  3.29E-02 |  0.879418 |  0.921752 |      6.00 |      5.00 |  2.120230 |  0.327617 |  3.81E-03 |     20.97 | 
|        13 |       444 |  3.31E-02 |  0.830769 |  0.921752 |      6.00 |      5.00 |  0.266067 |  0.098068 |  3.75E-03 |     21.12 | 
|        13 |       518 |  3.39E-02 |  0.865223 |  0.921752 |      6.00 |      5.00 |  0.585983 |  0.211239 |  3.69E-03 |     21.28 | 
|        13 |       592 |  3.39E-02 |  0.894234 |  0.921752 |      6.00 |      5.00 |  0.775566 |  0.220005 |  3.64E-03 |     21.43 | 
|        13 |       666 |  3.38E-02 |  0.857736 |  0.921752 |      6.00 |      5.00 |  1.018324 |  0.388697 |  3.58E-03 |     21.58 | 
|        13 |       740 |  3.42E-02 |  0.874094 |  0.921752 |      6.00 |      5.00 |  0.412022 |  0.163930 |  3.52E-03 |     21.74 | 
|        13 |       814 |  3.37E-02 |  0.810101 |  0.921752 |      6.00 |      5.00 |  0.309549 |  0.096188 |  3.46E-03 |     21.90 | 
|        13 |       823 |  3.37E-02 |  0.828092 |  0.921752 |      6.00 |      5.00 |  0.281891 |  0.086943 |  3.46E-03 |     22.01 | 
|        14 |        74 |  3.98E-02 |  0.862813 |  0.921752 |      6.00 |      5.00 |  1.282925 |  0.492411 |  3.40E-03 |     22.07 | 
|        14 |       148 |  3.44E-02 |  0.873563 |  0.921752 |      6.00 |      5.00 |  0.530873 |  0.118172 |  3.35E-03 |     22.22 | 
|        14 |       222 |  3.40E-02 |  0.857751 |  0.921752 |      6.00 |      5.00 |  0.083882 |  0.048185 |  3.29E-03 |     22.38 | 
|        14 |       296 |  3.28E-02 |  0.848991 |  0.921752 |      6.00 |      5.00 |  0.313320 |  0.154999 |  3.23E-03 |     22.54 | 
|        14 |       370 |  3.28E-02 |  0.855970 |  0.921752 |      6.00 |      5.00 |  0.210909 |  0.105928 |  3.18E-03 |     22.69 | 
|        14 |       444 |  3.26E-02 |  0.847458 |  0.921752 |      6.00 |      5.00 |  0.143636 |  0.054042 |  3.13E-03 |     22.85 | 
|        14 |       518 |  3.24E-02 |  0.872309 |  0.921752 |      6.00 |      5.00 |  0.521741 |  0.185194 |  3.07E-03 |     23.01 | 
|        14 |       592 |  3.22E-02 |  0.881368 |  0.921752 |      6.00 |      5.00 |  0.187841 |  0.076826 |  3.02E-03 |     23.16 | 
|        14 |       666 |  3.20E-02 |  0.882169 |  0.921752 |      6.00 |      5.00 |  0.155320 |  0.072602 |  2.97E-03 |     23.34 | 
|        14 |       740 |  3.20E-02 |  0.839048 |  0.921752 |      6.00 |      5.00 |  2.583678 |  0.151678 |  2.91E-03 |     23.49 | 
|        14 |       814 |  3.15E-02 |  0.874572 |  0.921752 |      6.00 |      5.00 |  0.285524 |  0.095906 |  2.86E-03 |     23.64 | 
|        14 |       823 |  3.16E-02 |  0.877107 |  0.921752 |      6.00 |      5.00 |  0.595150 |  0.152097 |  2.86E-03 |     23.76 | 
|        15 |        74 |  2.95E-02 |  0.839930 |  0.921752 |      6.00 |      5.00 |  0.553645 |  0.090531 |  2.80E-03 |     23.83 | 
|        15 |       148 |  3.01E-02 |  0.865258 |  0.921752 |      6.00 |      5.00 |  0.220562 |  0.095823 |  2.75E-03 |     23.98 | 
|        15 |       222 |  3.04E-02 |  0.827875 |  0.921752 |      6.00 |      5.00 |  0.298806 |  0.165624 |  2.70E-03 |     24.13 | 
|        15 |       296 |  3.11E-02 |  0.843882 |  0.921752 |      6.00 |      5.00 |  0.152115 |  0.080013 |  2.65E-03 |     24.29 | 
|        15 |       370 |  3.09E-02 |  0.863843 |  0.921752 |      6.00 |      5.00 |  0.435071 |  0.206780 |  2.61E-03 |     24.44 | 
|        15 |       444 |  3.06E-02 |  0.864384 |  0.921752 |      6.00 |      5.00 |  0.710175 |  0.195555 |  2.56E-03 |     24.59 | 
|        15 |       518 |  3.04E-02 |  0.861772 |  0.921752 |      6.00 |      5.00 |  0.530769 |  0.195814 |  2.51E-03 |     24.74 | 
|        15 |       592 |  3.05E-02 |  0.841922 |  0.921752 |      6.00 |      5.00 |  0.381958 |  0.150150 |  2.46E-03 |     24.89 | 
|        15 |       666 |  3.02E-02 |  0.822267 |  0.921752 |      6.00 |      5.00 |  0.351865 |  0.051384 |  2.42E-03 |     25.05 | 
|        15 |       740 |  3.04E-02 |  0.894118 |  0.921752 |      6.00 |      5.00 |  0.873491 |  0.207563 |  2.37E-03 |     25.20 | 
|        15 |       814 |  3.03E-02 |  0.873507 |  0.921752 |      6.00 |      5.00 |  0.407177 |  0.148791 |  2.32E-03 |     25.35 | 
|        15 |       823 |  3.03E-02 |  0.862649 |  0.921752 |      6.00 |      5.00 |  0.148101 |  0.081270 |  2.32E-03 |     25.46 | 
|        16 |        74 |  3.04E-02 |  0.851748 |  0.921752 |      6.00 |      5.00 |  0.201228 |  0.123051 |  2.27E-03 |     25.52 | 
|        16 |       148 |  2.99E-02 |  0.876987 |  0.921752 |      6.00 |      5.00 |  0.367045 |  0.142509 |  2.23E-03 |     25.67 | 
|        16 |       222 |  2.91E-02 |  0.872222 |  0.921752 |      6.00 |      5.00 |  1.439053 |  0.321860 |  2.19E-03 |     25.83 | 
|        16 |       296 |  2.91E-02 |  0.863369 |  0.921752 |      6.00 |      5.00 |  0.257052 |  0.107550 |  2.14E-03 |     25.99 | 
|        16 |       370 |  2.85E-02 |  0.864941 |  0.921752 |      6.00 |      5.00 |  0.214685 |  0.093230 |  2.10E-03 |     26.14 | 
|        16 |       444 |  2.87E-02 |  0.867157 |  0.921752 |      6.00 |      5.00 |  0.341006 |  0.125939 |  2.06E-03 |     26.29 | 
|        16 |       518 |  2.84E-02 |  0.841960 |  0.921752 |      6.00 |      5.00 |  0.262725 |  0.103522 |  2.02E-03 |     26.44 | 
|        16 |       592 |  2.88E-02 |  0.833789 |  0.921752 |      6.00 |      5.00 |  0.314547 |  0.147474 |  1.98E-03 |     26.60 | 
|        16 |       666 |  2.93E-02 |  0.841629 |  0.921752 |      6.00 |      5.00 |  0.365625 |  0.126699 |  1.94E-03 |     26.75 | 
|        16 |       740 |  2.92E-02 |  0.825549 |  0.921752 |      6.00 |      5.00 |  0.544182 |  0.104670 |  1.90E-03 |     26.90 | 
|        16 |       814 |  2.95E-02 |  0.854225 |  0.921752 |      6.00 |      5.00 |  0.128775 |  0.064833 |  1.86E-03 |     27.06 | 
|        16 |       823 |  2.94E-02 |  0.853137 |  0.921752 |      6.00 |      5.00 |  0.747041 |  0.180835 |  1.86E-03 |     27.16 | 
|        17 |        74 |  2.68E-02 |  0.853625 |  0.921752 |      6.00 |      5.00 |  0.472640 |  0.082322 |  1.82E-03 |     27.22 | 
|        17 |       148 |  2.89E-02 |  0.819099 |  0.921752 |      6.00 |      5.00 |  0.357094 |  0.121139 |  1.79E-03 |     27.38 | 
|        17 |       222 |  2.84E-02 |  0.816765 |  0.921752 |      6.00 |      5.00 |  0.966233 |  0.147718 |  1.75E-03 |     27.53 | 
|        17 |       296 |  2.85E-02 |  0.843505 |  0.921752 |      6.00 |      5.00 |  0.226288 |  0.135145 |  1.72E-03 |     27.68 | 
|        17 |       370 |  2.85E-02 |  0.859668 |  0.921752 |      6.00 |      5.00 |  0.230073 |  0.086512 |  1.68E-03 |     27.84 | 
|        17 |       444 |  2.89E-02 |  0.858124 |  0.921752 |      6.00 |      5.00 |  0.309035 |  0.087048 |  1.65E-03 |     27.99 | 
|        17 |       518 |  2.88E-02 |  0.819986 |  0.921752 |      6.00 |      5.00 |  1.669621 |  0.337293 |  1.62E-03 |     28.15 | 
|        17 |       592 |  2.87E-02 |  0.866037 |  0.921752 |      6.00 |      5.00 |  0.327226 |  0.112205 |  1.58E-03 |     28.31 | 
|        17 |       666 |  2.87E-02 |  0.873996 |  0.921752 |      6.00 |      5.00 |  0.641153 |  0.103520 |  1.55E-03 |     28.46 | 
|        17 |       740 |  2.87E-02 |  0.867294 |  0.921752 |      6.00 |      5.00 |  0.633251 |  0.163216 |  1.52E-03 |     28.62 | 
|        17 |       814 |  2.87E-02 |  0.824549 |  0.921752 |      6.00 |      5.00 |  0.362474 |  0.115624 |  1.49E-03 |     28.77 | 
|        17 |       823 |  2.87E-02 |  0.790897 |  0.921752 |      6.00 |      5.00 |  0.181485 |  0.089576 |  1.49E-03 |     28.88 | 
|        18 |        74 |  2.65E-02 |  0.832337 |  0.921752 |      6.00 |      5.00 |  0.094997 |  0.030389 |  1.46E-03 |     28.95 | 
|        18 |       148 |  2.74E-02 |  0.832163 |  0.921752 |      6.00 |      5.00 |  0.167887 |  0.055317 |  1.43E-03 |     29.10 | 
|        18 |       222 |  2.73E-02 |  0.856160 |  0.921752 |      6.00 |      5.00 |  0.508399 |  0.182197 |  1.41E-03 |     29.26 | 
|        18 |       296 |  2.80E-02 |  0.834217 |  0.921752 |      6.00 |      5.00 |  0.263101 |  0.131692 |  1.38E-03 |     29.41 | 
|        18 |       370 |  2.83E-02 |  0.864119 |  0.921752 |      6.00 |      5.00 |  0.117983 |  0.045018 |  1.36E-03 |     29.57 | 
|        18 |       444 |  2.84E-02 |  0.820221 |  0.921752 |      6.00 |      5.00 |  0.335135 |  0.120289 |  1.33E-03 |     29.72 | 
|        18 |       518 |  2.83E-02 |  0.827207 |  0.921752 |      6.00 |      5.00 |  0.609358 |  0.094114 |  1.31E-03 |     29.88 | 
|        18 |       592 |  2.81E-02 |  0.838050 |  0.921752 |      6.00 |      5.00 |  0.587457 |  0.168838 |  1.29E-03 |     30.03 | 
|        18 |       666 |  2.83E-02 |  0.862923 |  0.921752 |      6.00 |      5.00 |  0.242263 |  0.138126 |  1.26E-03 |     30.18 | 
|        18 |       740 |  2.82E-02 |  0.798087 |  0.921752 |      6.00 |      5.00 |  0.146344 |  0.068386 |  1.24E-03 |     30.33 | 
|        18 |       814 |  2.83E-02 |  0.856845 |  0.921752 |      6.00 |      5.00 |  0.463978 |  0.095031 |  1.22E-03 |     30.49 | 
|        18 |       823 |  2.83E-02 |  0.864155 |  0.921752 |      6.00 |      5.00 |  0.309225 |  0.101625 |  1.22E-03 |     30.59 | 
|        19 |        74 |  2.55E-02 |  0.854930 |  0.921752 |      6.00 |      5.00 |  0.131353 |  0.056904 |  1.20E-03 |     30.65 | 
|        19 |       148 |  2.61E-02 |  0.842964 |  0.921752 |      6.00 |      5.00 |  0.240015 |  0.123538 |  1.18E-03 |     30.80 | 
|        19 |       222 |  2.69E-02 |  0.827994 |  0.921752 |      6.00 |      5.00 |  0.185568 |  0.057690 |  1.17E-03 |     30.96 | 
|        19 |       296 |  2.72E-02 |  0.838995 |  0.921752 |      6.00 |      5.00 |  1.391296 |  0.213688 |  1.15E-03 |     31.12 | 
|        19 |       370 |  2.73E-02 |  0.833333 |  0.921752 |      6.00 |      5.00 |  0.218350 |  0.058895 |  1.13E-03 |     31.27 | 
|        19 |       444 |  2.71E-02 |  0.828658 |  0.921752 |      6.00 |      5.00 |  0.426843 |  0.143213 |  1.12E-03 |     31.42 | 
|        19 |       518 |  2.73E-02 |  0.811604 |  0.921752 |      6.00 |      5.00 |  0.610166 |  0.234711 |  1.10E-03 |     31.58 | 
|        19 |       592 |  2.74E-02 |  0.852021 |  0.921752 |      6.00 |      5.00 |  0.191642 |  0.080561 |  1.09E-03 |     31.73 | 
|        19 |       666 |  2.77E-02 |  0.827824 |  0.921752 |      6.00 |      5.00 |  0.103118 |  0.058153 |  1.08E-03 |     31.88 | 
|        19 |       740 |  2.78E-02 |  0.847880 |  0.921752 |      6.00 |      5.00 |  0.175446 |  0.064787 |  1.07E-03 |     32.03 | 
|        19 |       814 |  2.78E-02 |  0.871102 |  0.921752 |      6.00 |      5.00 |  0.265203 |  0.059344 |  1.06E-03 |     32.18 | 
|        19 |       823 |  2.79E-02 |  0.868217 |  0.921752 |      6.00 |      5.00 |  0.646393 |  0.122027 |  1.06E-03 |     32.29 | 
|        20 |        74 |  2.84E-02 |  0.805500 |  0.921752 |      6.00 |      5.00 |  0.186669 |  0.069613 |  1.05E-03 |     32.35 | 
|        20 |       148 |  2.80E-02 |  0.829114 |  0.921752 |      6.00 |      5.00 |  0.138793 |  0.050382 |  1.04E-03 |     32.50 | 
|        20 |       222 |  2.76E-02 |  0.847118 |  0.921752 |      6.00 |      5.00 |  0.632434 |  0.082039 |  1.03E-03 |     32.65 | 
|        20 |       296 |  2.80E-02 |  0.835957 |  0.921752 |      6.00 |      5.00 |  0.227158 |  0.071842 |  1.02E-03 |     32.80 | 
|        20 |       370 |  2.77E-02 |  0.846946 |  0.921752 |      6.00 |      5.00 |  0.236698 |  0.066959 |  1.02E-03 |     32.95 | 
|        20 |       444 |  2.76E-02 |  0.856248 |  0.921752 |      6.00 |      5.00 |  0.537972 |  0.106853 |  1.01E-03 |     33.11 | 
|        20 |       518 |  2.75E-02 |  0.835044 |  0.921752 |      6.00 |      5.00 |  0.142393 |  0.069955 |  1.01E-03 |     33.26 | 
|        20 |       592 |  2.75E-02 |  0.858333 |  0.921752 |      6.00 |      5.00 |  0.122529 |  0.042272 |  1.00E-03 |     33.41 | 
|        20 |       666 |  2.75E-02 |  0.795455 |  0.921752 |      6.00 |      5.00 |  0.248253 |  0.094992 |  1.00E-03 |     33.56 | 
|        20 |       740 |  2.80E-02 |  0.835294 |  0.921752 |      6.00 |      5.00 |  0.359779 |  0.110508 |  1.00E-03 |     33.71 | 
|        20 |       814 |  2.77E-02 |  0.867300 |  0.921752 |      6.00 |      5.00 |  0.141220 |  0.052523 |  1.00E-03 |     33.86 | 
|        20 |       823 |  2.77E-02 |  0.861506 |  0.921752 |      6.00 |      5.00 |  0.334059 |  0.104139 |  1.00E-03 |     33.97 | 
-------------------------------------------------------------------------------------------------------------------------------------
