-0.412482 -0.089515 0.293471 -0.116374 -0.050466 0.241336 0.357530 0.219152 0.160291 0.226596 -0.321199 0.113673 -0.394139 -0.047795 0.062611 0.383290 0.068883 -0.144985 -0.114873 -0.036589 0.061349 0.091293 -0.258496 -0.213558 -0.231975 0.210002 -0.313140 -0.184979 -0.151193 -0.178838 -0.198426 0.034010 -0.071213 -0.407158 0.052325 0.562142 -0.136220 0.225678 0.143478 0.178192 -0.082288 -0.186288 0.116807 0.226355 -0.076985 -0.294948 0.004783 -0.199956 -0.410304 0.058735 -0.172955 -0.143587 -0.284687 -0.061603 -0.091420 0.434788 -0.040956 -0.139643 0.363702 0.006884 -0.227052 0.509305 -0.210348 -0.358036 
-0.395580 -0.059245 -0.373610 0.126899 0.188966 -0.047383 0.031440 -0.066070 0.293885 -0.219981 0.028879 0.300147 0.140108 0.119833 -0.245472 0.473892 0.237298 0.248796 -0.244205 0.164124 -0.048170 0.161671 -0.082791 -0.043967 0.101272 -0.229786 0.150953 -0.077730 0.069761 -0.300620 -0.152147 0.086362 -0.154989 0.124091 -0.503703 -0.091133 -0.020981 -0.073094 -0.041210 0.176122 0.281767 -0.411286 0.200151 0.012003 -0.199012 0.352035 0.119293 0.011220 0.008018 0.040807 -0.085804 0.219286 -0.008954 0.175101 -0.194447 -0.170114 -0.132300 0.018180 -0.032470 -0.010912 -0.090737 0.319531 -0.323642 -0.351532 
-0.144902 0.204880 0.019814 0.056722 0.151569 0.118032 -0.232012 -0.014540 0.149720 0.362902 -0.330773 -0.135793 0.368781 -0.050304 0.077574 -0.018500 -0.358793 0.332396 -0.280840 0.204424 0.387139 -0.129875 0.249385 -0.461574 0.075335 -0.186532 -0.284942 0.067106 0.099811 0.279107 0.091495 0.118015 -0.052207 0.144673 -0.123790 0.242374 0.101632 0.135869 0.096780 -0.135145 0.269341 0.089571 0.255256 0.123273 0.148667 -0.007827 0.008369 0.134011 0.021375 0.259282 -0.155068 -0.152324 0.052995 -0.297216 -0.270694 0.124029 -0.371991 -0.085948 0.386112 0.198730 -0.240771 0.080636 0.038008 -0.315397 
0.110477 -0.172986 0.243556 -0.173674 -0.330705 -0.121212 0.275459 0.071350 -0.151843 -0.124043 -0.095535 -0.220610 -0.151570 -0.074679 0.139769 0.494431 0.174907 -0.096748 -0.003662 -0.257136 0.368342 -0.169331 -0.249935 0.015403 0.036754 0.188904 0.158573 0.103245 0.171349 0.098828 0.199444 -0.187798 -0.230553 -0.085952 -0.131717 -0.159255 0.049996 -0.102867 -0.205463 0.111422 -0.007497 -0.336422 0.169431 -0.084083 0.036414 -0.051166 0.363571 -0.156271 0.153110 -0.144912 0.030191 -0.135997 0.142369 -0.099248 -0.007862 -0.109118 0.116193 -0.269642 -0.067792 0.079563 0.263163 0.190843 -0.167363 0.007863 
-0.104875 -0.123320 0.277875 0.124137 -0.266393 -0.308115 0.149311 -0.146183 -0.167491 -0.364909 -0.342766 0.355106 0.264054 -0.159704 0.129560 0.140757 -0.014210 -0.142087 -0.213088 0.070806 -0.285705 0.319074 -0.030454 -0.166267 0.266857 0.176967 0.292333 -0.323903 0.223523 0.106289 0.063523 -0.182430 -0.156038 0.204664 0.313352 -0.127918 0.164807 -0.244436 -0.000350 -0.156577 0.204307 -0.216660 -0.100915 -0.266680 -0.181246 -0.174042 0.220467 -0.047160 0.173612 -0.306712 -0.080087 -0.236554 0.299766 -0.117837 -0.258793 0.019608 -0.099019 0.312825 -0.420982 0.195886 0.046072 0.157514 -0.303781 -0.243464 
-0.068978 0.395551 -0.241591 -0.144956 0.213025 0.041819 0.073639 -0.290734 -0.063269 -0.156258 -0.061422 0.114204 0.126259 -0.088604 -0.361385 -0.152183 -0.168465 -0.090092 -0.103013 -0.177558 0.114867 0.112172 0.317569 0.191262 0.110413 0.230527 0.152543 0.065448 -0.105638 0.018740 -0.039185 -0.031387 0.345728 0.128577 0.153354 0.161825 -0.336739 -0.072352 -0.362809 0.105111 0.026709 0.255026 -0.033138 -0.126554 0.293191 -0.019704 -0.015038 -0.271532 -0.372700 -0.182490 -0.189005 0.358320 0.219894 -0.239969 0.135656 -0.083470 0.317871 0.043712 -0.131053 -0.026483 -0.168001 0.164570 -0.270067 -0.170215 
-0.090328 0.057468 0.100112 0.206582 -0.189541 -0.429705 -0.105073 0.224701 0.148230 0.235305 -0.362225 -0.044609 0.006767 0.102888 0.089383 0.369572 0.305581 0.189580 0.081416 0.167204 -0.019844 -0.053152 -0.310252 0.186353 -0.161223 0.071833 -0.086695 0.078280 0.032752 0.028552 0.285557 -0.230277 -0.260593 0.028377 0.219521 -0.054049 0.054701 0.295154 -0.114257 -0.152358 0.259512 -0.191121 0.466496 0.105757 -0.424589 0.007750 -0.112539 0.228732 -0.062959 0.325061 0.269093 -0.334626 -0.021534 -0.219524 0.204363 0.211641 0.118050 -0.284964 -0.048320 -0.055344 0.101004 0.051367 -0.180368 0.298450 
-0.003695 -0.307935 -0.166286 -0.016811 -0.119948 0.005313 0.245104 -0.306348 0.178189 0.071356 -0.030641 0.149475 -0.174113 0.169152 0.185778 0.144925 0.131172 0.117388 0.017367 -0.230551 -0.085851 -0.182472 -0.042136 0.163480 0.070763 -0.172674 0.172863 -0.156234 0.239578 -0.230055 -0.239568 0.034312 -0.188097 0.081498 0.218193 -0.053098 -0.203823 0.022999 -0.186565 -0.232359 -0.076780 0.329712 -0.101467 0.122454 0.016708 0.167384 0.325787 -0.162264 0.075462 0.015468 0.114488 -0.133388 0.209931 -0.079123 0.221322 0.101694 0.110747 -0.041771 0.205724 -0.001981 0.153622 -0.170020 0.179676 -0.279359 
-0.001468 0.022007 -0.126269 0.118065 0.001635 0.128043 -0.104161 0.120197 0.012334 -0.177942 0.053630 -0.050266 0.152397 -0.017051 0.119580 -0.136526 0.000370 0.094686 -0.090336 0.080758 0.138638 -0.068794 0.033894 0.104346 -0.077197 0.150589 0.077372 -0.119531 0.145014 0.134047 -0.009206 0.078349 
0.000454 0.049648 0.066595 0.017855 -0.022808 -0.086931 -0.058121 -0.022900 0.009582 -0.063769 0.104997 -0.068389 0.020566 0.156432 0.014586 0.109861 -0.127983 0.048374 0.114017 0.082612 -0.041955 0.096804 -0.083102 0.066340 0.009329 -0.125069 0.078597 0.119254 -0.072811 -0.086694 -0.056790 0.094125 
-0.043091 0.028701 0.103977 0.091271 0.082217 0.139914 0.130392 -0.057453 -0.001199 0.056365 0.027852 -0.033254 0.241426 -0.126659 -0.213135 -0.224407 -0.125108 -0.108725 -0.084741 0.113579 0.222044 -0.017267 0.027339 -0.126861 -0.021040 0.073941 0.017468 -0.174434 0.125081 -0.254259 -0.117047 0.059277 
0.074297 -0.043818 -0.049470 -0.170490 -0.023135 -0.004431 -0.007816 0.049117 -0.024789 0.090137 0.039673 -0.043454 -0.105189 -0.080492 0.075762 0.131075 0.041417 -0.044851 -0.053297 -0.007496 -0.028111 -0.080310 0.054829 0.088937 -0.014167 -0.061194 0.057961 0.017354 0.091487 0.020011 -0.021982 -0.104217 
0.097879 -0.089711 0.056298 -0.059805 -0.200565 -0.068780 -0.103564 0.161025 0.044780 -0.050623 0.106008 0.057767 -0.133692 0.079787 0.108225 0.200200 -0.049123 0.052657 0.007590 -0.006195 -0.135469 0.109040 -0.042149 0.022440 0.071275 -0.189190 0.059978 0.167317 -0.132520 0.103579 -0.045098 -0.125984 
0.005923 0.136577 -0.062183 0.112613 -0.132154 -0.046135 -0.064778 0.178962 0.108940 -0.176526 0.038788 0.113217 0.055762 0.145512 0.003348 0.179148 0.079851 0.039952 0.170292 -0.094260 0.051902 0.040713 -0.034460 -0.073087 -0.013235 -0.106381 0.081623 0.071940 -0.084022 0.084385 -0.006728 0.045615 
0.061685 0.183788 0.150437 0.132753 -0.032750 0.142527 0.223815 -0.140060 0.061932 0.050722 0.042264 0.028513 -0.002247 0.050680 -0.137864 -0.087952 -0.012587 -0.185727 0.092063 -0.026935 -0.036449 0.097811 0.015673 -0.102342 -0.012309 0.128750 -0.128011 -0.081001 0.123803 0.011796 -0.124911 0.085402 
0.055499 0.034217 0.065910 -0.009866 -0.040769 0.081140 -0.040911 0.009783 -0.175126 -0.033899 0.097164 -0.003530 0.148821 0.001785 -0.069920 -0.080019 -0.029879 -0.043232 0.155757 0.103008 0.128182 0.159058 -0.069372 -0.146618 0.076910 0.016484 -0.032102 0.109266 -0.112528 0.073339 0.040730 -0.103823 
0.101416 -0.132014 -0.005886 0.059965 -0.132371 0.114608 0.072323 -0.008754 -0.161888 0.101259 -0.089587 0.081539 -0.009416 0.085401 0.147511 0.067917 0.088440 0.035908 0.065249 -0.176128 0.045424 0.092187 0.012811 -0.028454 -0.166422 0.148041 -0.044582 0.036112 -0.053700 -0.069369 0.201360 -0.031277 
0.154972 -0.136690 -0.084081 0.064652 -0.123506 -0.023080 0.145199 0.183822 -0.101866 -0.009236 -0.045590 0.042036 -0.097842 0.029929 -0.091751 0.077788 0.066106 0.118095 0.119424 -0.098888 -0.062496 -0.125887 0.021210 -0.052683 -0.117054 -0.184756 0.003366 0.168556 -0.187815 0.121258 0.084811 0.028525 
-0.016329 0.136594 -0.096255 -0.029391 -0.170746 0.009336 -0.076153 0.247824 -0.133656 0.029092 0.021948 0.068587 -0.176448 -0.144889 0.070405 0.188791 0.133960 0.104824 0.095867 0.094702 -0.161102 -0.056001 -0.135616 -0.009687 0.104995 0.073237 -0.051794 0.031982 -0.049291 0.227963 -0.032621 -0.065612 
0.032051 0.060053 -0.072132 -0.080601 -0.020934 -0.025879 -0.055488 -0.253929 0.004941 0.122988 0.058567 0.123953 -0.270833 -0.197621 0.058974 -0.008977 -0.025520 -0.221876 0.030753 -0.220497 -0.172862 0.091662 0.084514 0.089085 0.164054 -0.046570 -0.086998 -0.093932 0.076990 -0.085486 -0.035432 -0.083367 
0.058333 -0.169826 0.077775 -0.022462 0.165599 -0.172399 -0.021079 -0.061559 0.090871 0.092658 0.055119 -0.008278 -0.056109 0.069112 0.215960 0.013807 -0.225531 0.081407 -0.110879 0.113927 0.041028 -0.024049 -0.072179 0.072794 -0.017559 -0.089040 0.199809 0.021582 0.130349 -0.058741 0.085714 -0.055042 
0.135993 0.022750 -0.194332 -0.015889 -0.071572 0.115496 0.126250 -0.026110 -0.039402 -0.020957 -0.090401 -0.053842 -0.264318 -0.209114 0.117021 0.021481 -0.039754 0.016819 0.058103 -0.024959 -0.070651 -0.053544 -0.062644 0.010330 0.054108 -0.098476 -0.174947 -0.043381 0.109379 0.018657 0.042368 -0.021062 
0.082132 0.070962 -0.154436 0.130282 0.021697 0.125275 -0.001983 0.047006 -0.104327 0.015576 -0.021077 -0.044313 -0.073933 -0.052851 -0.028281 -0.208154 0.078754 0.038420 -0.007443 0.108050 0.130791 -0.136764 0.054708 0.023380 -0.050046 0.024240 0.073834 -0.035850 0.086783 -0.022321 0.107046 0.037388 
0.118159 -0.102713 0.037469 0.066225 0.100874 0.051118 -0.066084 -0.222124 -0.019135 0.054677 -0.074160 -0.148197 0.061452 -0.041436 -0.154169 -0.163752 -0.129623 -0.086639 -0.066828 -0.060356 0.024149 -0.089100 0.103360 0.062452 -0.193748 0.227376 0.048649 -0.037459 -0.067013 -0.175619 0.034861 0.035653 
0.008954 -0.022835 0.056714 -0.064033 -0.070746 0.090702 0.030332 -0.101904 -0.082405 -0.050734 -0.154839 -0.084813 -0.155265 0.035948 0.101109 -0.027197 0.060194 -0.085358 -0.075762 -0.111310 -0.085901 0.202145 0.005250 -0.087337 -0.045322 0.131622 -0.108519 -0.054379 0.037226 -0.049430 0.064383 -0.002220 
0.242022 -0.244561 -0.084946 0.062067 0.097493 0.051303 -0.164664 0.020131 -0.022132 0.099968 -0.041195 0.005946 -0.099685 0.081825 0.098137 0.005202 -0.048043 0.062640 0.013757 -0.026583 0.016059 -0.041284 -0.109122 0.045476 0.044760 -0.026177 0.021236 0.159488 -0.004437 -0.043100 0.215800 -0.085639 
-0.046337 0.060118 -0.023102 0.011363 -0.080543 0.120395 0.114015 0.279224 -0.118412 -0.163221 0.086495 0.011731 -0.012749 -0.161032 0.070013 -0.076992 0.065994 -0.032085 0.013891 0.142047 0.025878 -0.056778 0.016481 0.111429 0.093650 -0.040315 -0.101312 0.052375 0.002609 0.202589 -0.019043 0.111592 
0.033857 -0.128053 -0.127544 0.010745 0.001335 -0.066059 -0.039070 0.063482 -0.022572 -0.060015 0.143297 -0.031446 -0.153557 -0.011890 -0.048607 0.142386 0.004278 0.078164 0.035932 -0.040631 -0.026694 -0.111790 0.057367 0.054286 0.076426 -0.205681 -0.070806 0.202337 -0.025081 0.111593 0.052457 -0.167717 
0.184733 -0.098193 0.119164 0.136546 0.045689 0.051500 -0.094585 0.240297 -0.036985 -0.195230 -0.089670 0.004778 0.241761 0.197532 -0.018415 0.011257 -0.130640 0.334950 0.088060 0.159772 0.292411 -0.036289 -0.127519 -0.078357 -0.130923 0.078924 0.211519 0.192880 -0.075429 -0.009116 0.208067 -0.048491 
-0.010374 0.139729 -0.052589 -0.163290 -0.156295 -0.117985 -0.129360 -0.072721 0.106058 -0.050037 0.109350 0.031999 -0.100625 0.017989 -0.046542 0.146627 0.072250 -0.214355 -0.003263 -0.004766 -0.091632 0.027271 0.062173 -0.013912 0.235619 -0.172650 0.004234 -0.142215 -0.109720 -0.030076 -0.130394 -0.168477 
-0.044895 -0.154198 -0.096629 -0.094194 -0.004142 -0.146186 -0.035847 -0.019858 0.020429 -0.173155 0.013341 0.030991 0.043355 0.108223 0.056943 0.113262 -0.113796 0.128369 0.046912 0.041293 0.004460 -0.052646 -0.213155 0.054190 0.114672 -0.035722 0.072328 -0.012785 -0.042241 0.021718 -0.020814 0.016959 
-0.064636 -0.043814 0.075488 0.060793 0.066645 -0.027786 0.113950 -0.095574 -0.023388 -0.017024 -0.167432 -0.113588 -0.090911 0.059086 0.057330 -0.103890 -0.003481 -0.057082 -0.138766 -0.089654 -0.069900 0.048881 0.066050 -0.132221 0.050644 0.205824 -0.139310 -0.261613 0.106802 -0.130580 0.072983 0.065540 
-0.027409 0.013174 0.075353 0.060555 0.103322 -0.010573 -0.081326 -0.032724 0.187940 0.033538 0.061320 -0.188750 0.080777 0.005877 0.022748 -0.028166 -0.088468 0.055091 -0.189204 -0.039299 0.093641 0.024056 -0.084039 -0.021955 0.009487 0.060845 0.230282 -0.046346 0.179962 -0.203402 -0.006565 -0.022977 
-0.218855 0.187359 0.020090 -0.004883 0.063347 0.019725 0.137279 -0.079927 0.041539 -0.121061 0.057109 0.030693 0.227343 0.102992 -0.167877 -0.162335 -0.025099 -0.054803 -0.073712 -0.014232 -0.067586 0.108142 0.004091 0.087211 -0.091866 0.010600 0.021165 -0.231925 0.099887 -0.077677 -0.136426 0.113854 
-0.073940 -0.035164 -0.085628 -0.049996 0.118260 -0.084797 -0.097988 -0.192257 0.076698 0.097759 0.083013 -0.105773 -0.035759 -0.164528 0.106334 -0.069582 -0.032520 -0.049372 -0.141148 -0.029258 -0.183034 0.008407 0.016193 -0.000574 -0.114203 0.118168 -0.043417 -0.055551 0.127719 -0.017119 0.000567 0.097799 
-0.061902 -0.096453 0.123369 -0.033141 0.109900 0.113310 0.005042 0.039508 -0.020461 -0.086453 -0.062406 -0.080354 0.086573 0.063851 0.056796 -0.037138 -0.026210 0.112878 0.013414 0.048478 0.141468 0.059831 -0.104055 -0.039179 -0.015567 0.030907 -0.109542 -0.047354 -0.064784 0.059551 0.184949 -0.044830 
-0.121732 -0.114335 -0.015662 -0.089812 0.171029 0.072602 -0.123980 -0.197266 0.024397 0.043913 -0.145562 -0.075087 0.061877 0.140015 0.127580 -0.235497 -0.064526 -0.115803 -0.052727 -0.000585 0.037026 0.145613 -0.008634 -0.182286 -0.081698 0.169260 0.007495 -0.146035 0.285698 -0.312337 0.200383 -0.076301 
-0.041840 -0.018429 0.008490 0.020503 0.116280 0.018161 -0.071980 0.108957 0.117838 -0.088389 0.056447 -0.167433 0.159877 0.089658 -0.120582 -0.138548 -0.158160 0.270167 -0.014092 0.122138 0.251444 -0.024219 -0.093699 -0.119820 -0.083508 0.060914 0.241515 0.085256 0.065369 -0.078858 0.099497 -0.051928 
0.051025 0.048377 0.064329 -0.052472 0.122733 -0.081002 0.046342 0.023944 0.075156 -0.116007 0.013396 -0.097484 0.130012 -0.053272 -0.131265 -0.073786 -0.177234 0.131073 0.037594 0.239868 0.069770 -0.132369 -0.129871 0.108336 0.090229 0.143312 0.037617 0.037207 0.032872 0.053138 -0.011102 -0.033957 
0.036915 -0.077253 0.030036 -0.044553 0.044837 0.109022 -0.117443 -0.080661 -0.053141 0.115274 -0.083026 -0.064374 0.125060 0.196541 0.170256 0.054884 -0.015326 0.068021 0.139832 -0.036874 0.048446 0.119527 0.055418 -0.148536 0.081479 0.135039 0.114700 -0.086057 -0.005925 -0.062188 0.068250 -0.071944 
-0.196280 0.083673 0.173437 0.021769 -0.056880 -0.095668 0.102543 0.021685 0.088892 -0.109399 0.059388 0.000863 0.036328 0.136616 -0.026792 0.136348 -0.004108 0.083516 0.032413 -0.086127 -0.138082 0.052883 -0.076823 0.110205 0.190853 -0.115211 -0.031379 -0.027969 0.071053 -0.006404 0.062765 0.156969 
0.080656 -0.082387 -0.062908 -0.193516 0.113845 -0.061304 -0.073718 -0.012899 0.156993 -0.038469 0.126646 -0.114103 -0.117596 -0.054759 0.150929 -0.045664 -0.102726 0.073459 -0.123657 -0.018358 -0.033818 -0.145280 -0.111781 0.021668 0.115834 -0.081232 -0.043521 0.102033 0.027197 -0.136684 0.084099 -0.101690 
0.033804 -0.017916 -0.039128 0.028444 -0.117319 0.073961 0.029317 0.100409 -0.070016 -0.121515 0.088475 0.124463 -0.098708 -0.086078 -0.124569 -0.085803 0.026729 0.029718 -0.168076 0.157631 -0.183105 -0.203783 -0.002950 0.019338 0.098875 -0.048674 -0.154678 -0.135187 0.075141 0.099162 -0.166491 0.099417 
0.082097 0.064653 0.136151 0.055921 -0.061228 -0.027309 0.085658 0.123795 0.055138 -0.044182 -0.009235 0.118031 0.094136 0.277103 -0.035300 0.047505 0.132386 -0.122296 0.073853 -0.083555 0.065313 0.189704 -0.067843 -0.134803 0.039165 -0.142872 0.004280 0.050677 -0.282177 0.058041 -0.085584 0.076575 
-0.114266 0.014726 -0.124801 0.019061 0.083744 -0.079628 -0.047717 0.014125 -0.091969 0.055058 -0.045035 -0.069718 0.026012 -0.050164 -0.037888 -0.019621 0.058245 0.074926 0.012503 0.043403 0.060670 -0.156623 -0.048426 0.021623 0.055272 -0.084938 0.092473 0.053514 0.139863 -0.131314 -0.099454 -0.073790 
0.179802 -0.169809 0.062716 0.074811 -0.111250 0.034941 -0.060531 0.082033 -0.172950 -0.089890 0.007188 0.155835 0.055394 0.038721 -0.061464 0.124225 0.049340 -0.023690 0.047465 0.072487 -0.005312 -0.013252 -0.035880 0.001722 -0.168593 -0.091604 -0.110437 0.191917 -0.231752 0.211173 0.028986 0.009075 
0.022501 0.075649 0.134908 -0.007342 0.124378 0.023577 -0.073332 -0.188389 -0.013448 0.086977 -0.191893 -0.137906 0.188017 0.038402 0.052004 -0.082740 -0.106314 -0.015697 -0.025353 -0.104141 0.304332 0.258458 0.130534 -0.239506 -0.112623 0.240422 0.191426 -0.055895 0.051045 -0.249794 0.174250 -0.065876 
0.078027 0.009586 0.137162 0.153705 0.047646 0.039848 -0.027910 -0.073062 0.068467 -0.041886 0.037939 -0.011981 0.060093 0.013660 -0.046589 -0.002261 0.013690 -0.051240 0.106005 -0.121241 -0.008372 0.143145 0.012446 -0.020799 0.022011 -0.012120 -0.082232 0.094299 -0.085572 0.142629 -0.078488 -0.017563 
-0.007864 -0.098396 -0.064967 -0.107768 -0.010125 -0.055774 -0.018267 -0.068975 0.085409 0.083551 -0.021013 -0.087546 -0.040222 0.038739 0.079266 0.059328 -0.169982 -0.053161 0.076378 -0.017280 -0.063842 -0.151093 -0.024276 -0.092793 -0.010577 -0.001153 0.198896 0.001355 0.013616 -0.145951 0.075509 -0.082338 
0.100837 -0.021194 -0.110565 0.083131 -0.259595 0.033969 0.113199 0.204284 -0.165451 -0.094574 0.089634 0.169748 -0.053031 -0.036330 0.031616 0.144023 0.146612 0.098670 -0.084275 0.111001 -0.246550 -0.073738 0.064095 0.104736 0.000207 -0.083676 -0.026160 0.151212 -0.007392 0.079173 0.095108 0.062989 
0.131850 -0.086528 0.123760 -0.051122 0.139621 -0.003675 0.009470 -0.116938 -0.065868 0.030686 -0.087504 -0.077319 0.089490 0.102005 -0.003638 -0.014369 -0.223054 0.080851 -0.011723 0.058972 0.135119 0.057307 -0.018526 -0.145203 -0.137949 0.209231 0.076055 -0.049827 0.089529 -0.091557 0.082855 -0.063619 
0.054705 0.023282 0.092835 0.038014 -0.089785 0.075039 0.057019 0.042630 -0.102977 0.108474 -0.146875 0.028913 -0.011232 0.091977 0.101676 -0.042102 -0.123118 0.043977 0.022285 -0.068459 0.141422 0.003733 0.009419 -0.063150 -0.028655 0.090785 -0.056183 0.012348 -0.034654 -0.060385 0.172817 0.022909 
-0.187131 0.015808 0.164498 0.022401 0.030481 0.002921 0.062622 0.056576 0.101352 -0.202830 -0.065702 -0.016000 0.282950 0.183656 -0.091366 -0.009261 -0.135430 0.076612 -0.100856 -0.044781 0.144617 0.166770 -0.065784 -0.005270 -0.088940 0.079256 0.210987 0.060979 0.157169 0.006431 0.126248 0.007669 
0.048109 -0.155247 -0.096949 -0.112887 0.103068 -0.093970 -0.020350 -0.098767 -0.050861 0.016217 0.071803 -0.145008 -0.178469 0.057584 0.230260 0.035040 -0.042880 -0.101230 -0.038351 -0.133351 0.037091 0.052972 0.017233 -0.019720 -0.028332 0.078078 0.084958 0.048005 -0.041211 0.031659 0.124168 -0.145850 
-0.145813 -0.115432 0.174451 -0.023544 0.144427 0.051396 -0.046558 -0.131382 0.098166 0.068895 -0.051270 -0.073223 0.030594 0.104464 0.001177 -0.183843 -0.104715 -0.132752 0.007516 -0.040744 -0.057139 0.093363 0.125751 -0.125518 -0.151618 0.231936 -0.017684 -0.154048 0.101363 -0.115115 0.122007 -0.041052 
0.099598 -0.129575 -0.078022 -0.093145 0.020183 0.060141 -0.033063 -0.013180 -0.136751 -0.066781 0.026004 -0.051585 0.056735 -0.054876 0.185677 0.004452 0.027755 0.124571 0.018847 0.046261 0.031107 -0.018699 -0.045327 -0.008673 0.059778 0.056924 0.021953 -0.002946 -0.000119 -0.088400 0.129276 -0.090124 
-0.100644 -0.090061 -0.216730 -0.020415 0.015724 0.011620 -0.189742 -0.074581 -0.087118 0.142358 0.011759 -0.182184 -0.042992 -0.131380 0.072259 -0.034972 -0.134181 0.010005 -0.122192 0.138933 0.105696 0.000606 -0.040612 0.106384 -0.011968 0.067752 -0.062897 -0.008931 0.177539 -0.053356 0.055025 0.068953 
0.046323 -0.046035 0.048836 0.050396 0.019695 0.132771 0.101584 0.099431 -0.111460 0.054434 -0.126560 -0.085949 -0.099949 -0.101469 0.077056 -0.039266 -0.009591 0.175412 -0.041223 -0.029464 0.075498 -0.014007 0.046922 0.062681 -0.165683 0.053910 -0.013101 0.108527 -0.002721 -0.142812 0.213378 -0.032630 
0.054542 -0.056139 -0.171742 -0.038518 -0.070993 0.165091 0.098049 0.117137 -0.146127 0.046502 -0.039826 0.006350 -0.035515 -0.131259 0.071889 -0.058215 -0.028219 0.106215 -0.169447 -0.110010 -0.065289 0.013579 -0.027183 0.000670 -0.077349 0.104938 -0.125481 -0.012627 0.147172 0.074629 0.056308 -0.043158 
-0.051489 0.018633 0.106253 -0.071424 -0.041211 -0.068889 -0.112361 0.095367 0.058031 -0.192186 0.062308 0.112535 -0.035575 -0.025994 0.023156 0.068931 -0.014490 -0.057672 -0.009570 -0.210603 -0.194671 0.030831 -0.072155 0.047573 0.169251 -0.110603 0.123568 -0.014318 -0.025557 -0.002312 -0.067026 0.102723 
0.058242 -0.104478 -0.127585 -0.085904 0.082792 0.004454 -0.094612 0.063122 0.007650 0.040247 0.077360 -0.110168 0.104821 -0.177631 -0.022095 0.016031 -0.048443 0.060979 -0.076906 0.084759 0.040378 -0.255275 0.073717 0.070476 -0.019635 0.142848 0.141164 -0.022430 0.063132 -0.015807 -0.032979 0.178643 
0.019659 0.136594 -0.193378 -0.032447 -0.077934 -0.075371 -0.056079 0.211707 0.060809 0.006492 -0.005095 0.088588 -0.038954 -0.129498 -0.028290 0.086737 0.055375 -0.065092 0.021064 -0.034916 -0.089474 0.060677 0.013364 0.168021 0.136755 -0.142515 -0.103057 0.146477 -0.108364 0.104647 -0.047755 -0.141582 
-0.073164 0.141441 -0.080502 0.026979 -0.111555 0.073263 0.050967 0.040333 -0.243803 -0.137949 -0.042783 0.087155 -0.046911 -0.165664 -0.025564 -0.000474 0.039663 -0.041355 -0.152823 -0.000517 -0.113799 0.035220 -0.022834 -0.059554 -0.124110 0.095388 -0.039699 -0.070858 0.168371 0.113444 0.084089 0.003890 
0.069036 0.132602 0.089613 0.104108 0.003141 0.095874 0.097114 -0.087277 -0.038405 0.016395 -0.130711 -0.063189 0.244443 0.056449 -0.122297 -0.109683 0.048136 -0.005951 0.115765 0.108551 0.218506 -0.009576 0.118209 -0.206999 -0.057995 0.183335 0.102862 0.080889 0.000042 -0.070313 0.175137 -0.059869 
-0.044517 0.058116 0.121774 0.024167 0.011024 0.102607 0.180800 -0.056859 -0.056050 -0.028383 -0.047494 0.002447 -0.066984 0.030857 0.054020 -0.052307 0.139574 0.004440 -0.114970 0.001913 -0.138018 0.132086 0.128393 0.078434 0.030233 0.125848 -0.066733 -0.146159 0.126180 0.090711 -0.030588 0.011622 
-0.127952 0.029811 -0.016013 0.037975 -0.127757 -0.040690 -0.078000 0.015638 0.132169 -0.035970 0.046144 0.057812 -0.049116 -0.038971 0.050940 0.112072 0.092034 -0.081444 -0.094374 0.026273 -0.081733 -0.125013 0.015906 0.048770 0.173446 -0.047664 0.007536 -0.035401 -0.078595 -0.011187 -0.177339 -0.034711 
0.167035 -0.181798 -0.000362 0.170860 0.049848 0.091755 0.034117 0.091903 -0.073126 0.091036 -0.163573 -0.080887 0.122557 0.034773 0.009975 -0.032101 0.089722 0.140779 0.208987 -0.079615 0.016286 0.084619 0.123957 0.037565 -0.217171 -0.023057 0.074844 0.042431 -0.118103 0.109253 0.094814 -0.087189 
-0.026011 -0.066295 0.041984 0.016893 0.225870 0.074358 -0.093075 -0.158556 0.121226 0.150044 -0.048318 -0.111716 0.060419 0.140024 0.006922 -0.006527 -0.086118 0.068389 -0.108911 0.104175 0.070938 0.124629 0.023239 -0.092816 -0.016884 0.044754 0.120324 -0.113174 -0.019185 -0.102795 0.016067 0.065918 
-0.067281 0.077631 -0.078979 0.061625 0.000938 -0.061370 0.199058 -0.036603 -0.143340 -0.132741 -0.018157 -0.051533 -0.054451 -0.224678 0.046677 -0.093547 0.069121 -0.054363 -0.130115 0.138083 -0.148292 -0.089265 -0.027499 0.054291 0.043311 0.035075 -0.048940 0.049453 0.035151 0.139458 -0.019568 0.019634 
0.001418 -0.014312 0.107974 -0.015179 0.005878 -0.065027 0.059512 -0.230014 -0.025577 0.123310 0.002970 0.078662 -0.005873 0.113074 -0.151758 -0.022471 -0.005901 -0.137493 0.147618 0.008535 0.097212 0.004045 0.027722 -0.071564 -0.017299 -0.070623 0.063861 -0.095777 -0.160799 -0.057958 -0.053872 0.001004 
0.024205 0.054070 -0.066502 0.096214 -0.076225 -0.041643 0.094008 0.181066 -0.211298 -0.053577 -0.030599 -0.035361 -0.007497 -0.009230 0.172574 -0.012687 0.053809 0.107666 0.059502 -0.041449 0.031905 -0.076604 -0.077873 0.059922 -0.006601 0.045833 -0.077562 0.041338 -0.046083 0.136248 -0.058822 0.092423 
-0.087195 0.112170 -0.057548 -0.082998 0.094974 -0.050286 0.086168 0.287575 -0.023911 -0.087230 0.003024 -0.072237 -0.051073 -0.150143 0.004368 0.079251 0.140579 0.011827 -0.106518 0.148673 0.051891 -0.106198 -0.167236 0.016670 -0.024813 0.031649 -0.090993 -0.033288 0.049156 0.068074 -0.107842 0.132125 
0.204527 0.218256 0.139947 -0.096641 -0.206832 0.225002 -0.221576 0.222500 -0.012559 -0.271973 0.268026 -0.039590 0.162648 -0.160150 0.064051 -0.167059 
-0.106149 -0.028641 -0.375581 -0.253124 0.196904 -0.190130 0.126039 0.010163 -0.111364 0.223330 -0.207506 -0.104198 -0.061551 -0.060970 0.154435 -0.087579 
0.015690 -0.021946 0.058200 -0.059451 0.268096 0.099612 0.237739 -0.079790 0.003068 0.355107 -0.186405 0.147453 0.377745 -0.301248 -0.235555 0.018295 
0.062698 -0.023273 -0.069905 -0.244969 0.036854 0.097947 0.171998 0.128654 -0.058111 -0.126291 0.034709 -0.157011 0.127207 -0.162153 0.221695 0.052393 
0.003034 -0.187796 0.308908 -0.066555 -0.061082 0.020746 0.164788 -0.188056 0.173567 0.165297 0.018102 0.082172 -0.114810 -0.248059 -0.238419 0.310491 
0.107323 0.191731 -0.191196 -0.084253 -0.183156 0.034896 0.187698 0.077653 -0.028890 -0.093117 0.156365 0.025492 0.097463 -0.089397 0.218773 0.205351 
0.006474 0.164998 -0.217523 -0.149213 -0.108092 -0.119368 0.251419 0.262780 -0.157210 -0.211167 0.053256 -0.133934 0.092744 -0.098975 0.101047 -0.100011 
-0.002170 -0.175364 0.072924 -0.211352 -0.016448 -0.124918 -0.066740 -0.109883 -0.168955 -0.001944 0.177874 -0.463444 0.210193 0.101036 0.317178 -0.249126 
-0.080103 0.039537 0.050480 0.256649 0.207242 0.074702 -0.054553 -0.286798 0.147619 0.311180 -0.148409 0.163915 -0.013304 -0.130527 -0.338037 0.067502 
0.074681 -0.105109 -0.039815 0.218328 -0.110016 0.112738 -0.182798 0.149982 0.336373 -0.029508 0.051785 0.333164 -0.188959 -0.022833 0.066355 0.318219 
-0.104188 -0.083818 0.053233 0.042852 0.131405 -0.012632 -0.105006 -0.102664 -0.221681 0.073773 0.076340 -0.097631 -0.148423 0.175281 0.024968 -0.084398 
-0.007458 0.154630 -0.207091 0.086410 0.132513 -0.079514 -0.074954 0.046244 -0.210611 -0.055878 -0.125616 -0.015697 0.282747 0.030006 0.048459 -0.229260 
-0.041836 -0.289624 0.195249 -0.304514 0.183296 -0.087513 0.401941 -0.131600 -0.114676 0.403347 0.148277 0.012561 0.131426 -0.285868 0.041668 0.108041 
0.269697 -0.102306 0.116768 -0.007611 0.346478 0.171160 -0.057170 -0.174024 0.016754 0.241276 0.027391 0.207493 0.391075 -0.355643 -0.174477 -0.020498 
0.175607 0.146028 0.265541 0.182626 -0.190238 0.157696 -0.246052 -0.073878 0.207244 -0.151050 0.060945 -0.342357 -0.210479 0.083240 0.184341 -0.081441 
0.139914 -0.064083 0.066977 0.194550 0.002012 0.235804 -0.207950 -0.053554 -0.163976 0.083747 -0.129911 -0.226060 -0.010250 0.188581 0.199188 -0.332936 
0.005608 0.165500 -0.257677 -0.052916 0.025190 0.022920 -0.027698 0.244464 -0.327950 -0.154078 -0.209218 0.035540 0.073128 0.256370 0.147225 -0.120343 
-0.056190 -0.239305 0.215523 -0.154865 -0.104929 -0.051781 -0.115913 -0.083388 -0.055941 0.119377 0.332948 -0.296630 0.158799 0.012235 0.127184 -0.237435 
0.123497 0.153702 -0.121472 -0.026607 0.057808 0.320227 0.032082 0.034868 -0.191494 0.097179 0.053338 0.111754 0.346648 -0.102795 0.095383 -0.207526 
-0.419410 -0.147657 0.080554 -0.084687 0.107181 -0.132666 0.112979 -0.243925 -0.084951 0.122620 0.106747 -0.047126 -0.035429 0.048612 0.074213 -0.107252 
-0.236849 -0.264203 0.116961 -0.273963 -0.125794 -0.021501 0.168462 -0.241927 0.201579 0.287789 0.423260 0.117903 0.050095 -0.348719 0.066203 0.093678 
0.261645 0.234736 0.099140 0.050261 0.202536 0.172521 0.228817 0.051108 0.192215 0.063448 -0.156228 0.084104 0.266409 -0.275186 0.195642 0.100873 
0.182737 0.145017 -0.070634 0.079228 -0.033460 -0.097956 -0.103559 0.236750 0.045131 -0.139198 -0.065812 0.165102 0.004698 -0.151022 0.000692 0.207875 
-0.109426 0.031193 -0.026399 0.056064 -0.053190 0.059856 0.003673 -0.125370 -0.135141 0.012798 -0.026290 -0.242154 -0.201479 0.254661 0.036208 -0.055301 
-0.272768 -0.220172 -0.151651 0.341082 0.161018 -0.037466 -0.056209 -0.213855 -0.133199 0.075953 -0.337850 0.148719 -0.004703 0.149184 -0.149541 0.042518 
-0.026953 -0.073176 0.099673 0.000007 -0.152681 -0.340124 0.306639 -0.088691 0.344086 0.042102 0.104238 -0.052680 0.056971 -0.165400 0.049904 0.537139 
0.036327 -0.168910 0.316904 -0.122242 0.173981 0.187211 -0.035493 -0.258509 0.136997 0.181567 0.212567 -0.039943 0.198443 -0.172825 -0.136151 0.010815 
0.317156 0.004257 0.034248 -0.037094 -0.082311 0.148168 -0.226631 0.144139 -0.136883 -0.179387 0.346963 0.021244 0.238034 0.160702 0.284849 -0.290431 
-0.272347 -0.070379 0.179264 0.154981 -0.228252 -0.305898 0.202771 -0.155188 0.222829 -0.024594 -0.053272 0.002372 -0.407838 0.248426 0.042761 0.310631 
-0.080180 -0.036446 -0.080788 -0.147894 0.016849 -0.221784 0.030405 0.171312 -0.154065 -0.307040 0.142336 -0.276408 0.104319 0.175243 0.417771 -0.221277 
0.306403 0.176958 0.308930 -0.084213 -0.244499 0.044408 -0.071030 0.209712 0.282023 -0.103355 0.179488 -0.031663 0.022786 -0.273964 0.116987 0.131270 
-0.089657 0.044286 -0.085823 -0.192287 0.037332 -0.118007 0.287732 -0.130055 -0.133870 -0.010995 -0.040263 -0.190006 -0.003021 0.159019 -0.006036 0.056232 
0.123863 0.155522 0.053105 -0.146696 -0.463278 -0.109887 -0.238485 0.080322 -0.426366 0.085256 -0.205342 -0.152882 -0.273078 0.087197 0.017350 0.234900 
0.279592 0.237750 0.359577 -0.005014 -0.215525 -0.006244 0.117260 -0.022266 -0.372731 0.359995 0.114470 -0.171328 -0.267002 0.032834 0.195906 0.185343 
-0.286831 -0.445284 -0.137576 0.226493 -0.251122 -0.256367 -0.535592 0.082404 -0.253223 -0.397897 -0.258543 -0.243812 0.450157 -0.076144 0.172509 0.361370 
-0.198957 -0.299182 0.167777 -0.071522 0.089638 0.239984 -0.212614 0.241358 0.184452 0.110137 0.364815 -0.583432 -0.367886 0.406514 0.254212 0.011769 
0.124082 0.255978 -0.428317 -0.381219 0.290236 0.296028 -0.059687 0.407938 0.344992 0.149313 -0.240331 -0.186792 -0.168723 0.386286 -0.134012 -0.562416 
0.173467 0.334533 0.168025 -0.190824 -0.242215 0.100984 -0.040717 -0.218752 -0.057488 -0.212864 -0.347318 -0.479810 -0.314152 0.409779 0.303495 0.002873 
0.230579 0.306677 -0.457236 0.088015 -0.073470 -0.058536 -0.049854 0.329541 -0.169628 0.241990 0.083896 0.482329 0.289485 -0.442356 -0.555545 -0.133633 
0.504770 0.463574 0.376661 -0.392141 -0.287817 -0.089738 0.263888 -0.161123 -0.249742 0.125551 0.141605 0.213858 -0.387699 0.031592 0.047262 0.131796 
-0.245635 -0.128473 0.027837 0.321039 -0.397622 -0.347861 -0.451878 0.294901 0.101930 0.112665 0.102737 -0.247444 0.308156 0.059973 -0.076503 0.449434 
-0.148202 0.071461 -0.469699 -0.014451 0.030248 -0.073957 -0.543511 0.374343 0.259075 -0.235057 -0.240236 -0.072776 0.446814 0.186298 -0.317599 -0.066251 
-0.060131 0.058733 0.147592 0.150577 -0.380350 -0.472810 -0.118242 -0.316878 -0.419020 -0.446963 -0.363725 0.173224 0.290959 -0.285180 0.277418 0.371702 
0.312439 0.447053 0.022606 -0.266724 -0.344505 0.023001 -0.112897 -0.061193 0.023847 0.196080 0.021092 -0.237693 -0.051259 0.253595 -0.160968 0.144925 
0.357167 0.341325 -0.231960 -0.159001 -0.057705 0.144314 0.045289 0.155268 -0.610610 -0.211025 -0.559163 0.360961 0.022807 0.361047 0.180125 -0.196271 
-0.001034 -0.160499 0.309807 -0.143408 0.320224 0.434121 0.196279 -0.151043 0.058936 0.064789 0.349293 -0.234541 -0.648620 -0.002917 0.271193 -0.082458 
-0.073955 -0.397306 -0.058254 0.190293 0.468055 -0.315885 0.269003 -0.310850 -0.117937 -0.105120 0.331807 0.400973 -0.069182 -0.307277 0.304476 0.003030 
0.192475 -0.133031 0.098519 0.398011 -0.178912 -0.194782 -0.221641 0.358689 -0.040535 0.501296 0.313044 0.111674 0.007794 -0.378828 -0.593030 0.468066 
-0.299680 0.003409 -0.115083 -0.158239 0.364869 -0.432291 -0.084144 -0.149631 0.280295 -0.255896 0.080395 -0.451646 0.327193 -0.093902 0.115579 -0.239158 -0.166488 -0.080734 -0.032195 0.088950 0.188593 0.130008 -0.235034 0.410429 -0.120484 0.207104 -0.251152 0.054698 0.082032 -0.037219 -0.150785 
-0.350117 -0.068596 0.034512 -0.038469 0.270803 -0.371880 -0.101938 -0.043015 0.008065 -0.267219 -0.005970 -0.179635 0.579575 -0.044249 0.194676 -0.323550 -0.414398 0.008127 0.112992 0.106396 0.116300 -0.097932 -0.062165 0.248401 -0.051473 0.029901 0.169933 0.360033 -0.369433 -0.170272 0.098563 
-0.135289 -0.142712 -0.492386 -0.571337 -0.252575 0.043983 -0.187243 0.010886 0.041367 0.101697 -0.367515 -0.190473 -0.325973 -0.310879 0.313986 0.074958 -0.163456 -0.116496 0.053846 0.190429 -0.103013 -0.010088 0.166677 0.327662 0.027355 0.001529 0.159099 0.262095 -0.092830 -0.307521 -0.012107 
0.385135 0.414315 0.007144 0.052415 0.033527 0.012718 -0.229232 -0.215641 0.038651 0.410411 0.127049 0.043372 -0.376164 0.346207 -0.214480 0.260980 0.286175 0.233638 0.042946 -0.250506 0.219548 0.136974 0.053882 -0.255143 0.199800 -0.084942 -0.043040 -0.241723 0.370665 0.095205 -0.062256 
-0.202639 -0.421269 0.273306 0.014616 -0.323913 0.098832 -0.077339 0.358919 0.177048 -0.263031 0.417383 0.147218 -0.298041 -0.166035 -0.335056 0.398792 0.165217 0.074612 -0.103210 0.113191 0.099081 -0.253382 0.334998 -0.092659 -0.058607 -0.110657 -0.206770 -0.006106 0.028093 -0.112761 0.053684 
-0.450295 -0.299900 -0.131610 0.225604 -0.316847 -0.095094 0.331688 0.401034 -0.408084 -0.145273 -0.002838 0.249298 0.053589 -0.035185 -0.138680 0.150310 -0.275009 -0.111323 0.030731 0.095359 -0.195914 0.041565 0.126191 -0.259853 -0.122551 0.047717 0.121493 0.252387 -0.260945 0.127559 0.032040 
-0.205272 -0.329355 -0.035728 -0.300506 -0.018695 0.051617 -0.369256 0.087392 0.421787 -0.358406 0.242026 -0.278331 -0.138541 -0.453770 -0.092458 0.216673 -0.058460 0.303326 -0.135094 -0.062112 0.112314 0.015980 0.274840 0.202675 0.145080 -0.045609 -0.057238 0.143775 0.111459 -0.204715 -0.156362 
-0.147309 0.237131 0.242343 0.414951 -0.064101 -0.332455 0.255089 -0.119105 -0.558820 0.182064 0.220643 0.361068 0.032718 0.345477 -0.164626 -0.004243 0.187194 -0.035624 0.221476 0.034338 -0.105038 -0.020854 -0.068688 -0.326592 0.040200 0.154540 0.070403 -0.163560 0.112221 0.116174 0.057735 
-0.004875 0.013464 0.132891 0.052706 -0.021877 0.290728 0.153428 0.412499 -0.437629 0.159011 0.181500 0.459019 0.175561 0.263927 -0.247149 0.329602 -0.027203 0.159527 -0.060680 0.205817 -0.099443 -0.119614 0.044830 0.032952 0.121286 -0.149245 -0.050229 -0.234601 -0.152700 -0.149575 0.182852 
-0.586300 0.163199 -0.347347 -0.067084 0.093537 -0.387404 -0.276702 0.336075 -0.480790 0.392736 -0.164812 -0.099047 0.177731 -0.242478 -0.253173 -0.131493 -0.241432 0.004492 -0.121046 0.040751 0.246331 0.000289 -0.017142 0.046697 -0.035443 0.063335 0.293260 0.040270 -0.281297 0.171577 0.021387 
-0.305378 0.162834 -0.292874 -0.105187 -0.169808 0.005420 -0.550641 0.373194 -0.195258 0.565254 -0.209470 0.143243 -0.196643 -0.155785 -0.529240 0.517971 -0.182271 0.330802 -0.358297 0.147810 -0.079938 -0.181086 -0.001697 0.063315 -0.168682 -0.083269 0.068311 0.186897 0.089051 0.054313 -0.022168 
0.185689 0.042100 0.396035 0.162904 0.437591 -0.464948 0.019916 -0.133839 0.313166 -0.381674 0.514227 -0.395887 -0.069601 -0.408872 -0.284432 0.296850 0.149782 -0.123177 -0.097164 -0.281454 0.007858 0.007003 0.148832 0.056448 0.078986 0.093807 -0.080195 0.070511 0.144522 0.118428 0.223586 
0.541296 0.139924 0.383944 0.214698 0.231597 0.076804 -0.138371 -0.564379 0.009048 -0.024196 0.352237 -0.089386 0.141025 0.415944 -0.134163 -0.048984 0.295997 -0.161274 0.110865 -0.283542 0.003070 0.106055 -0.085177 0.031104 0.148865 -0.015912 0.005349 -0.315073 0.275078 0.020391 0.085774 
-0.115354 -0.110163 0.086696 0.133552 -0.489906 0.343702 0.448378 0.055677 -0.268489 0.069921 -0.392752 0.244488 0.403814 -0.039536 0.648903 -0.188929 0.088167 -0.068131 0.126640 -0.026341 0.093204 -0.050923 0.128894 -0.182611 0.127015 0.028249 0.323078 0.396288 -0.076547 -0.279814 0.011166 
0.051979 0.040407 -0.254737 -0.387162 -0.351783 0.430751 0.177868 -0.067542 0.560689 -0.183038 0.039818 0.066780 -0.487151 -0.214577 0.316493 0.300160 0.237596 0.272592 -0.044537 -0.202193 -0.198298 -0.121370 -0.189837 0.218629 0.019272 -0.066332 0.023274 -0.195641 -0.085399 0.323616 -0.165328 
0.178435 0.514053 -0.451250 -0.275086 0.281101 0.079118 -0.308744 -0.381545 0.005796 0.234664 -0.512448 -0.176865 0.085065 0.121128 -0.062429 -0.380678 -0.021592 -0.007266 -0.038527 0.071997 -0.016500 0.204822 0.243409 -0.016108 -0.261445 -0.158403 -0.164687 -0.145841 -0.003221 0.095260 0.011239 
-0.016088 0.359288 -0.082535 -0.119707 -0.116111 -0.082042 0.322234 -0.326638 -0.455427 -0.044310 0.000854 0.498290 -0.318871 -0.067871 -0.011888 -0.351882 -0.358734 -0.243445 -0.235682 0.311469 -0.251708 -0.439130 0.305163 -0.509345 -0.058013 0.076320 -0.080050 0.091829 0.212985 0.168240 0.057491 -0.008310 
-0.099940 0.027502 -0.309455 -0.117415 -0.444516 -0.023513 0.189051 -0.267704 0.010651 -0.111417 0.002343 0.153097 -0.398069 0.070593 -0.044183 -0.230057 -0.121388 -0.199899 -0.161989 0.324419 0.017187 -0.318940 0.397686 -0.278150 -0.256164 0.030329 -0.142182 -0.011570 -0.425863 -0.172349 0.263324 0.268867 
0.227080 0.178417 -0.263513 -0.065241 0.002312 0.507648 0.036102 -0.298428 -0.409300 0.024082 -0.364174 0.150521 -0.059182 -0.529592 -0.106776 -0.334073 0.192357 -0.121615 0.369950 -0.007432 0.205293 0.182519 0.216145 -0.221639 -0.289789 0.311355 -0.065995 0.013419 -0.141442 0.174573 -0.165697 -0.523775 
0.231058 -0.098583 -0.438951 -0.091229 -0.090253 0.373701 0.201125 -0.288885 0.198633 0.269747 -0.063680 0.163479 -0.103721 0.128721 0.111011 0.158189 0.070328 -0.097453 0.147105 -0.469136 -0.003597 0.041863 -0.064050 -0.030209 -0.327058 0.182587 0.005633 -0.212854 -0.388516 0.193779 -0.006738 -0.096033 
-0.418459 -0.303592 -0.413297 -0.134621 -0.535179 -0.326528 -0.052284 -0.092086 0.087410 0.247431 -0.037732 0.072095 -0.194824 0.287208 0.071337 0.160854 0.067869 -0.049853 0.021957 0.098115 0.291356 0.349030 -0.309867 -0.320621 -0.096398 -0.193854 0.090555 0.212899 -0.320569 -0.592198 -0.024342 -0.167138 
0.233915 0.562620 0.214974 0.337851 0.135999 -0.109004 0.180652 0.197835 -0.360215 -0.043339 -0.386356 -0.102915 -0.121907 -0.026710 0.161612 -0.180455 -0.500401 -0.046704 -0.213987 -0.076999 -0.123304 -0.309664 0.011294 0.126704 0.101094 0.032941 -0.084121 -0.093718 0.247767 0.453671 0.278795 0.196250 
0.083303 0.250769 -0.111136 -0.078685 0.263056 0.435904 0.349882 0.092245 0.071185 -0.187734 -0.412092 -0.058094 0.104046 -0.442166 0.232776 0.071553 0.094403 -0.173211 0.264926 -0.388972 0.125695 -0.166182 -0.076897 0.281716 0.065205 -0.023782 -0.134746 -0.101095 -0.159073 0.118614 0.299256 -0.268634 
0.381541 -0.024094 0.302978 -0.001803 0.390065 0.126351 -0.238001 0.253143 0.090214 -0.185396 -0.055037 -0.145937 -0.024960 0.367224 -0.493097 0.232930 0.213847 0.314682 0.362959 -0.125074 0.155882 0.192692 0.212953 0.178513 0.198791 -0.087990 -0.220235 -0.018400 -0.103682 0.636656 -0.344650 0.074530 
-0.150340 0.121250 -0.215864 -0.186427 -0.372730 -0.289899 0.103986 0.102969 -0.266412 -0.139918 -0.551325 0.122644 -0.422537 -0.534139 -0.371366 0.275491 -0.278095 -0.317727 -0.052932 0.528644 0.469355 0.085074 -0.147414 0.508235 0.216274 -0.167157 0.505783 0.450144 0.286202 0.131364 -0.152801 0.148043 
-0.213183 -0.046478 -0.068302 0.076260 0.027736 -0.092523 0.003809 0.168600 -0.265362 -0.059169 0.297047 -0.307634 -0.053034 0.597285 0.069471 -0.042288 -0.264182 0.053886 -0.154302 -0.109995 -0.174974 -0.199258 0.439482 -0.212113 -0.158860 0.393066 -0.287279 -0.387847 -0.477954 -0.274354 0.245495 0.204735 
0.156200 0.024083 0.073070 -0.602397 -0.243131 0.397321 -0.118290 -0.382908 -0.240116 0.180291 -0.235170 0.597374 -0.096762 -0.299277 -0.109494 0.090492 -0.140262 -0.207515 0.280189 -0.002674 -0.070300 0.122861 0.364142 0.101408 -0.043881 -0.185465 -0.188634 0.269213 -0.004134 0.403806 -0.424702 -0.446147 
0.267323 0.277031 -0.050734 0.330688 0.256678 0.442321 0.405586 -0.188553 -0.018732 -0.079244 -0.234251 -0.195069 0.183171 0.342233 0.010715 -0.343626 0.121644 0.075028 -0.071621 -0.206883 -0.049188 0.011616 0.288579 0.141272 -0.129359 -0.120496 0.033912 -0.525260 -0.314668 0.429217 -0.064916 0.291330 
0.047252 0.157880 -0.104413 0.123627 0.177656 0.248489 -0.017335 0.019943 0.426816 0.147315 0.139912 0.069670 0.059996 0.293454 0.406443 0.035932 0.436904 -0.106850 0.190843 -0.239963 0.173747 0.342619 -0.350111 -0.275371 -0.263301 0.285570 -0.207286 -0.109175 0.121696 -0.310291 -0.098821 -0.138439 
0.030437 0.351200 -0.106784 -0.169609 -0.124651 0.262714 0.201086 -0.283017 -0.419415 -0.223765 -0.081142 0.230516 -0.227749 -0.090596 0.218167 -0.273645 0.035359 -0.168679 0.018612 -0.028780 -0.110718 -0.000344 0.204582 -0.305050 -0.274887 0.317693 -0.057922 -0.234298 -0.165852 0.252905 0.237295 0.006752 
0.013529 0.333216 -0.066325 0.182529 0.112001 -0.009897 0.030849 0.196791 0.194855 -0.121843 -0.154760 -0.145509 0.245781 -0.343890 0.212565 -0.164764 0.040324 -0.183499 -0.076745 -0.065173 0.153855 -0.339347 -0.632519 0.025573 0.417429 0.245792 0.031745 -0.161546 0.206465 -0.105448 0.450966 0.090712 
0.022588 -0.177703 0.457779 -0.101657 0.048181 -0.100870 -0.127051 0.036207 0.004920 -0.110418 0.010234 -0.058230 -0.172160 -0.082859 -0.300616 0.163013 -0.245567 0.161585 0.013714 -0.043869 -0.030154 -0.067315 0.247923 0.070717 0.107849 -0.316022 0.074491 -0.151292 0.043558 0.471718 -0.394940 0.226542 
0.129626 0.049522 0.032822 -0.073970 -0.006363 0.179472 -0.241242 -0.008451 -0.009879 0.031177 -0.089567 0.094323 -0.119612 0.143544 0.290864 -0.004080 0.124751 -0.099092 0.145712 -0.024909 -0.136203 -0.148360 -0.009631 0.041781 -0.058965 -0.016717 -0.105185 0.162314 -0.184809 -0.236161 0.079936 -0.066576 -0.165129 -0.004412 -0.085222 -0.188361 -0.106420 0.026703 -0.229203 -0.058977 0.013968 0.054119 0.082831 0.069388 0.008766 -0.021761 -0.108190 0.127421 -0.102428 0.161209 -0.184699 -0.144517 0.240309 0.120117 0.138285 -0.303595 -0.056105 0.211706 0.230902 0.011201 0.411226 -0.029329 -0.030839 0.208516 
-0.014017 -0.147981 -0.114645 -0.186780 0.005322 0.199811 0.165658 -0.072501 -0.053107 -0.205981 0.053593 0.100632 0.066232 0.024539 0.142985 -0.092419 0.089910 -0.036671 -0.135325 0.027511 -0.006326 -0.165114 0.014017 0.073274 -0.153908 0.035382 -0.104002 0.133285 -0.004113 0.070123 0.265183 -0.107537 -0.154360 0.034491 -0.088793 -0.345477 -0.117994 -0.136038 -0.003967 -0.461955 0.155461 -0.209290 -0.300231 -0.081515 0.021959 0.061664 0.135736 -0.064764 -0.109032 0.105542 0.069148 -0.051629 0.084846 0.007687 -0.329380 -0.266673 0.021330 -0.021648 0.168700 -0.323793 0.344431 0.236331 -0.140068 0.099458 
0.111524 0.077765 0.227874 0.096593 0.124846 0.054293 -0.478350 -0.006498 -0.033743 -0.396444 0.095003 0.108893 0.053590 0.020916 0.075516 -0.086897 -0.152958 0.157972 0.019426 -0.066624 -0.165585 0.016099 -0.370897 0.016991 0.131528 0.022834 0.066308 0.351609 0.028464 0.091390 -0.233110 0.009319 -0.109357 -0.135371 -0.455888 -0.100804 0.173495 -0.060093 0.137591 -0.062675 0.061785 0.078466 0.242354 0.033534 -0.062784 0.231805 -0.046050 0.126079 0.102214 0.087235 0.141809 0.047442 -0.160463 -0.166377 0.073085 0.133170 0.138554 0.082783 0.079470 0.013978 0.079046 -0.079227 -0.041585 0.199295 
0.103918 0.206862 -0.053546 0.008163 -0.097890 0.064442 0.073995 -0.254341 0.099525 -0.024654 0.191981 0.141605 0.090460 0.138540 -0.047310 -0.089732 -0.057295 0.045060 -0.000897 -0.246238 -0.024407 -0.060606 0.113203 0.124925 -0.125436 0.093429 0.215576 0.138522 0.152489 -0.201336 0.002346 -0.102870 0.213446 0.026808 0.026661 -0.169030 0.258549 0.028317 -0.097156 0.311570 0.018585 -0.171267 0.000159 -0.109016 0.196289 -0.003058 -0.251469 0.061305 0.181080 -0.002778 0.076494 -0.165477 0.102105 -0.032064 -0.223792 -0.049816 -0.126372 0.097634 0.155573 -0.059582 -0.173139 0.003824 0.075869 0.236923 
-0.025914 0.086911 0.025758 -0.146150 -0.096310 -0.086080 -0.103902 0.081665 -0.014737 -0.343331 -0.048902 -0.090085 0.058650 0.093979 0.177592 -0.084901 0.185771 0.127584 0.221827 -0.017393 -0.070161 0.103071 -0.046343 0.106458 0.083604 -0.062020 0.164567 0.313343 0.110415 -0.369681 -0.027655 -0.286211 0.105029 -0.288850 -0.219701 0.041839 0.085712 -0.179764 0.118315 0.298518 -0.159648 -0.013449 0.036266 0.116584 0.192527 -0.164275 -0.077587 0.102782 0.191022 0.119342 -0.138942 -0.077025 -0.026484 -0.035135 -0.058288 -0.207351 -0.200945 0.024488 0.053521 0.207238 0.071722 0.119085 -0.140966 0.083108 
-0.164581 -0.118688 -0.191123 0.022971 0.002142 -0.143231 0.067876 0.161254 0.118618 0.249476 -0.007343 -0.196673 0.252869 -0.017005 0.363875 0.269599 0.161730 -0.142042 0.291687 0.207073 -0.019870 -0.146453 0.141929 -0.077957 0.120896 -0.136021 -0.221018 -0.087145 -0.283096 0.121919 0.189451 -0.357935 0.122381 0.205019 0.164720 -0.359512 0.056570 -0.066543 -0.365835 -0.083859 0.216091 0.116980 -0.095470 0.169959 0.182690 -0.119985 0.076904 -0.182679 0.155328 -0.112898 -0.173799 -0.070805 0.068475 -0.041747 0.014971 -0.326823 -0.067962 0.029200 0.171479 -0.052988 0.526188 -0.011737 -0.050563 0.079935 
-0.145359 -0.112612 0.078718 0.045546 -0.117157 0.218909 0.136957 -0.046342 0.040604 0.060447 -0.143098 0.084974 -0.140435 -0.009493 0.001441 -0.135777 0.238213 -0.088014 -0.010543 0.064203 0.148149 -0.053359 -0.043674 -0.083665 0.043167 0.160436 0.034003 -0.160956 -0.124996 0.011790 0.274984 -0.096465 -0.123780 0.170808 -0.015882 -0.106694 0.007924 -0.074444 0.001759 -0.133950 0.028577 0.087596 -0.020977 -0.010900 -0.017042 -0.148150 0.121977 -0.027808 -0.000157 -0.059930 -0.153812 -0.122876 0.023838 -0.048655 -0.225523 -0.162326 -0.145255 0.195072 0.052818 -0.055245 0.085130 0.132691 -0.010200 0.082889 
0.024587 0.132051 -0.060924 0.094306 -0.167189 -0.172267 -0.270757 -0.162635 0.095810 -0.305572 0.234853 -0.000656 -0.139947 0.095635 -0.031832 0.047360 0.083884 0.162688 0.174950 -0.129966 -0.115284 -0.124587 0.048600 -0.143406 -0.260194 -0.065170 -0.034290 0.239021 0.106929 0.260921 -0.068179 0.169368 0.071596 -0.077520 -0.072922 -0.025060 0.173385 0.084913 0.120077 0.310666 -0.179691 0.129884 -0.064120 -0.137550 -0.008968 0.166677 0.013168 -0.062809 0.116486 0.073723 0.106727 0.063065 -0.127900 -0.194362 0.119861 0.139949 -0.140094 0.034107 0.152167 -0.225962 -0.123828 -0.016437 0.176479 0.149151 
-0.239320 0.149886 -0.032709 -0.166458 0.081388 -0.282607 0.329246 -0.000435 0.178267 0.382063 -0.084606 -0.152131 0.194711 -0.122196 -0.038853 0.012765 -0.030476 -0.041836 -0.001139 -0.071129 -0.162761 -0.014767 0.233049 -0.105033 0.138426 -0.105612 0.113134 -0.305612 -0.038124 -0.126142 0.200334 0.338380 0.144903 0.034787 0.416019 0.049052 0.117597 0.169527 0.153422 0.442392 0.101586 -0.171819 -0.131464 0.099378 -0.021644 -0.072492 0.092685 -0.201381 0.148835 0.147345 -0.044441 -0.152932 0.017962 0.102982 -0.111934 -0.052114 -0.247323 -0.219051 -0.021166 0.039177 -0.138941 -0.229912 0.142189 0.147959 
0.052997 0.147947 0.165269 0.126820 0.119875 0.095394 0.026642 0.062357 0.110135 0.203089 -0.049056 0.109177 0.034228 0.036095 -0.117339 -0.003388 -0.000899 -0.033612 -0.065591 -0.059172 -0.084395 0.155575 0.081168 -0.028752 0.140862 -0.152548 -0.120432 -0.035995 -0.084027 0.030078 -0.061218 -0.078051 -0.037859 -0.040977 0.203129 0.012321 -0.127557 0.064657 0.099024 -0.091280 -0.073017 -0.106262 -0.154519 0.127307 0.076612 -0.103088 -0.095455 0.027479 -0.010157 -0.112317 0.081598 0.161680 -0.119008 0.007939 0.001373 -0.116169 0.027740 0.031183 0.004229 0.100740 -0.067643 -0.146228 0.139992 -0.006971 
-0.052955 0.272921 0.211608 0.183306 0.122396 -0.099008 0.058092 0.144544 0.095503 0.253032 0.070031 -0.034238 0.245016 -0.037758 -0.220422 0.087599 -0.362078 0.238097 -0.082125 -0.094765 -0.031808 0.103397 -0.063341 0.099350 -0.047884 -0.110607 0.095955 -0.088587 0.016282 0.095050 -0.166545 0.264300 0.013562 -0.201541 0.023877 0.406755 0.157631 -0.049203 0.163579 0.246896 0.107068 -0.063512 -0.257019 0.093176 0.116374 -0.053472 -0.090120 0.095874 -0.173568 -0.008551 -0.113733 0.209783 -0.325519 -0.045570 0.088479 -0.044805 0.134726 -0.196770 -0.376488 -0.107771 0.005634 -0.113444 -0.070178 -0.077700 
-0.151709 -0.110409 -0.055216 -0.144854 0.049898 0.009927 0.119905 0.124611 -0.094370 0.170334 -0.203533 -0.072928 0.084204 -0.193715 -0.173682 -0.058438 0.026519 -0.114767 0.009145 0.185142 -0.136399 0.071358 -0.040121 0.186592 0.192172 -0.025301 -0.204062 -0.014692 0.016139 -0.143010 -0.022175 0.172586 -0.130990 0.219244 -0.044217 -0.076937 0.005414 0.105297 0.030519 -0.481825 0.037589 0.070954 -0.137419 -0.052340 -0.274865 0.041487 0.150765 0.113453 0.064614 -0.026907 0.013371 0.160394 0.163855 0.236280 0.141221 0.019705 0.075632 0.096153 0.014496 0.068156 0.048394 -0.134690 0.075454 -0.133149 
-0.049215 0.200848 0.131894 -0.057926 0.009089 -0.204114 -0.135811 0.158917 0.116456 0.020069 -0.079242 0.053484 -0.011656 0.168742 0.107256 -0.086084 -0.085785 -0.025603 -0.061795 -0.157715 -0.123560 0.082444 0.127321 -0.049251 0.061130 0.005762 -0.100913 0.086805 0.088580 -0.243258 -0.231923 -0.108830 -0.050476 -0.086810 -0.027497 0.074266 0.075969 -0.117166 0.074044 0.250064 -0.236947 -0.127664 0.030267 0.008982 0.241320 -0.158504 0.007223 -0.115469 -0.031515 0.058088 -0.068324 0.078187 -0.070223 -0.135862 -0.165867 -0.244836 0.049560 -0.043028 0.137334 0.107546 0.238501 0.081431 0.051498 0.230605 
0.170599 -0.000186 0.426238 -0.037495 0.073065 -0.013474 -0.145642 0.160485 -0.296227 0.156226 -0.205462 -0.076109 0.047119 0.147870 -0.435653 0.303039 -0.218240 -0.071756 0.140149 0.204761 -0.028097 -0.054236 -0.094260 -0.175364 -0.015011 0.009904 0.640103 -0.003465 0.228221 -0.334649 -0.168745 -0.020544 0.471603 -0.084797 -0.106976 0.264438 0.103273 -0.225910 -0.203134 0.542695 0.117469 0.158510 -0.370976 0.074193 0.258502 0.063021 -0.004580 0.073156 -0.131146 0.514108 0.313795 0.039057 -0.024405 -0.313298 0.371333 0.159550 0.051673 0.203652 -0.082240 0.231429 -0.516929 0.250615 0.104674 0.150758 
-0.134232 0.091973 0.053315 0.113016 0.084304 0.015510 0.338898 0.018670 0.056975 -0.095736 -0.081984 -0.056040 -0.005914 0.057624 0.021484 -0.002112 0.138927 0.062400 -0.094887 -0.020909 0.045842 -0.144087 0.202665 -0.011222 0.118064 0.105393 0.095306 -0.306737 -0.115587 -0.102528 -0.070221 0.229645 0.047262 -0.074982 0.316922 -0.140443 0.120922 0.075931 0.066293 0.210779 0.103463 0.107472 -0.276530 -0.109635 0.106711 -0.040529 0.228869 -0.071440 -0.068620 0.159373 0.023981 0.099422 -0.212648 -0.060887 -0.243225 -0.254569 0.075047 0.045749 -0.155088 -0.012828 -0.057105 -0.113459 -0.169622 0.085458 
0.017371 0.145478 0.121059 -0.045798 0.058951 -0.068472 -0.016072 -0.169286 -0.024964 0.139582 0.027549 -0.165497 0.071130 0.005122 -0.060829 0.047216 -0.089795 -0.151566 0.067189 -0.059130 -0.125715 0.147490 0.008558 -0.169431 -0.026533 -0.058368 -0.105025 -0.002747 0.032092 0.015956 -0.032538 -0.070703 -0.018442 -0.025802 -0.062456 0.238151 -0.077713 0.050541 -0.104914 0.187311 -0.097346 0.139191 0.305546 -0.102562 0.104912 -0.033309 0.026654 -0.001654 0.007602 -0.092185 0.072977 0.109952 -0.031576 -0.185883 0.263212 0.225079 -0.001712 -0.139335 0.107557 -0.055830 -0.082276 -0.122688 0.050589 0.075465 
-0.253730 -0.091071 0.234523 -0.113092 0.046010 -0.080205 0.105073 -0.140922 0.075560 0.193732 -0.119658 -0.145470 0.063818 0.241210 0.141155 0.098640 -0.006878 0.014258 0.141614 0.055359 -0.143535 -0.021929 -0.018453 -0.249004 0.007562 -0.217729 -0.002629 -0.159081 0.029956 -0.140508 -0.044949 0.033580 0.249221 -0.191802 0.224238 0.077162 -0.111687 0.163901 0.006513 0.357132 -0.033507 0.099230 -0.031230 -0.059327 0.261538 0.005820 0.149109 -0.051100 -0.033700 -0.030145 0.041795 0.187508 0.032175 0.098809 0.155170 -0.282051 -0.192667 -0.235721 0.004528 0.353660 0.295986 -0.254322 0.012512 0.200517 
0.156949 -0.041584 -0.012698 0.115642 -0.010731 0.031530 -0.186121 -0.146579 -0.036872 0.033389 -0.124542 -0.054696 -0.001059 0.137859 -0.012542 0.032050 -0.062993 0.184125 0.008397 -0.081906 0.071789 -0.100388 -0.197142 -0.177200 -0.043104 0.130372 0.228985 0.003024 -0.140480 -0.063228 -0.251743 -0.063017 -0.000533 -0.075721 -0.150596 0.119032 -0.021607 0.037095 0.145714 0.211079 -0.098441 0.160730 0.198308 0.053111 0.138437 -0.016728 -0.182049 -0.009193 -0.052883 0.126384 -0.046684 -0.130647 0.098652 -0.218356 0.013353 -0.168782 -0.183062 -0.185501 -0.087380 -0.130939 -0.031305 -0.048407 0.101942 0.073302 
-0.031756 0.068107 0.030112 0.115564 0.042760 -0.034612 -0.092462 0.172679 0.041406 0.069877 -0.150474 -0.159185 0.215403 0.110141 0.222924 0.012262 -0.027654 -0.231962 0.121288 0.192825 -0.196795 0.110629 0.138442 -0.180704 0.108884 -0.150790 -0.236778 0.237376 -0.016071 0.118448 0.019679 -0.205913 0.062832 -0.024523 -0.114928 -0.158176 0.054767 0.137521 -0.093155 -0.297391 -0.089042 0.103308 0.155891 0.032213 -0.039691 -0.095610 0.060801 -0.012995 -0.048964 -0.181158 -0.069078 0.062003 0.131172 -0.006962 0.130611 -0.115829 0.059331 0.074781 0.168321 -0.053796 0.439133 -0.135652 -0.052699 0.131743 
0.220477 0.055002 -0.270994 0.144508 0.026228 0.042589 -0.066706 0.081608 -0.174941 0.166130 0.018452 0.057221 0.129433 -0.007099 0.049901 -0.030471 0.040247 -0.055831 0.005596 0.095888 0.100156 -0.026376 0.056000 -0.101720 -0.168515 -0.081043 -0.150325 0.124480 0.040801 0.460961 0.141934 0.040689 -0.100464 0.222921 -0.087961 0.132700 -0.024286 -0.112625 0.156210 -0.270918 0.200542 -0.189365 -0.156542 0.036045 -0.148396 0.285541 -0.227965 0.012310 -0.196926 -0.045972 0.065781 0.124970 -0.194522 0.177923 -0.122570 0.298515 -0.124241 -0.050288 -0.155801 -0.207719 -0.162067 0.182713 -0.111781 -0.070253 
0.011805 -0.076866 0.028458 -0.106229 -0.037344 -0.091842 0.034063 -0.213259 0.013373 0.111999 0.133773 -0.127532 0.112613 0.160494 -0.113223 0.132512 0.089573 0.029571 0.114407 0.105636 0.017556 0.082539 0.345073 -0.002593 -0.157743 -0.138366 -0.027407 0.012397 -0.206048 0.048933 -0.083843 0.089922 0.117236 0.040768 0.136439 0.069002 -0.023386 0.043924 0.102220 0.070073 -0.086447 0.087024 0.030276 0.039159 -0.027875 -0.069157 0.063243 -0.069584 0.122002 -0.081501 0.170082 0.119053 -0.100682 0.097663 0.010335 0.108338 -0.163361 0.047908 0.146396 -0.174347 -0.042710 0.024846 0.114786 -0.089672 
0.069620 0.032160 0.225682 0.121428 -0.062016 0.019785 0.060622 -0.100864 0.004598 0.437931 -0.148043 -0.188910 0.038512 0.122909 -0.056195 -0.084255 -0.079918 -0.045054 0.210931 -0.021712 -0.105129 -0.024527 0.169144 -0.079077 -0.123910 -0.142471 0.109546 -0.055793 -0.129782 -0.020004 -0.033216 0.035943 0.129208 0.090414 0.216339 0.129494 -0.034070 0.049839 0.067730 0.433747 -0.035544 0.206245 0.074781 0.199222 0.098707 0.016694 -0.146451 0.155525 -0.105809 -0.126633 -0.088766 0.029252 0.047307 0.105553 0.051944 0.097831 -0.110161 0.024833 0.217207 0.160596 -0.106593 -0.108125 0.092354 -0.029863 
0.418275 -0.213405 -0.121326 -0.069960 0.089455 0.261922 -0.235579 0.020952 0.100235 -0.062475 -0.199643 0.081143 -0.189113 -0.133993 0.021626 -0.155682 -0.106045 -0.123641 0.053038 0.009447 -0.019653 0.137823 -0.484134 0.188078 0.048413 -0.141501 -0.048178 0.169801 0.028010 -0.045395 -0.060601 -0.242879 -0.116632 0.285704 -0.084662 -0.086119 0.052424 0.050974 0.010476 -0.131035 -0.120298 0.139178 -0.097240 -0.024789 0.154825 0.004217 -0.209283 -0.011862 0.053837 0.155697 -0.004950 -0.252812 0.156691 0.141077 0.321543 -0.131838 0.267640 0.055329 0.131670 -0.051309 0.177582 0.093244 0.151680 -0.256958 
0.019546 -0.002188 -0.019448 -0.202729 -0.141323 -0.187282 -0.235623 -0.188871 0.057584 -0.253949 -0.074564 0.020744 0.085468 0.185564 0.102020 -0.077694 0.062348 0.105561 0.153438 -0.205418 0.027141 -0.035439 -0.136356 -0.003788 -0.172318 -0.187501 -0.153114 0.378390 0.013938 0.067562 -0.013419 -0.027326 0.031434 -0.203938 -0.134677 -0.087689 -0.010275 -0.071002 -0.012259 0.333087 -0.243783 -0.019591 0.284061 0.061840 0.152859 -0.047055 -0.148161 -0.053340 -0.024857 -0.068959 -0.034862 0.121659 0.171176 -0.178225 0.144503 0.230711 -0.122348 0.146577 0.144336 0.105156 0.127857 -0.162506 0.010173 0.262488 
0.019463 0.007617 -0.062518 0.018919 0.086644 -0.127627 -0.131667 0.018692 -0.075146 -0.277011 0.099072 0.158476 0.036189 0.005709 -0.258760 -0.228292 0.021339 0.017741 0.119232 -0.199874 0.007525 -0.057857 0.194493 0.091118 -0.135337 -0.043088 -0.019893 0.284011 0.024627 -0.021103 -0.026697 0.169013 0.131490 -0.269951 -0.152967 -0.030956 0.002126 -0.114164 -0.023373 0.212115 -0.062435 -0.093392 0.132098 -0.144300 -0.016269 0.049999 -0.103876 0.091603 -0.082542 -0.111633 0.198672 0.003262 0.153783 -0.005786 -0.001894 0.373493 -0.166078 -0.127548 0.134668 -0.033569 -0.172285 -0.076474 -0.050401 0.212345 
-0.150952 0.259282 0.047368 0.125414 -0.061265 0.020941 0.202834 0.094052 0.072547 0.230662 0.150731 -0.184470 0.069776 -0.062642 0.122215 0.108165 0.031418 0.053801 -0.062287 0.030847 -0.035947 -0.007848 0.040078 -0.066140 0.046747 -0.087694 0.282057 -0.054157 0.024725 -0.185994 0.112564 -0.054643 0.024322 0.098710 0.032854 -0.056283 0.043306 -0.025909 -0.136973 0.083884 0.017225 -0.168831 -0.287047 -0.192173 0.046797 0.118159 0.203183 -0.210750 0.032649 0.182269 -0.027063 0.187359 -0.148143 0.072547 -0.250197 -0.284983 0.071327 -0.108835 -0.205600 0.004655 0.033661 0.124151 -0.001842 0.129022 
0.145484 0.004098 -0.200680 -0.128289 0.072283 -0.025507 -0.048281 -0.188104 0.049901 0.038434 0.025366 -0.145049 0.096406 -0.113585 -0.103755 -0.045583 0.188081 -0.074449 -0.065140 -0.068007 -0.057869 0.050956 0.169627 0.146918 0.004970 0.072601 -0.276946 0.051517 -0.001606 0.272131 -0.020173 -0.020738 0.050225 -0.022505 -0.039237 -0.017286 0.066311 -0.143831 0.069876 -0.016568 0.040021 -0.124276 0.085154 0.037594 -0.155391 0.002662 0.062806 -0.100951 0.099434 -0.282707 0.094519 -0.175152 0.170180 -0.019914 0.107074 0.220731 -0.198778 -0.017254 -0.136402 -0.019495 -0.053043 -0.134577 0.117640 0.031085 
0.118739 -0.090033 -0.302274 -0.008749 -0.013013 -0.023519 0.043182 -0.240515 -0.057382 0.013382 0.114053 -0.168374 0.245215 0.087008 0.052342 0.149676 0.154633 -0.185278 0.151474 0.088238 -0.034220 0.153423 0.153997 -0.074453 0.027237 -0.056661 -0.409683 -0.009266 0.016613 0.412160 0.083434 -0.029371 -0.117038 0.103576 0.092835 -0.001249 -0.016875 0.126251 0.086274 -0.066101 0.081625 -0.079629 0.321048 0.172116 -0.294426 -0.003396 -0.083401 0.175207 -0.005087 -0.354303 0.151217 -0.012614 0.205548 -0.038090 0.158355 0.343107 0.045037 -0.002590 -0.155533 -0.041713 0.157361 -0.076387 0.184791 -0.004752 
0.003026 0.056354 -0.141816 -0.252225 -0.193920 0.100563 -0.054905 -0.246771 -0.211791 -0.210528 0.208903 -0.025616 -0.252277 0.024578 -0.306327 -0.013714 0.114559 0.221080 0.081775 -0.013901 -0.080107 0.001582 0.169033 -0.084611 -0.206936 0.109829 -0.025987 0.210053 0.117274 0.046399 -0.149300 0.224204 -0.020028 -0.254472 -0.025764 -0.067847 0.192092 -0.041248 0.018859 -0.048437 -0.183338 -0.020480 -0.033715 -0.126028 0.101016 -0.089299 -0.179660 0.117271 -0.092738 -0.219681 0.141863 -0.096249 0.083174 -0.059209 -0.090618 0.373952 -0.116884 -0.106047 0.083550 0.041615 -0.100087 0.072903 0.054847 0.153373 
-0.057752 -0.089930 0.143780 -0.155544 -0.186978 -0.031776 -0.390557 -0.101095 -0.027610 -0.383046 -0.026896 -0.065379 -0.043415 0.288770 0.072217 0.035121 0.222643 -0.059058 0.254328 0.102521 0.107103 -0.159057 -0.116525 -0.153780 -0.162081 -0.164549 0.151341 0.345809 0.129746 -0.139292 -0.178359 -0.365379 0.134654 -0.101499 -0.440919 -0.111379 -0.069319 -0.164401 -0.089693 0.073107 -0.094059 0.190512 -0.013289 0.103559 0.197317 -0.125523 -0.161386 0.168191 0.158284 0.221080 0.021493 0.014136 -0.046202 0.121489 0.185485 -0.153222 -0.138551 0.095507 0.280048 0.087719 0.552148 -0.088168 0.081301 0.167507 
-0.091299 0.304918 0.061758 0.088244 -0.124551 0.116449 0.226572 -0.020643 0.185349 0.012405 0.003502 0.110240 0.043038 -0.059675 0.007662 -0.002806 -0.057865 0.203793 -0.154990 -0.086082 0.199831 0.018314 0.048594 0.145192 -0.063479 0.058720 0.080659 -0.237182 0.105041 0.022171 0.237162 -0.039462 0.149311 -0.044686 0.219186 0.034955 0.049660 -0.132002 -0.135878 0.277668 0.112737 -0.061050 -0.280277 -0.084940 0.201945 0.025486 0.154423 -0.229882 0.010707 0.073815 -0.005386 -0.060898 -0.095869 0.106466 -0.374512 -0.151082 -0.088862 0.180185 -0.124138 -0.100955 -0.036054 0.070531 -0.125588 -0.043154 
0.360474 0.166305 0.064871 0.049853 -0.101323 -0.127049 0.132160 0.027095 0.140318 -0.157219 0.095082 0.157810 0.081082 -0.031102 -0.165465 -0.133794 -0.019701 0.049902 0.053738 -0.168692 0.001139 0.042743 -0.182499 0.086912 0.083939 0.051624 0.280308 0.031838 0.077578 0.279699 0.134287 0.065706 0.150554 0.004732 -0.105237 -0.170745 0.235410 -0.074602 -0.154036 0.289683 0.020967 -0.088791 0.011337 -0.138143 0.088627 0.014601 -0.107278 -0.174353 -0.086881 -0.057362 -0.128922 -0.137162 -0.075250 -0.138116 -0.149894 0.225744 -0.024058 -0.069590 -0.111247 -0.065247 -0.170676 0.200325 0.026840 -0.134029 
-0.352896 0.032594 -0.296737 0.030472 -0.186619 -0.354970 -0.000797 -0.107649 
0.139242 0.391177 0.092604 0.029427 0.183629 -0.015412 0.077742 0.148928 
0.285740 -0.005689 -0.376931 -0.404278 0.386250 -0.116011 -0.030168 0.036715 
0.074352 0.193519 0.030440 0.311091 0.322790 -0.026175 0.108287 0.060980 
0.076008 -0.059336 -0.095523 0.196158 0.186216 -0.013799 0.008043 0.111685 
-0.283317 -0.172883 0.113029 0.042659 0.000331 -0.059612 0.042896 -0.096609 
-0.279035 -0.009683 0.398823 0.636164 -0.248275 0.082836 -0.041106 -0.331774 
-0.015983 -0.216299 0.043876 0.209542 0.418582 -0.024853 0.061378 -0.049634 
0.077188 0.272293 -0.029818 0.168871 -0.045358 0.213089 -0.134028 -0.006717 
-0.134354 -0.086011 -0.243727 0.902474 -0.134795 0.021018 -0.222811 -0.397250 
-0.106872 0.388187 0.170419 -0.131586 -0.186036 -0.079933 0.051828 0.106908 
-0.302810 0.057362 0.055621 -0.080379 0.026610 0.031002 0.094752 0.003920 
0.255068 0.136592 0.013342 0.155783 0.036987 -0.067650 -0.041650 0.008962 
0.140983 0.044756 -0.102087 -0.248306 0.060723 -0.009198 -0.093573 -0.127732 
-0.017872 0.347664 0.197146 0.685610 0.158349 0.049046 -0.347003 -0.468986 
0.278225 0.044284 0.010441 0.191358 0.307844 -0.210456 -0.120615 -0.054433 
-0.200827 0.039262 0.251334 -0.225928 -0.460597 0.134170 -0.119918 -0.352546 
-0.087294 0.245774 0.017874 -0.114561 0.106131 0.024058 0.123218 0.113586 
0.190433 0.043767 -0.250143 -0.219097 0.024946 -0.114433 -0.082847 -0.203528 
0.084324 -0.300433 0.019761 0.114158 0.292621 -0.082618 -0.134817 -0.067894 
-0.110205 0.104413 0.154273 0.137871 0.053450 -0.076285 -0.038801 0.038005 
0.072919 -0.038066 -0.114274 0.123765 -0.107835 0.051389 0.103506 0.095042 
0.507327 -0.074135 0.296148 -0.197721 -0.044790 -0.262845 -0.064223 -0.181561 
-0.220439 0.045807 0.057705 0.092069 -0.047097 0.098875 -0.047168 0.120417 
0.017263 -0.173787 -0.031153 0.230945 0.159781 0.163742 -0.078836 0.059985 
-0.135452 0.112789 0.132520 0.059137 0.052884 -0.022653 -0.010728 0.125173 
0.089395 0.327659 -0.076535 -0.919215 0.558163 -0.632566 -0.233703 -0.204295 
0.265774 0.221633 -0.221438 -0.791654 0.263297 -0.029133 -0.043903 -0.000729 
-0.069506 0.089821 0.032180 -0.100356 0.098947 -0.066041 0.145516 0.068440 
-0.171089 0.197020 0.168495 0.662680 -0.460768 -0.450394 -0.169489 -0.099086 
-0.008495 0.117207 0.270939 0.209936 -0.162153 -0.019918 -0.229254 -0.231627 
0.176175 -0.155561 0.133539 -0.114623 -0.166681 0.094676 0.327572 0.620871 
0.171018 0.246060 -0.402806 -0.353789 -0.041121 -0.121918 -0.285060 -0.341112 
-0.180388 -0.124270 0.053492 0.405881 -0.153967 -0.115105 -0.021763 -0.224647 
-0.229133 -0.135548 0.093209 0.601051 -0.407211 -0.022894 -0.178013 -0.484133 
0.259778 -0.068826 -0.598468 -0.206402 -0.164369 0.040358 0.264032 0.319812 
-0.091703 0.214699 -0.021203 -0.072485 0.091920 -0.094929 -0.021276 0.059145 
0.139717 -0.005341 -0.107299 0.179695 -0.029602 0.122441 -0.004869 0.085212 
0.088856 -0.080924 -0.068740 -0.053515 -0.093642 0.084205 0.345308 0.071259 
0.206791 1.013187 -0.855641 0.106084 -0.223775 -0.096193 -0.147432 -0.304309 
-0.031054 0.023677 0.202890 0.332052 0.066358 -0.208286 0.020399 -0.034643 
-0.085817 -0.160843 -0.230662 -0.057224 0.087261 -0.056470 -0.151554 -0.087858 
0.172012 0.120198 -0.665346 -0.448965 -0.201544 0.373066 0.120190 0.037499 
0.078522 -0.091772 -0.145318 0.036105 -0.120624 -0.069236 -0.008409 -0.175118 
0.011911 0.261917 -0.286973 -0.285661 0.038358 0.140558 -0.142627 -0.152159 
-0.105161 -0.017483 0.044371 0.009414 0.121535 -0.100479 0.244025 0.017023 
0.139062 -0.226922 0.348386 0.147172 0.050822 0.140966 -0.083123 0.012595 
-0.040777 -0.290916 -0.201244 -0.171873 -0.116287 -0.121914 0.090626 0.114690 
-0.032195 0.011956 -0.010813 -0.128950 -0.109539 0.105633 -0.112381 -0.103855 
-0.085309 -0.042581 0.184118 -0.482093 0.734076 -0.157329 -0.111663 -0.155842 
0.060894 -0.168851 0.026899 -0.205881 0.013081 -0.144408 0.178703 0.052703 
0.307830 -0.085901 0.069664 0.115154 0.237563 -0.001296 0.100841 0.233317 
-0.164538 -0.270615 -0.185774 -0.216295 -0.423033 0.086488 -0.234011 -0.233492 
-0.010811 -0.164737 0.142527 0.162064 -0.136302 0.102090 0.110970 -0.094326 
0.201195 -0.508760 -0.455098 -0.266802 0.151336 -0.174597 -0.084815 0.071253 
0.052343 -0.118761 -0.294721 -0.281236 -0.084355 -1.084957 0.224540 -0.127030 
-0.128309 -0.216942 -0.031464 0.161108 0.249240 0.050288 -0.011652 0.229389 
-0.130223 -0.134753 0.097180 -0.094348 -0.006216 -0.070584 -0.190235 -0.098423 
-0.008946 -0.026859 -0.249306 -0.473531 -0.046237 0.101673 -0.084357 -0.474069 
0.140088 -0.185759 -0.407764 -0.261060 -0.122621 0.088293 -0.020669 -0.091928 
-0.258576 -0.016854 0.275241 1.427477 0.550242 -0.199386 -0.470423 -1.097920 
-0.223067 0.103540 0.148595 -0.018985 0.098789 -0.206942 -0.005129 -0.072572 
0.048982 -0.036027 -0.177370 0.011489 -0.164725 -0.080635 -0.005730 0.010874 
0.202125 0.021623 -0.055249 -0.496718 0.154472 0.040769 -0.138162 -0.064594 









0.000000 
0.000000 
0.000000 
0.000000 
0.000000 
0.000000 
0.000000 
0.000000 
0.242958 
0.091946 
-0.460360 
0.420248 
0.500661 
0.412643 
-0.411260 
-0.064817 
-0.139052 
0.350050 
0.703833 
-0.232184 
-0.098911 
0.142578 
0.024361 
-0.626435 
-0.551523 
-0.070093 
0.578111 
0.642805 
0.019189 
0.208406 
0.260824 
-0.775084 
-0.395976 
-0.283772 
-0.218483 
-0.194385 
-1.180419 
-0.162063 
0.108226 
-0.572960 
-0.095183 
0.088378 
0.539895 
0.137680 
0.272802 
0.430205 
-1.097898 
-0.154026 
-0.154348 
0.748155 
-0.776871 
-0.507031 
-0.326821 
-0.190757 
-1.060189 
-0.001908 
-0.098785 
-0.252570 
-0.156432 
0.154393 
0.040631 
0.589149 
-0.021032 
-0.647883 
-0.349984 
0.494387 
-0.126753 
-0.611000 
0.401053 
-0.326460 
0.363554 
0.356982 
-0.028654 
0.123976 
-0.378195 
0.137845 
-0.295280 
-0.127604 
0.218901 
0.765504 
-0.220662 
-0.504649 
0.439992 
0.172948 
0.156203 
-0.194893 
0.089216 
0.379635 
0.191735 
0.435159 
0.074350 
0.306639 
0.049855 
-0.428844 
-0.455296 
0.319517 
0.107154 
-0.248649 
0.003253 
0.299297 
-0.075842 
0.470996 
-0.420499 
0.001002 
-0.352966 
-0.567252 
0.147153 
-0.042267 
0.028708 
-0.138509 
0.000023 
-0.152163 
-0.456163 
0.031609 
0.301863 
-0.323008 
0.280132 
0.132678 
0.037230 
-0.369418 
-0.044421 
-0.260500 
0.164635 
0.063478 
0.129626 
-0.034935 
0.054130 
-0.231462 
-0.294145 
-0.118755 
-0.309183 
0.360620 
0.182190 
0.003289 
0.142349 
-0.124798 
0.368251 
-0.347699 
0.329275 
-0.071292 
-0.292133 
-0.101485 
0.133699 
-0.477427 
0.260623 
-0.133053 
0.298064 
-0.292942 
0.141693 
0.111530 
-0.064447 
0.075928 
-0.084529 
0.380457 
0.442075 
-0.499018 
-0.303593 
0.671507 
-0.176526 
0.394566 
-0.466049 
0.239896 
0.390359 
-0.195688 
0.354966 
-0.848177 
0.059068 
-0.013818 
0.053319 
0.017659 
0.333683 
0.192853 
-0.222280 
-0.568139 
-0.082532 
0.009213 
-0.006829 
0.296695 
0.289604 
0.358806 
-0.014899 
0.201723 
0.165278 
-0.090855 
-0.095111 
0.401164 
-0.308533 
0.521697 
0.362850 
-0.284352 
-0.147640 
0.046853 
0.234523 
-0.167911 
0.064694 
-0.138386 
0.235555 
-0.044662 
0.636942 
0.319577 
-0.339765 
0.223775 
-0.085820 
0.138430 
0.156198 
0.044352 
-0.378272 
0.000148 
0.151745 
0.348906 
-0.395401 
0.088704 
0.151210 
0.448401 
-0.145991 
-0.011164 
-0.505319 
-0.285115 
-0.403254 
-0.465846 
0.225952 
0.285419 
-0.005963 
-0.453902 
0.239358 
-0.195325 
-0.176560 
-0.301955 
-0.211776 
0.065177 
-0.053217 
-0.244345 
-0.373991 
-0.287815 
-0.284616 
0.421339 
-0.663990 
-0.185502 
-0.103936 
-0.216400 
0.094215 
-0.399652 
-0.374991 
-0.534963 
0.856946 
-0.015180 
-0.092595 
0.021323 
-0.172033 
0.436882 
0.646287 
1.834613 
1.047814 
0.349428 
0.051698 
0.807622 
1.358000 0.117675 0.088099 
