*************************************************************************************************************************************
|      ITER |        MB |        LE |        VM |       BVM |        IF |        IB |       MAW |       MAB |        LR |        ET | Sat Mar  9 09:34:23 2024 
-------------------------------------------------------------------------------------------------------------------------------------
|         1 |        74 |  7.43E-01 |  0.880859 |  0.880859 |     18.36 |     18.03 |  1.302728 |  3.435175 |  1.00E-02 |      0.25 | 
|         1 |       148 |  5.37E-01 |  0.889127 |  0.889127 |     19.20 |     18.72 |  0.154387 |  0.390749 |  1.00E-02 |      0.95 | 
|         1 |       222 |  4.56E-01 |  0.879098 |  0.889127 |     19.77 |     19.25 |  0.331999 |  0.384347 |  1.00E-02 |      1.72 | 
|         1 |       296 |  3.78E-01 |  0.899715 |  0.899715 |     20.81 |     20.10 |  0.409395 |  0.671245 |  9.99E-03 |      2.49 | 
|         1 |       370 |  3.25E-01 |  0.902499 |  0.902499 |     21.02 |     20.18 |  0.407700 |  0.502576 |  9.99E-03 |      3.26 | 
|         1 |       444 |  2.86E-01 |  0.901562 |  0.902499 |     20.97 |     20.03 |  0.083639 |  0.081062 |  9.98E-03 |      4.00 | 
|         1 |       518 |  2.72E-01 |  0.898370 |  0.902499 |     20.84 |     19.83 |  0.426567 |  0.424354 |  9.98E-03 |      4.71 | 
|         1 |       592 |  2.46E-01 |  0.904454 |  0.904454 |     20.64 |     19.55 |  0.168033 |  0.156543 |  9.97E-03 |      5.40 | 
|         1 |       666 |  2.30E-01 |  0.894167 |  0.904454 |     20.49 |     19.34 |  0.309817 |  0.335429 |  9.96E-03 |      6.09 | 
|         1 |       740 |  2.13E-01 |  0.904385 |  0.904454 |     20.36 |     19.12 |  0.331002 |  0.262649 |  9.96E-03 |      6.77 | 
|         1 |       814 |  1.98E-01 |  0.902282 |  0.904454 |     20.24 |     18.96 |  0.257007 |  0.207600 |  9.95E-03 |      7.45 | 
|         1 |       823 |  1.97E-01 |  0.898299 |  0.904454 |     20.23 |     18.94 |  0.145545 |  0.147270 |  9.94E-03 |      7.96 | 
|         2 |        74 |  1.71E-01 |  0.904198 |  0.904454 |     19.22 |     17.78 |  0.166597 |  0.171603 |  9.93E-03 |      8.20 | 
|         2 |       148 |  1.09E-01 |  0.901587 |  0.904454 |     19.22 |     17.61 |  0.183591 |  0.141740 |  9.92E-03 |      8.91 | 
|         2 |       222 |  9.07E-02 |  0.894831 |  0.904454 |     19.25 |     17.51 |  0.237324 |  0.194424 |  9.91E-03 |      9.60 | 
|         2 |       296 |  8.21E-02 |  0.878472 |  0.904454 |     19.24 |     17.57 |  0.093242 |  0.070797 |  9.90E-03 |     10.31 | 
|         2 |       370 |  7.97E-02 |  0.895211 |  0.904454 |     19.22 |     17.65 |  0.126497 |  0.096629 |  9.88E-03 |     11.01 | 
|         2 |       444 |  7.45E-02 |  0.904847 |  0.904847 |     19.28 |     17.69 |  0.345846 |  0.256742 |  9.87E-03 |     11.72 | 
|         2 |       518 |  7.37E-02 |  0.877005 |  0.904847 |     19.29 |     17.79 |  0.429398 |  0.363846 |  9.85E-03 |     12.43 | 
|         2 |       592 |  7.50E-02 |  0.899378 |  0.904847 |     19.35 |     17.90 |  0.389863 |  0.296290 |  9.84E-03 |     13.13 | 
|         2 |       666 |  6.96E-02 |  0.894947 |  0.904847 |     19.45 |     17.98 |  0.157071 |  0.118905 |  9.82E-03 |     13.83 | 
|         2 |       740 |  6.56E-02 |  0.886283 |  0.904847 |     19.57 |     18.09 |  0.128135 |  0.079050 |  9.80E-03 |     14.55 | 
|         2 |       814 |  6.24E-02 |  0.893815 |  0.904847 |     19.66 |     18.18 |  0.160474 |  0.111053 |  9.78E-03 |     15.28 | 
|         2 |       823 |  6.19E-02 |  0.897427 |  0.904847 |     19.67 |     18.18 |  0.096739 |  0.070010 |  9.78E-03 |     15.80 | 
|         3 |        74 |  2.60E-02 |  0.901851 |  0.904847 |     20.73 |     18.72 |  0.100293 |  0.109126 |  9.76E-03 |     16.05 | 
|         3 |       148 |  3.29E-02 |  0.887693 |  0.904847 |     20.59 |     18.90 |  0.270054 |  0.237796 |  9.74E-03 |     16.80 | 
|         3 |       222 |  3.01E-02 |  0.897655 |  0.904847 |     20.64 |     18.92 |  0.115833 |  0.086070 |  9.72E-03 |     17.56 | 
|         3 |       296 |  2.77E-02 |  0.898765 |  0.904847 |     20.71 |     18.92 |  0.082207 |  0.060491 |  9.69E-03 |     18.30 | 
|         3 |       370 |  3.53E-02 |  0.891558 |  0.904847 |     20.77 |     18.96 |  0.988032 |  0.728630 |  9.67E-03 |     19.07 | 
|         3 |       444 |  3.72E-02 |  0.905620 |  0.905620 |     20.76 |     19.04 |  0.213556 |  0.158339 |  9.65E-03 |     19.82 | 
|         3 |       518 |  4.47E-02 |  0.899016 |  0.905620 |     20.78 |     19.13 |  0.189321 |  0.216327 |  9.62E-03 |     20.56 | 
|         3 |       592 |  4.45E-02 |  0.901347 |  0.905620 |     20.79 |     19.18 |  0.419330 |  0.378262 |  9.60E-03 |     21.30 | 
|         3 |       666 |  4.43E-02 |  0.898925 |  0.905620 |     20.84 |     19.27 |  0.177824 |  0.152388 |  9.57E-03 |     22.06 | 
|         3 |       740 |  4.34E-02 |  0.885082 |  0.905620 |     20.89 |     19.33 |  0.358601 |  0.268936 |  9.54E-03 |     22.84 | 
|         3 |       814 |  4.17E-02 |  0.892562 |  0.905620 |     20.94 |     19.36 |  0.157145 |  0.149576 |  9.51E-03 |     23.59 | 
|         3 |       823 |  4.15E-02 |  0.878853 |  0.905620 |     20.94 |     19.36 |  0.178661 |  0.131328 |  9.51E-03 |     24.15 | 
|         4 |        74 |  1.74E-02 |  0.893238 |  0.905620 |     21.59 |     19.62 |  0.174453 |  0.129714 |  9.48E-03 |     24.41 | 
|         4 |       148 |  1.67E-01 |  0.924731 |  0.924731 |     22.54 |     20.91 |  0.437933 |  0.411508 |  9.45E-03 |     25.20 | 
|         4 |       222 |  2.18E-01 |  0.884849 |  0.924731 |     22.27 |     20.75 |  1.060693 |  0.842881 |  9.42E-03 |     26.09 | 
|         4 |       296 |  1.83E-01 |  0.891103 |  0.924731 |     22.48 |     20.79 |  0.162727 |  0.122140 |  9.39E-03 |     26.88 | 
|         4 |       370 |  1.56E-01 |  0.903039 |  0.924731 |     22.77 |     20.84 |  0.169262 |  0.122721 |  9.36E-03 |     27.74 | 
|         4 |       444 |  1.39E-01 |  0.882646 |  0.924731 |     23.14 |     21.05 |  0.284557 |  0.205568 |  9.32E-03 |     28.66 | 
|         4 |       518 |  1.25E-01 |  0.900175 |  0.924731 |     23.36 |     21.08 |  0.267386 |  0.200436 |  9.29E-03 |     29.60 | 
|         4 |       592 |  1.18E-01 |  0.886388 |  0.924731 |     23.60 |     21.22 |  1.144727 |  0.415882 |  9.25E-03 |     30.55 | 
|         4 |       666 |  1.09E-01 |  0.900283 |  0.924731 |     23.77 |     21.24 |  0.194537 |  0.144064 |  9.22E-03 |     31.55 | 
|         4 |       740 |  1.02E-01 |  0.885614 |  0.924731 |     23.96 |     21.36 |  0.160351 |  0.103293 |  9.18E-03 |     32.56 | 
|         4 |       814 |  9.85E-02 |  0.898418 |  0.924731 |     24.23 |     21.53 |  0.911828 |  0.542257 |  9.15E-03 |     33.64 | 
|         4 |       823 |  9.79E-02 |  0.900361 |  0.924731 |     24.26 |     21.55 |  0.316590 |  0.299006 |  9.14E-03 |     34.50 | 
|         5 |        74 |  4.08E-02 |  0.883070 |  0.924731 |     27.30 |     23.39 |  0.262982 |  0.211618 |  9.10E-03 |     34.80 | 
|         5 |       148 |  3.99E-02 |  0.913059 |  0.924731 |     26.85 |     23.07 |  0.237606 |  0.125710 |  9.06E-03 |     35.78 | 
|         5 |       222 |  3.74E-02 |  0.903088 |  0.924731 |     26.84 |     22.99 |  0.096589 |  0.069880 |  9.03E-03 |     36.79 | 
|         5 |       296 |  4.11E-02 |  0.907224 |  0.924731 |     26.91 |     23.10 |  0.095955 |  0.070831 |  8.99E-03 |     37.76 | 
|         5 |       370 |  3.92E-02 |  0.901186 |  0.924731 |     27.05 |     23.27 |  0.176544 |  0.128924 |  8.94E-03 |     38.80 | 
|         5 |       444 |  3.84E-02 |  0.913357 |  0.924731 |     27.18 |     23.42 |  0.396567 |  0.307540 |  8.90E-03 |     39.82 | 
|         5 |       518 |  3.80E-02 |  0.901580 |  0.924731 |     27.30 |     23.59 |  0.170219 |  0.131590 |  8.86E-03 |     40.84 | 
|         5 |       592 |  4.06E-02 |  0.884844 |  0.924731 |     27.40 |     23.70 |  0.570478 |  0.355034 |  8.82E-03 |     41.82 | 
|         5 |       666 |  4.57E-02 |  0.905647 |  0.924731 |     27.50 |     23.93 |  0.270587 |  0.197828 |  8.78E-03 |     42.81 | 
|         5 |       740 |  5.32E-02 |  0.897305 |  0.924731 |     27.79 |     24.27 |  0.208696 |  0.177950 |  8.73E-03 |     43.80 | 
|         5 |       814 |  7.44E-02 |  0.904570 |  0.924731 |     28.10 |     24.69 |  0.379059 |  0.297168 |  8.69E-03 |     44.97 | 
|         5 |       823 |  7.49E-02 |  0.900256 |  0.924731 |     28.14 |     24.75 |  0.306808 |  0.251100 |  8.68E-03 |     45.70 | 
|         6 |        74 |  9.63E-02 |  0.913409 |  0.924731 |     31.88 |     29.99 |  0.305839 |  0.223508 |  8.64E-03 |     46.05 | 
|         6 |       148 |  6.81E-02 |  0.907100 |  0.924731 |     32.80 |     30.51 |  0.141055 |  0.102042 |  8.59E-03 |     47.16 | 
|         6 |       222 |  6.73E-02 |  0.914986 |  0.924731 |     33.19 |     30.96 |  0.256316 |  0.188267 |  8.54E-03 |     48.26 | 
|         6 |       296 |  5.97E-02 |  0.905020 |  0.924731 |     34.08 |     31.45 |  0.338921 |  0.255902 |  8.50E-03 |     49.47 | 
|         6 |       370 |  5.22E-02 |  0.912531 |  0.924731 |     34.58 |     31.71 |  0.162568 |  0.117288 |  8.45E-03 |     50.69 | 
|         6 |       444 |  5.53E-02 |  0.909290 |  0.924731 |     34.84 |     31.79 |  2.735234 |  1.726581 |  8.40E-03 |     51.90 | 
|         6 |       518 |  5.81E-02 |  0.888808 |  0.924731 |     35.49 |     32.39 |  0.352718 |  0.276547 |  8.35E-03 |     53.15 | 
|         6 |       592 |  6.55E-02 |  0.898940 |  0.924731 |     35.37 |     32.32 |  0.297253 |  0.215020 |  8.30E-03 |     54.39 | 
|         6 |       666 |  6.27E-02 |  0.891738 |  0.924731 |     35.40 |     32.35 |  0.216064 |  0.156638 |  8.25E-03 |     55.51 | 
|         6 |       740 |  5.90E-02 |  0.891258 |  0.924731 |     35.43 |     32.36 |  0.169422 |  0.140822 |  8.20E-03 |     56.65 | 
|         6 |       814 |  5.59E-02 |  0.882461 |  0.924731 |     35.51 |     32.34 |  0.276537 |  0.241650 |  8.15E-03 |     57.80 | 
|         6 |       823 |  5.56E-02 |  0.889292 |  0.924731 |     35.54 |     32.34 |  0.090713 |  0.066885 |  8.15E-03 |     58.64 | 
|         7 |        74 |  1.93E-02 |  0.884544 |  0.924731 |     37.28 |     31.85 |  0.197896 |  0.145698 |  8.09E-03 |     59.01 | 
|         7 |       148 |  7.83E-02 |  0.909026 |  0.924731 |     36.87 |     33.04 |  0.223009 |  0.169059 |  8.04E-03 |     60.15 | 
|         7 |       222 |  7.53E-02 |  0.908058 |  0.924731 |     37.25 |     33.75 |  0.163537 |  0.131893 |  7.99E-03 |     61.34 | 
|         7 |       296 |  7.54E-02 |  0.873728 |  0.924731 |     37.75 |     34.51 |  0.818835 |  0.607232 |  7.94E-03 |     62.56 | 
|         7 |       370 |  7.17E-02 |  0.889129 |  0.924731 |     39.07 |     35.94 |  0.143113 |  0.106476 |  7.88E-03 |     63.91 | 
|         7 |       444 |  6.39E-02 |  0.884507 |  0.924731 |     40.29 |     37.01 |  0.160810 |  0.132612 |  7.83E-03 |     65.33 | 
|         7 |       518 |  5.81E-02 |  0.874085 |  0.924731 |     41.32 |     37.93 |  0.172840 |  0.094899 |  7.77E-03 |     66.74 | 
|         7 |       592 |  5.66E-02 |  0.911055 |  0.924731 |     42.13 |     38.71 |  0.435129 |  0.359630 |  7.72E-03 |     68.20 | 
|         7 |       666 |  5.52E-02 |  0.897554 |  0.924731 |     42.73 |     39.32 |  0.185559 |  0.144390 |  7.66E-03 |     69.65 | 
|         7 |       740 |  5.37E-02 |  0.907036 |  0.924731 |     43.18 |     39.74 |  0.240740 |  0.178646 |  7.61E-03 |     71.08 | 
|         7 |       814 |  5.08E-02 |  0.906771 |  0.924731 |     43.69 |     40.30 |  0.109299 |  0.081112 |  7.55E-03 |     72.51 | 
|         7 |       823 |  5.05E-02 |  0.896151 |  0.924731 |     43.75 |     40.35 |  0.081096 |  0.069942 |  7.54E-03 |     73.56 | 
|         8 |        74 |  8.00E-02 |  0.898669 |  0.924731 |     47.23 |     44.57 |  0.438817 |  0.240414 |  7.49E-03 |     74.02 | 
|         8 |       148 |  5.66E-02 |  0.897344 |  0.924731 |     47.36 |     44.71 |  0.104472 |  0.085849 |  7.43E-03 |     75.43 | 
|         8 |       222 |  4.76E-02 |  0.899417 |  0.924731 |     47.92 |     45.24 |  0.072027 |  0.102162 |  7.37E-03 |     77.01 | 
|         8 |       296 |  6.53E-02 |  0.879626 |  0.924731 |     47.83 |     45.31 |  0.306940 |  0.152005 |  7.31E-03 |     78.48 | 
|         8 |       370 |  6.55E-02 |  0.894922 |  0.924731 |     47.63 |     45.08 |  0.345383 |  0.192373 |  7.26E-03 |     80.03 | 
|         8 |       444 |  7.05E-02 |  0.883990 |  0.924731 |     47.76 |     45.35 |  1.124814 |  0.926554 |  7.20E-03 |     81.49 | 
|         8 |       518 |  6.63E-02 |  0.895758 |  0.924731 |     47.95 |     45.74 |  0.082036 |  0.061365 |  7.14E-03 |     82.97 | 
|         8 |       592 |  6.15E-02 |  0.873050 |  0.924731 |     48.09 |     45.99 |  0.116515 |  0.100408 |  7.08E-03 |     84.47 | 
|         8 |       666 |  5.68E-02 |  0.900531 |  0.924731 |     48.26 |     46.23 |  0.247345 |  0.200540 |  7.02E-03 |     85.96 | 
|         8 |       740 |  5.33E-02 |  0.875413 |  0.924731 |     48.33 |     46.38 |  0.115870 |  0.085997 |  6.96E-03 |     87.50 | 
|         8 |       814 |  5.06E-02 |  0.854341 |  0.924731 |     48.45 |     46.54 |  0.144812 |  0.109924 |  6.90E-03 |     88.99 | 
|         8 |       823 |  5.03E-02 |  0.852996 |  0.924731 |     48.47 |     46.57 |  0.200837 |  0.165787 |  6.89E-03 |     90.11 | 
|         9 |        74 |  1.86E-02 |  0.901805 |  0.924731 |     49.49 |     48.12 |  0.132644 |  0.107364 |  6.83E-03 |     90.59 | 
|         9 |       148 |  3.45E-02 |  0.892986 |  0.924731 |     49.47 |     48.24 |  0.273235 |  0.201121 |  6.77E-03 |     92.09 | 
|         9 |       222 |  3.07E-02 |  0.868798 |  0.924731 |     49.32 |     48.03 |  0.081333 |  0.074094 |  6.71E-03 |     93.60 | 
|         9 |       296 |  3.20E-02 |  0.851144 |  0.924731 |     49.27 |     48.01 |  0.153322 |  0.126122 |  6.65E-03 |     95.10 | 
|         9 |       370 |  2.97E-02 |  0.859510 |  0.924731 |     49.22 |     47.84 |  0.121430 |  0.088833 |  6.59E-03 |     96.59 | 
|         9 |       444 |  2.70E-02 |  0.886372 |  0.924731 |     49.27 |     47.96 |  0.129977 |  0.099372 |  6.52E-03 |     98.09 | 
|         9 |       518 |  2.58E-02 |  0.868353 |  0.924731 |     49.32 |     48.01 |  0.121340 |  0.089440 |  6.46E-03 |     99.61 | 
|         9 |       592 |  2.45E-02 |  0.864046 |  0.924731 |     49.37 |     48.05 |  0.152546 |  0.114205 |  6.40E-03 |    101.13 | 
|         9 |       666 |  2.36E-02 |  0.884630 |  0.924731 |     49.40 |     48.09 |  0.137406 |  0.113941 |  6.34E-03 |    102.64 | 
|         9 |       740 |  2.31E-02 |  0.873657 |  0.924731 |     49.44 |     48.19 |  0.113157 |  0.083735 |  6.27E-03 |    104.16 | 
|         9 |       814 |  2.30E-02 |  0.891210 |  0.924731 |     49.43 |     48.17 |  0.193513 |  0.142002 |  6.21E-03 |    105.67 | 
|         9 |       823 |  2.35E-02 |  0.908303 |  0.924731 |     49.43 |     48.19 |  0.349289 |  0.287727 |  6.20E-03 |    106.76 | 
|        10 |        74 |  5.21E-02 |  0.900791 |  0.924731 |     49.28 |     47.96 |  0.210369 |  0.143999 |  6.14E-03 |    107.24 | 
|        10 |       148 |  5.00E-02 |  0.880333 |  0.924731 |     48.72 |     47.43 |  0.656788 |  0.359678 |  6.08E-03 |    108.74 | 
|        10 |       222 |  4.22E-02 |  0.865506 |  0.924731 |     48.93 |     47.88 |  0.271097 |  0.203605 |  6.02E-03 |    110.23 | 
|        10 |       296 |  3.59E-02 |  0.872302 |  0.924731 |     48.96 |     47.73 |  0.121168 |  0.088594 |  5.95E-03 |    111.74 | 
|        10 |       370 |  3.16E-02 |  0.861412 |  0.924731 |     49.07 |     47.85 |  0.102762 |  0.074751 |  5.89E-03 |    113.23 | 
|        10 |       444 |  3.39E-02 |  0.902197 |  0.924731 |     48.91 |     47.68 |  0.171004 |  0.124297 |  5.83E-03 |    114.72 | 
|        10 |       518 |  3.19E-02 |  0.881492 |  0.924731 |     48.92 |     47.64 |  0.060909 |  0.045095 |  5.76E-03 |    116.22 | 
|        10 |       592 |  3.09E-02 |  0.895856 |  0.924731 |     48.93 |     47.57 |  0.129862 |  0.099263 |  5.70E-03 |    117.73 | 
|        10 |       666 |  2.92E-02 |  0.890401 |  0.924731 |     48.86 |     47.37 |  0.055457 |  0.046322 |  5.64E-03 |    119.21 | 
|        10 |       740 |  2.74E-02 |  0.889945 |  0.924731 |     48.88 |     47.31 |  0.172049 |  0.070962 |  5.57E-03 |    120.72 | 
|        10 |       814 |  3.17E-02 |  0.903900 |  0.924731 |     48.87 |     47.35 |  0.113097 |  0.082313 |  5.51E-03 |    122.25 | 
|        10 |       823 |  3.17E-02 |  0.906050 |  0.924731 |     48.88 |     47.38 |  0.204069 |  0.169043 |  5.50E-03 |    123.35 | 
|        11 |        74 |  2.87E-02 |  0.887422 |  0.924731 |     48.95 |     47.32 |  0.399550 |  0.195360 |  5.44E-03 |    123.83 | 
|        11 |       148 |  2.20E-02 |  0.873588 |  0.924731 |     48.90 |     47.27 |  0.081227 |  0.059652 |  5.37E-03 |    125.35 | 
|        11 |       222 |  1.99E-02 |  0.897855 |  0.924731 |     48.97 |     47.34 |  0.094849 |  0.067935 |  5.31E-03 |    126.86 | 
|        11 |       296 |  2.00E-02 |  0.889928 |  0.924731 |     49.02 |     47.47 |  0.078644 |  0.048338 |  5.25E-03 |    128.37 | 
|        11 |       370 |  1.95E-02 |  0.852118 |  0.924731 |     48.99 |     47.35 |  0.059407 |  0.045301 |  5.18E-03 |    129.88 | 
|        11 |       444 |  1.95E-02 |  0.899966 |  0.924731 |     48.95 |     47.27 |  0.186506 |  0.149317 |  5.12E-03 |    131.38 | 
|        11 |       518 |  2.23E-02 |  0.878883 |  0.924731 |     49.00 |     47.34 |  0.246899 |  0.189209 |  5.06E-03 |    132.86 | 
|        11 |       592 |  2.20E-02 |  0.912181 |  0.924731 |     49.02 |     47.34 |  0.109180 |  0.080618 |  4.99E-03 |    134.37 | 
|        11 |       666 |  2.10E-02 |  0.855994 |  0.924731 |     48.97 |     47.23 |  0.073878 |  0.054800 |  4.93E-03 |    135.88 | 
|        11 |       740 |  2.09E-02 |  0.912504 |  0.924731 |     48.93 |     47.14 |  0.104400 |  0.077227 |  4.87E-03 |    137.41 | 
|        11 |       814 |  2.04E-02 |  0.858074 |  0.924731 |     48.97 |     47.19 |  0.072857 |  0.062283 |  4.80E-03 |    138.98 | 
|        11 |       823 |  2.03E-02 |  0.860022 |  0.924731 |     48.97 |     47.16 |  0.086274 |  0.063938 |  4.80E-03 |    140.06 | 
|        12 |        74 |  2.56E-02 |  0.914225 |  0.924731 |     49.04 |     46.96 |  0.209414 |  0.181545 |  4.73E-03 |    140.54 | 
|        12 |       148 |  5.16E-02 |  0.872105 |  0.924731 |     48.96 |     47.13 |  0.222933 |  0.185536 |  4.67E-03 |    142.02 | 
|        12 |       222 |  5.14E-02 |  0.904913 |  0.924731 |     48.95 |     47.18 |  0.098619 |  0.075653 |  4.61E-03 |    143.57 | 
|        12 |       296 |  4.30E-02 |  0.875907 |  0.924731 |     49.06 |     47.34 |  0.087148 |  0.064612 |  4.55E-03 |    145.09 | 
|        12 |       370 |  3.79E-02 |  0.906172 |  0.924731 |     49.17 |     47.50 |  0.182359 |  0.164995 |  4.48E-03 |    146.63 | 
|        12 |       444 |  3.66E-02 |  0.905714 |  0.924731 |     49.16 |     47.55 |  0.114425 |  0.085456 |  4.42E-03 |    148.15 | 
|        12 |       518 |  3.38E-02 |  0.907002 |  0.924731 |     49.14 |     47.49 |  0.104608 |  0.066724 |  4.36E-03 |    149.67 | 
|        12 |       592 |  3.17E-02 |  0.892647 |  0.924731 |     49.17 |     47.55 |  0.080271 |  0.056768 |  4.30E-03 |    151.19 | 
|        12 |       666 |  2.95E-02 |  0.886185 |  0.924731 |     49.14 |     47.46 |  0.110214 |  0.082148 |  4.24E-03 |    152.73 | 
|        12 |       740 |  2.88E-02 |  0.887436 |  0.924731 |     49.16 |     47.48 |  0.109624 |  0.080232 |  4.18E-03 |    154.25 | 
|        12 |       814 |  3.12E-02 |  0.903041 |  0.924731 |     49.05 |     47.42 |  0.191469 |  0.166291 |  4.12E-03 |    155.76 | 
|        12 |       823 |  3.12E-02 |  0.904000 |  0.924731 |     49.02 |     47.37 |  0.176083 |  0.121218 |  4.11E-03 |    156.80 | 
|        13 |        74 |  2.34E-02 |  0.915121 |  0.924731 |     47.27 |     44.08 |  0.223451 |  0.170646 |  4.05E-03 |    157.27 | 
|        13 |       148 |  2.10E-02 |  0.888321 |  0.924731 |     47.13 |     43.95 |  0.553349 |  0.187933 |  3.99E-03 |    158.75 | 
|        13 |       222 |  1.88E-02 |  0.885579 |  0.924731 |     47.46 |     44.09 |  0.075689 |  0.063649 |  3.93E-03 |    160.25 | 
|        13 |       296 |  1.71E-02 |  0.888567 |  0.924731 |     47.57 |     44.12 |  0.097972 |  0.084916 |  3.87E-03 |    161.83 | 
|        13 |       370 |  1.60E-02 |  0.868694 |  0.924731 |     47.62 |     44.05 |  0.042392 |  0.036828 |  3.81E-03 |    163.41 | 
|        13 |       444 |  1.62E-02 |  0.882657 |  0.924731 |     47.70 |     44.11 |  0.085652 |  0.071916 |  3.75E-03 |    164.97 | 
|        13 |       518 |  1.57E-02 |  0.881005 |  0.924731 |     47.79 |     44.21 |  0.092767 |  0.073165 |  3.69E-03 |    166.54 | 
|        13 |       592 |  1.54E-02 |  0.894545 |  0.924731 |     47.91 |     44.36 |  0.112121 |  0.083592 |  3.64E-03 |    168.05 | 
|        13 |       666 |  1.56E-02 |  0.875912 |  0.924731 |     47.98 |     44.46 |  0.108967 |  0.103397 |  3.58E-03 |    169.54 | 
|        13 |       740 |  1.53E-02 |  0.893972 |  0.924731 |     48.07 |     44.53 |  0.093563 |  0.069557 |  3.52E-03 |    171.03 | 
|        13 |       814 |  1.51E-02 |  0.895349 |  0.924731 |     48.14 |     44.66 |  0.056180 |  0.043392 |  3.46E-03 |    172.54 | 
|        13 |       823 |  1.51E-02 |  0.891627 |  0.924731 |     48.15 |     44.68 |  0.111877 |  0.082119 |  3.46E-03 |    173.63 | 
|        14 |        74 |  1.06E-02 |  0.873422 |  0.924731 |     48.39 |     44.73 |  0.072447 |  0.054135 |  3.40E-03 |    174.11 | 
|        14 |       148 |  1.10E-02 |  0.891139 |  0.924731 |     48.29 |     44.80 |  0.046581 |  0.021005 |  3.35E-03 |    175.61 | 
|        14 |       222 |  1.20E-02 |  0.896104 |  0.924731 |     48.56 |     45.40 |  0.080741 |  0.059533 |  3.29E-03 |    177.12 | 
|        14 |       296 |  1.16E-02 |  0.890365 |  0.924731 |     48.66 |     45.53 |  0.077684 |  0.045789 |  3.23E-03 |    178.62 | 
|        14 |       370 |  1.88E-02 |  0.917464 |  0.924731 |     48.64 |     45.58 |  0.546542 |  0.444188 |  3.18E-03 |    180.13 | 
|        14 |       444 |  2.12E-02 |  0.901705 |  0.924731 |     48.48 |     45.49 |  0.175920 |  0.140422 |  3.13E-03 |    181.59 | 
|        14 |       518 |  2.12E-02 |  0.893353 |  0.924731 |     48.26 |     45.30 |  0.206295 |  0.155375 |  3.07E-03 |    183.08 | 
|        14 |       592 |  2.05E-02 |  0.884871 |  0.924731 |     48.15 |     45.07 |  0.072686 |  0.053183 |  3.02E-03 |    184.56 | 
|        14 |       666 |  2.08E-02 |  0.899820 |  0.924731 |     48.12 |     45.09 |  0.358727 |  0.249921 |  2.97E-03 |    186.20 | 
|        14 |       740 |  2.55E-02 |  0.903156 |  0.924731 |     48.10 |     45.15 |  0.266289 |  0.205943 |  2.91E-03 |    187.72 | 
|        14 |       814 |  2.49E-02 |  0.910528 |  0.924731 |     48.10 |     45.27 |  0.076920 |  0.042918 |  2.86E-03 |    189.26 | 
|        14 |       823 |  2.47E-02 |  0.906464 |  0.924731 |     48.10 |     45.30 |  0.122508 |  0.091543 |  2.86E-03 |    190.37 | 
|        15 |        74 |  1.54E-02 |  0.895231 |  0.924731 |     48.95 |     47.09 |  0.075619 |  0.055996 |  2.80E-03 |    190.87 | 
|        15 |       148 |  1.28E-02 |  0.883117 |  0.924731 |     48.68 |     46.55 |  0.075629 |  0.055620 |  2.75E-03 |    192.40 | 
|        15 |       222 |  1.29E-02 |  0.897586 |  0.924731 |     48.48 |     46.26 |  0.094966 |  0.070799 |  2.70E-03 |    193.97 | 
|        15 |       296 |  1.53E-02 |  0.863953 |  0.924731 |     48.39 |     46.16 |  9.416347 |  1.096199 |  2.65E-03 |    195.52 | 
|        15 |       370 |  1.53E-02 |  0.890118 |  0.924731 |     48.31 |     46.06 |  0.102257 |  0.053482 |  2.61E-03 |    197.03 | 
|        15 |       444 |  1.69E-02 |  0.882567 |  0.924731 |     48.33 |     46.14 |  0.144145 |  0.117545 |  2.56E-03 |    198.56 | 
|        15 |       518 |  1.60E-02 |  0.873463 |  0.924731 |     48.08 |     45.70 |  0.058213 |  0.045290 |  2.51E-03 |    200.10 | 
|        15 |       592 |  1.54E-02 |  0.872662 |  0.924731 |     48.09 |     45.62 |  0.040171 |  0.034619 |  2.46E-03 |    201.68 | 
|        15 |       666 |  1.50E-02 |  0.873673 |  0.924731 |     48.11 |     45.63 |  0.132484 |  0.090837 |  2.42E-03 |    203.22 | 
|        15 |       740 |  1.55E-02 |  0.884063 |  0.924731 |     48.11 |     45.60 |  0.027576 |  0.019806 |  2.37E-03 |    204.75 | 
|        15 |       814 |  1.52E-02 |  0.874770 |  0.924731 |     48.11 |     45.50 |  0.091321 |  0.069256 |  2.32E-03 |    206.28 | 
|        15 |       823 |  1.52E-02 |  0.877001 |  0.924731 |     48.12 |     45.52 |  0.112557 |  0.087317 |  2.32E-03 |    207.40 | 
|        16 |        74 |  1.51E-02 |  0.869211 |  0.924731 |     48.07 |     44.41 |  0.040221 |  0.031558 |  2.27E-03 |    207.88 | 
|        16 |       148 |  1.33E-02 |  0.886167 |  0.924731 |     48.22 |     44.90 |  0.131462 |  0.099636 |  2.23E-03 |    209.57 | 
|        16 |       222 |  1.27E-02 |  0.878722 |  0.924731 |     48.15 |     44.74 |  0.052354 |  0.045171 |  2.19E-03 |    211.23 | 
|        16 |       296 |  1.30E-02 |  0.876323 |  0.924731 |     48.24 |     44.95 |  0.060610 |  0.044064 |  2.14E-03 |    212.74 | 
|        16 |       370 |  1.26E-02 |  0.871868 |  0.924731 |     48.25 |     44.88 |  0.052900 |  0.030470 |  2.10E-03 |    214.23 | 
|        16 |       444 |  1.21E-02 |  0.870357 |  0.924731 |     48.21 |     44.82 |  0.096014 |  0.062225 |  2.06E-03 |    215.73 | 
|        16 |       518 |  1.17E-02 |  0.866032 |  0.924731 |     48.28 |     44.97 |  0.043161 |  0.032210 |  2.02E-03 |    217.23 | 
|        16 |       592 |  1.15E-02 |  0.869079 |  0.924731 |     48.23 |     44.88 |  0.061328 |  0.047720 |  1.98E-03 |    218.73 | 
|        16 |       666 |  1.15E-02 |  0.875831 |  0.924731 |     48.24 |     44.96 |  0.085572 |  0.063873 |  1.94E-03 |    220.21 | 
|        16 |       740 |  1.13E-02 |  0.862774 |  0.924731 |     48.23 |     44.95 |  0.070181 |  0.051995 |  1.90E-03 |    221.69 | 
|        16 |       814 |  1.12E-02 |  0.862419 |  0.924731 |     48.21 |     44.84 |  0.070291 |  0.051983 |  1.86E-03 |    223.17 | 
|        16 |       823 |  1.13E-02 |  0.864469 |  0.924731 |     48.21 |     44.85 |  0.152197 |  0.112791 |  1.86E-03 |    224.24 | 
|        17 |        74 |  1.04E-02 |  0.869250 |  0.924731 |     48.12 |     44.20 |  0.057708 |  0.043049 |  1.82E-03 |    224.71 | 
|        17 |       148 |  9.86E-03 |  0.860207 |  0.924731 |     48.01 |     44.17 |  0.055118 |  0.041123 |  1.79E-03 |    226.19 | 
|        17 |       222 |  1.02E-02 |  0.869056 |  0.924731 |     48.02 |     44.19 |  0.112850 |  0.083442 |  1.75E-03 |    227.68 | 
|        17 |       296 |  1.01E-02 |  0.865378 |  0.924731 |     47.89 |     43.90 |  0.044082 |  0.032986 |  1.72E-03 |    229.15 | 
|        17 |       370 |  1.00E-02 |  0.865285 |  0.924731 |     48.00 |     43.99 |  0.102672 |  0.063996 |  1.68E-03 |    230.64 | 
|        17 |       444 |  1.01E-02 |  0.868160 |  0.924731 |     48.11 |     44.20 |  0.079066 |  0.066728 |  1.65E-03 |    232.24 | 
|        17 |       518 |  1.03E-02 |  0.865639 |  0.924731 |     48.08 |     44.25 |  0.114250 |  0.084500 |  1.62E-03 |    233.72 | 
|        17 |       592 |  1.07E-02 |  0.864965 |  0.924731 |     48.11 |     44.34 |  0.091878 |  0.067433 |  1.58E-03 |    235.20 | 
|        17 |       666 |  1.07E-02 |  0.865065 |  0.924731 |     48.12 |     44.33 |  0.089166 |  0.065813 |  1.55E-03 |    236.71 | 
|        17 |       740 |  1.06E-02 |  0.866619 |  0.924731 |     48.17 |     44.37 |  0.157895 |  0.116003 |  1.52E-03 |    238.30 | 
|        17 |       814 |  1.06E-02 |  0.859792 |  0.924731 |     48.26 |     44.49 |  0.056149 |  0.041845 |  1.49E-03 |    239.82 | 
|        17 |       823 |  1.05E-02 |  0.863143 |  0.924731 |     48.25 |     44.48 |  0.035778 |  0.026164 |  1.49E-03 |    240.93 | 
|        18 |        74 |  1.40E-02 |  0.860647 |  0.924731 |     47.99 |     43.81 |  0.080752 |  0.060246 |  1.46E-03 |    241.40 | 
|        18 |       148 |  1.23E-02 |  0.867123 |  0.924731 |     48.36 |     44.72 |  0.055096 |  0.042880 |  1.43E-03 |    242.91 | 
|        18 |       222 |  1.14E-02 |  0.869369 |  0.924731 |     48.35 |     44.72 |  0.038936 |  0.027569 |  1.41E-03 |    244.48 | 
|        18 |       296 |  1.08E-02 |  0.862495 |  0.924731 |     48.52 |     45.19 |  0.088622 |  0.066934 |  1.38E-03 |    246.01 | 
|        18 |       370 |  1.07E-02 |  0.861142 |  0.924731 |     48.38 |     44.96 |  0.072735 |  0.056287 |  1.36E-03 |    247.53 | 
|        18 |       444 |  1.05E-02 |  0.870827 |  0.924731 |     48.33 |     44.91 |  0.090575 |  0.066913 |  1.33E-03 |    249.07 | 
|        18 |       518 |  1.03E-02 |  0.863994 |  0.924731 |     48.19 |     44.69 |  0.065297 |  0.048098 |  1.31E-03 |    250.63 | 
|        18 |       592 |  1.04E-02 |  0.865274 |  0.924731 |     48.24 |     44.77 |  0.059138 |  0.043672 |  1.29E-03 |    252.20 | 
|        18 |       666 |  1.03E-02 |  0.861140 |  0.924731 |     48.24 |     44.73 |  0.042559 |  0.031352 |  1.26E-03 |    253.76 | 
|        18 |       740 |  1.03E-02 |  0.867461 |  0.924731 |     48.19 |     44.56 |  0.124131 |  0.088366 |  1.24E-03 |    255.29 | 
|        18 |       814 |  1.02E-02 |  0.862933 |  0.924731 |     48.22 |     44.55 |  0.047376 |  0.038092 |  1.22E-03 |    256.84 | 
|        18 |       823 |  1.02E-02 |  0.862412 |  0.924731 |     48.22 |     44.54 |  0.061287 |  0.044105 |  1.22E-03 |    257.96 | 
|        19 |        74 |  1.06E-02 |  0.857877 |  0.924731 |     49.01 |     45.09 |  0.041060 |  0.030528 |  1.20E-03 |    258.45 | 
|        19 |       148 |  1.01E-02 |  0.855576 |  0.924731 |     48.93 |     45.32 |  0.066631 |  0.033114 |  1.18E-03 |    259.97 | 
|        19 |       222 |  9.74E-03 |  0.854449 |  0.924731 |     48.82 |     45.03 |  0.136799 |  0.102874 |  1.17E-03 |    261.48 | 
|        19 |       296 |  9.80E-03 |  0.859455 |  0.924731 |     48.85 |     45.00 |  0.043197 |  0.026080 |  1.15E-03 |    262.98 | 
|        19 |       370 |  1.05E-02 |  0.853235 |  0.924731 |     48.77 |     44.77 |  0.035349 |  0.020073 |  1.13E-03 |    264.49 | 
|        19 |       444 |  1.05E-02 |  0.861161 |  0.924731 |     48.56 |     44.47 |  0.040983 |  0.030220 |  1.12E-03 |    266.01 | 
|        19 |       518 |  1.05E-02 |  0.865649 |  0.924731 |     48.52 |     44.56 |  0.144418 |  0.104427 |  1.10E-03 |    267.53 | 
|        19 |       592 |  1.03E-02 |  0.860247 |  0.924731 |     48.52 |     44.54 |  0.075190 |  0.055611 |  1.09E-03 |    269.05 | 
|        19 |       666 |  1.01E-02 |  0.860515 |  0.924731 |     48.52 |     44.50 |  0.198401 |  0.144237 |  1.08E-03 |    270.56 | 
|        19 |       740 |  9.95E-03 |  0.858571 |  0.924731 |     48.51 |     44.48 |  0.039133 |  0.026371 |  1.07E-03 |    272.05 | 
|        19 |       814 |  9.96E-03 |  0.862491 |  0.924731 |     48.52 |     44.49 |  0.058300 |  0.042862 |  1.06E-03 |    273.54 | 
|        19 |       823 |  9.98E-03 |  0.853810 |  0.924731 |     48.51 |     44.51 |  0.052582 |  0.039061 |  1.06E-03 |    274.70 | 
|        20 |        74 |  9.44E-03 |  0.863538 |  0.924731 |     48.19 |     44.69 |  0.047664 |  0.037033 |  1.05E-03 |    275.20 | 
|        20 |       148 |  9.75E-03 |  0.855982 |  0.924731 |     48.26 |     44.41 |  0.042318 |  0.031204 |  1.04E-03 |    276.76 | 
|        20 |       222 |  9.64E-03 |  0.864270 |  0.924731 |     48.50 |     44.77 |  0.077206 |  0.057022 |  1.03E-03 |    278.29 | 
|        20 |       296 |  9.58E-03 |  0.863158 |  0.924731 |     48.43 |     44.66 |  0.078253 |  0.068126 |  1.02E-03 |    279.91 | 
|        20 |       370 |  9.49E-03 |  0.859834 |  0.924731 |     48.41 |     44.63 |  0.095692 |  0.053824 |  1.02E-03 |    281.44 | 
|        20 |       444 |  9.30E-03 |  0.857250 |  0.924731 |     48.46 |     44.53 |  0.113109 |  0.039415 |  1.01E-03 |    282.96 | 
|        20 |       518 |  9.35E-03 |  0.860741 |  0.924731 |     48.38 |     44.43 |  0.051494 |  0.038123 |  1.01E-03 |    284.48 | 
|        20 |       592 |  9.28E-03 |  0.857876 |  0.924731 |     48.34 |     44.33 |  0.103875 |  0.076632 |  1.00E-03 |    285.99 | 
|        20 |       666 |  9.70E-03 |  0.858276 |  0.924731 |     48.41 |     44.48 |  0.041161 |  0.030612 |  1.00E-03 |    287.51 | 
|        20 |       740 |  9.76E-03 |  0.860096 |  0.924731 |     48.43 |     44.53 |  0.066359 |  0.052696 |  1.00E-03 |    289.01 | 
|        20 |       814 |  9.84E-03 |  0.856399 |  0.924731 |     48.41 |     44.47 |  0.125727 |  0.080439 |  1.00E-03 |    290.53 | 
|        20 |       823 |  9.83E-03 |  0.855132 |  0.924731 |     48.38 |     44.42 |  0.073250 |  0.054191 |  1.00E-03 |    291.62 | 
-------------------------------------------------------------------------------------------------------------------------------------
