-0.177819 -0.117622 0.214848 0.110008 -0.038497 0.033428 -0.013921 -0.064239 0.043821 0.219878 -0.221388 0.276502 -0.257661 0.245447 0.288359 0.223833 -0.120601 -0.226361 -0.075584 0.196886 -0.324855 0.196696 -0.120563 -0.314663 -0.221978 0.100865 -0.097730 -0.236716 -0.323056 -0.338138 -0.199585 -0.281773 
-0.068152 -0.268151 0.215717 0.183702 0.221591 -0.044906 -0.095433 -0.161571 -0.053024 -0.177280 -0.186890 0.057365 -0.199085 -0.106541 -0.197315 0.048124 -0.019025 0.141491 -0.078313 -0.192521 -0.063868 0.023336 0.014500 0.059775 -0.190376 0.037408 0.180589 -0.118298 0.109401 0.274858 0.055129 -0.323143 
-0.282746 -0.040283 -0.303156 0.282246 0.203053 -0.119530 -0.191130 -0.223070 0.204556 0.018763 0.150323 0.243467 0.155140 0.281213 -0.061415 0.197750 0.088738 0.098735 -0.084161 0.283693 -0.212457 0.149218 -0.110590 -0.019934 -0.014800 -0.212999 0.080500 -0.243954 -0.215877 -0.287288 -0.015739 -0.117436 
0.001999 0.023961 -0.220677 -0.265644 0.172194 -0.030954 -0.072193 0.028659 0.239349 -0.166306 -0.060346 -0.119022 -0.203816 0.150652 -0.014637 0.026552 0.052075 0.140294 -0.013329 0.115411 0.145070 0.233099 -0.161466 -0.314797 -0.276533 0.298962 -0.263494 -0.243160 0.224239 0.059535 -0.098108 -0.097579 
-0.230280 -0.026513 -0.179063 0.160914 0.209514 0.152727 0.024272 0.112147 0.211275 0.188838 -0.150478 0.190779 0.233112 -0.000167 -0.052016 0.109715 -0.108762 0.255442 -0.085680 0.075021 0.259820 0.018476 0.194589 -0.322476 -0.034881 -0.251408 -0.226903 -0.217308 0.098874 -0.026522 -0.041646 0.094060 
-0.190889 0.169035 0.031779 0.207031 -0.132036 0.309742 0.157332 -0.154816 0.337938 0.011338 0.373691 0.226921 -0.223780 -0.061358 -0.100981 0.092889 -0.108966 0.156661 -0.146677 -0.213498 -0.100101 -0.211042 -0.263140 0.134288 -0.123424 0.047483 0.315365 0.178096 -0.201542 -0.249867 -0.034594 -0.164860 
-0.335728 -0.248680 -0.196242 0.077211 -0.236899 0.204077 0.087997 0.256859 -0.086590 0.228694 0.165772 0.133433 -0.255845 -0.197103 -0.221304 -0.150594 0.305134 0.014985 0.064005 -0.057711 0.121537 0.121905 -0.207396 0.244025 -0.273448 -0.236999 0.058807 -0.183444 -0.037655 -0.198021 -0.019933 0.057516 
-0.217435 0.060693 -0.224990 -0.084746 -0.048419 0.258388 -0.181248 0.079667 -0.066396 -0.241407 -0.057485 0.060465 -0.078307 0.107028 0.238372 -0.142384 -0.341799 0.004914 0.122676 0.083858 -0.135751 0.113781 -0.010743 -0.070449 0.322519 -0.226734 0.008453 0.023570 -0.128339 0.288629 -0.144836 0.009312 
0.024156 -0.015835 0.163347 0.078133 -0.058167 -0.123238 -0.001084 0.056881 -0.078693 -0.212389 -0.122830 0.050229 0.086522 -0.153218 0.099895 0.052392 
-0.009029 -0.048680 -0.046888 0.137501 -0.207209 0.146451 -0.054720 -0.116039 0.263715 0.084297 0.077776 -0.008831 0.021886 0.076867 0.154022 -0.167925 
-0.104623 0.123292 0.137462 -0.015288 0.123234 -0.014809 0.080794 -0.086209 0.038412 -0.286253 0.114879 -0.134468 -0.097625 -0.040286 0.055957 0.094725 
0.117663 -0.093328 -0.106619 -0.114506 0.060803 -0.030555 -0.098675 0.108944 -0.097063 0.088301 -0.105521 0.121758 0.110815 0.137435 -0.204511 -0.222507 
0.008021 0.165186 -0.087780 -0.020342 -0.078444 -0.092631 0.025102 -0.150992 -0.102321 -0.161309 -0.105873 0.035845 0.105479 -0.090243 -0.122886 -0.030147 
-0.081232 -0.034618 -0.046574 -0.093716 0.079916 0.018179 0.214772 0.255233 0.100694 0.235226 0.105638 -0.161524 -0.021975 -0.005238 0.025124 -0.165519 
0.067395 0.176944 0.117461 0.020607 -0.133057 -0.085508 0.025180 0.026371 0.088236 0.073525 0.009096 -0.137931 0.059412 0.014176 0.153403 -0.219784 
-0.183948 -0.094169 -0.054870 0.149545 0.247000 -0.181003 0.088595 0.052223 0.101066 0.054575 -0.267178 0.000137 -0.054767 0.033976 -0.027958 -0.041818 
0.089127 0.080477 0.015047 0.099782 -0.246589 -0.149231 -0.028204 0.127163 0.124802 0.142110 -0.203955 0.066920 0.045528 0.064969 0.103988 0.006303 
0.170284 0.139872 0.043512 0.182103 0.058077 -0.013952 0.000789 0.137311 -0.081205 -0.039825 -0.083312 0.019432 -0.055167 -0.080226 0.210030 -0.196104 
-0.152422 -0.061236 0.169467 -0.013339 0.032809 0.225644 -0.115250 -0.163280 0.189632 -0.059556 0.164651 0.130443 -0.223186 0.099433 -0.146093 0.183507 
-0.048811 0.121391 0.023629 -0.123840 -0.058075 -0.149646 0.146862 0.125546 0.121776 -0.041828 0.050193 -0.192899 0.021015 -0.038876 -0.165888 0.101896 
0.092399 -0.164403 -0.091657 -0.072374 -0.099050 0.033567 0.057619 -0.150158 0.106706 0.058713 -0.020361 0.119077 -0.073520 0.137958 0.066775 -0.024598 
0.006596 -0.024304 0.047184 -0.051733 0.095018 0.000995 0.135402 -0.020198 0.106195 -0.016301 0.216260 0.038150 0.027637 -0.071431 -0.159602 0.037043 
-0.110583 0.103161 0.180200 0.062724 -0.054450 -0.004147 -0.028468 -0.074476 -0.059015 0.085198 -0.296317 -0.052344 -0.021583 0.040626 0.290592 -0.039659 
-0.000152 -0.036173 -0.023439 -0.062662 0.026201 0.005586 0.175930 -0.021639 0.141531 0.135644 0.247808 -0.001282 0.172940 -0.120907 0.005117 -0.153549 
-0.000885 0.042071 0.062332 0.110470 -0.019521 0.205859 -0.220907 -0.085087 0.096868 -0.168166 0.157750 0.127900 0.183393 0.209178 0.141164 0.017712 
-0.054770 -0.071160 0.015557 -0.081374 0.030697 0.013962 0.123473 0.031715 -0.089009 0.037155 0.117910 -0.121896 0.014596 0.122963 -0.048268 -0.138224 
-0.042176 0.075965 -0.088673 0.097347 0.157952 -0.122583 -0.096617 -0.028646 -0.126365 -0.004278 0.110510 -0.182328 -0.128739 0.092698 -0.053825 0.095173 
-0.151505 0.096670 0.177074 0.154571 -0.002808 0.139071 0.023794 0.022303 -0.063398 0.023060 0.130431 0.217677 -0.038870 -0.088181 -0.124034 0.189699 
0.087087 -0.106072 0.043113 0.008875 -0.059822 0.199297 0.193969 0.055182 -0.031764 0.215943 0.115298 -0.023974 0.024900 -0.175879 -0.125480 0.042115 
-0.148784 -0.188926 0.103095 0.017002 0.162098 -0.040974 -0.072657 -0.172472 0.091912 -0.025855 -0.097508 -0.100778 -0.043741 -0.065122 -0.192600 -0.010526 
0.089888 0.102683 0.032327 -0.203171 -0.004400 0.068884 0.098493 0.160176 -0.009367 0.021888 0.003631 -0.163024 0.130336 -0.008975 0.099108 0.027210 
0.045018 0.057913 -0.011083 -0.042958 0.234115 0.095999 -0.023275 0.029812 -0.224607 0.013196 0.048979 -0.011126 0.170354 0.198147 0.036512 0.057040 
0.017127 -0.052130 0.041540 -0.153031 -0.050955 -0.062345 -0.198147 0.021307 0.094660 0.021619 0.030482 -0.017973 -0.184906 0.045765 -0.116513 0.077104 
-0.167701 0.103577 -0.061594 0.245288 0.009925 0.087878 0.080761 0.063188 0.103541 -0.027035 0.057117 0.073840 -0.012614 -0.048010 -0.008155 -0.117274 
0.108012 0.100018 -0.101959 0.095250 -0.093973 -0.086420 -0.062956 0.183294 0.078922 -0.219888 -0.012601 0.095060 0.020514 0.171489 -0.048561 0.076225 
0.011091 0.112640 0.093571 -0.113796 0.016131 -0.011306 0.059457 -0.073997 -0.041128 0.000423 0.186000 0.050508 0.041656 -0.203092 0.040073 -0.058404 
0.096231 0.132156 -0.017340 0.080735 -0.045708 0.140171 0.149008 -0.142742 0.120792 0.060942 0.186913 0.010878 -0.010695 -0.007687 -0.052905 0.129111 
-0.003371 -0.114116 0.077835 -0.018142 0.021472 -0.081654 -0.153558 0.069341 -0.054996 0.160816 -0.177389 -0.086760 0.234377 0.112712 -0.074797 0.068164 
0.122672 0.034163 0.077263 -0.118486 -0.072446 0.071177 -0.063467 -0.100760 -0.143172 -0.120393 0.042077 0.033773 0.155328 -0.119214 -0.064663 -0.186439 
-0.151169 -0.151799 0.169134 0.020609 0.077364 0.162340 -0.106522 -0.144656 0.114551 0.001749 -0.093904 0.099883 -0.080693 0.022521 0.118732 -0.096993 
-0.203421 -0.086974 -0.093996 0.138836 -0.293458 0.227112 0.040941 -0.266087 
-0.320781 0.099851 0.185781 0.088085 0.015873 0.289369 0.167533 0.086838 
0.154388 0.150013 -0.002746 -0.120066 0.116700 0.127334 -0.003601 0.099009 
-0.019865 0.321918 0.175574 -0.077596 0.328224 -0.080535 0.139441 0.165335 
0.114392 -0.188365 -0.117661 0.079983 0.204761 -0.237015 0.250262 0.190568 
0.116289 0.222418 0.131212 -0.028108 0.003292 0.001614 -0.293682 -0.155159 
-0.253745 -0.045791 0.005949 -0.314463 -0.315098 -0.226867 -0.131830 -0.039583 
-0.181762 -0.327485 0.001821 0.060955 -0.198340 -0.013548 0.059546 0.257275 
0.094338 0.240060 0.082640 -0.092551 -0.190528 -0.189423 -0.276824 0.120120 
-0.168986 0.033369 -0.333956 -0.109459 -0.259688 -0.242419 -0.213551 0.178699 
0.087193 0.336434 0.124216 0.237910 -0.166012 -0.283478 -0.338589 -0.260156 
0.022782 0.274046 0.304823 0.160452 0.015198 0.054485 0.070742 -0.252486 
-0.169555 -0.068867 -0.002289 0.081205 0.032092 0.269125 -0.153404 -0.254586 
0.174328 -0.196770 0.146077 0.223868 -0.006331 -0.133202 0.156778 -0.131923 
-0.215426 -0.018730 0.190864 -0.291686 0.032873 0.395880 0.107172 0.347173 
0.287026 -0.065125 0.025156 0.132369 0.253981 -0.173315 0.009638 -0.157770 
0.268991 -0.230430 0.396982 0.137126 0.426307 -0.120435 0.295082 -0.008670 -0.092568 0.480825 -0.088352 0.403912 -0.250664 0.388400 0.445007 -0.241767 -0.277021 0.027142 -0.067687 -0.113073 0.259083 0.246727 0.020662 
0.206575 -0.046897 -0.363523 0.531966 -0.028339 0.156585 -0.064437 0.349132 -0.206466 0.099842 0.265154 -0.528127 0.007226 0.474259 0.376250 0.277194 0.064315 0.264125 -0.230431 0.081863 -0.041801 -0.023237 0.068652 
-0.022930 -0.251792 -0.375923 0.324232 0.451119 0.130444 0.088675 0.001266 -0.186110 -0.220648 0.095810 -0.294495 0.006086 -0.095250 0.425352 -0.214147 0.067900 -0.081932 0.157239 0.083310 -0.060844 0.212812 0.049622 
0.400560 -0.170896 0.040976 -0.273421 0.237261 0.094607 -0.109246 -0.399903 0.343962 0.131000 -0.474042 0.304000 0.000295 0.222076 0.283699 0.174926 -0.164365 0.060740 0.026308 -0.041750 0.004534 0.209326 -0.075667 
0.003100 -0.225525 0.338807 -0.035814 0.650151 -0.527613 -0.290261 0.014141 -0.455490 0.002349 -0.323112 -0.263945 -0.284855 0.201874 0.133078 -0.319959 -0.088428 -0.120425 -0.063750 -0.000707 0.272811 -0.080475 -0.253694 
-0.200855 -0.199031 -0.529615 0.259509 0.273603 -0.332086 0.062635 -0.292732 0.384219 -0.477515 -0.430056 -0.373382 0.401317 -0.449461 0.085465 0.056013 0.018290 -0.010152 0.214390 0.078183 -0.035390 0.031231 -0.283503 
-0.281741 -0.370535 -0.171531 0.087041 0.415746 -0.189279 0.236417 -0.511917 -0.339699 -0.231872 -0.365927 0.308004 -0.322878 -0.269101 0.031512 -0.114942 -0.180962 0.244394 0.086605 -0.004423 0.004569 0.251838 0.109725 
-0.436652 -0.390661 0.495157 0.329445 0.080982 -0.430326 -0.127840 0.010624 -0.087512 -0.034373 0.426546 -0.183869 -0.198071 -0.093946 -0.542451 0.027305 -0.128357 0.231984 0.016664 -0.170848 -0.029417 -0.249566 0.092255 
0.358512 -0.189174 0.195302 0.071881 -0.069308 -0.299106 -0.050438 -0.010358 -0.231135 0.139021 0.021510 -0.261236 -0.049600 0.228925 0.244824 0.191815 -0.013767 -0.230115 0.042861 -0.099241 0.177801 -0.332163 0.107157 -0.184592 -0.059206 -0.073616 -0.021052 0.330078 0.070998 -0.019138 0.306798 0.141841 
0.234209 -0.040571 -0.204654 0.076370 0.078138 -0.004760 -0.094621 0.214283 -0.141023 -0.090827 -0.159282 0.155949 0.339820 -0.058707 0.043352 -0.177545 0.163750 -0.208041 0.246085 -0.135052 -0.329569 0.004588 -0.135025 -0.036001 0.193909 0.125464 -0.048581 -0.190780 -0.067074 -0.284938 0.274266 -0.040141 
0.070660 -0.251459 -0.247788 0.211502 0.173984 0.462289 0.215938 -0.442213 0.178458 0.164552 0.178887 0.196334 -0.355687 0.063751 -0.116949 0.477023 0.084948 -0.385348 -0.279366 0.076829 0.080614 -0.108181 -0.126345 -0.028446 -0.211533 0.324025 -0.006216 0.123013 0.267678 0.009435 -0.037972 -0.061676 
0.127284 0.205276 0.065764 -0.008550 -0.038244 -0.243243 0.152968 0.119962 0.291464 -0.021892 -0.205584 -0.322526 -0.201389 0.040126 -0.267325 0.060661 -0.021558 -0.102392 -0.054843 -0.046015 0.015691 0.285735 0.121830 0.109999 0.017017 -0.243446 0.030550 0.038118 0.076602 0.299806 0.128089 -0.090545 
0.106446 -0.277886 0.260745 -0.069678 -0.309394 0.047141 0.144441 -0.314135 -0.144772 -0.368659 -0.313081 -0.290238 -0.060455 -0.082756 0.115404 -0.152907 -0.266743 -0.084418 -0.125046 -0.014741 0.489785 0.203752 -0.069020 0.098637 -0.355769 0.269878 0.185283 0.309161 0.297803 0.220282 -0.311704 0.131376 
0.221575 0.191987 0.117060 -0.255205 -0.148921 -0.279456 -0.253114 -0.046029 -0.205394 -0.072707 -0.006905 0.133798 0.027799 -0.175210 0.337523 -0.024099 0.036262 -0.128420 -0.071869 -0.169809 -0.199052 0.005729 0.084326 -0.163210 0.085106 0.007768 -0.286656 -0.122586 -0.247438 -0.343929 0.205865 -0.199930 
0.170112 -0.161095 -0.125741 -0.180448 -0.022677 -0.094103 -0.017013 0.136006 -0.014442 0.231889 0.096307 0.149073 -0.188735 0.093029 -0.012730 0.001856 0.221600 0.061303 0.074558 -0.212818 -0.027165 -0.113775 -0.036188 0.160907 0.141941 0.034232 -0.254910 -0.160911 0.069455 0.047696 -0.115949 -0.005989 
0.304559 0.121024 0.076506 -0.078215 0.113568 -0.189229 -0.115133 -0.111721 -0.210191 0.301833 -0.260784 -0.212781 0.045271 0.097642 0.164192 0.067101 0.004337 -0.202576 0.039450 0.067707 0.018012 0.392748 0.050482 -0.056774 0.127514 -0.075431 -0.014261 -0.212660 -0.393116 0.101032 0.133979 0.147849 
-0.251232 -0.128210 -0.153302 -0.290615 0.005806 -0.153873 -0.175696 0.051495 -0.154010 0.028795 0.206018 0.227406 0.329952 -0.186156 -0.107541 -0.229751 0.154905 0.123246 0.202118 -0.124270 0.041597 -0.252047 0.079771 -0.222059 0.115510 -0.128140 -0.131600 0.002884 -0.287542 0.046428 0.084091 -0.144317 
-0.177143 0.166099 -0.166942 -0.102910 -0.164657 0.153171 0.178200 -0.157672 -0.351802 0.139611 -0.001615 -0.267991 0.042732 0.301785 0.056224 0.161968 0.235529 -0.428773 0.018106 -0.166470 -0.043936 -0.074630 0.073797 0.171787 0.140846 0.350205 -0.152231 0.217786 0.031424 -0.359882 -0.021262 0.053881 
0.276791 0.124774 -0.273449 -0.191471 -0.176958 0.223972 0.239800 -0.181416 -0.076331 0.022426 -0.233721 -0.261867 -0.142524 -0.012210 -0.058467 0.247708 0.104330 -0.336961 -0.153783 0.265413 -0.228461 0.318279 0.160948 -0.276956 0.226338 -0.245707 0.174969 -0.160918 -0.333236 0.223179 -0.184780 -0.344275 
-0.069757 -0.390319 -0.257227 -0.037025 0.206845 -0.099673 0.001075 -0.376151 -0.149952 0.094000 -0.061298 0.143180 -0.320027 0.045172 0.012311 0.115215 0.018301 0.020380 -0.085432 -0.330960 -0.004630 -0.409947 -0.348689 -0.148614 -0.278062 0.371265 -0.064404 -0.061189 0.331626 -0.067722 -0.044338 -0.094258 
-0.038821 0.119688 0.145494 -0.045042 0.150889 -0.352030 0.002693 0.020843 0.215488 0.194454 0.184530 -0.178203 0.154504 -0.291157 0.084837 -0.384297 0.160027 -0.066806 -0.109466 -0.092926 -0.220365 -0.174639 -0.091074 -0.054712 -0.108100 -0.049067 0.271233 0.180315 -0.246549 -0.116067 -0.110752 0.072428 
0.432232 0.159671 0.019700 0.085257 -0.393986 0.184480 0.113817 -0.385448 0.074023 0.015363 -0.310298 -0.262127 0.009328 0.352342 0.186367 0.053016 -0.119406 -0.062006 -0.035961 -0.164973 0.317115 0.163215 0.278349 0.232405 -0.004170 0.375219 0.018799 0.345490 -0.087846 -0.289310 0.187872 -0.003542 
0.298360 0.138754 0.413301 -0.238360 -0.183308 -0.121889 -0.181459 -0.077458 -0.400902 0.057091 0.020409 -0.176886 0.028704 -0.004079 0.480359 0.052784 0.224825 -0.152932 0.192122 -0.229197 0.143349 0.191569 -0.051077 0.198497 0.185767 0.353236 -0.099020 0.062097 -0.280891 -0.356619 0.198381 0.291769 
0.111585 -0.000497 -0.244934 -0.017190 0.233837 -0.177142 0.230355 0.270249 0.093483 0.176251 0.040561 -0.210481 0.235730 -0.041716 0.017992 0.006292 0.331863 -0.107804 0.226240 -0.193639 -0.157229 -0.177856 0.270243 -0.302902 -0.062304 0.003011 -0.218105 -0.222366 -0.029674 -0.036443 -0.124198 0.012266 
-0.214845 -0.314597 0.257707 0.456647 -0.260477 -0.169803 -0.132783 -0.472399 
0.054365 -0.290315 -0.040402 0.247236 0.255653 0.352954 -0.350093 -0.247875 
-0.205658 -0.194446 0.105328 0.029640 -0.541880 -0.150899 -0.181732 -0.447068 
0.047146 0.078476 -0.228148 0.073456 -0.219075 -0.266914 0.209910 0.082866 
0.145918 0.295619 -0.306624 -0.320598 0.215750 0.062229 0.001386 0.147832 
0.246535 -0.201606 -0.139460 0.118266 0.043373 -0.113798 0.514341 0.510330 
0.122378 -0.188690 -0.157461 0.225370 -0.043546 0.145957 0.288340 0.217940 
0.201399 0.081443 -0.202800 -0.282801 0.091438 0.274077 -0.406029 -0.534921 
0.416165 -0.004989 -0.574087 -0.170675 -0.256536 -0.096449 -0.186131 0.121649 
-0.191274 -0.028076 0.094348 0.095234 0.324935 0.014997 0.052412 0.008844 
-0.181059 0.324747 -0.158749 -0.333134 0.182092 0.150331 0.069948 0.123270 
0.273548 0.525567 -0.039231 -0.315946 0.282026 -0.085667 0.092728 0.232600 
0.018336 0.328304 0.160382 0.069556 0.315855 0.132341 -0.312097 -0.427121 
-0.139134 -0.393137 0.325954 0.306045 0.079532 -0.116060 0.097501 0.269565 
-0.491376 -0.073007 0.434351 0.199204 -0.131203 -0.161881 -0.162864 -0.212361 
-0.187417 -0.372692 0.044186 0.448477 0.149906 0.063019 0.323453 0.550281 
-0.233015 0.077644 0.096877 0.126075 0.273852 0.451385 -0.223537 0.137237 
0.380942 0.400404 -0.302900 -0.440727 -0.325112 -0.075755 -0.050613 -0.249216 
-0.159219 0.114013 0.029769 -0.045532 0.073911 0.083498 -0.239774 -0.146046 
0.398111 -0.181461 -0.342501 -0.195368 -0.079660 -0.170762 0.212955 -0.187265 
-0.169041 -0.215641 0.241983 0.211515 -0.479617 -0.486231 0.205769 0.057392 
0.220376 -0.646989 -0.129678 0.466100 0.126378 -0.016324 -0.215771 -0.187666 
0.053761 -0.275162 0.148213 0.211847 0.194253 0.036324 -0.266481 -0.159762 
-0.098444 -0.218537 0.003903 0.042517 -0.246550 -0.327402 0.037132 0.082762 
-0.039448 -0.070903 0.041867 0.278431 0.329279 0.388583 -0.242012 -0.146080 
-0.502636 -0.071009 0.365748 0.286594 -0.263459 -0.271374 0.569201 0.502693 
0.120544 -0.067098 -0.242319 -0.045650 -0.042302 -0.193142 0.045358 -0.064543 
-0.310264 -0.200310 0.230990 0.156248 -0.269686 -0.322023 0.119872 -0.001183 
0.147694 0.057187 0.049312 -0.252397 -0.229124 -0.608947 0.356456 0.388589 
0.518510 -0.059085 -0.602184 -0.012537 -0.210946 -0.163803 0.009998 0.049303 
-0.336113 -0.049428 0.359090 0.203896 0.211042 0.196145 -0.237767 -0.123196 
-0.165013 0.037971 -0.000840 0.146238 -0.442723 -0.188258 0.080576 -0.131609 









0.000000 
0.000000 
0.000000 
0.000000 
0.000000 
0.000000 
0.000000 
0.000000 
-0.017381 
0.221794 
0.131577 
0.190962 
0.301585 
-0.271131 
-0.033853 
0.177551 
0.294502 
0.264394 
0.110289 
-0.213868 
-0.203153 
-0.203586 
0.346028 
-0.238721 
-0.013504 
0.156991 
-0.254042 
0.203183 
-0.166283 
-0.158778 
-0.099230 
0.225222 
-0.220722 
-0.035025 
0.152574 
-0.215192 
-0.316620 
0.093671 
0.161909 
-0.017735 
-0.029493 
-0.055594 
-0.061073 
0.040862 
-0.004352 
0.078441 
-0.131414 
-0.020191 
-0.066602 
-0.073093 
-0.120539 
0.110560 
-0.127063 
0.070032 
0.262579 
0.086838 
0.124902 
0.120553 
0.035016 
0.078727 
-0.014073 
0.202107 
0.153221 
-0.198445 
-0.224446 
-0.109269 
-0.167603 
-0.131519 
0.262012 
-0.161972 
0.120033 
-0.038025 
0.133092 
0.254088 
-0.070353 
-0.234316 
-0.105192 
-0.320694 
0.374317 
0.383100 
-0.378012 
0.187177 
-0.207995 
-0.169439 
-0.092356 
0.012796 
0.196634 
-0.051061 
-0.132900 
0.026594 
0.030091 
0.098906 
0.138508 
0.290273 
-0.239282 
0.403340 
0.131617 
-0.265395 
-0.151732 
-0.286976 
0.141509 
0.160874 
0.103936 
-0.110662 
0.202814 
0.095743 
0.034529 
0.138344 
0.026128 
-0.069500 
0.264428 
-0.306390 
-0.107258 
-0.086838 
0.051621 
0.440004 
0.990682 
0.534508 
0.229226 
0.423588 
3.754000 0.250595 0.170298 
